        1545
  -33.77417       136.6885       1.725621    
  -15.70986       136.6885       1.505955    
  -8.185690       136.6885       1.380927    
  -2.500000       136.6885       1.357671    
   2.481762       136.9860       1.387669    
   7.434425       137.6588       1.375068    
   12.38829       138.3216       1.440819    
   17.37068       138.6622       1.429549    
   22.36992       138.7449       1.449558    
   27.36889       138.8391       1.476309    
   32.36626       138.9964       1.450863    
   37.36148       139.2104       1.414546    
   42.35468       139.4673       1.400338    
   47.34677       139.7446       1.347798    
   52.33939       140.0120       1.300027    
   57.33461       140.2241       1.321034    
   62.33282       140.3456       1.317109    
   67.33237       140.3495       1.308761    
   72.33087       140.2388       1.281365    
   77.32610       140.0294       1.302212    
   82.31709       139.7351       1.306661    
   87.30524       139.3958       1.294826    
   92.29430       139.0706       1.373706    
   97.28818       138.8354       1.404290    
   102.2866       138.7312       1.425892    
   107.2863       138.6811       1.470241    
   112.2728       138.3953       1.471833    
   117.2255       137.7357       1.324000    
   122.1606       136.9430       1.225117    
   127.1186       136.3252       1.243279    
   132.1048       135.9780       1.095639    
   137.1018       135.8299       1.053913    
   142.1004       135.8761       1.093791    
   147.0855       136.2108       1.283727    
   152.0289       136.9238       1.196490    
   156.9416       137.8421       1.274287    
   161.8866       138.5306       1.371651    
   166.8759       138.7930       1.326940    
   171.8755       138.7994       1.298591    
   176.8751       138.7408       1.294878    
   181.8749       138.7118       1.327228    
   186.8749       138.7108       1.296730    
   191.8749       138.7111       1.295371    
   196.8749       138.7112       1.313197    
   201.8749       138.7111       1.292843    
   206.8749       138.7109       1.294743    
   211.8749       138.7134       1.309759    
   216.8748       138.7373       1.303899    
   221.8745       138.7983       1.284164    
   226.8739       138.8695       1.285610    
   231.8736       138.8726       1.324880    
   236.8703       138.7209       1.296088    
   241.8605       138.4185       1.292128    
   246.8531       138.1794       1.308313    
   251.8497       138.2349       1.304811    
   256.8403       138.5308       1.285860    
   261.8292       138.8582       1.308985    
   266.8226       139.1064       1.315967    
   271.8200       139.2568       1.306072    
   276.8195       139.3043       1.295606    
   281.8193       139.2749       1.306524    
   286.8188       139.2062       1.297951    
   291.8181       139.1195       1.307005    
   296.8170       139.0187       1.328375    
   301.8156       138.8996       1.281149    
   306.8141       138.7848       1.304158    
   311.8136       138.7435       1.306723    
   316.8123       138.6715       1.280777    
   321.7794       138.2001       1.222823    
   326.7076       137.3683       1.253766    
   331.6619       137.0869       1.355710    
   336.6017       137.7613       1.359155    
   341.4941       138.7795       1.372679    
   346.3997       139.7317       1.257815    
   351.3318       140.5377       1.263637    
   356.3008       141.0433       1.274439    
   361.2956       141.2499       1.260545    
   366.2939       141.3779       1.281666    
   371.2916       141.5279       1.143550    
   376.2886       141.6984       1.242710    
   381.2849       141.8889       1.216586    
   386.2799       142.1075       1.183298    
   391.2732       142.3631       1.202446    
   396.2645       142.6530       1.204771    
   401.2549       142.9583       1.205879    
   406.2462       143.2484       1.199129    
   411.2407       143.4767       1.185814    
   416.2387       143.6027       1.170867    
   421.2385       143.6403       1.149894    
   426.2385       143.6443       1.148596    
   431.2385       143.6608       1.135005    
   436.2343       143.8174       1.148967    
   441.2233       144.1421       1.162808    
   446.2118       144.4751       1.208065    
   451.2035       144.7582       1.203344    
   456.1937       145.0647       1.208860    
   461.1783       145.4488       1.511758    
   466.1624       145.8420       1.415035    
   471.1551       146.0755       1.334290    
   476.1545       146.1300       1.349064    
   481.8401       146.1326       1.426351    
   489.3643       146.1326       1.570721    
   507.4286       146.1326       1.814047    
  -33.77417       134.0858       1.729153    
  -15.70986       134.0858       1.515618    
  -8.185690       134.0858       1.390124    
  -2.500000       134.0858       1.310210    
   2.481762       134.3752       1.297774    
   7.434425       135.0294       1.338864    
   12.38829       135.6740       1.372079    
   17.37068       136.0052       1.321569    
   22.36992       136.0857       1.274480    
   27.36889       136.1774       1.254747    
   32.36626       136.3303       1.277987    
   37.36148       136.5384       1.274880    
   42.35468       136.7882       1.202130    
   47.34677       137.0579       1.195788    
   52.33939       137.3180       1.206829    
   57.33461       137.5242       1.204405    
   62.33282       137.6424       1.161389    
   67.33237       137.6462       1.132446    
   72.33087       137.5385       1.150795    
   77.32610       137.3349       1.140437    
   82.31709       137.0487       1.125159    
   87.30524       136.7188       1.185579    
   92.29430       136.4025       1.141473    
   97.28818       136.1738       1.207693    
   102.2866       136.0724       1.274680    
   107.2863       136.0237       1.341564    
   112.2728       135.7457       1.280065    
   117.2255       135.1043       1.233488    
   122.1606       134.3334       1.175541    
   127.1186       133.7326       1.233576    
   132.1048       133.3949       1.133825    
   137.1018       133.2509       1.097385    
   142.1004       133.2958       1.128880    
   147.0855       133.6214       1.241119    
   152.0289       134.3147       1.205866    
   156.9416       135.2077       1.170709    
   161.8866       135.8773       1.206024    
   166.8759       136.1325       1.262176    
   171.8755       136.1387       1.184037    
   176.8751       136.0817       1.087838    
   181.8749       136.0535       1.113211    
   186.8749       136.0525       1.147870    
   191.8749       136.0529       1.144968    
   196.8749       136.0529       1.087198    
   201.8749       136.0529       1.137250    
   206.8749       136.0527       1.147665    
   211.8749       136.0551       1.081497    
   216.8748       136.0783       1.120998    
   221.8745       136.1376       1.135065    
   226.8739       136.2069       1.136698    
   231.8736       136.2099       1.124499    
   236.8703       136.0623       1.176323    
   241.8605       135.7682       1.126133    
   246.8531       135.5358       1.107314    
   251.8497       135.5898       1.074449    
   256.8403       135.8775       1.149087    
   261.8292       136.1960       1.144651    
   266.8226       136.4373       1.127240    
   271.8200       136.5835       1.166676    
   276.8195       136.6297       1.141252    
   281.8193       136.6011       1.095977    
   286.8188       136.5343       1.187306    
   291.8181       136.4500       1.121920    
   296.8170       136.3520       1.097397    
   301.8156       136.2361       1.162886    
   306.8141       136.1245       1.134159    
   311.8136       136.0844       1.041077    
   316.8123       136.0143       1.175088    
   321.7794       135.5559       1.222571    
   326.7076       134.7469       1.242242    
   331.6619       134.4733       1.105488    
   336.6017       135.1292       1.079978    
   341.4941       136.1194       1.259307    
   346.3997       137.0454       1.183422    
   351.3318       137.8293       1.188425    
   356.3008       138.3209       1.158186    
   361.2956       138.5218       1.161997    
   366.2939       138.6463       1.294617    
   371.2916       138.7922       1.094468    
   376.2886       138.9579       1.185232    
   381.2849       139.1433       1.162467    
   386.2799       139.3558       1.255807    
   391.2732       139.6044       1.135857    
   396.2645       139.8863       1.112044    
   401.2549       140.1832       1.190087    
   406.2462       140.4654       1.142387    
   411.2407       140.6873       1.147958    
   416.2387       140.8099       1.129720    
   421.2385       140.8465       1.119882    
   426.2385       140.8504       1.099393    
   431.2385       140.8664       1.123589    
   436.2343       141.0188       1.135478    
   441.2233       141.3345       1.152808    
   446.2118       141.6584       1.180624    
   451.2035       141.9337       1.176191    
   456.1937       142.2318       1.201695    
   461.1783       142.6053       1.394462    
   466.1624       142.9877       1.366400    
   471.1551       143.2148       1.313905    
   476.1545       143.2677       1.336869    
   481.8401       143.2702       1.436865    
   489.3643       143.2702       1.579131    
   507.4286       143.2702       1.816886    
  -33.77417       131.3152       1.735862    
  -15.70986       131.3152       1.535542    
  -8.185690       131.3152       1.421740    
  -2.500000       131.3152       1.345740    
   2.481762       131.5958       1.328996    
   7.434425       132.2304       1.364845    
   12.38829       132.8556       1.399228    
   17.37068       133.1768       1.384820    
   22.36992       133.2549       1.362834    
   27.36889       133.3438       1.355980    
   32.36626       133.4921       1.377989    
   37.36148       133.6940       1.370176    
   42.35468       133.9363       1.307080    
   47.34677       134.1978       1.286875    
   52.33939       134.4500       1.287109    
   57.33461       134.6501       1.275950    
   62.33282       134.7647       1.255163    
   67.33237       134.7684       1.258898    
   72.33087       134.6640       1.275127    
   77.32610       134.4664       1.252651    
   82.31709       134.1889       1.244994    
   87.30524       133.8689       1.294008    
   92.29430       133.5621       1.301329    
   97.28818       133.3403       1.354954    
   102.2866       133.2420       1.376599    
   107.2863       133.1947       1.375570    
   112.2728       132.9252       1.339770    
   117.2255       132.3031       1.330411    
   122.1606       131.5553       1.288545    
   127.1186       130.9726       1.282281    
   132.1048       130.6451       1.211638    
   137.1018       130.5054       1.181557    
   142.1004       130.5490       1.207724    
   147.0855       130.8647       1.286468    
   152.0289       131.5372       1.309417    
   156.9416       132.4034       1.279486    
   161.8866       133.0527       1.244861    
   166.8759       133.3003       1.263505    
   171.8755       133.3063       1.259940    
   176.8751       133.2510       1.247377    
   181.8749       133.2236       1.255739    
   186.8749       133.2227       1.257041    
   191.8749       133.2231       1.250295    
   196.8749       133.2231       1.217643    
   201.8749       133.2231       1.245114    
   206.8749       133.2229       1.254115    
   211.8749       133.2252       1.226722    
   216.8748       133.2477       1.251883    
   221.8745       133.3052       1.263315    
   226.8739       133.3724       1.249328    
   231.8736       133.3753       1.211918    
   236.8703       133.2322       1.238579    
   241.8605       132.9470       1.245803    
   246.8531       132.7215       1.261870    
   251.8497       132.7738       1.258188    
   256.8403       133.0529       1.271605    
   261.8292       133.3618       1.244735    
   266.8226       133.5959       1.217607    
   271.8200       133.7377       1.245999    
   276.8195       133.7825       1.249451    
   281.8193       133.7548       1.234682    
   286.8188       133.6900       1.276886    
   291.8181       133.6082       1.235086    
   296.8170       133.5132       1.227539    
   301.8156       133.4008       1.274503    
   306.8141       133.2925       1.262650    
   311.8136       133.2536       1.225054    
   316.8123       133.1856       1.273019    
   321.7794       132.7410       1.279979    
   326.7076       131.9564       1.296742    
   331.6619       131.6910       1.210662    
   336.6017       132.3271       1.204955    
   341.4941       133.2876       1.307371    
   346.3997       134.1857       1.266714    
   351.3318       134.9460       1.244817    
   356.3008       135.4228       1.203703    
   361.2956       135.6176       1.202952    
   366.2939       135.7384       1.278437    
   371.2916       135.8799       1.171517    
   376.2886       136.0407       1.186225    
   381.2849       136.2204       1.172087    
   386.2799       136.4265       1.237241    
   391.2732       136.6677       1.205640    
   396.2645       136.9411       1.205259    
   401.2549       137.2291       1.241102    
   406.2462       137.5027       1.205180    
   411.2407       137.7180       1.206062    
   416.2387       137.8369       1.203793    
   421.2385       137.8724       1.199029    
   426.2385       137.8761       1.184489    
   431.2385       137.8917       1.187811    
   436.2343       138.0394       1.181482    
   441.2233       138.3456       1.182494    
   446.2118       138.6598       1.191576    
   451.2035       138.9268       1.189213    
   456.1937       139.2159       1.216186    
   461.1783       139.5782       1.326385    
   466.1624       139.9491       1.337507    
   471.1551       140.1694       1.327553    
   476.1545       140.2207       1.367937    
   481.8401       140.2231       1.464453    
   489.3643       140.2231       1.596523    
   507.4286       140.2231       1.822634    
  -33.77417       128.3538       1.747418    
  -15.70986       128.3538       1.566943    
  -8.185690       128.3538       1.472818    
  -2.500000       128.3538       1.418102    
   2.481762       128.6251       1.411866    
   7.434425       129.2386       1.450632    
   12.38829       129.8431       1.499870    
   17.37068       130.1537       1.525852    
   22.36992       130.2291       1.538618    
   27.36889       130.3151       1.550483    
   32.36626       130.4585       1.566700    
   37.36148       130.6536       1.555815    
   42.35468       130.8879       1.510021    
   47.34677       131.1408       1.480908    
   52.33939       131.3846       1.466857    
   57.33461       131.5780       1.457246    
   62.33282       131.6889       1.458106    
   67.33237       131.6924       1.475239    
   72.33087       131.5914       1.488817    
   77.32610       131.4005       1.479168    
   82.31709       131.1322       1.482115    
   87.30524       130.8228       1.519682    
   92.29430       130.5262       1.551894    
   97.28818       130.3116       1.590806    
   102.2866       130.2167       1.591262    
   107.2863       130.1709       1.560675    
   112.2728       129.9104       1.522116    
   117.2255       129.3089       1.490071    
   122.1606       128.5859       1.432238    
   127.1186       128.0226       1.384930    
   132.1048       127.7059       1.325508    
   137.1018       127.5708       1.301485    
   142.1004       127.6130       1.324522    
   147.0855       127.9183       1.388263    
   152.0289       128.5684       1.437969    
   156.9416       129.4059       1.447217    
   161.8866       130.0337       1.430859    
   166.8759       130.2731       1.445557    
   171.8755       130.2789       1.475980    
   176.8751       130.2254       1.499448    
   181.8749       130.1989       1.506856    
   186.8749       130.1980       1.499689    
   191.8749       130.1983       1.494581    
   196.8749       130.1983       1.482027    
   201.8749       130.1983       1.491147    
   206.8749       130.1982       1.495144    
   211.8749       130.2005       1.488704    
   216.8748       130.2222       1.501883    
   221.8745       130.2778       1.507524    
   226.8739       130.3428       1.492831    
   231.8736       130.3456       1.463135    
   236.8703       130.2072       1.467392    
   241.8605       129.9314       1.486596    
   246.8531       129.7134       1.510445    
   251.8497       129.7641       1.514780    
   256.8403       130.0339       1.506823    
   261.8292       130.3325       1.483103    
   266.8226       130.5588       1.465421    
   271.8200       130.6960       1.479974    
   276.8195       130.7393       1.489433    
   281.8193       130.7124       1.486853    
   286.8188       130.6498       1.496403    
   291.8181       130.5708       1.477741    
   296.8170       130.4788       1.482021    
   301.8156       130.3701       1.508825    
   306.8141       130.2655       1.510326    
   311.8136       130.2279       1.501778    
   316.8123       130.1622       1.508746    
   321.7794       129.7323       1.491925    
   326.7076       128.9738       1.489736    
   331.6619       128.7171       1.443670    
   336.6017       129.3322       1.433717    
   341.4941       130.2607       1.465950    
   346.3997       131.1291       1.432967    
   351.3318       131.8641       1.391279    
   356.3008       132.3251       1.340747    
   361.2956       132.5135       1.318995    
   366.2939       132.6302       1.335950    
   371.2916       132.7671       1.282870    
   376.2886       132.9225       1.273708    
   381.2849       133.0963       1.272635    
   386.2799       133.2955       1.319097    
   391.2732       133.5287       1.337270    
   396.2645       133.7930       1.349887    
   401.2549       134.0715       1.360459    
   406.2462       134.3360       1.338494    
   411.2407       134.5442       1.330005    
   416.2387       134.6591       1.324394    
   421.2385       134.6935       1.316512    
   426.2385       134.6971       1.302096    
   431.2385       134.7121       1.289210    
   436.2343       134.8550       1.268825    
   441.2233       135.1510       1.255719    
   446.2118       135.4547       1.249482    
   451.2035       135.7129       1.246906    
   456.1937       135.9924       1.267896    
   461.1783       136.3427       1.328816    
   466.1624       136.7012       1.355413    
   471.1551       136.9142       1.373680    
   476.1545       136.9639       1.421436    
   481.8401       136.9662       1.506591    
   489.3643       136.9662       1.623698    
   507.4286       136.9662       1.831891    
  -33.77417       125.1739       1.762971    
  -15.70986       125.1739       1.608782    
  -8.185690       125.1739       1.538330    
  -2.500000       125.1739       1.506340    
   2.481762       125.4352       1.512838    
   7.434425       126.0261       1.556898    
   12.38829       126.6083       1.617834    
   17.37068       126.9075       1.669941    
   22.36992       126.9801       1.707907    
   27.36889       127.0629       1.735087    
   32.36626       127.2010       1.752265    
   37.36148       127.3890       1.745765    
   42.35468       127.6146       1.716062    
   47.34677       127.8582       1.689735    
   52.33939       128.0931       1.673772    
   57.33461       128.2793       1.668852    
   62.33282       128.3861       1.678216    
   67.33237       128.3895       1.698154    
   72.33087       128.2923       1.713520    
   77.32610       128.1083       1.717023    
   82.31709       127.8499       1.728069    
   87.30524       127.5519       1.758269    
   92.29430       127.2662       1.790893    
   97.28818       127.0596       1.815997    
   102.2866       126.9681       1.807368    
   107.2863       126.9241       1.767289    
   112.2728       126.6731       1.714918    
   117.2255       126.0938       1.654821    
   122.1606       125.3975       1.582152    
   127.1186       124.8549       1.518576    
   132.1048       124.5499       1.466356    
   137.1018       124.4198       1.447578    
   142.1004       124.4603       1.468525    
   147.0855       124.7544       1.522808    
   152.0289       125.3806       1.582950    
   156.9416       126.1872       1.624573    
   161.8866       126.7919       1.647506    
   166.8759       127.0225       1.679677    
   171.8755       127.0280       1.721561    
   176.8751       126.9765       1.755015    
   181.8749       126.9510       1.768404    
   186.8749       126.9501       1.766999    
   191.8749       126.9505       1.764790    
   196.8749       126.9505       1.759970    
   201.8749       126.9505       1.761633    
   206.8749       126.9503       1.762222    
   211.8749       126.9525       1.761341    
   216.8748       126.9735       1.767647    
   221.8745       127.0270       1.769844    
   226.8739       127.0896       1.760053    
   231.8736       127.0923       1.741758    
   236.8703       126.9591       1.738704    
   241.8605       126.6934       1.750707    
   246.8531       126.4834       1.766899    
   251.8497       126.5322       1.771010    
   256.8403       126.7921       1.762872    
   261.8292       127.0797       1.748653    
   266.8226       127.2977       1.740056    
   271.8200       127.4297       1.746478    
   276.8195       127.4715       1.752798    
   281.8193       127.4456       1.752479    
   286.8188       127.3853       1.752398    
   291.8181       127.3092       1.746157    
   296.8170       127.2206       1.753410    
   301.8156       127.1160       1.770125    
   306.8141       127.0152       1.776753    
   311.8136       126.9790       1.775942    
   316.8123       126.9157       1.769812    
   321.7794       126.5017       1.746430    
   326.7076       125.7710       1.726842    
   331.6619       125.5238       1.691997    
   336.6017       126.1162       1.671713    
   341.4941       127.0106       1.664499    
   346.3997       127.8469       1.626394    
   351.3318       128.5549       1.573660    
   356.3008       128.9989       1.516339    
   361.2956       129.1804       1.478151    
   366.2939       129.2928       1.462587    
   371.2916       129.4245       1.430070    
   376.2886       129.5742       1.417277    
   381.2849       129.7417       1.424005    
   386.2799       129.9336       1.460527    
   391.2732       130.1582       1.491966    
   396.2645       130.4128       1.510208    
   401.2549       130.6809       1.514302    
   406.2462       130.9357       1.499110    
   411.2407       131.1362       1.483796    
   416.2387       131.2469       1.469134    
   421.2385       131.2800       1.453467    
   426.2385       131.2835       1.433775    
   431.2385       131.2979       1.411264    
   436.2343       131.4355       1.383502    
   441.2233       131.7207       1.360330    
   446.2118       132.0132       1.344411    
   451.2035       132.2618       1.338787    
   456.1937       132.5311       1.351400    
   461.1783       132.8684       1.384684    
   466.1624       133.2138       1.412405    
   471.1551       133.4189       1.441490    
   476.1545       133.4668       1.488545    
   481.8401       133.4690       1.560496    
   489.3643       133.4690       1.659600    
   507.4286       133.4690       1.844541    
  -33.77417       121.7413       1.783184    
  -15.70986       121.7413       1.660112    
  -8.185690       121.7413       1.612994    
  -2.500000       121.7413       1.599930    
   2.481762       121.9919       1.616879    
   7.434425       122.5584       1.664191    
   12.38829       123.1165       1.729432    
   17.37068       123.4034       1.793631    
   22.36992       123.4730       1.846052    
   27.36889       123.5524       1.884201    
   32.36626       123.6848       1.907069    
   37.36148       123.8650       1.909655    
   42.35468       124.0813       1.895387    
   47.34677       124.3148       1.878941    
   52.33939       124.5400       1.868650    
   57.33461       124.7186       1.868716    
   62.33282       124.8209       1.880726    
   67.33237       124.8242       1.900094    
   72.33087       124.7309       1.917149    
   77.32610       124.5546       1.928769    
   82.31709       124.3068       1.943810    
   87.30524       124.0211       1.967456    
   92.29430       123.7473       1.991661    
   97.28818       123.5492       2.003865    
   102.2866       123.4615       1.988286    
   107.2863       123.4193       1.944723    
   112.2728       123.1786       1.883768    
   117.2255       122.6232       1.809987    
   122.1606       121.9557       1.731932    
   127.1186       121.4355       1.665719    
   132.1048       121.1431       1.619459    
   137.1018       121.0183       1.604598    
   142.1004       121.0573       1.624672    
   147.0855       121.3392       1.673341    
   152.0289       121.9395       1.736902    
   156.9416       122.7128       1.797818    
   161.8866       123.2925       1.849163    
   166.8759       123.5135       1.899084    
   171.8755       123.5189       1.947473    
   176.8751       123.4696       1.984832    
   181.8749       123.4451       2.004795    
   186.8749       123.4443       2.011239    
   191.8749       123.4446       2.012918    
   196.8749       123.4446       2.011733    
   201.8749       123.4446       2.011335    
   206.8749       123.4444       2.010345    
   211.8749       123.4465       2.010022    
   216.8748       123.4666       2.012893    
   221.8745       123.5179       2.013924    
   226.8739       123.5779       2.008505    
   231.8736       123.5806       1.998133    
   236.8703       123.4528       1.993605    
   241.8605       123.1981       1.998007    
   246.8531       122.9968       2.005867    
   251.8497       123.0435       2.008085    
   256.8403       123.2927       2.003508    
   261.8292       123.5684       1.996689    
   266.8226       123.7774       1.993180    
   271.8200       123.9041       1.995701    
   276.8195       123.9441       1.998570    
   281.8193       123.9193       1.998612    
   286.8188       123.8614       1.997941    
   291.8181       123.7885       1.997443    
   296.8170       123.7036       2.004462    
   301.8156       123.6032       2.015751    
   306.8141       123.5066       2.022095    
   311.8136       123.4719       2.020944    
   316.8123       123.4112       2.009499    
   321.7794       123.0143       1.983678    
   326.7076       122.3138       1.954112    
   331.6619       122.0768       1.919534    
   336.6017       122.6448       1.890371    
   341.4941       123.5022       1.862936    
   346.3997       124.3040       1.818690    
   351.3318       124.9827       1.761811    
   356.3008       125.4084       1.702548    
   361.2956       125.5824       1.656231    
   366.2939       125.6901       1.625766    
   371.2916       125.8165       1.598936    
   376.2886       125.9600       1.585941    
   381.2849       126.1205       1.593160    
   386.2799       126.3045       1.620727    
   391.2732       126.5198       1.649821    
   396.2645       126.7639       1.667726    
   401.2549       127.0210       1.670600    
   406.2462       127.2653       1.658295    
   411.2407       127.4575       1.639834    
   416.2387       127.5636       1.619095    
   421.2385       127.5953       1.596707    
   426.2385       127.5986       1.571480    
   431.2385       127.6125       1.542894    
   436.2343       127.7445       1.511065    
   441.2233       128.0178       1.482522    
   446.2118       128.2982       1.461297    
   451.2035       128.5366       1.451046    
   456.1937       128.7948       1.455013    
   461.1783       129.1181       1.472594    
   466.1624       129.4493       1.495060    
   471.1551       129.6459       1.523876    
   476.1545       129.6918       1.564481    
   481.8401       129.6939       1.622661    
   489.3643       129.6939       1.703248    
   507.4286       129.6939       1.860793    
  -33.77417       118.0135       1.808424    
  -15.70986       118.0135       1.718001    
  -8.185690       118.0135       1.691918    
  -2.500000       118.0135       1.693483    
   2.481762       118.2522       1.717466    
   7.434425       118.7923       1.765405    
   12.38829       119.3243       1.829332    
   17.37068       119.5977       1.895781    
   22.36992       119.6640       1.953980    
   27.36889       119.7397       1.999074    
   32.36626       119.8660       2.029077    
   37.36148       120.0378       2.042347    
   42.35468       120.2439       2.042459    
   47.34677       120.4665       2.038170    
   52.33939       120.6811       2.036283    
   57.33461       120.8514       2.041222    
   62.33282       120.9489       2.054270    
   67.33237       120.9520       2.072346    
   72.33087       120.8632       2.089833    
   77.32610       120.6951       2.104970    
   82.31709       120.4589       2.120508    
   87.30524       120.1866       2.137524    
   92.29430       119.9255       2.151265    
   97.28818       119.7367       2.152148    
   102.2866       119.6531       2.131013    
   107.2863       119.6129       2.086827    
   112.2728       119.3835       2.024791    
   117.2255       118.8540       1.950947    
   122.1606       118.2177       1.876853    
   127.1186       117.7218       1.816271    
   132.1048       117.4431       1.776899    
   137.1018       117.3242       1.765957    
   142.1004       117.3613       1.785211    
   147.0855       117.6301       1.830026    
   152.0289       118.2023       1.892096    
   156.9416       118.9394       1.960266    
   161.8866       119.4921       2.025361    
   166.8759       119.7027       2.086168    
   171.8755       119.7078       2.139424    
   176.8751       119.6608       2.180175    
   181.8749       119.6375       2.206105    
   186.8749       119.6367       2.219567    
   191.8749       119.6370       2.225774    
   196.8749       119.6370       2.227695    
   201.8749       119.6370       2.227717    
   206.8749       119.6368       2.226610    
   211.8749       119.6388       2.226174    
   216.8748       119.6580       2.227563    
   221.8745       119.7069       2.228412    
   226.8739       119.7641       2.225944    
   231.8736       119.7666       2.220527    
   236.8703       119.6448       2.216425    
   241.8605       119.4020       2.216516    
   246.8531       119.2101       2.219234    
   251.8497       119.2547       2.219921    
   256.8403       119.4922       2.217824    
   261.8292       119.7551       2.215075    
   266.8226       119.9542       2.213691    
   271.8200       120.0750       2.214473    
   276.8195       120.1131       2.215502    
   281.8193       120.0895       2.215955    
   286.8188       120.0343       2.216714    
   291.8181       119.9648       2.218642    
   296.8170       119.8839       2.224317    
   301.8156       119.7882       2.231632    
   306.8141       119.6961       2.235140    
   311.8136       119.6630       2.231001    
   316.8123       119.6051       2.215827    
   321.7794       119.2268       2.188008    
   326.7076       118.5591       2.153900    
   331.6619       118.3332       2.117301    
   336.6017       118.8746       2.081892    
   341.4941       119.6919       2.044518    
   346.3997       120.4562       1.996908    
   351.3318       121.1031       1.940521    
   356.3008       121.5089       1.883060    
   361.2956       121.6748       1.834385    
   366.2939       121.7775       1.797962    
   371.2916       121.8979       1.771243    
   376.2886       122.0348       1.756871    
   381.2849       122.1877       1.759932    
   386.2799       122.3631       1.778127    
   391.2732       122.5684       1.800047    
   396.2645       122.8010       1.814468    
   401.2549       123.0461       1.816095    
   406.2462       123.2790       1.804695    
   411.2407       123.4621       1.785014    
   416.2387       123.5633       1.761513    
   421.2385       123.5935       1.735316    
   426.2385       123.5967       1.706148    
   431.2385       123.6100       1.674533    
   436.2343       123.7357       1.640691    
   441.2233       123.9963       1.610330    
   446.2118       124.2636       1.585766    
   451.2035       124.4909       1.571420    
   456.1937       124.7369       1.568498    
   461.1783       125.0452       1.575771    
   466.1624       125.3608       1.591069    
   471.1551       125.5482       1.614163    
   476.1545       125.5920       1.646159    
   481.8401       125.5940       1.690390    
   489.3643       125.5940       1.752967    
   507.4286       125.5940       1.880767    
  -33.77417       113.9358       1.838567    
  -15.70986       113.9358       1.780519    
  -8.185690       113.9358       1.771760    
  -2.500000       113.9358       1.784037    
   2.481762       114.1617       1.812559    
   7.434425       114.6728       1.858760    
   12.38829       115.1762       1.918164    
   17.37068       115.4350       1.981605    
   22.36992       115.4978       2.039891    
   27.36889       115.5694       2.088072    
   32.36626       115.6889       2.123986    
   37.36148       115.8514       2.146788    
   42.35468       116.0465       2.158972    
   47.34677       116.2571       2.165866    
   52.33939       116.4603       2.172518    
   57.33461       116.6214       2.182515    
   62.33282       116.7137       2.196731    
   67.33237       116.7167       2.213561    
   72.33087       116.6326       2.230331    
   77.32610       116.4735       2.245625    
   82.31709       116.2499       2.259138    
   87.30524       115.9922       2.269952    
   92.29430       115.7452       2.274699    
   97.28818       115.5665       2.267518    
   102.2866       115.4874       2.243271    
   107.2863       115.4493       2.200628    
   112.2728       115.2323       2.142920    
   117.2255       114.7313       2.077186    
   122.1606       114.1291       2.012911    
   127.1186       113.6599       1.962074    
   132.1048       113.3961       1.931047    
   137.1018       113.2836       1.924777    
   142.1004       113.3186       1.942944    
   147.0855       113.5730       1.984060    
   152.0289       114.1145       2.041828    
   156.9416       114.8120       2.109346    
   161.8866       115.3350       2.177751    
   166.8759       115.5344       2.242509    
   171.8755       115.5392       2.298303    
   176.8751       115.4947       2.341768    
   181.8749       115.4726       2.372399    
   186.8749       115.4719       2.391572    
   191.8749       115.4722       2.402534    
   196.8749       115.4722       2.408002    
   201.8749       115.4722       2.410008    
   206.8749       115.4720       2.410141    
   211.8749       115.4739       2.410340    
   216.8748       115.4921       2.411522    
   221.8745       115.5383       2.412607    
   226.8739       115.5924       2.412002    
   231.8736       115.5948       2.409600    
   236.8703       115.4796       2.406611    
   241.8605       115.2498       2.405125    
   246.8531       115.0682       2.405536    
   251.8497       115.1104       2.405571    
   256.8403       115.3352       2.404689    
   261.8292       115.5839       2.403536    
   266.8226       115.7724       2.402569    
   271.8200       115.8866       2.402383    
   276.8195       115.9228       2.402587    
   281.8193       115.9004       2.403244    
   286.8188       115.8482       2.404833    
   291.8181       115.7824       2.407419    
   296.8170       115.7058       2.411419    
   301.8156       115.6153       2.415123    
   306.8141       115.5281       2.414972    
   311.8136       115.4968       2.407450    
   316.8123       115.4420       2.389354    
   321.7794       115.0840       2.359818    
   326.7076       114.4521       2.323719    
   331.6619       114.2384       2.285190    
   336.6017       114.7507       2.245885    
   341.4941       115.5241       2.204257    
   346.3997       116.2474       2.156007    
   351.3318       116.8596       2.102356    
   356.3008       117.2437       2.048735    
   361.2956       117.4006       2.000740    
   366.2939       117.4977       1.962721    
   371.2916       117.6117       1.934758    
   376.2886       117.7412       1.917950    
   381.2849       117.8860       1.915312    
   386.2799       118.0519       1.924156    
   391.2732       118.2462       1.937652    
   396.2645       118.4663       1.947297    
   401.2549       118.6983       1.946688    
   406.2462       118.9186       1.935014    
   411.2407       119.0920       1.915055    
   416.2387       119.1877       1.890751    
   421.2385       119.2163       1.863006    
   426.2385       119.2194       1.831571    
   431.2385       119.2319       1.798632    
   436.2343       119.3509       1.765496    
   441.2233       119.5975       1.734884    
   446.2118       119.8504       1.709530    
   451.2035       120.0655       1.692483    
   456.1937       120.2983       1.683779    
   461.1783       120.5900       1.683830    
   466.1624       120.8887       1.691753    
   471.1551       121.0661       1.707446    
   476.1545       121.1075       1.730241    
   481.8401       121.1095       1.761771    
   489.3643       121.1095       1.807158    
   507.4286       121.1095       1.904405    
  -33.77417       109.4377       1.873897    
  -15.70986       109.4377       1.845481    
  -8.185690       109.4377       1.850497    
  -2.500000       109.4377       1.870230    
   2.481762       109.6495       1.900736    
   7.434425       110.1285       1.944082    
   12.38829       110.6005       1.997932    
   17.37068       110.8431       2.055999    
   22.36992       110.9020       2.111224    
   27.36889       110.9691       2.159417    
   32.36626       111.0811       2.198644    
   37.36148       111.2335       2.228162    
   42.35468       111.4164       2.249279    
   47.34677       111.6138       2.265120    
   52.33939       111.8043       2.279074    
   57.33461       111.9553       2.293699    
   62.33282       112.0418       2.309369    
   67.33237       112.0446       2.325290    
   72.33087       111.9657       2.340566    
   77.32610       111.8166       2.354096    
   82.31709       111.6071       2.364472    
   87.30524       111.3655       2.370056    
   92.29430       111.1339       2.368459    
   97.28818       110.9664       2.356681    
   102.2866       110.8923       2.331863    
   107.2863       110.8566       2.293179    
   112.2728       110.6531       2.243437    
   117.2255       110.1834       2.189338    
   122.1606       109.6189       2.137914    
   127.1186       109.1790       2.098399    
   132.1048       108.9318       2.076054    
   137.1018       108.8263       2.074127    
   142.1004       108.8592       2.091953    
   147.0855       109.0976       2.129389    
   152.0289       109.6052       2.181735    
   156.9416       110.2591       2.244123    
   161.8866       110.7494       2.309644    
   166.8759       110.9363       2.372886    
   171.8755       110.9408       2.428278    
   176.8751       110.8991       2.473295    
   181.8749       110.8784       2.507498    
   186.8749       110.8776       2.531289    
   191.8749       110.8779       2.546662    
   196.8749       110.8779       2.555797    
   201.8749       110.8779       2.560651    
   206.8749       110.8778       2.563020    
   211.8749       110.8796       2.564765    
   216.8748       110.8966       2.566819    
   221.8745       110.9400       2.568742    
   226.8739       110.9907       2.569617    
   231.8736       110.9929       2.569162    
   236.8703       110.8849       2.567625    
   241.8605       110.6695       2.566257    
   246.8531       110.4993       2.565946    
   251.8497       110.5388       2.565781    
   256.8403       110.7495       2.565256    
   261.8292       110.9827       2.564294    
   266.8226       111.1594       2.563021    
   271.8200       111.2665       2.562186    
   276.8195       111.3003       2.561974    
   281.8193       111.2794       2.562437    
   286.8188       111.2305       2.563733    
   291.8181       111.1687       2.565633    
   296.8170       111.0969       2.567464    
   301.8156       111.0121       2.567559    
   306.8141       110.9304       2.563748    
   311.8136       110.9010       2.553181    
   316.8123       110.8497       2.532956    
   321.7794       110.5141       2.502547    
   326.7076       109.9218       2.465923    
   331.6619       109.7214       2.426584    
   336.6017       110.2016       2.385551    
   341.4941       110.9267       2.342728    
   346.3997       111.6047       2.295391    
   351.3318       112.1786       2.244681    
   356.3008       112.5386       2.195187    
   361.2956       112.6857       2.149906    
   366.2939       112.7768       2.112554    
   371.2916       112.8837       2.083845    
   376.2886       113.0050       2.064788    
   381.2849       113.1407       2.056632    
   386.2799       113.2963       2.056815    
   391.2732       113.4784       2.061673    
   396.2645       113.6848       2.064777    
   401.2549       113.9022       2.060352    
   406.2462       114.1088       2.048116    
   411.2407       114.2713       2.029526    
   416.2387       114.3611       2.006351    
   421.2385       114.3878       1.978837    
   426.2385       114.3907       1.947448    
   431.2385       114.4025       1.914612    
   436.2343       114.5140       1.883006    
   441.2233       114.7451       1.853384    
   446.2118       114.9823       1.828232    
   451.2035       115.1839       1.809272    
   456.1937       115.4022       1.796361    
   461.1783       115.6756       1.791034    
   466.1624       115.9556       1.792424    
   471.1551       116.1219       1.800608    
   476.1545       116.1607       1.813989    
   481.8401       116.1625       1.833935    
   489.3643       116.1625       1.863867    
   507.4286       116.1625       1.931558    
  -33.77417       104.4251       1.913534    
  -15.70986       104.4251       1.911024    
  -8.185690       104.4251       1.926071    
  -2.500000       104.4251       1.950337    
   2.481762       104.6212       1.981195    
   7.434425       105.0646       2.021797    
   12.38829       105.5015       2.070015    
   17.37068       105.7260       2.121694    
   22.36992       105.7805       2.172629    
   27.36889       105.8427       2.219355    
   32.36626       105.9463       2.259638    
   37.36148       106.0873       2.292829    
   42.35468       106.2567       2.319606    
   47.34677       106.4394       2.341461    
   52.33939       106.6157       2.360300    
   57.33461       106.7555       2.377809    
   62.33282       106.8356       2.394457    
   67.33237       106.8381       2.409949    
   72.33087       106.7651       2.423803    
   77.32610       106.6271       2.435245    
   82.31709       106.4332       2.442931    
   87.30524       106.2096       2.445086    
   92.29430       105.9952       2.439968    
   97.28818       105.8402       2.426212    
   102.2866       105.7715       2.402881    
   107.2863       105.7385       2.370343    
   112.2728       105.5501       2.330831    
   117.2255       105.1154       2.289500    
   122.1606       104.5929       2.251975    
   127.1186       104.1857       2.224479    
   132.1048       103.9569       2.210742    
   137.1018       103.8593       2.212704    
   142.1004       103.8897       2.230527    
   147.0855       104.1104       2.264187    
   152.0289       104.5803       2.310547    
   156.9416       105.1855       2.365781    
   161.8866       105.6393       2.424881    
   166.8759       105.8122       2.482980    
   171.8755       105.8165       2.535566    
   176.8751       105.7778       2.580511    
   181.8749       105.7587       2.616808    
   186.8749       105.7580       2.643970    
   191.8749       105.7582       2.663068    
   196.8749       105.7583       2.675792    
   201.8749       105.7583       2.684058    
   206.8749       105.7581       2.689451    
   211.8749       105.7598       2.693540    
   216.8748       105.7755       2.697208    
   221.8745       105.8157       2.700317    
   226.8739       105.8626       2.702379    
   231.8736       105.8647       2.703231    
   236.8703       105.7647       2.703115    
   241.8605       105.5654       2.702670    
   246.8531       105.4078       2.702482    
   251.8497       105.4444       2.702307    
   256.8403       105.6394       2.701760    
   261.8292       105.8553       2.700584    
   266.8226       106.0188       2.699065    
   271.8200       106.1179       2.697874    
   276.8195       106.1492       2.697179    
   281.8193       106.1298       2.696832    
   286.8188       106.0846       2.696727    
   291.8181       106.0275       2.696582    
   296.8170       105.9610       2.695420    
   301.8156       105.8824       2.691767    
   306.8141       105.8068       2.684415    
   311.8136       105.7796       2.671152    
   316.8123       105.7321       2.649558    
   321.7794       105.4215       2.619310    
   326.7076       104.8732       2.583283    
   331.6619       104.6877       2.544430    
   336.6017       105.1322       2.503819    
   341.4941       105.8034       2.462044    
   346.3997       106.4309       2.417463    
   351.3318       106.9622       2.370064    
   356.3008       107.2954       2.323302    
   361.2956       107.4315       2.280324    
   366.2939       107.5159       2.243811    
   371.2916       107.6148       2.214894    
   376.2886       107.7271       2.194618    
   381.2849       107.8528       2.182539    
   386.2799       107.9968       2.176099    
   391.2732       108.1653       2.172476    
   396.2645       108.3564       2.167248    
   401.2549       108.5576       2.157948    
   406.2462       108.7488       2.144867    
   411.2407       108.8992       2.127740    
   416.2387       108.9823       2.106409    
   421.2385       109.0071       2.080864    
   426.2385       109.0098       2.051681    
   431.2385       109.0207       2.020601    
   436.2343       109.1239       1.990557    
   441.2233       109.3378       1.962897    
   446.2118       109.5574       1.938365    
   451.2035       109.7439       1.918300    
   456.1937       109.9460       1.902915    
   461.1783       110.1991       1.893236    
   466.1624       110.4583       1.889132    
   471.1551       110.6122       1.890293    
   476.1545       110.6481       1.895404    
   481.8401       110.6497       1.905149    
   489.3643       110.6497       1.921273    
   507.4286       110.6497       1.961356    
  -33.77417       98.76926       1.956980    
  -15.70986       98.76926       1.975016    
  -8.185690       98.76926       1.997325    
  -2.500000       98.76926       2.024292    
   2.481762       98.94752       2.055007    
   7.434425       99.35075       2.092155    
   12.38829       99.74802       2.134662    
   17.37068       99.95215       2.180172    
   22.36992       100.0017       2.226230    
   27.36889       100.0582       2.270290    
   32.36626       100.1525       2.309976    
   37.36148       100.2807       2.344437    
   42.35468       100.4347       2.373988    
   47.34677       100.6009       2.399053    
   52.33939       100.7612       2.420419    
   57.33461       100.8883       2.439187    
   62.33282       100.9611       2.456119    
   67.33237       100.9634       2.471340    
   72.33087       100.8971       2.484277    
   77.32610       100.7716       2.494146    
   82.31709       100.5952       2.500053    
   87.30524       100.3919       2.500694    
   92.29430       100.1970       2.494849    
   97.28818       100.0560       2.481958    
   102.2866       99.99355       2.462409    
   107.2863       99.96349       2.437459    
   112.2728       99.79222       2.408984    
   117.2255       99.39693       2.380341    
   122.1606       98.92178       2.355455    
   127.1186       98.55151       2.338114    
   132.1048       98.34343       2.331170    
   137.1018       98.25465       2.336499    
   142.1004       98.28233       2.354822    
   147.0855       98.48299       2.385852    
   152.0289       98.91029       2.427091    
   156.9416       99.46066       2.475223    
   161.8866       99.87329       2.526777    
   166.8759       100.0306       2.578228    
   171.8755       100.0344       2.626308    
   176.8751       99.99930       2.669180    
   181.8749       99.98188       2.705563    
   186.8749       99.98126       2.734619    
   191.8749       99.98149       2.756789    
   196.8749       99.98150       2.773224    
   201.8749       99.98149       2.785383    
   206.8749       99.98139       2.794380    
   211.8749       99.98287       2.801339    
   216.8748       99.99718       2.807011    
   221.8745       100.0337       2.811450    
   226.8739       100.0764       2.814502    
   231.8736       100.0783       2.816266    
   236.8703       99.98734       2.817093    
   241.8605       99.80609       2.817357    
   246.8531       99.66279       2.817437    
   251.8497       99.69608       2.817422    
   256.8403       99.87341       2.817118    
   261.8292       100.0697       2.816274    
   266.8226       100.2184       2.815027    
   271.8200       100.3085       2.813633    
   276.8195       100.3370       2.812088    
   281.8193       100.3194       2.810239    
   286.8188       100.2782       2.807851    
   291.8181       100.2263       2.804552    
   296.8170       100.1659       2.799550    
   301.8156       100.0944       2.791842    
   306.8141       100.0256       2.780663    
   311.8136       100.0009       2.764576    
   316.8123       99.95772       2.742032    
   321.7794       99.67523       2.712700    
   326.7076       99.17667       2.678142    
   331.6619       99.00801       2.640582    
   336.6017       99.41222       2.601552    
   341.4941       100.0225       2.562074    
   346.3997       100.5932       2.521488    
   351.3318       101.0763       2.478906    
   356.3008       101.3793       2.435555    
   361.2956       101.5031       2.394443    
   366.2939       101.5798       2.358242    
   371.2916       101.6697       2.328728    
   376.2886       101.7719       2.306828    
   381.2849       101.8861       2.291240    
   386.2799       102.0170       2.279396    
   391.2732       102.1703       2.268568    
   396.2645       102.3440       2.256661    
   401.2549       102.5270       2.243522    
   406.2462       102.7009       2.228858    
   411.2407       102.8377       2.211471    
   416.2387       102.9132       2.191061    
   421.2385       102.9358       2.167911    
   426.2385       102.9382       2.142126    
   431.2385       102.9481       2.114481    
   436.2343       103.0419       2.086965    
   441.2233       103.2365       2.061265    
   446.2118       103.4361       2.037788    
   451.2035       103.6058       2.017347    
   456.1937       103.7895       2.000425    
   461.1783       104.0197       1.987533    
   466.1624       104.2553       1.978846    
   471.1551       104.3953       1.973930    
   476.1545       104.4279       1.972315    
   481.8401       104.4295       1.973456    
   489.3643       104.4295       1.977963    
   507.4286       104.4295       1.992928    
  -33.77417       92.28692       2.003838    
  -15.70986       92.28692       2.036343    
  -8.185690       92.28692       2.063025    
  -2.500000       92.28692       2.090941    
   2.481762       92.44483       2.120283    
   7.434425       92.80198       2.154257    
   12.38829       93.15384       2.192038    
   17.37068       93.33465       2.232457    
   22.36992       93.37855       2.273618    
   27.36889       93.42858       2.313671    
   32.36626       93.51208       2.351186    
   37.36148       93.62569       2.385196    
   42.35468       93.76205       2.415405    
   47.34677       93.90923       2.441908    
   52.33939       94.05121       2.464844    
   57.33461       94.16380       2.484567    
   62.33282       94.22831       2.501578    
   67.33237       94.23037       2.516154    
   72.33087       94.17159       2.528072    
   77.32610       94.06042       2.536757    
   82.31709       93.90422       2.541628    
   87.30524       93.72411       2.542100    
   92.29430       93.55146       2.537683    
   97.28818       93.42661       2.528282    
   102.2866       93.37131       2.514504    
   107.2863       93.34469       2.497580    
   112.2728       93.19299       2.479177    
   117.2255       92.84286       2.461474    
   122.1606       92.42202       2.446955    
   127.1186       92.09407       2.438022    
   132.1048       91.90976       2.436935    
   137.1018       91.83113       2.445489    
   142.1004       91.85565       2.464361    
   147.0855       92.03337       2.492958    
   152.0289       92.41184       2.529248    
   156.9416       92.89931       2.570676    
   161.8866       93.26480       2.614995    
   166.8759       93.40413       2.659878    
   171.8755       93.40750       2.702955    
   176.8751       93.37640       2.742571    
   181.8749       93.36098       2.777516    
   186.8749       93.36044       2.807096    
   191.8749       93.36063       2.831363    
   196.8749       93.36064       2.850820    
   201.8749       93.36063       2.866259    
   206.8749       93.36054       2.878468    
   211.8749       93.36186       2.888222    
   216.8748       93.37454       2.896067    
   221.8745       93.40688       2.902167    
   226.8739       93.44470       2.906559    
   231.8736       93.44635       2.909412    
   236.8703       93.36582       2.911045    
   241.8605       93.20527       2.911815    
   246.8531       93.07835       2.912173    
   251.8497       93.10783       2.912421    
   256.8403       93.26490       2.912512    
   261.8292       93.43874       2.912146    
   266.8226       93.57047       2.911098    
   271.8200       93.65030       2.909262    
   276.8195       93.67554       2.906610    
   281.8193       93.65989       2.903082    
   286.8188       93.62345       2.898398    
   291.8181       93.57744       2.892025    
   296.8170       93.52392       2.883360    
   301.8156       93.46066       2.871862    
   306.8141       93.39973       2.857078    
   311.8136       93.37785       2.838290    
   316.8123       93.33959       2.814804    
   321.7794       93.08938       2.786440    
   326.7076       92.64779       2.753814    
   331.6619       92.49840       2.718183    
   336.6017       92.85643       2.681157    
   341.4941       93.39696       2.644011    
   346.3997       93.90244       2.606860    
   351.3318       94.33030       2.569334    
   356.3008       94.59869       2.531351    
   361.2956       94.70834       2.494256    
   366.2939       94.77627       2.460023    
   371.2916       94.85593       2.430248    
   376.2886       94.94642       2.405591    
   381.2849       95.04758       2.385249    
   386.2799       95.16358       2.367714    
   391.2732       95.29931       2.351388    
   396.2645       95.45317       2.335401    
   401.2549       95.61526       2.319543    
   406.2462       95.76926       2.303056    
   411.2407       95.89043       2.285031    
   416.2387       95.95733       2.265259    
   421.2385       95.97731       2.243882    
   426.2385       95.97943       2.220919    
   431.2385       95.98818       2.196685    
   436.2343       96.07135       2.172015    
   441.2233       96.24365       2.148054    
   446.2118       96.42047       2.125533    
   451.2035       96.57073       2.105025    
   456.1937       96.73344       2.087025    
   461.1783       96.93733       2.071842    
   466.1624       97.14609       2.059536    
   471.1551       97.27006       2.050075    
   476.1545       97.29897       2.043140    
   481.8401       97.30029       2.037600    
   489.3643       97.30029       2.032743    
   507.4286       97.30029       2.024710    
  -33.77417       84.70639       2.051734    
  -15.70986       84.70639       2.094033    
  -8.185690       84.70639       2.121819    
  -2.500000       84.70639       2.148924    
   2.481762       84.84047       2.176531    
   7.434425       85.14374       2.207454    
   12.38829       85.44250       2.241311    
   17.37068       85.59602       2.276968    
   22.36992       85.63330       2.313486    
   27.36889       85.67580       2.349372    
   32.36626       85.74669       2.383751    
   37.36148       85.84315       2.416077    
   42.35468       85.95895       2.445696    
   47.34677       86.08392       2.472252    
   52.33939       86.20448       2.495680    
   57.33461       86.30008       2.515826    
   62.33282       86.35486       2.532649    
   67.33237       86.35661       2.546349    
   72.33087       86.30669       2.557143    
   77.32610       86.21230       2.565064    
   82.31709       86.07966       2.569968    
   87.30524       85.92673       2.571744    
   92.29430       85.78013       2.570337    
   97.28818       85.67411       2.565851    
   102.2866       85.62716       2.558717    
   107.2863       85.60456       2.549697    
   112.2728       85.47575       2.540013    
   117.2255       85.17844       2.531225    
   122.1606       84.82110       2.525108    
   127.1186       84.54264       2.523426    
   132.1048       84.38613       2.527763    
   137.1018       84.31937       2.539244    
   142.1004       84.34019       2.558225    
   147.0855       84.49109       2.584160    
   152.0289       84.81246       2.615695    
   156.9416       85.22638       2.651130    
   161.8866       85.53673       2.688987    
   166.8759       85.65503       2.727677    
   171.8755       85.65790       2.765471    
   176.8751       85.63148       2.801021    
   181.8749       85.61840       2.833385    
   186.8749       85.61794       2.862055    
   191.8749       85.61810       2.886903    
   196.8749       85.61810       2.908086    
   201.8749       85.61810       2.925952    
   206.8749       85.61802       2.940848    
   211.8749       85.61914       2.953060    
   216.8748       85.62991       2.962846    
   221.8745       85.65736       2.970423    
   226.8739       85.68948       2.976019    
   231.8736       85.69088       2.979934    
   236.8703       85.62250       2.982511    
   241.8605       85.48617       2.984100    
   246.8531       85.37840       2.985061    
   251.8497       85.40344       2.985643    
   256.8403       85.53680       2.985830    
   261.8292       85.68442       2.985397    
   266.8226       85.79627       2.984059    
   271.8200       85.86406       2.981598    
   276.8195       85.88549       2.977876    
   281.8193       85.87220       2.972771    
   286.8188       85.84126       2.966017    
   291.8181       85.80219       2.957189    
   296.8170       85.75674       2.945849    
   301.8156       85.70303       2.931659    
   306.8141       85.65130       2.914365    
   311.8136       85.63272       2.893718    
   316.8123       85.60023       2.869546    
   321.7794       85.38776       2.841928    
   326.7076       85.01280       2.811205    
   331.6619       84.88596       2.777936    
   336.6017       85.18996       2.743403    
   341.4941       85.64894       2.708725    
   346.3997       86.07815       2.674093    
   351.3318       86.44146       2.639728    
   356.3008       86.66934       2.605678    
   361.2956       86.76245       2.572347    
   366.2939       86.82014       2.540598    
   371.2916       86.88777       2.511170    
   376.2886       86.96461       2.484427    
   381.2849       87.05051       2.460322    
   386.2799       87.14902       2.438591    
   391.2732       87.26426       2.418776    
   396.2645       87.39491       2.400396    
   401.2549       87.53254       2.382871    
   406.2462       87.66331       2.365415    
   411.2407       87.76619       2.347323    
   416.2387       87.82300       2.328173    
   421.2385       87.83997       2.307837    
   426.2385       87.84176       2.286448    
   431.2385       87.84920       2.264291    
   436.2343       87.91981       2.241852    
   441.2233       88.06612       2.219825    
   446.2118       88.21626       2.198740    
   451.2035       88.34385       2.178968    
   456.1937       88.48203       2.160866    
   461.1783       88.65514       2.144650    
   466.1624       88.83239       2.130556    
   471.1551       88.93765       2.118432    
   476.1545       88.96221       2.108111    
   481.8401       88.96335       2.097923    
   489.3643       88.96335       2.085469    
   507.4286       88.96335       2.054473    
  -33.77417       75.60016       2.099896    
  -15.70986       75.60016       2.145550    
  -8.185690       75.60016       2.173364    
  -2.500000       75.60016       2.198737    
   2.481762       75.70561       2.224395    
   7.434425       75.94414       2.252515    
   12.38829       76.17914       2.282525    
   17.37068       76.29989       2.314133    
   22.36992       76.32921       2.346364    
   27.36889       76.36263       2.378535    
   32.36626       76.41840       2.409668    
   37.36148       76.49427       2.439320    
   42.35468       76.58534       2.467168    
   47.34677       76.68364       2.492581    
   52.33939       76.77846       2.515198    
   57.33461       76.85366       2.534950    
   62.33282       76.89674       2.551659    
   67.33237       76.89812       2.565273    
   72.33087       76.85886       2.576059    
   77.32610       76.78461       2.584331    
   82.31709       76.68029       2.590319    
   87.30524       76.56001       2.594171    
   92.29430       76.44469       2.596024    
   97.28818       76.36131       2.596080    
   102.2866       76.32438       2.594735    
   107.2863       76.30660       2.592568    
   112.2728       76.20528       2.590359    
   117.2255       75.97144       2.589134    
   122.1606       75.69038       2.590086    
   127.1186       75.47135       2.594402    
   132.1048       75.34826       2.603096    
   137.1018       75.29574       2.616788    
   142.1004       75.31212       2.635652    
   147.0855       75.43081       2.659320    
   152.0289       75.68358       2.686867    
   156.9416       76.00915       2.717177    
   161.8866       76.25325       2.749342    
   166.8759       76.34630       2.782342    
   171.8755       76.34855       2.814998    
   176.8751       76.32778       2.846378    
   181.8749       76.31749       2.875783    
   186.8749       76.31712       2.902762    
   191.8749       76.31725       2.927083    
   196.8749       76.31725       2.948677    
   201.8749       76.31725       2.967579    
   206.8749       76.31718       2.983841    
   211.8749       76.31807       2.997527    
   216.8748       76.32654       3.008725    
   221.8745       76.34814       3.017607    
   226.8739       76.37340       3.024455    
   231.8736       76.37450       3.029579    
   236.8703       76.32071       3.033277    
   241.8605       76.21349       3.035815    
   246.8531       76.12872       3.037427    
   251.8497       76.14841       3.038243    
   256.8403       76.25331       3.038262    
   261.8292       76.36942       3.037358    
   266.8226       76.45739       3.035343    
   271.8200       76.51070       3.032009    
   276.8195       76.52757       3.027181    
   281.8193       76.51711       3.020690    
   286.8188       76.49277       3.012327    
   291.8181       76.46204       3.001852    
   296.8170       76.42630       2.989038    
   301.8156       76.38405       2.973668    
   306.8141       76.34336       2.955556    
   311.8136       76.32875       2.934613    
   316.8123       76.30320       2.910876    
   321.7794       76.13609       2.884557    
   326.7076       75.84116       2.855894    
   331.6619       75.74139       2.825094    
   336.6017       75.98050       2.793171    
   341.4941       76.34151       2.760937    
   346.3997       76.67910       2.728371    
   351.3318       76.96486       2.695763    
   356.3008       77.14410       2.663436    
   361.2956       77.21733       2.631769    
   366.2939       77.26270       2.601305    
   371.2916       77.31591       2.572460    
   376.2886       77.37634       2.545523    
   381.2849       77.44391       2.520653    
   386.2799       77.52139       2.497855    
   391.2732       77.61202       2.476928    
   396.2645       77.71479       2.457472    
   401.2549       77.82304       2.438923    
   406.2462       77.92590       2.420627    
   411.2407       78.00681       2.402014    
   416.2387       78.05150       2.382752    
   421.2385       78.06484       2.362787    
   426.2385       78.06626       2.342263    
   431.2385       78.07211       2.321491    
   436.2343       78.12765       2.300853    
   441.2233       78.24273       2.280735    
   446.2118       78.36082       2.261404    
   451.2035       78.46117       2.243038    
   456.1937       78.56985       2.225802    
   461.1783       78.70601       2.209999    
   466.1624       78.84543       2.195616    
   471.1551       78.92822       2.182585    
   476.1545       78.94754       2.170609    
   481.8401       78.94843       2.157583    
   489.3643       78.94843       2.139390    
   507.4286       78.94843       2.076461    
  -33.77417       56.32260       2.172932    
  -15.70986       56.32260       2.219279    
  -8.185690       56.32260       2.244334    
  -2.500000       56.32260       2.267428    
   2.481762       56.36747       2.289341    
   7.434425       56.46896       2.313266    
   12.38829       56.56895       2.338201    
   17.37068       56.62033       2.363812    
   22.36992       56.63280       2.390030    
   27.36889       56.64702       2.416058    
   32.36626       56.67075       2.441669    
   37.36148       56.70303       2.466113    
   42.35468       56.74178       2.489423    
   47.34677       56.78361       2.511613    
   52.33939       56.82395       2.532112    
   57.33461       56.85595       2.550722    
   62.33282       56.87428       2.567544    
   67.33237       56.87487       2.582444    
   72.33087       56.85816       2.595331    
   77.32610       56.82657       2.606423    
   82.31709       56.78218       2.616055    
   87.30524       56.73100       2.624537    
   92.29430       56.68194       2.632076    
   97.28818       56.64646       2.638902    
   102.2866       56.63075       2.645308    
   107.2863       56.62318       2.651700    
   112.2728       56.58007       2.658531    
   117.2255       56.48058       2.666270    
   122.1606       56.36099       2.675478    
   127.1186       56.26780       2.686705    
   132.1048       56.21542       2.700319    
   137.1018       56.19307       2.716497    
   142.1004       56.20005       2.735245    
   147.0855       56.25055       2.756339    
   152.0289       56.35809       2.779244    
   156.9416       56.49662       2.803427    
   161.8866       56.60048       2.828658    
   166.8759       56.64007       2.854563    
   171.8755       56.64103       2.880499    
   176.8751       56.63219       2.905946    
   181.8749       56.62782       2.930449    
   186.8749       56.62766       2.953620    
   191.8749       56.62771       2.975172    
   196.8749       56.62772       2.994914    
   201.8749       56.62771       3.012719    
   206.8749       56.62769       3.028532    
   211.8749       56.62806       3.042355    
   216.8748       56.63167       3.054226    
   221.8745       56.64086       3.064226    
   226.8739       56.65160       3.072459    
   231.8736       56.65207       3.079035    
   236.8703       56.62919       3.084058    
   241.8605       56.58356       3.087636    
   246.8531       56.54750       3.089856    
   251.8497       56.55588       3.090759    
   256.8403       56.60051       3.090341    
   261.8292       56.64991       3.088572    
   266.8226       56.68734       3.085380    
   271.8200       56.71003       3.080672    
   276.8195       56.71720       3.074345    
   281.8193       56.71275       3.066293    
   286.8188       56.70240       3.056397    
   291.8181       56.68932       3.044552    
   296.8170       56.67411       3.030678    
   301.8156       56.65614       3.014714    
   306.8141       56.63882       2.996618    
   311.8136       56.63261       2.976412    
   316.8123       56.62173       2.954211    
   321.7794       56.55063       2.930279    
   326.7076       56.42514       2.904778    
   331.6619       56.38269       2.877638    
   336.6017       56.48443       2.849679    
   341.4941       56.63803       2.821585    
   346.3997       56.78168       2.793268    
   351.3318       56.90327       2.764886    
   356.3008       56.97953       2.736591    
   361.2956       57.01069       2.708589    
   366.2939       57.02999       2.681211    
   371.2916       57.05263       2.654684    
   376.2886       57.07835       2.629153    
   381.2849       57.10709       2.604698    
   386.2799       57.14006       2.581339    
   391.2732       57.17862       2.559046    
   396.2645       57.22235       2.537714    
   401.2549       57.26841       2.517167    
   406.2462       57.31217       2.497188    
   411.2407       57.34660       2.477652    
   416.2387       57.36561       2.458548    
   421.2385       57.37129       2.439857    
   426.2385       57.37189       2.421579    
   431.2385       57.37438       2.403753    
   436.2343       57.39801       2.386429    
   441.2233       57.44698       2.369706    
   446.2118       57.49723       2.353657    
   451.2035       57.53992       2.338296    
   456.1937       57.58617       2.323880    
   461.1783       57.64410       2.310460    
   466.1624       57.70342       2.298214    
   471.1551       57.73865       2.287237    
   476.1545       57.74687       2.277668    
   481.8401       57.74725       2.268791    
   489.3643       57.74725       2.261018    
   507.4286       57.74725       2.197676    
