        1545
  -33.77417       136.6885       1.615610    
  -15.70986       136.6885       1.426673    
  -8.185690       136.6885       1.323679    
  -2.500000       136.6885       1.330606    
   2.481762       136.9860       1.376749    
   7.434425       137.6588       1.377733    
   12.38829       138.3216       1.445171    
   17.37068       138.6622       1.420743    
   22.36992       138.7449       1.446175    
   27.36889       138.8391       1.481354    
   32.36626       138.9964       1.433581    
   37.36148       139.2104       1.397033    
   42.35468       139.4673       1.395509    
   47.34677       139.7446       1.329676    
   52.33939       140.0120       1.277825    
   57.33461       140.2241       1.303851    
   62.33282       140.3456       1.299424    
   67.33237       140.3495       1.288755    
   72.33087       140.2388       1.262592    
   77.32610       140.0294       1.287227    
   82.31709       139.7351       1.290838    
   87.30524       139.3958       1.277790    
   92.29430       139.0706       1.370445    
   97.28818       138.8354       1.394650    
   102.2866       138.7312       1.404729    
   107.2863       138.6811       1.459406    
   112.2728       138.3953       1.462344    
   117.2255       137.7357       1.312212    
   122.1606       136.9430       1.223557    
   127.1186       136.3252       1.261418    
   132.1048       135.9780       1.096964    
   137.1018       135.8299       1.028785    
   142.1004       135.8761       1.060044    
   147.0855       136.2108       1.273399    
   152.0289       136.9238       1.188819    
   156.9416       137.8421       1.259128    
   161.8866       138.5306       1.346436    
   166.8759       138.7930       1.316680    
   171.8755       138.7994       1.278601    
   176.8751       138.7408       1.285840    
   181.8749       138.7118       1.308965    
   186.8749       138.7108       1.276898    
   191.8749       138.7111       1.280421    
   196.8749       138.7112       1.303374    
   201.8749       138.7111       1.276687    
   206.8749       138.7109       1.276682    
   211.8749       138.7134       1.296448    
   216.8748       138.7373       1.289838    
   221.8745       138.7983       1.266666    
   226.8739       138.8695       1.271360    
   231.8736       138.8726       1.312928    
   236.8703       138.7209       1.278147    
   241.8605       138.4185       1.271718    
   246.8531       138.1794       1.296367    
   251.8497       138.2349       1.292256    
   256.8403       138.5308       1.270424    
   261.8292       138.8582       1.284008    
   266.8226       139.1064       1.296431    
   271.8200       139.2568       1.294783    
   276.8195       139.3043       1.279151    
   281.8193       139.2749       1.288425    
   286.8188       139.2062       1.283647    
   291.8181       139.1195       1.288618    
   296.8170       139.0187       1.301176    
   301.8156       138.8996       1.276147    
   306.8141       138.7848       1.286027    
   311.8136       138.7435       1.292431    
   316.8123       138.6715       1.258105    
   321.7794       138.2001       1.202895    
   326.7076       137.3683       1.238416    
   331.6619       137.0869       1.335381    
   336.6017       137.7613       1.351119    
   341.4941       138.7795       1.373289    
   346.3997       139.7317       1.198939    
   351.3318       140.5377       1.248622    
   356.3008       141.0433       1.273426    
   361.2956       141.2499       1.265375    
   366.2939       141.3779       1.266413    
   371.2916       141.5279       1.136623    
   376.2886       141.6984       1.231830    
   381.2849       141.8889       1.217232    
   386.2799       142.1075       1.167101    
   391.2732       142.3631       1.196451    
   396.2645       142.6530       1.194228    
   401.2549       142.9583       1.192800    
   406.2462       143.2484       1.195462    
   411.2407       143.4767       1.182032    
   416.2387       143.6027       1.168346    
   421.2385       143.6403       1.147259    
   426.2385       143.6443       1.144667    
   431.2385       143.6608       1.137700    
   436.2343       143.8174       1.158593    
   441.2233       144.1421       1.162704    
   446.2118       144.4751       1.215800    
   451.2035       144.7582       1.210935    
   456.1937       145.0647       1.230919    
   461.1783       145.4488       1.518805    
   466.1624       145.8420       1.403728    
   471.1551       146.0755       1.296162    
   476.1545       146.1300       1.309767    
   481.8401       146.1326       1.355861    
   489.3643       146.1326       1.480724    
   507.4286       146.1326       1.699499    
  -33.77417       134.0858       1.619481    
  -15.70986       134.0858       1.437293    
  -8.185690       134.0858       1.333210    
  -2.500000       134.0858       1.267947    
   2.481762       134.3752       1.266920    
   7.434425       135.0294       1.331717    
   12.38829       135.6740       1.362921    
   17.37068       136.0052       1.313802    
   22.36992       136.0857       1.251346    
   27.36889       136.1774       1.204950    
   32.36626       136.3303       1.252786    
   37.36148       136.5384       1.251507    
   42.35468       136.7882       1.151771    
   47.34677       137.0579       1.169944    
   52.33939       137.3180       1.188075    
   57.33461       137.5242       1.166171    
   62.33282       137.6424       1.121013    
   67.33237       137.6462       1.097392    
   72.33087       137.5385       1.107703    
   77.32610       137.3349       1.099086    
   82.31709       137.0487       1.102517    
   87.30524       136.7188       1.171175    
   92.29430       136.4025       1.090046    
   97.28818       136.1738       1.183933    
   102.2866       136.0724       1.251681    
   107.2863       136.0237       1.306981    
   112.2728       135.7457       1.249458    
   117.2255       135.1043       1.230227    
   122.1606       134.3334       1.175201    
   127.1186       133.7326       1.237906    
   132.1048       133.3949       1.129458    
   137.1018       133.2509       1.070608    
   142.1004       133.2958       1.092733    
   147.0855       133.6214       1.209338    
   152.0289       134.3147       1.197536    
   156.9416       135.2077       1.140168    
   161.8866       135.8773       1.192948    
   166.8759       136.1325       1.228350    
   171.8755       136.1387       1.151697    
   176.8751       136.0817       1.056714    
   181.8749       136.0535       1.066305    
   186.8749       136.0525       1.117386    
   191.8749       136.0529       1.108476    
   196.8749       136.0529       1.045490    
   201.8749       136.0529       1.105497    
   206.8749       136.0527       1.116938    
   211.8749       136.0551       1.037394    
   216.8748       136.0783       1.074067    
   221.8745       136.1376       1.103805    
   226.8739       136.2069       1.104943    
   231.8736       136.2099       1.082507    
   236.8703       136.0623       1.141164    
   241.8605       135.7682       1.091751    
   246.8531       135.5358       1.067299    
   251.8497       135.5898       1.044493    
   256.8403       135.8775       1.104368    
   261.8292       136.1960       1.108949    
   266.8226       136.4373       1.094879    
   271.8200       136.5835       1.120067    
   276.8195       136.6297       1.108526    
   281.8193       136.6011       1.068407    
   286.8188       136.5343       1.121788    
   291.8181       136.4500       1.088945    
   296.8170       136.3520       1.076936    
   301.8156       136.2361       1.107340    
   306.8141       136.1245       1.100208    
   311.8136       136.0844       1.027585    
   316.8123       136.0143       1.122560    
   321.7794       135.5559       1.181647    
   326.7076       134.7469       1.179449    
   331.6619       134.4733       1.074539    
   336.6017       135.1292       1.049781    
   341.4941       136.1194       1.235906    
   346.3997       137.0454       1.107687    
   351.3318       137.8293       1.151652    
   356.3008       138.3209       1.118454    
   361.2956       138.5218       1.151633    
   366.2939       138.6463       1.286425    
   371.2916       138.7922       1.100639    
   376.2886       138.9579       1.191027    
   381.2849       139.1433       1.137409    
   386.2799       139.3558       1.264250    
   391.2732       139.6044       1.127048    
   396.2645       139.8863       1.147112    
   401.2549       140.1832       1.193852    
   406.2462       140.4654       1.147633    
   411.2407       140.6873       1.164480    
   416.2387       140.8099       1.126563    
   421.2385       140.8465       1.120615    
   426.2385       140.8504       1.105333    
   431.2385       140.8664       1.125125    
   436.2343       141.0188       1.128360    
   441.2233       141.3345       1.161189    
   446.2118       141.6584       1.206321    
   451.2035       141.9337       1.189845    
   456.1937       142.2318       1.196072    
   461.1783       142.6053       1.388106    
   466.1624       142.9877       1.361630    
   471.1551       143.2148       1.293121    
   476.1545       143.2677       1.292778    
   481.8401       143.2702       1.368383    
   489.3643       143.2702       1.490696    
   507.4286       143.2702       1.703131    
  -33.77417       131.3152       1.628719    
  -15.70986       131.3152       1.461262    
  -8.185690       131.3152       1.369284    
  -2.500000       131.3152       1.311195    
   2.481762       131.5958       1.309146    
   7.434425       132.2304       1.374083    
   12.38829       132.8556       1.403430    
   17.37068       133.1768       1.387325    
   22.36992       133.2549       1.358527    
   27.36889       133.3438       1.339494    
   32.36626       133.4921       1.377236    
   37.36148       133.6940       1.363257    
   42.35468       133.9363       1.279531    
   47.34677       134.1978       1.267206    
   52.33939       134.4500       1.266842    
   57.33461       134.6501       1.244957    
   62.33282       134.7647       1.237444    
   67.33237       134.7684       1.257548    
   72.33087       134.6640       1.269508    
   77.32610       134.4664       1.237810    
   82.31709       134.1889       1.225317    
   87.30524       133.8689       1.280949    
   92.29430       133.5621       1.287351    
   97.28818       133.3403       1.367470    
   102.2866       133.2420       1.380520    
   107.2863       133.1947       1.355685    
   112.2728       132.9252       1.326591    
   117.2255       132.3031       1.342507    
   122.1606       131.5553       1.296788    
   127.1186       130.9726       1.285172    
   132.1048       130.6451       1.203932    
   137.1018       130.5054       1.156062    
   142.1004       130.5490       1.176024    
   147.0855       130.8647       1.264874    
   152.0289       131.5372       1.315865    
   156.9416       132.4034       1.282364    
   161.8866       133.0527       1.221842    
   166.8759       133.3003       1.213333    
   171.8755       133.3063       1.255647    
   176.8751       133.2510       1.270004    
   181.8749       133.2236       1.249272    
   186.8749       133.2227       1.240875    
   191.8749       133.2231       1.240021    
   196.8749       133.2231       1.215656    
   201.8749       133.2231       1.236206    
   206.8749       133.2229       1.244491    
   211.8749       133.2252       1.236465    
   216.8748       133.2477       1.258799    
   221.8745       133.3052       1.263775    
   226.8739       133.3724       1.244755    
   231.8736       133.3753       1.204068    
   236.8703       133.2322       1.221147    
   241.8605       132.9470       1.239581    
   246.8531       132.7215       1.259141    
   251.8497       132.7738       1.256321    
   256.8403       133.0529       1.260945    
   261.8292       133.3618       1.241410    
   266.8226       133.5959       1.212720    
   271.8200       133.7377       1.221679    
   276.8195       133.7825       1.247517    
   281.8193       133.7548       1.251075    
   286.8188       133.6900       1.251547    
   291.8181       133.6082       1.230604    
   296.8170       133.5132       1.228813    
   301.8156       133.4008       1.242861    
   306.8141       133.2925       1.246369    
   311.8136       133.2536       1.221700    
   316.8123       133.1856       1.259928    
   321.7794       132.7410       1.274909    
   326.7076       131.9564       1.272467    
   331.6619       131.6910       1.204030    
   336.6017       132.3271       1.197814    
   341.4941       133.2876       1.307407    
   346.3997       134.1857       1.240482    
   351.3318       134.9460       1.239037    
   356.3008       135.4228       1.175387    
   361.2956       135.6176       1.163841    
   366.2939       135.7384       1.270329    
   371.2916       135.8799       1.175545    
   376.2886       136.0407       1.193189    
   381.2849       136.2204       1.153092    
   386.2799       136.4265       1.247422    
   391.2732       136.6677       1.189022    
   396.2645       136.9411       1.197550    
   401.2549       137.2291       1.213120    
   406.2462       137.5027       1.180453    
   411.2407       137.7180       1.192190    
   416.2387       137.8369       1.186178    
   421.2385       137.8724       1.187833    
   426.2385       137.8761       1.182258    
   431.2385       137.8917       1.176649    
   436.2343       138.0394       1.164562    
   441.2233       138.3456       1.171512    
   446.2118       138.6598       1.189850    
   451.2035       138.9268       1.175583    
   456.1937       139.2159       1.189181    
   461.1783       139.5782       1.308538    
   466.1624       139.9491       1.323261    
   471.1551       140.1694       1.306726    
   476.1545       140.2207       1.326909    
   481.8401       140.2231       1.399639    
   489.3643       140.2231       1.511998    
   507.4286       140.2231       1.711340    
  -33.77417       128.3538       1.643798    
  -15.70986       128.3538       1.499493    
  -8.185690       128.3538       1.430549    
  -2.500000       128.3538       1.399676    
   2.481762       128.6251       1.416595    
   7.434425       129.2386       1.480796    
   12.38829       129.8431       1.536465    
   17.37068       130.1537       1.564788    
   22.36992       130.2291       1.575153    
   27.36889       130.3151       1.582599    
   32.36626       130.4585       1.603342    
   37.36148       130.6536       1.584026    
   42.35468       130.8879       1.522906    
   47.34677       131.1408       1.489375    
   52.33939       131.3846       1.471305    
   57.33461       131.5780       1.458704    
   62.33282       131.6889       1.473687    
   67.33237       131.6924       1.507662    
   72.33087       131.5914       1.522164    
   77.32610       131.4005       1.502686    
   82.31709       131.1322       1.494165    
   87.30524       130.8228       1.533776    
   92.29430       130.5262       1.576137    
   97.28818       130.3116       1.633444    
   102.2866       130.2167       1.626734    
   107.2863       130.1709       1.579070    
   112.2728       129.9104       1.539518    
   117.2255       129.3089       1.514764    
   122.1606       128.5859       1.447181    
   127.1186       128.0226       1.387560    
   132.1048       127.7059       1.315403    
   137.1018       127.5708       1.278262    
   142.1004       127.6130       1.300516    
   147.0855       127.9183       1.380234    
   152.0289       128.5684       1.457684    
   156.9416       129.4059       1.471591    
   161.8866       130.0337       1.437145    
   166.8759       130.2731       1.437132    
   171.8755       130.2789       1.504940    
   176.8751       130.2254       1.557173    
   181.8749       130.1989       1.546733    
   186.8749       130.1980       1.529320    
   191.8749       130.1983       1.532657    
   196.8749       130.1983       1.525838    
   201.8749       130.1983       1.524509    
   206.8749       130.1982       1.528100    
   211.8749       130.2005       1.537670    
   216.8748       130.2222       1.546931    
   221.8745       130.2778       1.540558    
   226.8739       130.3428       1.524770    
   231.8736       130.3456       1.499958    
   236.8703       130.2072       1.497840    
   241.8605       129.9314       1.523334    
   246.8531       129.7134       1.551429    
   251.8497       129.7641       1.552748    
   256.8403       130.0339       1.541363    
   261.8292       130.3325       1.523430    
   266.8226       130.5588       1.500463    
   271.8200       130.6960       1.498218    
   276.8195       130.7393       1.520895    
   281.8193       130.7124       1.532753    
   286.8188       130.6498       1.521850    
   291.8181       130.5708       1.515728    
   296.8170       130.4788       1.523677    
   301.8156       130.3701       1.530741    
   306.8141       130.2655       1.537283    
   311.8136       130.2279       1.537336    
   316.8123       130.1622       1.544152    
   321.7794       129.7323       1.530047    
   326.7076       128.9738       1.516550    
   331.6619       128.7171       1.472705    
   336.6017       129.3322       1.464415    
   341.4941       130.2607       1.503823    
   346.3997       131.1291       1.457097    
   351.3318       131.8641       1.413076    
   356.3008       132.3251       1.331569    
   361.2956       132.5135       1.289144    
   366.2939       132.6302       1.326110    
   371.2916       132.7671       1.276436    
   376.2886       132.9225       1.269673    
   381.2849       133.0963       1.256925    
   386.2799       133.2955       1.322100    
   391.2732       133.5287       1.328135    
   396.2645       133.7930       1.335516    
   401.2549       134.0715       1.332903    
   406.2462       134.3360       1.307336    
   411.2407       134.5442       1.301898    
   416.2387       134.6591       1.297294    
   421.2385       134.6935       1.296998    
   426.2385       134.6971       1.289926    
   431.2385       134.7121       1.273180    
   436.2343       134.8550       1.253204    
   441.2233       135.1510       1.241517    
   446.2118       135.4547       1.236036    
   451.2035       135.7129       1.223431    
   456.1937       135.9924       1.238724    
   461.1783       136.3427       1.309466    
   466.1624       136.7012       1.339967    
   471.1551       136.9142       1.351330    
   476.1545       136.9639       1.382643    
   481.8401       136.9662       1.447234    
   489.3643       136.9662       1.544725    
   507.4286       136.9662       1.724421    
  -33.77417       125.1739       1.664402    
  -15.70986       125.1739       1.549911    
  -8.185690       125.1739       1.507705    
  -2.500000       125.1739       1.503843    
   2.481762       125.4352       1.538885    
   7.434425       126.0261       1.609669    
   12.38829       126.6083       1.685929    
   17.37068       126.9075       1.745808    
   22.36992       126.9801       1.784760    
   27.36889       127.0629       1.810293    
   32.36626       127.2010       1.826305    
   37.36148       127.3890       1.810685    
   42.35468       127.6146       1.767939    
   47.34677       127.8582       1.732112    
   52.33939       128.0931       1.710119    
   57.33461       128.2793       1.704577    
   62.33282       128.3861       1.723967    
   67.33237       128.3895       1.755576    
   72.33087       128.2923       1.772592    
   77.32610       128.1083       1.769177    
   82.31709       127.8499       1.771389    
   87.30524       127.5519       1.802198    
   92.29430       127.2662       1.842785    
   97.28818       127.0596       1.877357    
   102.2866       126.9681       1.863307    
   107.2863       126.9241       1.811597    
   112.2728       126.6731       1.751160    
   117.2255       126.0938       1.685218    
   122.1606       125.3975       1.598917    
   127.1186       124.8549       1.519285    
   132.1048       124.5499       1.452543    
   137.1018       124.4198       1.424747    
   142.1004       124.4603       1.449693    
   147.0855       124.7544       1.523672    
   152.0289       125.3806       1.610292    
   156.9416       126.1872       1.663006    
   161.8866       126.7919       1.682398    
   166.8759       127.0225       1.713852    
   171.8755       127.0280       1.779150    
   176.8751       126.9765       1.833263    
   181.8749       126.9510       1.841187    
   186.8749       126.9501       1.835196    
   191.8749       126.9505       1.837949    
   196.8749       126.9505       1.835049    
   201.8749       126.9505       1.829637    
   206.8749       126.9503       1.828734    
   211.8749       126.9525       1.834155    
   216.8748       126.9735       1.836388    
   221.8745       127.0270       1.829732    
   226.8739       127.0896       1.819618    
   231.8736       127.0923       1.807233    
   236.8703       126.9591       1.804187    
   241.8605       126.6934       1.819995    
   246.8531       126.4834       1.838938    
   251.8497       126.5322       1.840876    
   256.8403       126.7921       1.831527    
   261.8292       127.0797       1.819160    
   266.8226       127.2977       1.805028    
   271.8200       127.4297       1.801070    
   276.8195       127.4715       1.812242    
   281.8193       127.4456       1.819242    
   286.8188       127.3853       1.813237    
   291.8181       127.3092       1.814296    
   296.8170       127.2206       1.824154    
   301.8156       127.1160       1.832282    
   306.8141       127.0152       1.840024    
   311.8136       126.9790       1.844257    
   316.8123       126.9157       1.839923    
   321.7794       126.5017       1.816221    
   326.7076       125.7710       1.788966    
   331.6619       125.5238       1.750954    
   336.6017       126.1162       1.732718    
   341.4941       127.0106       1.730569    
   346.3997       127.8469       1.682731    
   351.3318       128.5549       1.615791    
   356.3008       128.9989       1.527837    
   361.2956       129.1804       1.466699    
   366.2939       129.2928       1.453585    
   371.2916       129.4245       1.419323    
   376.2886       129.5742       1.409207    
   381.2849       129.7417       1.415780    
   386.2799       129.9336       1.466296    
   391.2732       130.1582       1.497764    
   396.2645       130.4128       1.511487    
   401.2549       130.6809       1.506224    
   406.2462       130.9357       1.484576    
   411.2407       131.1362       1.467639    
   416.2387       131.2469       1.453546    
   421.2385       131.2800       1.442921    
   426.2385       131.2835       1.427937    
   431.2385       131.2979       1.405638    
   436.2343       131.4355       1.381287    
   441.2233       131.7207       1.358694    
   446.2118       132.0132       1.340102    
   451.2035       132.2618       1.326042    
   456.1937       132.5311       1.335266    
   461.1783       132.8684       1.374350    
   466.1624       133.2138       1.403062    
   471.1551       133.4189       1.423778    
   476.1545       133.4668       1.455512    
   481.8401       133.4690       1.508204    
   489.3643       133.4690       1.587644    
   507.4286       133.4690       1.742362    
  -33.77417       121.7413       1.690911    
  -15.70986       121.7413       1.610306    
  -8.185690       121.7413       1.593310    
  -2.500000       121.7413       1.610924    
   2.481762       121.9919       1.658235    
   7.434425       122.5584       1.733783    
   12.38829       123.1165       1.819876    
   17.37068       123.4034       1.896755    
   22.36992       123.4730       1.953715    
   27.36889       123.5524       1.992293    
   32.36626       123.6848       2.012506    
   37.36148       123.8650       2.006239    
   42.35468       124.0813       1.979741    
   47.34677       124.3148       1.952124    
   52.33939       124.5400       1.934669    
   57.33461       124.7186       1.933236    
   62.33282       124.8209       1.950307    
   67.33237       124.8242       1.976172    
   72.33087       124.7309       1.994192    
   77.32610       124.5546       2.001357    
   82.31709       124.3068       2.010888    
   87.30524       124.0211       2.034309    
   92.29430       123.7473       2.061902    
   97.28818       123.5492       2.076501    
   102.2866       123.4615       2.055174    
   107.2863       123.4193       2.001026    
   112.2728       123.1786       1.927481    
   117.2255       122.6232       1.840484    
   122.1606       121.9557       1.746139    
   127.1186       121.4355       1.663128    
   132.1048       121.1431       1.603646    
   137.1018       121.0183       1.583539    
   142.1004       121.0573       1.609653    
   147.0855       121.3392       1.678142    
   152.0289       121.9395       1.766506    
   156.9416       122.7128       1.843436    
   161.8866       123.2925       1.903411    
   166.8759       123.5135       1.961379    
   171.8755       123.5189       2.025734    
   176.8751       123.4696       2.077691    
   181.8749       123.4451       2.099278    
   186.8749       123.4443       2.105180    
   191.8749       123.4446       2.108706    
   196.8749       123.4446       2.107151    
   201.8749       123.4446       2.102425    
   206.8749       123.4444       2.099209    
   211.8749       123.4465       2.099296    
   216.8748       123.4666       2.098084    
   221.8745       123.5179       2.093144    
   226.8739       123.5779       2.087184    
   231.8736       123.5806       2.081471    
   236.8703       123.4528       2.080173    
   241.8605       123.1981       2.088165    
   246.8531       122.9968       2.098161    
   251.8497       123.0435       2.099666    
   256.8403       123.2927       2.094136    
   261.8292       123.5684       2.086166    
   266.8226       123.7774       2.077631    
   271.8200       123.9041       2.074001    
   276.8195       123.9441       2.077983    
   281.8193       123.9193       2.081474    
   286.8188       123.8614       2.080767    
   291.8181       123.7885       2.085027    
   296.8170       123.7036       2.094115    
   301.8156       123.6032       2.102540    
   306.8141       123.5066       2.109473    
   311.8136       123.4719       2.111453    
   316.8123       123.4112       2.101432    
   321.7794       123.0143       2.073698    
   326.7076       122.3138       2.038180    
   331.6619       122.0768       1.999487    
   336.6017       122.6448       1.970816    
   341.4941       123.5022       1.944774    
   346.3997       124.3040       1.891361    
   351.3318       124.9827       1.816750    
   356.3008       125.4084       1.729978    
   361.2956       125.5824       1.660136    
   366.2939       125.6901       1.621081    
   371.2916       125.8165       1.589954    
   376.2886       125.9600       1.580972    
   381.2849       126.1205       1.594884    
   386.2799       126.3045       1.635646    
   391.2732       126.5198       1.671944    
   396.2645       126.7639       1.690323    
   401.2549       127.0210       1.688437    
   406.2462       127.2653       1.671410    
   411.2407       127.4575       1.650694    
   416.2387       127.5636       1.629241    
   421.2385       127.5953       1.608768    
   426.2385       127.5986       1.585508    
   431.2385       127.6125       1.558270    
   436.2343       127.7445       1.530581    
   441.2233       128.0178       1.502364    
   446.2118       128.2982       1.477784    
   451.2035       128.5366       1.460164    
   456.1937       128.7948       1.459669    
   461.1783       129.1181       1.477654    
   466.1624       129.4493       1.496555    
   471.1551       129.6459       1.514884    
   476.1545       129.6918       1.540183    
   481.8401       129.6939       1.579217    
   489.3643       129.6939       1.639555    
   507.4286       129.6939       1.765206    
  -33.77417       118.0135       1.723182    
  -15.70986       118.0135       1.677179    
  -8.185690       118.0135       1.682183    
  -2.500000       118.0135       1.714153    
   2.481762       118.2522       1.768502    
   7.434425       118.7923       1.844804    
   12.38829       119.3243       1.931944    
   17.37068       119.5977       2.014517    
   22.36992       119.6640       2.080533    
   27.36889       119.7397       2.128317    
   32.36626       119.8660       2.156328    
   37.36148       120.0378       2.161813    
   42.35468       120.2439       2.150768    
   47.34677       120.4665       2.135535    
   52.33939       120.6811       2.126188    
   57.33461       120.8514       2.128134    
   62.33282       120.9489       2.142129    
   67.33237       120.9520       2.162459    
   72.33087       120.8632       2.179512    
   77.32610       120.6951       2.191076    
   82.31709       120.4589       2.202690    
   87.30524       120.1866       2.218427    
   92.29430       119.9255       2.231800    
   97.28818       119.7367       2.230294    
   102.2866       119.6531       2.201586    
   107.2863       119.6129       2.145577    
   112.2728       119.3835       2.068442    
   117.2255       118.8540       1.977493    
   122.1606       118.2177       1.885604    
   127.1186       117.7218       1.808555    
   132.1048       117.4431       1.758380    
   137.1018       117.3242       1.744710    
   142.1004       117.3613       1.771029    
   147.0855       117.6301       1.834085    
   152.0289       118.2023       1.920101    
   156.9416       118.9394       2.008267    
   161.8866       119.4921       2.089886    
   166.8759       119.7027       2.163714    
   171.8755       119.7078       2.230289    
   176.8751       119.6608       2.282994    
   181.8749       119.6375       2.314194    
   186.8749       119.6367       2.329605    
   191.8749       119.6370       2.336446    
   196.8749       119.6370       2.337211    
   201.8749       119.6370       2.334507    
   206.8749       119.6368       2.331285    
   211.8749       119.6388       2.329172    
   216.8748       119.6580       2.326697    
   221.8745       119.7069       2.323016    
   226.8739       119.7641       2.319494    
   231.8736       119.7666       2.316964    
   236.8703       119.6448       2.316545    
   241.8605       119.4020       2.320090    
   246.8531       119.2101       2.324672    
   251.8497       119.2547       2.325484    
   256.8403       119.4922       2.322329    
   261.8292       119.7551       2.317228    
   266.8226       119.9542       2.311752    
   271.8200       120.0750       2.308663    
   276.8195       120.1131       2.309703    
   281.8193       120.0895       2.311937    
   286.8188       120.0343       2.313905    
   291.8181       119.9648       2.318934    
   296.8170       119.8839       2.326250    
   301.8156       119.7882       2.332856    
   306.8141       119.6961       2.336864    
   311.8136       119.6630       2.334597    
   316.8123       119.6051       2.320074    
   321.7794       119.2268       2.289862    
   326.7076       118.5591       2.250618    
   331.6619       118.3332       2.209781    
   336.6017       118.8746       2.172787    
   341.4941       119.6919       2.133367    
   346.3997       120.4562       2.076282    
   351.3318       121.1031       2.002312    
   356.3008       121.5089       1.920945    
   361.2956       121.6748       1.850025    
   366.2939       121.7775       1.800588    
   371.2916       121.8979       1.768969    
   376.2886       122.0348       1.759681    
   381.2849       122.1877       1.772765    
   386.2799       122.3631       1.804339    
   391.2732       122.5684       1.836355    
   396.2645       122.8010       1.855303    
   401.2549       123.0461       1.857208    
   406.2462       123.2790       1.845462    
   411.2407       123.4621       1.825912    
   416.2387       123.5633       1.801593    
   421.2385       123.5935       1.775278    
   426.2385       123.5967       1.746682    
   431.2385       123.6100       1.715614    
   436.2343       123.7357       1.684917    
   441.2233       123.9963       1.654159    
   446.2118       124.2636       1.626505    
   451.2035       124.4909       1.604759    
   456.1937       124.7369       1.595233    
   461.1783       125.0452       1.597765    
   466.1624       125.3608       1.605395    
   471.1551       125.5482       1.615684    
   476.1545       125.5920       1.631421    
   481.8401       125.5940       1.656615    
   489.3643       125.5940       1.698471    
   507.4286       125.5940       1.793136    
  -33.77417       113.9358       1.760647    
  -15.70986       113.9358       1.747746    
  -8.185690       113.9358       1.769430    
  -2.500000       113.9358       1.810722    
   2.481762       114.1617       1.868468    
   7.434425       114.6728       1.941639    
   12.38829       115.1762       2.024184    
   17.37068       115.4350       2.105058    
   22.36992       115.4978       2.173386    
   27.36889       115.5694       2.226321    
   32.36626       115.6889       2.261811    
   37.36148       115.8514       2.278759    
   42.35468       116.0465       2.281780    
   47.34677       116.2571       2.279273    
   52.33939       116.4603       2.278749    
   57.33461       116.6214       2.284514    
   62.33282       116.7137       2.297022    
   67.33237       116.7167       2.313257    
   72.33087       116.6326       2.328003    
   77.32610       116.4735       2.339246    
   82.31709       116.2499       2.348485    
   87.30524       115.9922       2.356002    
   92.29430       115.7452       2.356987    
   97.28818       115.5665       2.343760    
   102.2866       115.4874       2.309732    
   107.2863       115.4493       2.254261    
   112.2728       115.2323       2.181188    
   117.2255       114.7313       2.097485    
   122.1606       114.1291       2.015766    
   127.1186       113.6599       1.949517    
   132.1048       113.3961       1.909319    
   137.1018       113.2836       1.901521    
   142.1004       113.3186       1.927860    
   147.0855       113.5730       1.985759    
   152.0289       114.1145       2.066276    
   156.9416       114.8120       2.155537    
   161.8866       115.3350       2.243963    
   166.8759       115.5344       2.324370    
   171.8755       115.5392       2.393542    
   176.8751       115.4947       2.448880    
   181.8749       115.4726       2.487255    
   186.8749       115.4719       2.510379    
   191.8749       115.4722       2.522313    
   196.8749       115.4722       2.527041    
   201.8749       115.4722       2.527608    
   206.8749       115.4720       2.526338    
   211.8749       115.4739       2.524651    
   216.8748       115.4921       2.522460    
   221.8745       115.5383       2.519793    
   226.8739       115.5924       2.517607    
   231.8736       115.5948       2.516413    
   236.8703       115.4796       2.516208    
   241.8605       115.2498       2.517515    
   246.8531       115.0682       2.519259    
   251.8497       115.1104       2.519371    
   256.8403       115.3352       2.517339    
   261.8292       115.5839       2.513976    
   266.8226       115.7724       2.510397    
   271.8200       115.8866       2.508220    
   276.8195       115.9228       2.508511    
   281.8193       115.9004       2.510084    
   286.8188       115.8482       2.512280    
   291.8181       115.7824       2.516190    
   296.8170       115.7058       2.520838    
   301.8156       115.6153       2.524020    
   306.8141       115.5281       2.523705    
   311.8136       115.4968       2.516608    
   316.8123       115.4420       2.498146    
   321.7794       115.0840       2.466322    
   326.7076       114.4521       2.425829    
   331.6619       114.2384       2.383153    
   336.6017       114.7507       2.340769    
   341.4941       115.5241       2.294657    
   346.3997       116.2474       2.236909    
   351.3318       116.8596       2.167486    
   356.3008       117.2437       2.093541    
   361.2956       117.4006       2.026344    
   366.2939       117.4977       1.975041    
   371.2916       117.6117       1.942570    
   376.2886       117.7412       1.930976    
   381.2849       117.8860       1.938928    
   386.2799       118.0519       1.960717    
   391.2732       118.2462       1.984628    
   396.2645       118.4663       2.000352    
   401.2549       118.6983       2.003958    
   406.2462       118.9186       1.996673    
   411.2407       119.0920       1.980573    
   416.2387       119.1877       1.957239    
   421.2385       119.2163       1.929355    
   426.2385       119.2194       1.898824    
   431.2385       119.2319       1.866248    
   436.2343       119.3509       1.833410    
   441.2233       119.5975       1.801506    
   446.2118       119.8504       1.771769    
   451.2035       120.0655       1.746305    
   456.1937       120.2983       1.729510    
   461.1783       120.5900       1.720683    
   466.1624       120.8887       1.717798    
   471.1551       121.0661       1.718880    
   476.1545       121.1075       1.724997    
   481.8401       121.1095       1.737537    
   489.3643       121.1095       1.762395    
   507.4286       121.1095       1.825874    
  -33.77417       109.4377       1.803884    
  -15.70986       109.4377       1.819715    
  -8.185690       109.4377       1.853166    
  -2.500000       109.4377       1.900185    
   2.481762       109.6495       1.956848    
   7.434425       110.1285       2.024841    
   12.38829       110.6005       2.100502    
   17.37068       110.8431       2.175485    
   22.36992       110.9020       2.241712    
   27.36889       110.9691       2.296374    
   32.36626       111.0811       2.337313    
   37.36148       111.2335       2.363651    
   42.35468       111.4164       2.378237    
   47.34677       111.6138       2.386504    
   52.33939       111.8043       2.393566    
   57.33461       111.9553       2.402822    
   62.33282       112.0418       2.414910    
   67.33237       112.0446       2.428314    
   72.33087       111.9657       2.440302    
   77.32610       111.8166       2.449000    
   82.31709       111.6071       2.453909    
   87.30524       111.3655       2.453879    
   92.29430       111.1339       2.445533    
   97.28818       110.9664       2.424760    
   102.2866       110.8923       2.388416    
   107.2863       110.8566       2.336551    
   112.2728       110.6531       2.272460    
   117.2255       110.1834       2.201981    
   122.1606       109.6189       2.134824    
   127.1186       109.1790       2.081667    
   132.1048       108.9318       2.051548    
   137.1018       108.8263       2.049208    
   142.1004       108.8592       2.075467    
   147.0855       109.0976       2.128261    
   152.0289       109.6052       2.201199    
   156.9416       110.2591       2.284814    
   161.8866       110.7494       2.370655    
   166.8759       110.9363       2.450945    
   171.8755       110.9408       2.521078    
   176.8751       110.8991       2.578893    
   181.8749       110.8784       2.622520    
   186.8749       110.8776       2.652044    
   191.8749       110.8779       2.669989    
   196.8749       110.8779       2.680161    
   201.8749       110.8779       2.685392    
   206.8749       110.8778       2.687520    
   211.8749       110.8796       2.687863    
   216.8748       110.8966       2.687072    
   221.8745       110.9400       2.685604    
   226.8739       110.9907       2.684311    
   231.8736       110.9929       2.683745    
   236.8703       110.8849       2.683651    
   241.8605       110.6695       2.683933    
   246.8531       110.4993       2.684281    
   251.8497       110.5388       2.683916    
   256.8403       110.7495       2.682494    
   261.8292       110.9827       2.680275    
   266.8226       111.1594       2.677974    
   271.8200       111.2665       2.676692    
   276.8195       111.3003       2.676881    
   281.8193       111.2794       2.677668    
   286.8188       111.2305       2.678613    
   291.8181       111.1687       2.680105    
   296.8170       111.0969       2.681154    
   301.8156       111.0121       2.679894    
   306.8141       110.9304       2.674527    
   311.8136       110.9010       2.662437    
   316.8123       110.8497       2.640516    
   321.7794       110.5141       2.607773    
   326.7076       109.9218       2.567379    
   331.6619       109.7214       2.523833    
   336.6017       110.2016       2.478768    
   341.4941       110.9267       2.430259    
   346.3997       111.6047       2.374200    
   351.3318       112.1786       2.310883    
   356.3008       112.5386       2.245115    
   361.2956       112.6857       2.184158    
   366.2939       112.7768       2.135228    
   371.2916       112.8837       2.102460    
   376.2886       113.0050       2.087471    
   381.2849       113.1407       2.088406    
   386.2799       113.2963       2.099986    
   391.2732       113.4784       2.114465    
   396.2645       113.6848       2.124723    
   401.2549       113.9022       2.127657    
   406.2462       114.1088       2.122809    
   411.2407       114.2713       2.110080    
   416.2387       114.3611       2.089731    
   421.2385       114.3878       2.063355    
   426.2385       114.3907       2.033311    
   431.2385       114.4025       2.001307    
   436.2343       114.5140       1.968296    
   441.2233       114.7451       1.935977    
   446.2118       114.9823       1.905139    
   451.2035       115.1839       1.877249    
   456.1937       115.4022       1.854628    
   461.1783       115.6756       1.837934    
   466.1624       115.9556       1.826686    
   471.1551       116.1219       1.820023    
   476.1545       116.1607       1.817608    
   481.8401       116.1625       1.819528    
   489.3643       116.1625       1.829744    
   507.4286       116.1625       1.862895    
  -33.77417       104.4251       1.851277    
  -15.70986       104.4251       1.890533    
  -8.185690       104.4251       1.931567    
  -2.500000       104.4251       1.979936    
   2.481762       104.6212       2.033294    
   7.434425       105.0646       2.095832    
   12.38829       105.5015       2.163602    
   17.37068       105.7260       2.230485    
   22.36992       105.7805       2.292079    
   27.36889       105.8427       2.345881    
   32.36626       105.9463       2.389303    
   37.36148       106.0873       2.421607    
   42.35468       106.2567       2.444545    
   47.34677       106.4394       2.461236    
   52.33939       106.6157       2.474646    
   57.33461       106.7555       2.487063    
   62.33282       106.8356       2.499302    
   67.33237       106.8381       2.510747    
   72.33087       106.7651       2.519870    
   77.32610       106.6271       2.525138    
   82.31709       106.4332       2.525527    
   87.30524       106.2096       2.519798    
   92.29430       105.9952       2.505839    
   97.28818       105.8402       2.481580    
   102.2866       105.7715       2.446125    
   107.2863       105.7385       2.400542    
   112.2728       105.5501       2.347754    
   117.2255       105.1154       2.292375    
   122.1606       104.5929       2.241010    
   127.1186       104.1857       2.201346    
   132.1048       103.9569       2.180554    
   137.1018       103.8593       2.182960    
   142.1004       103.8897       2.209241    
   147.0855       104.1104       2.257501    
   152.0289       104.5803       2.322517    
   156.9416       105.1855       2.397395    
   161.8866       105.6393       2.475729    
   166.8759       105.8122       2.551391    
   171.8755       105.8165       2.619866    
   176.8751       105.7778       2.678485    
   181.8749       105.7587       2.725294    
   186.8749       105.7580       2.759853    
   191.8749       105.7582       2.783790    
   196.8749       105.7583       2.799881    
   201.8749       105.7583       2.810350    
   206.8749       105.7581       2.816710    
   211.8749       105.7598       2.820190    
   216.8748       105.7755       2.821791    
   221.8745       105.8157       2.822284    
   226.8739       105.8626       2.822369    
   231.8736       105.8647       2.822449    
   236.8703       105.7647       2.822318    
   241.8605       105.5654       2.821986    
   246.8531       105.4078       2.821693    
   251.8497       105.4444       2.821250    
   256.8403       105.6394       2.820491    
   261.8292       105.8553       2.819412    
   266.8226       106.0188       2.818163    
   271.8200       106.1179       2.817278    
   276.8195       106.1492       2.816930    
   281.8193       106.1298       2.816479    
   286.8188       106.0846       2.815466    
   291.8181       106.0275       2.813838    
   296.8170       105.9610       2.810690    
   301.8156       105.8824       2.804569    
   306.8141       105.8068       2.794044    
   311.8136       105.7796       2.777304    
   316.8123       105.7321       2.752539    
   321.7794       105.4215       2.719322    
   326.7076       104.8732       2.679680    
   331.6619       104.6877       2.636427    
   336.6017       105.1322       2.590939    
   341.4941       105.8034       2.542724    
   346.3997       106.4309       2.489731    
   351.3318       106.9622       2.432768    
   356.3008       107.2954       2.375061    
   361.2956       107.4315       2.321264    
   366.2939       107.5159       2.276548    
   371.2916       107.6148       2.244287    
   376.2886       107.7271       2.225798    
   381.2849       107.8528       2.219416    
   386.2799       107.9968       2.221250    
   391.2732       108.1653       2.226509    
   396.2645       108.3564       2.230641    
   401.2549       108.5576       2.231081    
   406.2462       108.7488       2.226335    
   411.2407       108.8992       2.215439    
   416.2387       108.9823       2.198106    
   421.2385       109.0071       2.174900    
   426.2385       109.0098       2.147298    
   431.2385       109.0207       2.117307    
   436.2343       109.1239       2.085972    
   441.2233       109.3378       2.054282    
   446.2118       109.5574       2.023124    
   451.2035       109.7439       1.993887    
   456.1937       109.9460       1.967766    
   461.1783       110.1991       1.946360    
   466.1624       110.4583       1.929521    
   471.1551       110.6122       1.916791    
   476.1545       110.6481       1.907495    
   481.8401       110.6497       1.900931    
   489.3643       110.6497       1.898454    
   507.4286       110.6497       1.903362    
  -33.77417       98.76926       1.901998    
  -15.70986       98.76926       1.957956    
  -8.185690       98.76926       2.003220    
  -2.500000       98.76926       2.050632    
   2.481762       98.94752       2.100345    
   7.434425       99.35075       2.155818    
   12.38829       99.74802       2.214179    
   17.37068       99.95215       2.272788    
   22.36992       100.0017       2.328934    
   27.36889       100.0582       2.379875    
   32.36626       100.1525       2.423236    
   37.36148       100.2807       2.458412    
   42.35468       100.4347       2.486485    
   47.34677       100.6009       2.509005    
   52.33939       100.7612       2.527251    
   57.33461       100.8883       2.542417    
   62.33282       100.9611       2.555218    
   67.33237       100.9634       2.565375    
   72.33087       100.8971       2.571885    
   77.32610       100.7716       2.573802    
   82.31709       100.5952       2.570572    
   87.30524       100.3919       2.561535    
   92.29430       100.1970       2.545639    
   97.28818       100.0560       2.521923    
   102.2866       99.99355       2.490515    
   107.2863       99.96349       2.452993    
   112.2728       99.79222       2.411964    
   117.2255       99.39693       2.371162    
   122.1606       98.92178       2.335015    
   127.1186       98.55151       2.308410    
   132.1048       98.34343       2.296346    
   137.1018       98.25465       2.302701    
   142.1004       98.28233       2.328435    
   147.0855       98.48299       2.372019    
   152.0289       98.91029       2.429122    
   156.9416       99.46066       2.494578    
   161.8866       99.87329       2.563908    
   166.8759       100.0306       2.632683    
   171.8755       100.0344       2.696877    
   176.8751       99.99930       2.753636    
   181.8749       99.98188       2.801077    
   186.8749       99.98126       2.838822    
   191.8749       99.98149       2.867845    
   196.8749       99.98150       2.889577    
   201.8749       99.98149       2.905334    
   206.8749       99.98139       2.916292    
   211.8749       99.98287       2.923622    
   216.8748       99.99718       2.928386    
   221.8745       100.0337       2.931377    
   226.8739       100.0764       2.933133    
   231.8736       100.0783       2.934047    
   236.8703       99.98734       2.934275    
   241.8605       99.80609       2.934081    
   246.8531       99.66279       2.933821    
   251.8497       99.69608       2.933538    
   256.8403       99.87341       2.933235    
   261.8292       100.0697       2.932882    
   266.8226       100.2184       2.932342    
   271.8200       100.3085       2.931645    
   276.8195       100.3370       2.930609    
   281.8193       100.3194       2.928626    
   286.8188       100.2782       2.925205    
   291.8181       100.2263       2.920120    
   296.8170       100.1659       2.912778    
   301.8156       100.0944       2.902158    
   306.8141       100.0256       2.887161    
   311.8136       100.0009       2.866650    
   316.8123       99.95772       2.839717    
   321.7794       99.67523       2.806294    
   326.7076       99.17667       2.767664    
   331.6619       99.00801       2.725560    
   336.6017       99.41222       2.681261    
   341.4941       100.0225       2.635023    
   346.3997       100.5932       2.585958    
   351.3318       101.0763       2.535075    
   356.3008       101.3793       2.484647    
   361.2956       101.5031       2.437629    
   366.2939       101.5798       2.397358    
   371.2916       101.6697       2.366135    
   376.2886       101.7719       2.344875    
   381.2849       101.8861       2.332418    
   386.2799       102.0170       2.326296    
   391.2732       102.1703       2.323747    
   396.2645       102.3440       2.322060    
   401.2549       102.5270       2.319043    
   406.2462       102.7009       2.312867    
   411.2407       102.8377       2.302281    
   416.2387       102.9132       2.286813    
   421.2385       102.9358       2.266618    
   426.2385       102.9382       2.242276    
   431.2385       102.9481       2.215105    
   436.2343       103.0419       2.186245    
   441.2233       103.2365       2.156384    
   446.2118       103.4361       2.126311    
   451.2035       103.6058       2.097252    
   456.1937       103.7895       2.070194    
   461.1783       104.0197       2.046424    
   466.1624       104.2553       2.026034    
   471.1551       104.3953       2.008785    
   476.1545       104.4279       1.994164    
   481.8401       104.4295       1.980284    
   489.3643       104.4295       1.966551    
   507.4286       104.4295       1.945565    
  -33.77417       92.28692       1.955206    
  -15.70986       92.28692       2.021055    
  -8.185690       92.28692       2.067141    
  -2.500000       92.28692       2.111926    
   2.481762       92.44483       2.156226    
   7.434425       92.80198       2.204167    
   12.38829       93.15384       2.254231    
   17.37068       93.33465       2.305341    
   22.36992       93.37855       2.355679    
   27.36889       93.42858       2.402455    
   32.36626       93.51208       2.444100    
   37.36148       93.62569       2.480161    
   42.35468       93.76205       2.510653    
   47.34677       93.90923       2.536027    
   52.33939       94.05121       2.556821    
   57.33461       94.16380       2.573559    
   62.33282       94.22831       2.586599    
   67.33237       94.23037       2.595760    
   72.33087       94.17159       2.600495    
   77.32610       94.06042       2.600396    
   82.31709       93.90422       2.595351    
   87.30524       93.72411       2.585262    
   92.29430       93.55146       2.569983    
   97.28818       93.42661       2.549462    
   102.2866       93.37131       2.524244    
   107.2863       93.34469       2.495830    
   112.2728       93.19299       2.466468    
   117.2255       92.84286       2.439070    
   122.1606       92.42202       2.416622    
   127.1186       92.09407       2.402058    
   132.1048       91.90976       2.398427    
   137.1018       91.83113       2.408397    
   142.1004       91.85565       2.432979    
   147.0855       92.03337       2.471298    
   152.0289       92.41184       2.520321    
   156.9416       92.89931       2.576355    
   161.8866       93.26480       2.636253    
   166.8759       93.40413       2.696789    
   171.8755       93.40750       2.754659    
   176.8751       93.37640       2.807465    
   181.8749       93.36098       2.853745    
   186.8749       93.36044       2.893011    
   191.8749       93.36063       2.925422    
   196.8749       93.36064       2.951339    
   201.8749       93.36063       2.971333    
   206.8749       93.36054       2.986274    
   211.8749       93.36186       2.997310    
   216.8748       93.37454       3.005469    
   221.8745       93.40688       3.011366    
   226.8739       93.44470       3.015388    
   231.8736       93.44635       3.017989    
   236.8703       93.36582       3.019589    
   241.8605       93.20527       3.020463    
   246.8531       93.07835       3.020850    
   251.8497       93.10783       3.020898    
   256.8403       93.26490       3.020700    
   261.8292       93.43874       3.020237    
   266.8226       93.57047       3.019413    
   271.8200       93.65030       3.018103    
   276.8195       93.67554       3.015936    
   281.8193       93.65989       3.012333    
   286.8188       93.62345       3.006833    
   291.8181       93.57744       2.999119    
   296.8170       93.52392       2.988697    
   301.8156       93.46066       2.974781    
   306.8141       93.39973       2.956567    
   311.8136       93.37785       2.933433    
   316.8123       93.33959       2.905125    
   321.7794       93.08938       2.871917    
   326.7076       92.64779       2.834643    
   331.6619       92.49840       2.794363    
   336.6017       92.85643       2.752334    
   341.4941       93.39696       2.709253    
   346.3997       93.90244       2.664863    
   351.3318       94.33030       2.619953    
   356.3008       94.59869       2.575971    
   361.2956       94.70834       2.534746    
   366.2939       94.77627       2.498373    
   371.2916       94.85593       2.468364    
   376.2886       94.94642       2.445344    
   381.2849       95.04758       2.428719    
   386.2799       95.16358       2.417105    
   391.2732       95.29931       2.408874    
   396.2645       95.45317       2.402335    
   401.2549       95.61526       2.395738    
   406.2462       95.76926       2.387430    
   411.2407       95.89043       2.376193    
   416.2387       95.95733       2.361454    
   421.2385       95.97731       2.343244    
   426.2385       95.97943       2.321842    
   431.2385       95.98818       2.297848    
   436.2343       96.07135       2.271998    
   441.2233       96.24365       2.244871    
   446.2118       96.42047       2.217069    
   451.2035       96.57073       2.189393    
   456.1937       96.73344       2.162693    
   461.1783       96.93733       2.137780    
   466.1624       97.14609       2.115003    
   471.1551       97.27006       2.094261    
   476.1545       97.29897       2.075079    
   481.8401       97.30029       2.055020    
   489.3643       97.30029       2.031776    
   507.4286       97.30029       1.987258    
  -33.77417       84.70639       2.008598    
  -15.70986       84.70639       2.078629    
  -8.185690       84.70639       2.122128    
  -2.500000       84.70639       2.162278    
   2.481762       84.84047       2.201433    
   7.434425       85.14374       2.243246    
   12.38829       85.44250       2.287108    
   17.37068       85.59602       2.331496    
   22.36992       85.63330       2.375309    
   27.36889       85.67580       2.417088    
   32.36626       85.74669       2.455412    
   37.36148       85.84315       2.489851    
   42.35468       85.95895       2.520125    
   47.34677       86.08392       2.545951    
   52.33939       86.20448       2.567424    
   57.33461       86.30008       2.584684    
   62.33282       86.35486       2.597681    
   67.33237       86.35661       2.606274    
   72.33087       86.30669       2.610388    
   77.32610       86.21230       2.610085    
   82.31709       86.07966       2.605495    
   87.30524       85.92673       2.596776    
   92.29430       85.78013       2.584240    
   97.28818       85.67411       2.568403    
   102.2866       85.62716       2.550089    
   107.2863       85.60456       2.530591    
   112.2728       85.47575       2.511670    
   117.2255       85.17844       2.495400    
   122.1606       84.82110       2.483835    
   127.1186       84.54264       2.478904    
   132.1048       84.38613       2.482418    
   137.1018       84.31937       2.495767    
   142.1004       84.34019       2.519530    
   147.0855       84.49109       2.553211    
   152.0289       84.81246       2.594968    
   156.9416       85.22638       2.642367    
   161.8866       85.53673       2.693297    
   166.8759       85.65503       2.745551    
   171.8755       85.65790       2.796709    
   176.8751       85.63148       2.844954    
   181.8749       85.61840       2.889038    
   186.8749       85.61794       2.928142    
   191.8749       85.61810       2.961814    
   196.8749       85.61810       2.989944    
   201.8749       85.61810       3.012785    
   206.8749       85.61802       3.030947    
   211.8749       85.61914       3.045298    
   216.8748       85.62991       3.056619    
   221.8745       85.65736       3.065377    
   226.8739       85.68948       3.071877    
   231.8736       85.69088       3.076485    
   236.8703       85.62250       3.079608    
   241.8605       85.48617       3.081584    
   246.8531       85.37840       3.082732    
   251.8497       85.40344       3.083304    
   256.8403       85.53680       3.083375    
   261.8292       85.68442       3.082817    
   266.8226       85.79627       3.081435    
   271.8200       85.86406       3.079034    
   276.8195       85.88549       3.075367    
   281.8193       85.87220       3.070112    
   286.8188       85.84126       3.062875    
   291.8181       85.80219       3.053162    
   296.8170       85.75674       3.040398    
   301.8156       85.70303       3.024031    
   306.8141       85.65130       3.003655    
   311.8136       85.63272       2.979072    
   316.8123       85.60023       2.950399    
   321.7794       85.38776       2.918077    
   326.7076       85.01280       2.882677    
   331.6619       84.88596       2.844818    
   336.6017       85.18996       2.805745    
   341.4941       85.64894       2.766403    
   346.3997       86.07815       2.726766    
   351.3318       86.44146       2.687294    
   356.3008       86.66934       2.648770    
   361.2956       86.76245       2.612290    
   366.2939       86.82014       2.579198    
   371.2916       86.88777       2.550459    
   376.2886       86.96461       2.526491    
   381.2849       87.05051       2.507125    
   386.2799       87.14902       2.491732    
   391.2732       87.26426       2.479369    
   396.2645       87.39491       2.468895    
   401.2549       87.53254       2.459019    
   406.2462       87.66331       2.448454    
   411.2407       87.76619       2.436193    
   416.2387       87.82300       2.421678    
   421.2385       87.83997       2.404819    
   426.2385       87.84176       2.385764    
   431.2385       87.84920       2.364638    
   436.2343       87.91981       2.341648    
   441.2233       88.06612       2.317155    
   446.2118       88.21626       2.291610    
   451.2035       88.34385       2.265551    
   456.1937       88.48203       2.239678    
   461.1783       88.65514       2.214700    
   466.1624       88.83239       2.190921    
   471.1551       88.93765       2.168169    
   476.1545       88.96221       2.146333    
   481.8401       88.96335       2.122436    
   489.3643       88.96335       2.092524    
   507.4286       88.96335       2.025198    
  -33.77417       75.60016       2.059745    
  -15.70986       75.60016       2.128978    
  -8.185690       75.60016       2.168466    
  -2.500000       75.60016       2.203911    
   2.481762       75.70561       2.238259    
   7.434425       75.94414       2.274503    
   12.38829       76.17914       2.311785    
   17.37068       76.29989       2.349850    
   22.36992       76.32921       2.387498    
   27.36889       76.36263       2.424014    
   32.36626       76.41840       2.458629    
   37.36148       76.49427       2.490305    
   42.35468       76.58534       2.518752    
   47.34677       76.68364       2.543646    
   52.33939       76.77846       2.564522    
   57.33461       76.85366       2.581292    
   62.33282       76.89674       2.593961    
   67.33237       76.89812       2.602464    
   72.33087       76.85886       2.606916    
   77.32610       76.78461       2.607682    
   82.31709       76.68029       2.605176    
   87.30524       76.56001       2.599740    
   92.29430       76.44469       2.591757    
   97.28818       76.36131       2.581801    
   102.2866       76.32438       2.570668    
   107.2863       76.30660       2.559403    
   112.2728       76.20528       2.549310    
   117.2255       75.97144       2.541838    
   122.1606       75.69038       2.538430    
   127.1186       75.47135       2.540458    
   132.1048       75.34826       2.549084    
   137.1018       75.29574       2.564995    
   142.1004       75.31212       2.588361    
   147.0855       75.43081       2.618723    
   152.0289       75.68358       2.654826    
   156.9416       76.00915       2.695098    
   161.8866       76.25325       2.738298    
   166.8759       76.34630       2.783037    
   171.8755       76.34855       2.827612    
   176.8751       76.32778       2.870638    
   181.8749       76.31749       2.911018    
   186.8749       76.31712       2.947898    
   191.8749       76.31725       2.980748    
   196.8749       76.31725       3.009379    
   201.8749       76.31725       3.033866    
   206.8749       76.31718       3.054462    
   211.8749       76.31807       3.071517    
   216.8748       76.32654       3.085389    
   221.8745       76.34814       3.096403    
   226.8739       76.37340       3.104887    
   231.8736       76.37450       3.111205    
   236.8703       76.32071       3.115737    
   241.8605       76.21349       3.118845    
   246.8531       76.12872       3.120868    
   251.8497       76.14841       3.122041    
   256.8403       76.25331       3.122410    
   261.8292       76.36942       3.121826    
   266.8226       76.45739       3.120047    
   271.8200       76.51070       3.116843    
   276.8195       76.52757       3.112012    
   281.8193       76.51711       3.105335    
   286.8188       76.49277       3.096495    
   291.8181       76.46204       3.085064    
   296.8170       76.42630       3.070627    
   301.8156       76.38405       3.052916    
   306.8141       76.34336       3.031820    
   311.8136       76.32875       3.007344    
   316.8123       76.30320       2.979668    
   321.7794       76.13609       2.949214    
   326.7076       75.84116       2.916383    
   331.6619       75.74139       2.881442    
   336.6017       75.98050       2.845537    
   341.4941       76.34151       2.809693    
   346.3997       76.67910       2.773955    
   351.3318       76.96486       2.738650    
   356.3008       77.14410       2.704217    
   361.2956       77.21733       2.671269    
   366.2939       77.26270       2.640600    
   371.2916       77.31591       2.612804    
   376.2886       77.37634       2.588237    
   381.2849       77.44391       2.567000    
   386.2799       77.52139       2.548894    
   391.2732       77.61202       2.533407    
   396.2645       77.71479       2.519780    
   401.2549       77.82304       2.507091    
   406.2462       77.92590       2.494376    
   411.2407       78.00681       2.480856    
   416.2387       78.05150       2.466079    
   421.2385       78.06484       2.449850    
   426.2385       78.06626       2.432078    
   431.2385       78.07211       2.412674    
   436.2343       78.12765       2.391665    
   441.2233       78.24273       2.369269    
   446.2118       78.36082       2.345782    
   451.2035       78.46117       2.321646    
   456.1937       78.56985       2.297569    
   461.1783       78.70601       2.274120    
   466.1624       78.84543       2.251465    
   471.1551       78.92822       2.229637    
   476.1545       78.94754       2.208336    
   481.8401       78.94843       2.184478    
   489.3643       78.94843       2.151863    
   507.4286       78.94843       2.052842    
  -33.77417       56.32260       2.136194    
  -15.70986       56.32260       2.196766    
  -8.185690       56.32260       2.228980    
  -2.500000       56.32260       2.257019    
   2.481762       56.36747       2.284127    
   7.434425       56.46896       2.312762    
   12.38829       56.56895       2.342123    
   17.37068       56.62033       2.372005    
   22.36992       56.63280       2.402359    
   27.36889       56.64702       2.431741    
   32.36626       56.67075       2.460034    
   37.36148       56.70303       2.486715    
   42.35468       56.74178       2.510818    
   47.34677       56.78361       2.532435    
   52.33939       56.82395       2.551397    
   57.33461       56.85595       2.567290    
   62.33282       56.87428       2.580255    
   67.33237       56.87487       2.590438    
   72.33087       56.85816       2.597740    
   77.32610       56.82657       2.602268    
   82.31709       56.78218       2.604508    
   87.30524       56.73100       2.605080    
   92.29430       56.68194       2.604547    
   97.28818       56.64646       2.603455    
   102.2866       56.63075       2.602410    
   107.2863       56.62318       2.602078    
   112.2728       56.58007       2.603181    
   117.2255       56.48058       2.606469    
   122.1606       56.36099       2.612679    
   127.1186       56.26780       2.622526    
   132.1048       56.21542       2.636563    
   137.1018       56.19307       2.655039    
   142.1004       56.20005       2.677929    
   147.0855       56.25055       2.704857    
   152.0289       56.35809       2.735014    
   156.9416       56.49662       2.767542    
   161.8866       56.60048       2.801975    
   166.8759       56.64007       2.837692    
   171.8755       56.64103       2.873705    
   176.8751       56.63219       2.909165    
   181.8749       56.62782       2.943342    
   186.8749       56.62766       2.975617    
   191.8749       56.62771       3.005536    
   196.8749       56.62772       3.032795    
   201.8749       56.62771       3.057220    
   206.8749       56.62769       3.078748    
   211.8749       56.62806       3.097408    
   216.8748       56.63167       3.113316    
   221.8745       56.64086       3.126633    
   226.8739       56.65160       3.137555    
   231.8736       56.65207       3.146288    
   236.8703       56.62919       3.153034    
   241.8605       56.58356       3.157987    
   246.8531       56.54750       3.161324    
   251.8497       56.55588       3.163154    
   256.8403       56.60051       3.163527    
   261.8292       56.64991       3.162431    
   266.8226       56.68734       3.159787    
   271.8200       56.71003       3.155474    
   276.8195       56.71720       3.149360    
   281.8193       56.71275       3.141308    
   286.8188       56.70240       3.131185    
   291.8181       56.68932       3.118842    
   296.8170       56.67411       3.104127    
   301.8156       56.65614       3.086910    
   306.8141       56.63882       3.067111    
   311.8136       56.63261       3.044740    
   316.8123       56.62173       3.019933    
   321.7794       56.55063       2.993012    
   326.7076       56.42514       2.964191    
   331.6619       56.38269       2.933480    
   336.6017       56.48443       2.901936    
   341.4941       56.63803       2.870440    
   346.3997       56.78168       2.838998    
   351.3318       56.90327       2.807889    
   356.3008       56.97953       2.777408    
   361.2956       57.01069       2.747908    
   366.2939       57.02999       2.719846    
   371.2916       57.05263       2.693537    
   376.2886       57.07835       2.669167    
   381.2849       57.10709       2.646805    
   386.2799       57.14006       2.626401    
   391.2732       57.17862       2.607755    
   396.2645       57.22235       2.590499    
   401.2549       57.26841       2.574137    
   406.2462       57.31217       2.558193    
   411.2407       57.34660       2.542360    
   416.2387       57.36561       2.526429    
   421.2385       57.37129       2.510116    
   426.2385       57.37189       2.493113    
   431.2385       57.37438       2.475267    
   436.2343       57.39801       2.456630    
   441.2233       57.44698       2.437387    
   446.2118       57.49723       2.417771    
   451.2035       57.53992       2.398201    
   456.1937       57.58617       2.379072    
   461.1783       57.64410       2.360666    
   466.1624       57.70342       2.343511    
   471.1551       57.73865       2.327894    
   476.1545       57.74687       2.314228    
   481.8401       57.74725       2.301655    
   489.3643       57.74725       2.291174    
   507.4286       57.74725       2.199776    
