        1545
  -33.77417       136.6885       1.706130    
  -15.70986       136.6885       1.661530    
  -8.185690       136.6885       1.506482    
  -2.500000       136.6885       1.465231    
   2.481762       136.9860       1.385842    
   7.434425       137.6588       1.252726    
   12.38829       138.3216       1.270487    
   17.37068       138.6622       1.262671    
   22.36992       138.7449       1.249486    
   27.36889       138.8391       1.245849    
   32.36626       138.9964       1.244535    
   37.36148       139.2104       1.231683    
   42.35468       139.4673       1.208036    
   47.34677       139.7446       1.232562    
   52.33939       140.0120       1.252254    
   57.33461       140.2241       1.229864    
   62.33282       140.3456       1.240080    
   67.33237       140.3495       1.245359    
   72.33087       140.2388       1.285569    
   77.32610       140.0294       1.279712    
   82.31709       139.7351       1.293165    
   87.30524       139.3958       1.273703    
   92.29430       139.0706       1.273523    
   97.28818       138.8354       1.274043    
   102.2866       138.7312       1.259349    
   107.2863       138.6811       1.258677    
   112.2728       138.3953       1.300852    
   117.2255       137.7357       1.251702    
   122.1606       136.9430       1.249719    
   127.1186       136.3252       1.439270    
   132.1048       135.9780       1.224682    
   137.1018       135.8299       1.224685    
   142.1004       135.8761       1.224766    
   147.0855       136.2108       1.396536    
   152.0289       136.9238       1.333518    
   156.9416       137.8421       1.383641    
   161.8866       138.5306       1.433221    
   166.8759       138.7930       1.338149    
   171.8755       138.7994       1.336223    
   176.8751       138.7408       1.348891    
   181.8749       138.7118       1.358198    
   186.8749       138.7108       1.334416    
   191.8749       138.7111       1.346661    
   196.8749       138.7112       1.379413    
   201.8749       138.7111       1.378817    
   206.8749       138.7109       1.377806    
   211.8749       138.7134       1.347409    
   216.8748       138.7373       1.298891    
   221.8745       138.7983       1.263921    
   226.8739       138.8695       1.264186    
   231.8736       138.8726       1.264531    
   236.8703       138.7209       1.263458    
   241.8605       138.4185       1.286962    
   246.8531       138.1794       1.260641    
   251.8497       138.2349       1.247616    
   256.8403       138.5308       1.248156    
   261.8292       138.8582       1.315419    
   266.8226       139.1064       1.314856    
   271.8200       139.2568       1.316167    
   276.8195       139.3043       1.366073    
   281.8193       139.2749       1.365885    
   286.8188       139.2062       1.323933    
   291.8181       139.1195       1.336586    
   296.8170       139.0187       1.336607    
   301.8156       138.8996       1.336110    
   306.8141       138.7848       1.336029    
   311.8136       138.7435       1.340772    
   316.8123       138.6715       1.289825    
   321.7794       138.2001       1.308258    
   326.7076       137.3683       1.334452    
   331.6619       137.0869       1.530431    
   336.6017       137.7613       1.497392    
   341.4941       138.7795       1.335738    
   346.3997       139.7317       1.320274    
   351.3318       140.5377       1.330757    
   356.3008       141.0433       1.319872    
   361.2956       141.2499       1.358550    
   366.2939       141.3779       1.482696    
   371.2916       141.5279       1.306990    
   376.2886       141.6984       1.264418    
   381.2849       141.8889       1.257567    
   386.2799       142.1075       1.186144    
   391.2732       142.3631       1.214533    
   396.2645       142.6530       1.203075    
   401.2549       142.9583       1.196320    
   406.2462       143.2484       1.190672    
   411.2407       143.4767       1.187198    
   416.2387       143.6027       1.181133    
   421.2385       143.6403       1.180255    
   426.2385       143.6443       1.180337    
   431.2385       143.6608       1.158450    
   436.2343       143.8174       1.158058    
   441.2233       144.1421       1.158039    
   446.2118       144.4751       1.187773    
   451.2035       144.7582       1.199854    
   456.1937       145.0647       1.261464    
   461.1783       145.4488       1.518103    
   466.1624       145.8420       1.518065    
   471.1551       146.0755       1.517896    
   476.1545       146.1300       1.525594    
   481.8401       146.1326       1.525701    
   489.3643       146.1326       1.525273    
   507.4286       146.1326       1.525404    
  -33.77417       134.0858       1.706160    
  -15.70986       134.0858       1.661717    
  -8.185690       134.0858       1.506486    
  -2.500000       134.0858       1.252925    
   2.481762       134.3752       1.253101    
   7.434425       135.0294       1.252799    
   12.38829       135.6740       1.252716    
   17.37068       136.0052       1.132730    
   22.36992       136.0857       1.115898    
   27.36889       136.1774       1.116603    
   32.36626       136.3303       1.116610    
   37.36148       136.5384       1.116635    
   42.35468       136.7882       1.157928    
   47.34677       137.0579       1.136968    
   52.33939       137.3180       1.136531    
   57.33461       137.5242       1.136226    
   62.33282       137.6424       1.138906    
   67.33237       137.6462       1.138878    
   72.33087       137.5385       1.138541    
   77.32610       137.3349       1.138178    
   82.31709       137.0487       1.100348    
   87.30524       136.7188       1.173058    
   92.29430       136.4025       1.159571    
   97.28818       136.1738       1.072248    
   102.2866       136.0724       1.108787    
   107.2863       136.0237       1.252978    
   112.2728       135.7457       1.134390    
   117.2255       135.1043       1.134915    
   122.1606       134.3334       1.134710    
   127.1186       133.7326       1.134980    
   132.1048       133.3949       1.133879    
   137.1018       133.2509       1.100100    
   142.1004       133.2958       1.108106    
   147.0855       133.6214       1.167999    
   152.0289       134.3147       1.168266    
   156.9416       135.2077       1.162762    
   161.8866       135.8773       1.142724    
   166.8759       136.1325       1.249637    
   171.8755       136.1387      0.9513951    
   176.8751       136.0817      0.8660310    
   181.8749       136.0535      0.9046664    
   186.8749       136.0525      0.9115734    
   191.8749       136.0529      0.9349317    
   196.8749       136.0529       1.009820    
   201.8749       136.0529       1.062621    
   206.8749       136.0527       1.062836    
   211.8749       136.0551       1.053411    
   216.8748       136.0783       1.095394    
   221.8745       136.1376       1.094823    
   226.8739       136.2069       1.096211    
   231.8736       136.2099       1.100050    
   236.8703       136.0623       1.099954    
   241.8605       135.7682      0.9739553    
   246.8531       135.5358      0.9763656    
   251.8497       135.5898      0.9756352    
   256.8403       135.8775       1.043866    
   261.8292       136.1960       1.042494    
   266.8226       136.4373       1.159445    
   271.8200       136.5835       1.148836    
   276.8195       136.6297      0.9600521    
   281.8193       136.6011      0.9601556    
   286.8188       136.5343      0.9619567    
   291.8181       136.4500      0.9527639    
   296.8170       136.3520      0.9533380    
   301.8156       136.2361      0.9532858    
   306.8141       136.1245      0.9533579    
   311.8136       136.0844      0.8840539    
   316.8123       136.0143       1.179029    
   321.7794       135.5559       1.177546    
   326.7076       134.7469       1.333520    
   331.6619       134.4733      0.9626052    
   336.6017       135.1292      0.8710009    
   341.4941       136.1194      0.9998015    
   346.3997       137.0454      0.9997675    
   351.3318       137.8293       1.005979    
   356.3008       138.3209       1.005322    
   361.2956       138.5218       1.005322    
   366.2939       138.6463      0.8586807    
   371.2916       138.7922       1.010977    
   376.2886       138.9579       1.183622    
   381.2849       139.1433       1.151779    
   386.2799       139.3558       1.359409    
   391.2732       139.6044       1.181337    
   396.2645       139.8863       1.181405    
   401.2549       140.1832       1.192329    
   406.2462       140.4654       1.144237    
   411.2407       140.6873       1.144493    
   416.2387       140.8099       1.144586    
   421.2385       140.8465       1.139845    
   426.2385       140.8504       1.119731    
   431.2385       140.8664       1.150242    
   436.2343       141.0188       1.153350    
   441.2233       141.3345       1.153471    
   446.2118       141.6584       1.153303    
   451.2035       141.9337       1.153183    
   456.1937       142.2318       1.261337    
   461.1783       142.6053       1.014485    
   466.1624       142.9877       1.412261    
   471.1551       143.2148       1.517875    
   476.1545       143.2677       1.526234    
   481.8401       143.2702       1.526346    
   489.3643       143.2702       1.525730    
   507.4286       143.2702       1.525627    
  -33.77417       131.3152       1.705931    
  -15.70986       131.3152       1.661682    
  -8.185690       131.3152       1.481579    
  -2.500000       131.3152       1.252885    
   2.481762       131.5958       1.253521    
   7.434425       132.2304       1.252580    
   12.38829       132.8556       1.137998    
   17.37068       133.1768       1.138202    
   22.36992       133.2549       1.138219    
   27.36889       133.3438       1.184352    
   32.36626       133.4921       1.184314    
   37.36148       133.6940       1.184352    
   42.35468       133.9363       1.184291    
   47.34677       134.1978       1.138036    
   52.33939       134.4500       1.136544    
   57.33461       134.6501       1.099729    
   62.33282       134.7647       1.143271    
   67.33237       134.7684       1.143325    
   72.33087       134.6640       1.141823    
   77.32610       134.4664       1.136194    
   82.31709       134.1889       1.135237    
   87.30524       133.8689       1.135383    
   92.29430       133.5621       1.153426    
   97.28818       133.3403       1.157833    
   102.2866       133.2420       1.157387    
   107.2863       133.1947       1.133543    
   112.2728       132.9252       1.133663    
   117.2255       132.3031       1.228280    
   122.1606       131.5553       1.228715    
   127.1186       130.9726       1.228277    
   132.1048       130.6451       1.226828    
   137.1018       130.5054       1.184197    
   142.1004       130.5490       1.184686    
   147.0855       130.8647       1.177769    
   152.0289       131.5372       1.179538    
   156.9416       132.4034       1.180445    
   161.8866       133.0527      0.9851716    
   166.8759       133.3003      0.9843624    
   171.8755       133.3063       1.661664    
   176.8751       133.2510       1.661935    
   181.8749       133.2236       1.661720    
   186.8749       133.2227       1.661663    
   191.8749       133.2231       1.661049    
   196.8749       133.2231       1.180495    
   201.8749       133.2231       1.180093    
   206.8749       133.2229       1.173667    
   211.8749       133.2252       1.117402    
   216.8748       133.2477       1.095144    
   221.8745       133.3052       1.094640    
   226.8739       133.3724       1.094252    
   231.8736       133.3753       1.101270    
   236.8703       133.2322       1.091505    
   241.8605       132.9470       1.277589    
   246.8531       132.7215       1.325563    
   251.8497       132.7738       1.325942    
   256.8403       133.0529       1.304028    
   261.8292       133.3618       1.053270    
   266.8226       133.5959       1.054340    
   271.8200       133.7377       1.147225    
   276.8195       133.7825       1.522570    
   281.8193       133.7548       1.526265    
   286.8188       133.6900       1.526169    
   291.8181       133.6082       1.526017    
   296.8170       133.5132       1.526117    
   301.8156       133.4008       1.526661    
   306.8141       133.2925       1.526873    
   311.8136       133.2536       1.828920    
   316.8123       133.1856       1.178958    
   321.7794       132.7410       1.036184    
   326.7076       131.9564       1.620371    
   331.6619       131.6910       1.620123    
   336.6017       132.3271       1.621382    
   341.4941       133.2876       1.555246    
   346.3997       134.1857       1.338547    
   351.3318       134.9460       1.338668    
   356.3008       135.4228       1.498808    
   361.2956       135.6176       1.499103    
   366.2939       135.7384       1.507091    
   371.2916       135.8799       1.507116    
   376.2886       136.0407       1.184031    
   381.2849       136.2204       1.180577    
   386.2799       136.4265       1.180660    
   391.2732       136.6677       1.180677    
   396.2645       136.9411       1.271054    
   401.2549       137.2291       1.270465    
   406.2462       137.5027       1.266027    
   411.2407       137.7180       1.266131    
   416.2387       137.8369       1.266176    
   421.2385       137.8724       1.265572    
   426.2385       137.8761       1.270720    
   431.2385       137.8917       1.272469    
   436.2343       138.0394       1.272561    
   441.2233       138.3456       1.259773    
   446.2118       138.6598       1.259578    
   451.2035       138.9268       1.259590    
   456.1937       139.2159       1.260159    
   461.1783       139.5782       1.014575    
   466.1624       139.9491       1.409931    
   471.1551       140.1694       1.517970    
   476.1545       140.2207       1.526546    
   481.8401       140.2231       1.528656    
   489.3643       140.2231       1.527228    
   507.4286       140.2231       1.526703    
  -33.77417       128.3538       1.706178    
  -15.70986       128.3538       1.662287    
  -8.185690       128.3538       1.481722    
  -2.500000       128.3538       1.351999    
   2.481762       128.6251       1.349524    
   7.434425       129.2386       1.277539    
   12.38829       129.8431       1.277313    
   17.37068       130.1537       1.276698    
   22.36992       130.2291       1.276908    
   27.36889       130.3151       1.277044    
   32.36626       130.4585       1.276967    
   37.36148       130.6536       1.264439    
   42.35468       130.8879       1.184844    
   47.34677       131.1408       1.107247    
   52.33939       131.3846       1.106183    
   57.33461       131.5780       1.106461    
   62.33282       131.6889       1.298126    
   67.33237       131.6924       1.298892    
   72.33087       131.5914       1.299478    
   77.32610       131.4005       1.538477    
   82.31709       131.1322       1.538302    
   87.30524       130.8228       1.238435    
   92.29430       130.5262       1.159702    
   97.28818       130.3116       1.159415    
   102.2866       130.2167       1.159075    
   107.2863       130.1709       1.127438    
   112.2728       129.9104      0.8591861    
   117.2255       129.3089       1.778941    
   122.1606       128.5859       1.822141    
   127.1186       128.0226       1.821807    
   132.1048       127.7059       1.850899    
   137.1018       127.5708       2.568525    
   142.1004       127.6130       2.568997    
   147.0855       127.9183       2.594281    
   152.0289       128.5684       2.603308    
   156.9416       129.4059       2.628584    
   161.8866       130.0337       2.702614    
   166.8759       130.2731       2.703330    
   171.8755       130.2789       2.703566    
   176.8751       130.2254       2.586518    
   181.8749       130.1989       2.585520    
   186.8749       130.1980       2.585065    
   191.8749       130.1983       2.584915    
   196.8749       130.1983       2.586504    
   201.8749       130.1983       2.593933    
   206.8749       130.1982       2.718954    
   211.8749       130.2005       2.520053    
   216.8748       130.2222       1.824627    
   221.8745       130.2778       1.785239    
   226.8739       130.3428       1.297921    
   231.8736       130.3456       1.592279    
   236.8703       130.2072       1.591900    
   241.8605       129.9314       1.591543    
   246.8531       129.7134       1.590007    
   251.8497       129.7641       1.599850    
   256.8403       130.0339       1.599179    
   261.8292       130.3325       1.603055    
   266.8226       130.5588       1.602230    
   271.8200       130.6960       2.062565    
   276.8195       130.7393       2.121216    
   281.8193       130.7124       2.112343    
   286.8188       130.6498       2.112262    
   291.8181       130.5708       2.112165    
   296.8170       130.4788       2.112712    
   301.8156       130.3701       2.089838    
   306.8141       130.2655       2.087701    
   311.8136       130.2279       2.087902    
   316.8123       130.1622       2.525394    
   321.7794       129.7323       2.514477    
   326.7076       128.9738       1.985642    
   331.6619       128.7171       1.985628    
   336.6017       129.3322       2.634530    
   341.4941       130.2607       2.627679    
   346.3997       131.1291       1.973982    
   351.3318       131.8641       1.970412    
   356.3008       132.3251       1.972729    
   361.2956       132.5135       1.973978    
   366.2939       132.6302       1.974345    
   371.2916       132.7671       1.974532    
   376.2886       132.9225       1.974060    
   381.2849       133.0963       1.968269    
   386.2799       133.2955       2.106326    
   391.2732       133.5287       2.107016    
   396.2645       133.7930       2.109127    
   401.2549       134.0715       2.106789    
   406.2462       134.3360       1.370680    
   411.2407       134.5442       1.372786    
   416.2387       134.6591       1.373321    
   421.2385       134.6935       1.373233    
   426.2385       134.6971       1.373095    
   431.2385       134.7121       1.372896    
   436.2343       134.8550       1.372238    
   441.2233       135.1510       1.375539    
   446.2118       135.4547       1.379426    
   451.2035       135.7129       1.385189    
   456.1937       135.9924       1.384709    
   461.1783       136.3427       1.381325    
   466.1624       136.7012       1.410417    
   471.1551       136.9142       1.517977    
   476.1545       136.9639       1.526356    
   481.8401       136.9662       1.529436    
   489.3643       136.9662       1.529231    
   507.4286       136.9662       1.529225    
  -33.77417       125.1739       1.710020    
  -15.70986       125.1739       1.685361    
  -8.185690       125.1739       1.641173    
  -2.500000       125.1739       1.580460    
   2.481762       125.4352       1.574204    
   7.434425       126.0261       1.572572    
   12.38829       126.6083       1.571372    
   17.37068       126.9075       1.563310    
   22.36992       126.9801       1.549046    
   27.36889       127.0629       1.417764    
   32.36626       127.2010       1.417666    
   37.36148       127.3890       1.417897    
   42.35468       127.6146       1.417783    
   47.34677       127.8582       1.418158    
   52.33939       128.0931       1.418529    
   57.33461       128.2793       1.420100    
   62.33282       128.3861       1.807255    
   67.33237       128.3895       1.845708    
   72.33087       128.2923       1.847427    
   77.32610       128.1083       1.847135    
   82.31709       127.8499       1.847160    
   87.30524       127.5519       1.855840    
   92.29430       127.2662       1.866066    
   97.28818       127.0596       1.865764    
   102.2866       126.9681       1.865408    
   107.2863       126.9241       1.864330    
   112.2728       126.6731       1.863140    
   117.2255       126.0938       1.915512    
   122.1606       125.3975       2.542327    
   127.1186       124.8549       2.543454    
   132.1048       124.5499       2.702311    
   137.1018       124.4198       2.742958    
   142.1004       124.4603       2.750318    
   147.0855       124.7544       2.769671    
   152.0289       125.3806       2.771226    
   156.9416       126.1872       2.771018    
   161.8866       126.7919       2.771202    
   166.8759       127.0225       2.777476    
   171.8755       127.0280       3.047105    
   176.8751       126.9765       3.142956    
   181.8749       126.9510       3.172659    
   186.8749       126.9501       3.178590    
   191.8749       126.9505       3.179052    
   196.8749       126.9505       3.179362    
   201.8749       126.9505       3.179457    
   206.8749       126.9503       3.132047    
   211.8749       126.9525       2.857080    
   216.8748       126.9735       2.698229    
   221.8745       127.0270       2.009093    
   226.8739       127.0896       2.010638    
   231.8736       127.0923       2.840599    
   236.8703       126.9591       1.954246    
   241.8605       126.6934       1.954551    
   246.8531       126.4834       1.954992    
   251.8497       126.5322       1.954679    
   256.8403       126.7921       1.954461    
   261.8292       127.0797       1.954434    
   266.8226       127.2977       1.954871    
   271.8200       127.4297       2.181357    
   276.8195       127.4715       2.205678    
   281.8193       127.4456       2.205498    
   286.8188       127.3853       2.205502    
   291.8181       127.3092       2.204447    
   296.8170       127.2206       2.204158    
   301.8156       127.1160       2.206385    
   306.8141       127.0152       2.207245    
   311.8136       126.9790       2.207204    
   316.8123       126.9157       2.459233    
   321.7794       126.5017       2.460414    
   326.7076       125.7710       2.464571    
   331.6619       125.5238       2.464270    
   336.6017       126.1162       2.436962    
   341.4941       127.0106       2.435473    
   346.3997       127.8469       2.282467    
   351.3318       128.5549       2.275867    
   356.3008       128.9989       2.275780    
   361.2956       129.1804       2.276111    
   366.2939       129.2928       2.276674    
   371.2916       129.4245       2.277087    
   376.2886       129.5742       2.277528    
   381.2849       129.7417       2.278126    
   386.2799       129.9336       2.420775    
   391.2732       130.1582       2.425570    
   396.2645       130.4128       2.425850    
   401.2549       130.6809       2.424577    
   406.2462       130.9357       2.005345    
   411.2407       131.1362       2.005297    
   416.2387       131.2469       2.005210    
   421.2385       131.2800       2.004839    
   426.2385       131.2835       2.004709    
   431.2385       131.2979       2.004247    
   436.2343       131.4355       2.003685    
   441.2233       131.7207       2.003150    
   446.2118       132.0132       2.002147    
   451.2035       132.2618       2.052983    
   456.1937       132.5311       1.648206    
   461.1783       132.8684       1.648258    
   466.1624       133.2138       1.648236    
   471.1551       133.4189       1.648580    
   476.1545       133.4668       1.648626    
   481.8401       133.4690       1.648100    
   489.3643       133.4690       1.647641    
   507.4286       133.4690       1.648190    
  -33.77417       121.7413       1.764732    
  -15.70986       121.7413       1.760098    
  -8.185690       121.7413       1.760674    
  -2.500000       121.7413       1.760961    
   2.481762       121.9919       1.760745    
   7.434425       122.5584       1.760740    
   12.38829       123.1165       1.760709    
   17.37068       123.4034       1.760951    
   22.36992       123.4730       1.761161    
   27.36889       123.5524       1.761329    
   32.36626       123.6848       1.761320    
   37.36148       123.8650       1.761482    
   42.35468       124.0813       1.760560    
   47.34677       124.3148       1.760434    
   52.33939       124.5400       1.759512    
   57.33461       124.7186       1.758885    
   62.33282       124.8209       1.808186    
   67.33237       124.8242       1.948181    
   72.33087       124.7309       2.120764    
   77.32610       124.5546       2.127441    
   82.31709       124.3068       2.127514    
   87.30524       124.0211       2.126872    
   92.29430       123.7473       2.126576    
   97.28818       123.5492       2.126950    
   102.2866       123.4615       2.128501    
   107.2863       123.4193       2.130529    
   112.2728       123.1786       2.188490    
   117.2255       122.6232       2.563764    
   122.1606       121.9557       2.739405    
   127.1186       121.4355       2.740050    
   132.1048       121.1431       2.740460    
   137.1018       121.0183       2.746233    
   142.1004       121.0573       2.775437    
   147.0855       121.3392       2.904677    
   152.0289       121.9395       2.926493    
   156.9416       122.7128       2.926824    
   161.8866       123.2925       2.927163    
   166.8759       123.5135       2.928801    
   171.8755       123.5189       3.066960    
   176.8751       123.4696       3.107909    
   181.8749       123.4451       3.196459    
   186.8749       123.4443       3.205777    
   191.8749       123.4446       3.205987    
   196.8749       123.4446       3.202405    
   201.8749       123.4446       3.180691    
   206.8749       123.4444       3.163194    
   211.8749       123.4465       2.172771    
   216.8748       123.4666       1.581281    
   221.8745       123.5179       2.001695    
   226.8739       123.5779       2.003445    
   231.8736       123.5806       2.827576    
   236.8703       123.4528       2.465661    
   241.8605       123.1981       2.465626    
   246.8531       122.9968       2.465973    
   251.8497       123.0435       2.466086    
   256.8403       123.2927       2.465920    
   261.8292       123.5684       2.466233    
   266.8226       123.7774       2.465345    
   271.8200       123.9041       2.479107    
   276.8195       123.9441       2.481958    
   281.8193       123.9193       2.483513    
   286.8188       123.8614       2.483649    
   291.8181       123.7885       2.483046    
   296.8170       123.7036       2.470068    
   301.8156       123.6032       2.446765    
   306.8141       123.5066       2.444413    
   311.8136       123.4719       2.444324    
   316.8123       123.4112       2.444597    
   321.7794       123.0143       2.463113    
   326.7076       122.3138       2.468518    
   331.6619       122.0768       2.468519    
   336.6017       122.6448       2.451674    
   341.4941       123.5022       2.394243    
   346.3997       124.3040       2.291623    
   351.3318       124.9827       2.291246    
   356.3008       125.4084       2.291245    
   361.2956       125.5824       2.281342    
   366.2939       125.6901       2.277110    
   371.2916       125.8165       2.276258    
   376.2886       125.9600       2.277033    
   381.2849       126.1205       2.280449    
   386.2799       126.3045       2.420953    
   391.2732       126.5198       2.424931    
   396.2645       126.7639       2.424899    
   401.2549       127.0210       2.432733    
   406.2462       127.2653       2.457699    
   411.2407       127.4575       2.459722    
   416.2387       127.5636       2.459953    
   421.2385       127.5953       2.459973    
   426.2385       127.5986       2.459902    
   431.2385       127.6125       2.459774    
   436.2343       127.7445       2.459624    
   441.2233       128.0178       2.459976    
   446.2118       128.2982       2.658809    
   451.2035       128.5366       2.689851    
   456.1937       128.7948       2.098769    
   461.1783       129.1181       1.914886    
   466.1624       129.4493       1.911690    
   471.1551       129.6459       1.910942    
   476.1545       129.6918       1.910634    
   481.8401       129.6939       1.910562    
   489.3643       129.6939       1.910567    
   507.4286       129.6939       1.909986    
  -33.77417       118.0135       1.920810    
  -15.70986       118.0135       1.918885    
  -8.185690       118.0135       1.922004    
  -2.500000       118.0135       1.922978    
   2.481762       118.2522       1.922972    
   7.434425       118.7923       1.934006    
   12.38829       119.3243       1.954997    
   17.37068       119.5977       1.956956    
   22.36992       119.6640       1.957443    
   27.36889       119.7397       1.956787    
   32.36626       119.8660       1.956538    
   37.36148       120.0378       1.956534    
   42.35468       120.2439       1.956523    
   47.34677       120.4665       1.956867    
   52.33939       120.6811       1.958319    
   57.33461       120.8514       1.972667    
   62.33282       120.9489       2.254759    
   67.33237       120.9520       2.390533    
   72.33087       120.8632       2.403032    
   77.32610       120.6951       2.404372    
   82.31709       120.4589       2.404425    
   87.30524       120.1866       2.402774    
   92.29430       119.9255       2.400359    
   97.28818       119.7367       2.399847    
   102.2866       119.6531       2.401005    
   107.2863       119.6129       2.448129    
   112.2728       119.3835       2.756769    
   117.2255       118.8540       2.940447    
   122.1606       118.2177       3.093983    
   127.1186       117.7218       3.135958    
   132.1048       117.4431       3.143239    
   137.1018       117.3242       3.146331    
   142.1004       117.3613       3.147544    
   147.0855       117.6301       3.148674    
   152.0289       118.2023       3.149034    
   156.9416       118.9394       3.148355    
   161.8866       119.4921       3.146303    
   166.8759       119.7027       3.140752    
   171.8755       119.7078       3.121177    
   176.8751       119.6608       3.105119    
   181.8749       119.6375       3.101753    
   186.8749       119.6367       3.101893    
   191.8749       119.6370       3.101938    
   196.8749       119.6370       3.102618    
   201.8749       119.6370       3.138049    
   206.8749       119.6368       3.151102    
   211.8749       119.6388       2.142683    
   216.8748       119.6580       1.577726    
   221.8745       119.7069       1.372019    
   226.8739       119.7641       1.369594    
   231.8736       119.7666       1.390314    
   236.8703       119.6448       2.414051    
   241.8605       119.4020       2.445968    
   246.8531       119.2101       2.451232    
   251.8497       119.2547       2.453427    
   256.8403       119.4922       2.456317    
   261.8292       119.7551       2.461727    
   266.8226       119.9542       2.466013    
   271.8200       120.0750       2.481030    
   276.8195       120.1131       2.482373    
   281.8193       120.0895       2.483748    
   286.8188       120.0343       2.483932    
   291.8181       119.9648       2.483740    
   296.8170       119.8839       2.483031    
   301.8156       119.7882       2.482686    
   306.8141       119.6961       2.482753    
   311.8136       119.6630       2.482680    
   316.8123       119.6051       2.482569    
   321.7794       119.2268       2.482493    
   326.7076       118.5591       2.482202    
   331.6619       118.3332       2.482080    
   336.6017       118.8746       2.482752    
   341.4941       119.6919       2.484820    
   346.3997       120.4562       2.487423    
   351.3318       121.1031       2.487277    
   356.3008       121.5089       2.487307    
   361.2956       121.6748       2.487584    
   366.2939       121.7775       2.487829    
   371.2916       121.8979       2.488180    
   376.2886       122.0348       2.489368    
   381.2849       122.1877       2.500528    
   386.2799       122.3631       2.693486    
   391.2732       122.5684       2.704218    
   396.2645       122.8010       2.704409    
   401.2549       123.0461       2.704277    
   406.2462       123.2790       2.704163    
   411.2407       123.4621       2.704038    
   416.2387       123.5633       2.703958    
   421.2385       123.5935       2.704064    
   426.2385       123.5967       2.705370    
   431.2385       123.6100       2.705540    
   436.2343       123.7357       2.705702    
   441.2233       123.9963       2.734037    
   446.2118       124.2636       2.741289    
   451.2035       124.4909       2.710690    
   456.1937       124.7369       2.466818    
   461.1783       125.0452       2.135887    
   466.1624       125.3608       1.968982    
   471.1551       125.5482       1.915796    
   476.1545       125.5920       1.911884    
   481.8401       125.5940       1.912025    
   489.3643       125.5940       1.911543    
   507.4286       125.5940       1.911331    
  -33.77417       113.9358       1.974341    
  -15.70986       113.9358       1.972873    
  -8.185690       113.9358       1.973381    
  -2.500000       113.9358       1.973420    
   2.481762       114.1617       1.974591    
   7.434425       114.6728       2.087386    
   12.38829       115.1762       2.356291    
   17.37068       115.4350       2.386826    
   22.36992       115.4978       2.390918    
   27.36889       115.5694       2.392279    
   32.36626       115.6889       2.392746    
   37.36148       115.8514       2.393002    
   42.35468       116.0465       2.393407    
   47.34677       116.2571       2.394660    
   52.33939       116.4603       2.399304    
   57.33461       116.6214       2.417496    
   62.33282       116.7137       2.455223    
   67.33237       116.7167       2.473589    
   72.33087       116.6326       2.476612    
   77.32610       116.4735       2.477140    
   82.31709       116.2499       2.477269    
   87.30524       115.9922       2.477154    
   92.29430       115.7452       2.477165    
   97.28818       115.5665       2.477113    
   102.2866       115.4874       2.479589    
   107.2863       115.4493       2.523875    
   112.2728       115.2323       2.773370    
   117.2255       114.7313       2.943624    
   122.1606       114.1291       3.094703    
   127.1186       113.6599       3.136565    
   132.1048       113.3961       3.143712    
   137.1018       113.2836       3.146744    
   142.1004       113.3186       3.147801    
   147.0855       113.5730       3.148048    
   152.0289       114.1145       3.147944    
   156.9416       114.8120       3.147777    
   161.8866       115.3350       3.147615    
   166.8759       115.5344       3.147943    
   171.8755       115.5392       3.148517    
   176.8751       115.4947       3.148744    
   181.8749       115.4726       3.149273    
   186.8749       115.4719       3.149866    
   191.8749       115.4722       3.149630    
   196.8749       115.4722       3.147779    
   201.8749       115.4722       3.150362    
   206.8749       115.4720       3.155198    
   211.8749       115.4739       2.150393    
   216.8748       115.4921       1.579262    
   221.8745       115.5383       1.388518    
   226.8739       115.5924       1.388081    
   231.8736       115.5948       1.393701    
   236.8703       115.4796       2.304164    
   241.8605       115.2498       2.374514    
   246.8531       115.0682       2.407543    
   251.8497       115.1104       2.431699    
   256.8403       115.3352       2.453315    
   261.8292       115.5839       2.463455    
   266.8226       115.7724       2.471630    
   271.8200       115.8866       2.503027    
   276.8195       115.9228       2.634568    
   281.8193       115.9004       2.680488    
   286.8188       115.8482       2.682058    
   291.8181       115.7824       2.682040    
   296.8170       115.7058       2.680492    
   301.8156       115.6153       2.678502    
   306.8141       115.5281       2.677993    
   311.8136       115.4968       2.677865    
   316.8123       115.4420       2.677913    
   321.7794       115.0840       2.678074    
   326.7076       114.4521       2.678092    
   331.6619       114.2384       2.675089    
   336.6017       114.7507       2.617312    
   341.4941       115.5241       2.608864    
   346.3997       116.2474       2.608176    
   351.3318       116.8596       2.608468    
   356.3008       117.2437       2.608522    
   361.2956       117.4006       2.608574    
   366.2939       117.4977       2.608714    
   371.2916       117.6117       2.609055    
   376.2886       117.7412       2.610131    
   381.2849       117.8860       2.619737    
   386.2799       118.0519       2.797782    
   391.2732       118.2462       2.859471    
   396.2645       118.4663       2.860008    
   401.2549       118.6983       2.859880    
   406.2462       118.9186       2.859667    
   411.2407       119.0920       2.859440    
   416.2387       119.1877       2.859203    
   421.2385       119.2163       2.858994    
   426.2385       119.2194       2.858788    
   431.2385       119.2319       2.858644    
   436.2343       119.3509       2.857901    
   441.2233       119.5975       2.856044    
   446.2118       119.8504       2.806038    
   451.2035       120.0655       2.714340    
   456.1937       120.2983       2.486000    
   461.1783       120.5900       2.250552    
   466.1624       120.8887       2.067940    
   471.1551       121.0661       1.966073    
   476.1545       121.1075       1.929225    
   481.8401       121.1095       1.917237    
   489.3643       121.1095       1.914711    
   507.4286       121.1095       1.913290    
  -33.77417       109.4377       2.064511    
  -15.70986       109.4377       2.063720    
  -8.185690       109.4377       2.063743    
  -2.500000       109.4377       2.063862    
   2.481762       109.6495       2.072423    
   7.434425       110.1285       2.219196    
   12.38829       110.6005       2.406771    
   17.37068       110.8431       2.453853    
   22.36992       110.9020       2.471726    
   27.36889       110.9691       2.480530    
   32.36626       111.0811       2.485389    
   37.36148       111.2335       2.489097    
   42.35468       111.4164       2.493223    
   47.34677       111.6138       2.499124    
   52.33939       111.8043       2.512166    
   57.33461       111.9553       2.554394    
   62.33282       112.0418       2.614122    
   67.33237       112.0446       2.634528    
   72.33087       111.9657       2.638453    
   77.32610       111.8166       2.639357    
   82.31709       111.6071       2.639585    
   87.30524       111.3655       2.639678    
   92.29430       111.1339       2.639683    
   97.28818       110.9664       2.639960    
   102.2866       110.8923       2.642901    
   107.2863       110.8566       2.670774    
   112.2728       110.6531       2.790176    
   117.2255       110.1834       2.942731    
   122.1606       109.6189       3.054290    
   127.1186       109.1790       3.101560    
   132.1048       108.9318       3.119360    
   137.1018       108.8263       3.126757    
   142.1004       108.8592       3.132019    
   147.0855       109.0976       3.137139    
   152.0289       109.6052       3.141257    
   156.9416       110.2591       3.144845    
   161.8866       110.7494       3.147907    
   166.8759       110.9363       3.148848    
   171.8755       110.9408       3.149360    
   176.8751       110.8991       3.149661    
   181.8749       110.8784       3.150211    
   186.8749       110.8776       3.150290    
   191.8749       110.8779       3.149671    
   196.8749       110.8779       3.148902    
   201.8749       110.8779       3.152228    
   206.8749       110.8778       3.156243    
   211.8749       110.8796       2.348672    
   216.8748       110.8966       2.296003    
   221.8745       110.9400       2.294080    
   226.8739       110.9907       2.301481    
   231.8736       110.9929       2.301738    
   236.8703       110.8849       2.307164    
   241.8605       110.6695       2.376121    
   246.8531       110.4993       2.410893    
   251.8497       110.5388       2.436639    
   256.8403       110.7495       2.462199    
   261.8292       110.9827       2.494078    
   266.8226       111.1594       2.555283    
   271.8200       111.2665       2.676209    
   276.8195       111.3003       2.783325    
   281.8193       111.2794       2.803160    
   286.8188       111.2305       2.805043    
   291.8181       111.1687       2.805239    
   296.8170       111.0969       2.805226    
   301.8156       111.0121       2.805398    
   306.8141       110.9304       2.805668    
   311.8136       110.9010       2.805764    
   316.8123       110.8497       2.805754    
   321.7794       110.5141       2.805754    
   326.7076       109.9218       2.805593    
   331.6619       109.7214       2.801821    
   336.6017       110.2016       2.784540    
   341.4941       110.9267       2.780868    
   346.3997       111.6047       2.780244    
   351.3318       112.1786       2.780137    
   356.3008       112.5386       2.780085    
   361.2956       112.6857       2.780131    
   366.2939       112.7768       2.780384    
   371.2916       112.8837       2.781152    
   376.2886       113.0050       2.783864    
   381.2849       113.1407       2.801002    
   386.2799       113.2963       2.879816    
   391.2732       113.4784       2.901844    
   396.2645       113.6848       2.902269    
   401.2549       113.9022       2.902176    
   406.2462       114.1088       2.901762    
   411.2407       114.2713       2.901321    
   416.2387       114.3611       2.900922    
   421.2385       114.3878       2.900610    
   426.2385       114.3907       2.900322    
   431.2385       114.4025       2.899972    
   436.2343       114.5140       2.900512    
   441.2233       114.7451       2.879488    
   446.2118       114.9823       2.808466    
   451.2035       115.1839       2.716292    
   456.1937       115.4022       2.489685    
   461.1783       115.6756       2.272228    
   466.1624       115.9556       2.111490    
   471.1551       116.1219       1.995999    
   476.1545       116.1607       1.941174    
   481.8401       116.1625       1.920592    
   489.3643       116.1625       1.916729    
   507.4286       116.1625       1.914523    
  -33.77417       104.4251       2.204504    
  -15.70986       104.4251       2.204598    
  -8.185690       104.4251       2.204562    
  -2.500000       104.4251       2.205330    
   2.481762       104.6212       2.219074    
   7.434425       105.0646       2.320150    
   12.38829       105.5015       2.423029    
   17.37068       105.7260       2.458819    
   22.36992       105.7805       2.474825    
   27.36889       105.8427       2.486146    
   32.36626       105.9463       2.497325    
   37.36148       106.0873       2.508197    
   42.35468       106.2567       2.519327    
   47.34677       106.4394       2.533786    
   52.33939       106.6157       2.560793    
   57.33461       106.7555       2.611491    
   62.33282       106.8356       2.682106    
   67.33237       106.8381       2.779815    
   72.33087       106.7651       2.876443    
   77.32610       106.6271       2.897294    
   82.31709       106.4332       2.899705    
   87.30524       106.2096       2.900261    
   92.29430       105.9952       2.900497    
   97.28818       105.8402       2.900612    
   102.2866       105.7715       2.900504    
   107.2863       105.7385       2.900578    
   112.2728       105.5501       2.904258    
   117.2255       105.1154       2.951011    
   122.1606       104.5929       3.056174    
   127.1186       104.1857       3.102993    
   132.1048       103.9569       3.120499    
   137.1018       103.8593       3.127949    
   142.1004       103.8897       3.133736    
   147.0855       104.1104       3.139362    
   152.0289       104.5803       3.143543    
   156.9416       105.1855       3.146574    
   161.8866       105.6393       3.148411    
   166.8759       105.8122       3.149714    
   171.8755       105.8165       3.150408    
   176.8751       105.7778       3.150407    
   181.8749       105.7587       3.150407    
   186.8749       105.7580       3.150404    
   191.8749       105.7582       3.150399    
   196.8749       105.7583       3.149182    
   201.8749       105.7583       3.149067    
   206.8749       105.7581       3.144359    
   211.8749       105.7598       2.525912    
   216.8748       105.7755       2.341390    
   221.8745       105.8157       2.333597    
   226.8739       105.8626       2.332968    
   231.8736       105.8647       2.332893    
   236.8703       105.7647       2.334942    
   241.8605       105.5654       2.362492    
   246.8531       105.4078       2.419611    
   251.8497       105.4444       2.489287    
   256.8403       105.6394       2.569165    
   261.8292       105.8553       2.653390    
   266.8226       106.0188       2.732698    
   271.8200       106.1179       2.817584    
   276.8195       106.1492       2.875751    
   281.8193       106.1298       2.912719    
   286.8188       106.0846       2.921329    
   291.8181       106.0275       2.923109    
   296.8170       105.9610       2.923287    
   301.8156       105.8824       2.923262    
   306.8141       105.8068       2.923175    
   311.8136       105.7796       2.923067    
   316.8123       105.7321       2.922930    
   321.7794       105.4215       2.922747    
   326.7076       104.8732       2.922375    
   331.6619       104.6877       2.921767    
   336.6017       105.1322       2.921431    
   341.4941       105.8034       2.921105    
   346.3997       106.4309       2.920698    
   351.3318       106.9622       2.920441    
   356.3008       107.2954       2.920339    
   361.2956       107.4315       2.920364    
   366.2939       107.5159       2.920507    
   371.2916       107.6148       2.920933    
   376.2886       107.7271       2.922314    
   381.2849       107.8528       2.926722    
   386.2799       107.9968       2.933673    
   391.2732       108.1653       2.935589    
   396.2645       108.3564       2.935688    
   401.2549       108.5576       2.935586    
   406.2462       108.7488       2.935433    
   411.2407       108.8992       2.935358    
   416.2387       108.9823       2.935486    
   421.2385       109.0071       2.935723    
   426.2385       109.0098       2.936456    
   431.2385       109.0207       2.936198    
   436.2343       109.1239       2.918087    
   441.2233       109.3378       2.883487    
   446.2118       109.5574       2.809835    
   451.2035       109.7439       2.717941    
   456.1937       109.9460       2.493758    
   461.1783       110.1991       2.276071    
   466.1624       110.4583       2.116622    
   471.1551       110.6122       2.017077    
   476.1545       110.6481       1.952684    
   481.8401       110.6497       1.928408    
   489.3643       110.6497       1.920114    
   507.4286       110.6497       1.916931    
  -33.77417       98.76926       2.379372    
  -15.70986       98.76926       2.379086    
  -8.185690       98.76926       2.379349    
  -2.500000       98.76926       2.380214    
   2.481762       98.94752       2.383451    
   7.434425       99.35075       2.396853    
   12.38829       99.74802       2.434553    
   17.37068       99.95215       2.462062    
   22.36992       100.0017       2.476828    
   27.36889       100.0582       2.488885    
   32.36626       100.1525       2.501459    
   37.36148       100.2807       2.514464    
   42.35468       100.4347       2.528410    
   47.34677       100.6009       2.548203    
   52.33939       100.7612       2.581367    
   57.33461       100.8883       2.629443    
   62.33282       100.9611       2.692680    
   67.33237       100.9634       2.781182    
   72.33087       100.8971       2.883505    
   77.32610       100.7716       2.916560    
   82.31709       100.5952       2.924141    
   87.30524       100.3919       2.928483    
   92.29430       100.1970       2.932373    
   97.28818       100.0560       2.936769    
   102.2866       99.99355       2.944317    
   107.2863       99.96349       2.960958    
   112.2728       99.79222       2.990131    
   117.2255       99.39693       3.031161    
   122.1606       98.92178       3.081252    
   127.1186       98.55151       3.122000    
   132.1048       98.34343       3.139565    
   137.1018       98.25465       3.146459    
   142.1004       98.28233       3.149833    
   147.0855       98.48299       3.150347    
   152.0289       98.91029       3.150352    
   156.9416       99.46066       3.150357    
   161.8866       99.87329       3.150367    
   166.8759       100.0306       3.150378    
   171.8755       100.0344       3.150395    
   176.8751       99.99930       3.150396    
   181.8749       99.98188       3.150394    
   186.8749       99.98126       3.150391    
   191.8749       99.98149       3.150388    
   196.8749       99.98150       3.150383    
   201.8749       99.98149       3.146068    
   206.8749       99.98139       3.130312    
   211.8749       99.98287       2.770887    
   216.8748       99.99718       2.679000    
   221.8745       100.0337       2.676938    
   226.8739       100.0764       2.678257    
   231.8736       100.0783       2.678892    
   236.8703       99.98734       2.678951    
   241.8605       99.80609       2.678570    
   246.8531       99.66279       2.679922    
   251.8497       99.69608       2.697489    
   256.8403       99.87341       2.753137    
   261.8292       100.0697       2.809596    
   266.8226       100.2184       2.841280    
   271.8200       100.3085       2.860386    
   276.8195       100.3370       2.884224    
   281.8193       100.3194       2.985162    
   286.8188       100.2782       3.014930    
   291.8181       100.2263       3.019404    
   296.8170       100.1659       3.020603    
   301.8156       100.0944       3.021003    
   306.8141       100.0256       3.021128    
   311.8136       100.0009       3.021152    
   316.8123       99.95772       3.021142    
   321.7794       99.67523       3.021097    
   326.7076       99.17667       3.020995    
   331.6619       99.00801       3.020841    
   336.6017       99.41222       3.020680    
   341.4941       100.0225       3.020527    
   346.3997       100.5932       3.020391    
   351.3318       101.0763       3.020304    
   356.3008       101.3793       3.020295    
   361.2956       101.5031       3.020355    
   366.2939       101.5798       3.020513    
   371.2916       101.6697       3.020835    
   376.2886       101.7719       3.021509    
   381.2849       101.8861       3.022546    
   386.2799       102.0170       3.023351    
   391.2732       102.1703       3.023528    
   396.2645       102.3440       3.023498    
   401.2549       102.5270       3.023322    
   406.2462       102.7009       3.022933    
   411.2407       102.8377       3.022206    
   416.2387       102.9132       3.020351    
   421.2385       102.9358       3.005961    
   426.2385       102.9382       2.971686    
   431.2385       102.9481       2.946045    
   436.2343       103.0419       2.922170    
   441.2233       103.2365       2.885477    
   446.2118       103.4361       2.811184    
   451.2035       103.6058       2.719316    
   456.1937       103.7895       2.496982    
   461.1783       104.0197       2.279030    
   466.1624       104.2553       2.119995    
   471.1551       104.3953       2.027173    
   476.1545       104.4279       1.961750    
   481.8401       104.4295       1.935902    
   489.3643       104.4295       1.924692    
   507.4286       104.4295       1.919829    
  -33.77417       92.28692       2.454885    
  -15.70986       92.28692       2.455145    
  -8.185690       92.28692       2.455441    
  -2.500000       92.28692       2.455676    
   2.481762       92.44483       2.456047    
   7.434425       92.80198       2.457022    
   12.38829       93.15384       2.459776    
   17.37068       93.33465       2.467168    
   22.36992       93.37855       2.478950    
   27.36889       93.42858       2.490983    
   32.36626       93.51208       2.504459    
   37.36148       93.62569       2.520320    
   42.35468       93.76205       2.536678    
   47.34677       93.90923       2.559220    
   52.33939       94.05121       2.593897    
   57.33461       94.16380       2.637707    
   62.33282       94.22831       2.698101    
   67.33237       94.23037       2.778338    
   72.33087       94.17159       2.874962    
   77.32610       94.06042       2.984756    
   82.31709       93.90422       3.046454    
   87.30524       93.72411       3.065631    
   92.29430       93.55146       3.076731    
   97.28818       93.42661       3.085604    
   102.2866       93.37131       3.095287    
   107.2863       93.34469       3.110819    
   112.2728       93.19299       3.134131    
   117.2255       92.84286       3.146914    
   122.1606       92.42202       3.150283    
   127.1186       92.09407       3.150342    
   132.1048       91.90976       3.150345    
   137.1018       91.83113       3.150342    
   142.1004       91.85565       3.150345    
   147.0855       92.03337       3.150343    
   152.0289       92.41184       3.150348    
   156.9416       92.89931       3.150356    
   161.8866       93.26480       3.150366    
   166.8759       93.40413       3.150373    
   171.8755       93.40750       3.150380    
   176.8751       93.37640       3.150380    
   181.8749       93.36098       3.150379    
   186.8749       93.36044       3.150380    
   191.8749       93.36063       3.150382    
   196.8749       93.36064       3.150378    
   201.8749       93.36063       3.147894    
   206.8749       93.36054       3.133418    
   211.8749       93.36186       2.858224    
   216.8748       93.37454       2.780535    
   221.8745       93.40688       2.768607    
   226.8739       93.44470       2.767414    
   231.8736       93.44635       2.767124    
   236.8703       93.36582       2.767025    
   241.8605       93.20527       2.767510    
   246.8531       93.07835       2.770921    
   251.8497       93.10783       2.785544    
   256.8403       93.26490       2.818492    
   261.8292       93.43874       2.844627    
   266.8226       93.57047       2.858561    
   271.8200       93.65030       2.865092    
   276.8195       93.67554       2.885857    
   281.8193       93.65989       3.000310    
   286.8188       93.62345       3.074149    
   291.8181       93.57744       3.089716    
   296.8170       93.52392       3.094023    
   301.8156       93.46066       3.094685    
   306.8141       93.39973       3.094991    
   311.8136       93.37785       3.095156    
   316.8123       93.33959       3.095257    
   321.7794       93.08938       3.095309    
   326.7076       92.64779       3.095317    
   331.6619       92.49840       3.095305    
   336.6017       92.85643       3.095284    
   341.4941       93.39696       3.095260    
   346.3997       93.90244       3.095239    
   351.3318       94.33030       3.095244    
   356.3008       94.59869       3.095297    
   361.2956       94.70834       3.095403    
   366.2939       94.77627       3.095533    
   371.2916       94.85593       3.095661    
   376.2886       94.94642       3.095779    
   381.2849       95.04758       3.095880    
   386.2799       95.16358       3.095905    
   391.2732       95.29931       3.095862    
   396.2645       95.45317       3.095731    
   401.2549       95.61526       3.095209    
   406.2462       95.76926       3.091701    
   411.2407       95.89043       3.074761    
   416.2387       95.95733       3.051518    
   421.2385       95.97731       3.015100    
   426.2385       95.97943       2.976171    
   431.2385       95.98818       2.949139    
   436.2343       96.07135       2.924037    
   441.2233       96.24365       2.886554    
   446.2118       96.42047       2.812157    
   451.2035       96.57073       2.720814    
   456.1937       96.73344       2.499717    
   461.1783       96.93733       2.280775    
   466.1624       97.14609       2.122334    
   471.1551       97.27006       2.032933    
   476.1545       97.29897       1.979480    
   481.8401       97.30029       1.946757    
   489.3643       97.30029       1.930848    
   507.4286       97.30029       1.922977    
  -33.77417       84.70639       2.456467    
  -15.70986       84.70639       2.457199    
  -8.185690       84.70639       2.457777    
  -2.500000       84.70639       2.458416    
   2.481762       84.84047       2.459566    
   7.434425       85.14374       2.461403    
   12.38829       85.44250       2.464640    
   17.37068       85.59602       2.470243    
   22.36992       85.63330       2.481039    
   27.36889       85.67580       2.493299    
   32.36626       85.74669       2.507114    
   37.36148       85.84315       2.525130    
   42.35468       85.95895       2.543175    
   47.34677       86.08392       2.566032    
   52.33939       86.20448       2.601165    
   57.33461       86.30008       2.642314    
   62.33282       86.35486       2.702094    
   67.33237       86.35661       2.778844    
   72.33087       86.30669       2.876407    
   77.32610       86.21230       2.992466    
   82.31709       86.07966       3.107792    
   87.30524       85.92673       3.127451    
   92.29430       85.78013       3.136753    
   97.28818       85.67411       3.144646    
   102.2866       85.62716       3.149314    
   107.2863       85.60456       3.150326    
   112.2728       85.47575       3.150333    
   117.2255       85.17844       3.150331    
   122.1606       84.82110       3.150333    
   127.1186       84.54264       3.150340    
   132.1048       84.38613       3.150343    
   137.1018       84.31937       3.150344    
   142.1004       84.34019       3.150349    
   147.0855       84.49109       3.150349    
   152.0289       84.81246       3.150352    
   156.9416       85.22638       3.150358    
   161.8866       85.53673       3.150360    
   166.8759       85.65503       3.150362    
   171.8755       85.65790       3.150366    
   176.8751       85.63148       3.150369    
   181.8749       85.61840       3.150369    
   186.8749       85.61794       3.150369    
   191.8749       85.61810       3.150373    
   196.8749       85.61810       3.150373    
   201.8749       85.61810       3.150139    
   206.8749       85.61802       3.142447    
   211.8749       85.61914       2.884296    
   216.8748       85.62991       2.853941    
   221.8745       85.65736       2.850521    
   226.8739       85.68948       2.850113    
   231.8736       85.69088       2.850596    
   236.8703       85.62250       2.851102    
   241.8605       85.48617       2.851125    
   246.8531       85.37840       2.850747    
   251.8497       85.40344       2.851124    
   256.8403       85.53680       2.852426    
   261.8292       85.68442       2.856905    
   266.8226       85.79627       2.862186    
   271.8200       85.86406       2.866201    
   276.8195       85.88549       2.886510    
   281.8193       85.87220       3.001795    
   286.8188       85.84126       3.077350    
   291.8181       85.80219       3.092931    
   296.8170       85.75674       3.103213    
   301.8156       85.70303       3.112916    
   306.8141       85.65130       3.122552    
   311.8136       85.63272       3.130808    
   316.8123       85.60023       3.135076    
   321.7794       85.38776       3.136226    
   326.7076       85.01280       3.136657    
   331.6619       84.88596       3.136844    
   336.6017       85.18996       3.136931    
   341.4941       85.64894       3.136971    
   346.3997       86.07815       3.136992    
   351.3318       86.44146       3.137012    
   356.3008       86.66934       3.137046    
   361.2956       86.76245       3.137096    
   366.2939       86.82014       3.137152    
   371.2916       86.88777       3.137183    
   376.2886       86.96461       3.137171    
   381.2849       87.05051       3.137100    
   386.2799       87.14902       3.136801    
   391.2732       87.26426       3.135497    
   396.2645       87.39491       3.126330    
   401.2549       87.53254       3.109026    
   406.2462       87.66331       3.094438    
   411.2407       87.76619       3.076229    
   416.2387       87.82300       3.053277    
   421.2385       87.83997       3.016461    
   426.2385       87.84176       2.977278    
   431.2385       87.84920       2.950322    
   436.2343       87.91981       2.925237    
   441.2233       88.06612       2.887398    
   446.2118       88.21626       2.813179    
   451.2035       88.34385       2.722663    
   456.1937       88.48203       2.502600    
   461.1783       88.65514       2.282386    
   466.1624       88.83239       2.124899    
   471.1551       88.93765       2.036360    
   476.1545       88.96221       1.998979    
   481.8401       88.96335       1.963442    
   489.3643       88.96335       1.939383    
   507.4286       88.96335       1.925549    
  -33.77417       75.60016       2.458343    
  -15.70986       75.60016       2.459453    
  -8.185690       75.60016       2.460120    
  -2.500000       75.60016       2.461504    
   2.481762       75.70561       2.462932    
   7.434425       75.94414       2.464840    
   12.38829       76.17914       2.467972    
   17.37068       76.29989       2.472610    
   22.36992       76.32921       2.482864    
   27.36889       76.36263       2.495348    
   32.36626       76.41840       2.509322    
   37.36148       76.49427       2.528136    
   42.35468       76.58534       2.546667    
   47.34677       76.68364       2.569468    
   52.33939       76.77846       2.604927    
   57.33461       76.85366       2.644941    
   62.33282       76.89674       2.704806    
   67.33237       76.89812       2.780200    
   72.33087       76.85886       2.878335    
   77.32610       76.78461       2.996117    
   82.31709       76.68029       3.143153    
   87.30524       76.56001       3.148458    
   92.29430       76.44469       3.150090    
   97.28818       76.36131       3.150306    
   102.2866       76.32438       3.150309    
   107.2863       76.30660       3.150317    
   112.2728       76.20528       3.150322    
   117.2255       75.97144       3.150322    
   122.1606       75.69038       3.150327    
   127.1186       75.47135       3.150334    
   132.1048       75.34826       3.150339    
   137.1018       75.29574       3.150341    
   142.1004       75.31212       3.150347    
   147.0855       75.43081       3.150352    
   152.0289       75.68358       3.150354    
   156.9416       76.00915       3.150357    
   161.8866       76.25325       3.150358    
   166.8759       76.34630       3.150357    
   171.8755       76.34855       3.150357    
   176.8751       76.32778       3.150358    
   181.8749       76.31749       3.150358    
   186.8749       76.31712       3.150360    
   191.8749       76.31725       3.150365    
   196.8749       76.31725       3.150367    
   201.8749       76.31725       3.150366    
   206.8749       76.31718       3.147053    
   211.8749       76.31807       2.890876    
   216.8748       76.32654       2.865169    
   221.8745       76.34814       2.858419    
   226.8739       76.37340       2.857585    
   231.8736       76.37450       2.858083    
   236.8703       76.32071       2.858236    
   241.8605       76.21349       2.858144    
   246.8531       76.12872       2.858333    
   251.8497       76.14841       2.858793    
   256.8403       76.25331       2.859572    
   261.8292       76.36942       2.861091    
   266.8226       76.45739       2.863340    
   271.8200       76.51070       2.866611    
   276.8195       76.52757       2.886697    
   281.8193       76.51711       3.002013    
   286.8188       76.49277       3.077641    
   291.8181       76.46204       3.093242    
   296.8170       76.42630       3.103627    
   301.8156       76.38405       3.113518    
   306.8141       76.34336       3.123448    
   311.8136       76.32875       3.132228    
   316.8123       76.30320       3.137753    
   321.7794       76.13609       3.138026    
   326.7076       75.84116       3.138031    
   331.6619       75.74139       3.138028    
   336.6017       75.98050       3.138022    
   341.4941       76.34151       3.138017    
   346.3997       76.67910       3.138006    
   351.3318       76.96486       3.137991    
   356.3008       77.14410       3.137975    
   361.2956       77.21733       3.137963    
   366.2939       77.26270       3.137953    
   371.2916       77.31591       3.137940    
   376.2886       77.37634       3.137927    
   381.2849       77.44391       3.137923    
   386.2799       77.52139       3.137916    
   391.2732       77.61202       3.136543    
   396.2645       77.71479       3.126802    
   401.2549       77.82304       3.109352    
   406.2462       77.92590       3.094692    
   411.2407       78.00681       3.076466    
   416.2387       78.05150       3.053616    
   421.2385       78.06484       3.016815    
   426.2385       78.06626       2.977679    
   431.2385       78.07211       2.950791    
   436.2343       78.12765       2.925804    
   441.2233       78.24273       2.887988    
   446.2118       78.36082       2.814034    
   451.2035       78.46117       2.723913    
   456.1937       78.56985       2.504764    
   461.1783       78.70601       2.283991    
   466.1624       78.84543       2.127367    
   471.1551       78.92822       2.039135    
   476.1545       78.94754       2.009629    
   481.8401       78.94843       1.989851    
   489.3643       78.94843       1.960359    
   507.4286       78.94843       1.927120    
  -33.77417       56.32260       2.461497    
  -15.70986       56.32260       2.462896    
  -8.185690       56.32260       2.463944    
  -2.500000       56.32260       2.465182    
   2.481762       56.36747       2.466697    
   7.434425       56.46896       2.468596    
   12.38829       56.56895       2.471697    
   17.37068       56.62033       2.476187    
   22.36992       56.63280       2.485493    
   27.36889       56.64702       2.498164    
   32.36626       56.67075       2.512316    
   37.36148       56.70303       2.530785    
   42.35468       56.74178       2.549223    
   47.34677       56.78361       2.571980    
   52.33939       56.82395       2.607261    
   57.33461       56.85595       2.647123    
   62.33282       56.87428       2.706900    
   67.33237       56.87487       2.782183    
   72.33087       56.85816       2.880513    
   77.32610       56.82657       2.998887    
   82.31709       56.78218       3.150272    
   87.30524       56.73100       3.150286    
   92.29430       56.68194       3.150292    
   97.28818       56.64646       3.150299    
   102.2866       56.63075       3.150303    
   107.2863       56.62318       3.150305    
   112.2728       56.58007       3.150310    
   117.2255       56.48058       3.150316    
   122.1606       56.36099       3.150321    
   127.1186       56.26780       3.150325    
   132.1048       56.21542       3.150334    
   137.1018       56.19307       3.150343    
   142.1004       56.20005       3.150351    
   147.0855       56.25055       3.150357    
   152.0289       56.35809       3.150359    
   156.9416       56.49662       3.150359    
   161.8866       56.60048       3.150358    
   166.8759       56.64007       3.150357    
   171.8755       56.64103       3.150355    
   176.8751       56.63219       3.150353    
   181.8749       56.62782       3.150354    
   186.8749       56.62766       3.150357    
   191.8749       56.62771       3.150362    
   196.8749       56.62772       3.150363    
   201.8749       56.62771       3.150360    
   206.8749       56.62769       3.148623    
   211.8749       56.62806       2.893553    
   216.8748       56.63167       2.868709    
   221.8745       56.64086       2.862557    
   226.8739       56.65160       2.861825    
   231.8736       56.65207       2.862406    
   236.8703       56.62919       2.863177    
   241.8605       56.58356       2.863382    
   246.8531       56.54750       2.863329    
   251.8497       56.55588       2.863374    
   256.8403       56.60051       2.863383    
   261.8292       56.64991       2.863685    
   266.8226       56.68734       2.864599    
   271.8200       56.71003       2.867284    
   276.8195       56.71720       2.886979    
   281.8193       56.71275       3.002144    
   286.8188       56.70240       3.077679    
   291.8181       56.68932       3.093241    
   296.8170       56.67411       3.103624    
   301.8156       56.65614       3.113546    
   306.8141       56.63882       3.123528    
   311.8136       56.63261       3.132390    
   316.8123       56.62173       3.138010    
   321.7794       56.55063       3.138025    
   326.7076       56.42514       3.138033    
   331.6619       56.38269       3.138037    
   336.6017       56.48443       3.138035    
   341.4941       56.63803       3.138029    
   346.3997       56.78168       3.138021    
   351.3318       56.90327       3.138008    
   356.3008       56.97953       3.137991    
   361.2956       57.01069       3.137974    
   366.2939       57.02999       3.137960    
   371.2916       57.05263       3.137949    
   376.2886       57.07835       3.137941    
   381.2849       57.10709       3.137934    
   386.2799       57.14006       3.137926    
   391.2732       57.17862       3.136486    
   396.2645       57.22235       3.126690    
   401.2549       57.26841       3.109224    
   406.2462       57.31217       3.094571    
   411.2407       57.34660       3.076394    
   416.2387       57.36561       3.053663    
   421.2385       57.37129       3.016990    
   426.2385       57.37189       2.978029    
   431.2385       57.37438       2.951365    
   436.2343       57.39801       2.926689    
   441.2233       57.44698       2.889179    
   446.2118       57.49723       2.815582    
   451.2035       57.53992       2.725788    
   456.1937       57.58617       2.507484    
   461.1783       57.64410       2.287122    
   466.1624       57.70342       2.131723    
   471.1551       57.73865       2.044974    
   476.1545       57.74687       2.022889    
   481.8401       57.74725       2.019174    
   489.3643       57.74725       2.018311    
   507.4286       57.74725       1.978758    
