        1545
  -33.77417       136.6885       1.697778    
  -15.70986       136.6885       1.692343    
  -8.185690       136.6885       1.486427    
  -2.500000       136.6885       1.468724    
   2.481762       136.9860       1.382247    
   7.434425       137.6588       1.260152    
   12.38829       138.3216       1.266828    
   17.37068       138.6622       1.265913    
   22.36992       138.7449       1.254041    
   27.36889       138.8391       1.252809    
   32.36626       138.9964       1.252354    
   37.36148       139.2104       1.241982    
   42.35468       139.4673       1.225947    
   47.34677       139.7446       1.235802    
   52.33939       140.0120       1.245378    
   57.33461       140.2241       1.241764    
   62.33282       140.3456       1.245923    
   67.33237       140.3495       1.247425    
   72.33087       140.2388       1.279598    
   77.32610       140.0294       1.279789    
   82.31709       139.7351       1.279814    
   87.30524       139.3958       1.277266    
   92.29430       139.0706       1.277193    
   97.28818       138.8354       1.277123    
   102.2866       138.7312       1.272160    
   107.2863       138.6811       1.272100    
   112.2728       138.3953       1.295256    
   117.2255       137.7357       1.269492    
   122.1606       136.9430       1.269415    
   127.1186       136.3252       1.403916    
   132.1048       135.9780       1.244611    
   137.1018       135.8299       1.244610    
   142.1004       135.8761       1.244614    
   147.0855       136.2108       1.383227    
   152.0289       136.9238       1.366041    
   156.9416       137.8421       1.391670    
   161.8866       138.5306       1.409038    
   166.8759       138.7930       1.347362    
   171.8755       138.7994       1.347321    
   176.8751       138.7408       1.347528    
   181.8749       138.7118       1.348521    
   186.8749       138.7108       1.351533    
   191.8749       138.7111       1.355369    
   196.8749       138.7112       1.384135    
   201.8749       138.7111       1.384175    
   206.8749       138.7109       1.384136    
   211.8749       138.7134       1.358517    
   216.8748       138.7373       1.305744    
   221.8745       138.7983       1.274445    
   226.8739       138.8695       1.274456    
   231.8736       138.8726       1.274505    
   236.8703       138.7209       1.274526    
   241.8605       138.4185       1.284846    
   246.8531       138.1794       1.284047    
   251.8497       138.2349       1.281548    
   256.8403       138.5308       1.281584    
   261.8292       138.8582       1.315061    
   266.8226       139.1064       1.315081    
   271.8200       139.2568       1.315198    
   276.8195       139.3043       1.359355    
   281.8193       139.2749       1.359353    
   286.8188       139.2062       1.335136    
   291.8181       139.1195       1.336573    
   296.8170       139.0187       1.336601    
   301.8156       138.8996       1.336622    
   306.8141       138.7848       1.336646    
   311.8136       138.7435       1.337052    
   316.8123       138.6715       1.309379    
   321.7794       138.2001       1.309335    
   326.7076       137.3683       1.311901    
   331.6619       137.0869       1.371691    
   336.6017       137.7613       1.358588    
   341.4941       138.7795       1.321825    
   346.3997       139.7317       1.321607    
   351.3318       140.5377       1.329012    
   356.3008       141.0433       1.334138    
   361.2956       141.2499       1.347613    
   366.2939       141.3779       1.400880    
   371.2916       141.5279       1.296175    
   376.2886       141.6984       1.236749    
   381.2849       141.8889       1.235005    
   386.2799       142.1075       1.206034    
   391.2732       142.3631       1.205954    
   396.2645       142.6530       1.204756    
   401.2549       142.9583       1.204030    
   406.2462       143.2484       1.203170    
   411.2407       143.4767       1.202962    
   416.2387       143.6027       1.202513    
   421.2385       143.6403       1.202440    
   426.2385       143.6443       1.202408    
   431.2385       143.6608       1.193815    
   436.2343       143.8174       1.193777    
   441.2233       144.1421       1.193757    
   446.2118       144.4751       1.203951    
   451.2035       144.7582       1.205046    
   456.1937       145.0647       1.225274    
   461.1783       145.4488       1.520974    
   466.1624       145.8420       1.520998    
   471.1551       146.0755       1.521022    
   476.1545       146.1300       1.521738    
   481.8401       146.1326       1.521774    
   489.3643       146.1326       1.521798    
   507.4286       146.1326       1.521823    
  -33.77417       134.0858       1.697778    
  -15.70986       134.0858       1.692361    
  -8.185690       134.0858       1.486430    
  -2.500000       134.0858       1.260132    
   2.481762       134.3752       1.260128    
   7.434425       135.0294       1.260136    
   12.38829       135.6740       1.260128    
   17.37068       136.0052       1.139327    
   22.36992       136.0857       1.142919    
   27.36889       136.1774       1.143084    
   32.36626       136.3303       1.143218    
   37.36148       136.5384       1.143326    
   42.35468       136.7882       1.160316    
   47.34677       137.0579       1.144084    
   52.33939       137.3180       1.144029    
   57.33461       137.5242       1.143986    
   62.33282       137.6424       1.143990    
   67.33237       137.6462       1.143998    
   72.33087       137.5385       1.143945    
   77.32610       137.3349       1.143949    
   82.31709       137.0487       1.127536    
   87.30524       136.7188       1.154216    
   92.29430       136.4025       1.149311    
   97.28818       136.1738       1.115548    
   102.2866       136.0724       1.108214    
   107.2863       136.0237       1.269924    
   112.2728       135.7457       1.149063    
   117.2255       135.1043       1.149161    
   122.1606       134.3334       1.149219    
   127.1186       133.7326       1.149275    
   132.1048       133.3949       1.149372    
   137.1018       133.2509       1.158072    
   142.1004       133.2958       1.158717    
   147.0855       133.6214       1.159740    
   152.0289       134.3147       1.159725    
   156.9416       135.2077       1.159290    
   161.8866       135.8773       1.156372    
   166.8759       136.1325       1.187299    
   171.8755       136.1387      0.9278113    
   176.8751       136.0817      0.9054375    
   181.8749       136.0535      0.9209495    
   186.8749       136.0525      0.9217606    
   191.8749       136.0529      0.9356912    
   196.8749       136.0529       1.059435    
   201.8749       136.0529       1.091067    
   206.8749       136.0527       1.091077    
   211.8749       136.0551       1.090897    
   216.8748       136.0783       1.110672    
   221.8745       136.1376       1.110657    
   226.8739       136.2069       1.110712    
   231.8736       136.2099       1.110915    
   236.8703       136.0623       1.110924    
   241.8605       135.7682       1.058400    
   246.8531       135.5358       1.058454    
   251.8497       135.5898       1.058432    
   256.8403       135.8775       1.086278    
   261.8292       136.1960       1.086264    
   266.8226       136.4373       1.139188    
   271.8200       136.5835       1.138869    
   276.8195       136.6297      0.9621942    
   281.8193       136.6011      0.9621498    
   286.8188       136.5343      0.9620069    
   291.8181       136.4500      0.9578320    
   296.8170       136.3520      0.9577596    
   301.8156       136.2361      0.9577096    
   306.8141       136.1245      0.9576975    
   311.8136       136.0844      0.9389412    
   316.8123       136.0143       1.151844    
   321.7794       135.5559       1.151841    
   326.7076       134.7469       1.311875    
   331.6619       134.4733       1.075494    
   336.6017       135.1292      0.9792352    
   341.4941       136.1194      0.9903013    
   346.3997       137.0454      0.9902989    
   351.3318       137.8293      0.9903535    
   356.3008       138.3209      0.9903271    
   361.2956       138.5218      0.9903132    
   366.2939       138.6463      0.9439001    
   371.2916       138.7922      0.9788906    
   376.2886       138.9579       1.203348    
   381.2849       139.1433       1.196858    
   386.2799       139.3558       1.218973    
   391.2732       139.6044       1.205117    
   396.2645       139.8863       1.205118    
   401.2549       140.1832       1.204086    
   406.2462       140.4654       1.187112    
   411.2407       140.6873       1.187086    
   416.2387       140.8099       1.187048    
   421.2385       140.8465       1.186650    
   426.2385       140.8504       1.184234    
   431.2385       140.8664       1.192373    
   436.2343       141.0188       1.192464    
   441.2233       141.3345       1.192446    
   446.2118       141.6584       1.192413    
   451.2035       141.9337       1.192406    
   456.1937       142.2318       1.225267    
   461.1783       142.6053       1.045064    
   466.1624       142.9877       1.411041    
   471.1551       143.2148       1.521033    
   476.1545       143.2677       1.521758    
   481.8401       143.2702       1.521780    
   489.3643       143.2702       1.521811    
   507.4286       143.2702       1.521828    
  -33.77417       131.3152       1.697774    
  -15.70986       131.3152       1.692369    
  -8.185690       131.3152       1.495251    
  -2.500000       131.3152       1.260129    
   2.481762       131.5958       1.260126    
   7.434425       132.2304       1.260104    
   12.38829       132.8556       1.139377    
   17.37068       133.1768       1.139371    
   22.36992       133.2549       1.139372    
   27.36889       133.3438       1.168795    
   32.36626       133.4921       1.168807    
   37.36148       133.6940       1.168823    
   42.35468       133.9363       1.168820    
   47.34677       134.1978       1.144088    
   52.33939       134.4500       1.144026    
   57.33461       134.6501       1.137640    
   62.33282       134.7647       1.143913    
   67.33237       134.7684       1.143941    
   72.33087       134.6640       1.143935    
   77.32610       134.4664       1.144146    
   82.31709       134.1889       1.144199    
   87.30524       133.8689       1.144246    
   92.29430       133.5621       1.144985    
   97.28818       133.3403       1.144261    
   102.2866       133.2420       1.144219    
   107.2863       133.1947       1.148909    
   112.2728       132.9252       1.148962    
   117.2255       132.3031       1.152942    
   122.1606       131.5553       1.152959    
   127.1186       130.9726       1.152957    
   132.1048       130.6451       1.152928    
   137.1018       130.5054       1.160043    
   142.1004       130.5490       1.160044    
   147.0855       130.8647       1.159516    
   152.0289       131.5372       1.159510    
   156.9416       132.4034       1.159520    
   161.8866       133.0527       1.057959    
   166.8759       133.3003       1.057944    
   171.8755       133.3063       1.651501    
   176.8751       133.2510       1.651504    
   181.8749       133.2236       1.651501    
   186.8749       133.2227       1.651496    
   191.8749       133.2231       1.651482    
   196.8749       133.2231       1.134269    
   201.8749       133.2231       1.134260    
   206.8749       133.2229       1.134057    
   211.8749       133.2252       1.110169    
   216.8748       133.2477       1.110666    
   221.8745       133.3052       1.110648    
   226.8739       133.3724       1.110676    
   231.8736       133.3753       1.111004    
   236.8703       133.2322       1.111074    
   241.8605       132.9470       1.122689    
   246.8531       132.7215       1.121999    
   251.8497       132.7738       1.122006    
   256.8403       133.0529       1.121975    
   261.8292       133.3618       1.088721    
   266.8226       133.5959       1.088784    
   271.8200       133.7377       1.138842    
   276.8195       133.7825       1.519610    
   281.8193       133.7548       1.519628    
   286.8188       133.6900       1.519624    
   291.8181       133.6082       1.519623    
   296.8170       133.5132       1.519632    
   301.8156       133.4008       1.519660    
   306.8141       133.2925       1.519675    
   311.8136       133.2536       1.486807    
   316.8123       133.1856       1.151841    
   321.7794       132.7410       1.165248    
   326.7076       131.9564       1.580107    
   331.6619       131.6910       1.580097    
   336.6017       132.3271       1.573145    
   341.4941       133.2876       1.537265    
   346.3997       134.1857       1.375715    
   351.3318       134.9460       1.375721    
   356.3008       135.4228       1.480849    
   361.2956       135.6176       1.480852    
   366.2939       135.7384       1.480389    
   371.2916       135.8799       1.480386    
   376.2886       136.0407       1.204982    
   381.2849       136.2204       1.205051    
   386.2799       136.4265       1.205069    
   391.2732       136.6677       1.205084    
   396.2645       136.9411       1.223002    
   401.2549       137.2291       1.222993    
   406.2462       137.5027       1.223096    
   411.2407       137.7180       1.223114    
   416.2387       137.8369       1.223121    
   421.2385       137.8724       1.223101    
   426.2385       137.8761       1.223306    
   431.2385       137.8917       1.223389    
   436.2343       138.0394       1.223402    
   441.2233       138.3456       1.225185    
   446.2118       138.6598       1.225195    
   451.2035       138.9268       1.225207    
   456.1937       139.2159       1.225228    
   461.1783       139.5782       1.045065    
   466.1624       139.9491       1.410821    
   471.1551       140.1694       1.521037    
   476.1545       140.2207       1.521768    
   481.8401       140.2231       1.521890    
   489.3643       140.2231       1.521879    
   507.4286       140.2231       1.521871    
  -33.77417       128.3538       1.697779    
  -15.70986       128.3538       1.692383    
  -8.185690       128.3538       1.495255    
  -2.500000       128.3538       1.282769    
   2.481762       128.6251       1.282654    
   7.434425       129.2386       1.236027    
   12.38829       129.8431       1.235989    
   17.37068       130.1537       1.235941    
   22.36992       130.2291       1.235916    
   27.36889       130.3151       1.235898    
   32.36626       130.4585       1.235885    
   37.36148       130.6536       1.234406    
   42.35468       130.8879       1.168833    
   47.34677       131.1408       1.138014    
   52.33939       131.3846       1.137975    
   57.33461       131.5780       1.137976    
   62.33282       131.6889       1.247230    
   67.33237       131.6924       1.247259    
   72.33087       131.5914       1.247280    
   77.32610       131.4005       1.521085    
   82.31709       131.1322       1.521084    
   87.30524       130.8228       1.200518    
   92.29430       130.5262       1.144329    
   97.28818       130.3116       1.144301    
   102.2866       130.2167       1.144277    
   107.2863       130.1709       1.147610    
   112.2728       129.9104      0.8999636    
   117.2255       129.3089       1.804018    
   122.1606       128.5859       1.807148    
   127.1186       128.0226       1.807146    
   132.1048       127.7059       1.809949    
   137.1018       127.5708       2.636031    
   142.1004       127.6130       2.636040    
   147.0855       127.9183       2.643586    
   152.0289       128.5684       2.644422    
   156.9416       129.4059       2.650349    
   161.8866       130.0337       2.690062    
   166.8759       130.2731       2.690075    
   171.8755       130.2789       2.690079    
   176.8751       130.2254       2.593327    
   181.8749       130.1989       2.593323    
   186.8749       130.1980       2.593324    
   191.8749       130.1983       2.593323    
   196.8749       130.1983       2.593339    
   201.8749       130.1983       2.593382    
   206.8749       130.1982       2.592585    
   211.8749       130.2005       2.518860    
   216.8748       130.2222       1.694766    
   221.8745       130.2778       1.692928    
   226.8739       130.3428       1.367739    
   231.8736       130.3456       1.569527    
   236.8703       130.2072       1.569529    
   241.8605       129.9314       1.569703    
   246.8531       129.7134       1.569671    
   251.8497       129.7641       1.570960    
   256.8403       130.0339       1.570944    
   261.8292       130.3325       1.570835    
   266.8226       130.5588       1.570819    
   271.8200       130.6960       2.131839    
   276.8195       130.7393       2.130349    
   281.8193       130.7124       2.129884    
   286.8188       130.6498       2.129884    
   291.8181       130.5708       2.129876    
   296.8170       130.4788       2.129872    
   301.8156       130.3701       2.125972    
   306.8141       130.2655       2.125890    
   311.8136       130.2279       2.125891    
   316.8123       130.1622       2.470156    
   321.7794       129.7323       2.470102    
   326.7076       128.9738       1.988996    
   331.6619       128.7171       1.988995    
   336.6017       129.3322       2.362092    
   341.4941       130.2607       2.361908    
   346.3997       131.1291       1.982396    
   351.3318       131.8641       1.982329    
   356.3008       132.3251       1.982583    
   361.2956       132.5135       1.982603    
   366.2939       132.6302       1.982615    
   371.2916       132.7671       1.982633    
   376.2886       132.9225       1.982635    
   381.2849       133.0963       1.982728    
   386.2799       133.2955       2.110725    
   391.2732       133.5287       2.110730    
   396.2645       133.7930       2.110760    
   401.2549       134.0715       2.110766    
   406.2462       134.3360       1.329970    
   411.2407       134.5442       1.330065    
   416.2387       134.6591       1.330088    
   421.2385       134.6935       1.330088    
   426.2385       134.6971       1.330088    
   431.2385       134.7121       1.330078    
   436.2343       134.8550       1.330063    
   441.2233       135.1510       1.330381    
   446.2118       135.4547       1.330936    
   451.2035       135.7129       1.332169    
   456.1937       135.9924       1.332194    
   461.1783       136.3427       1.332710    
   466.1624       136.7012       1.410794    
   471.1551       136.9142       1.521045    
   476.1545       136.9639       1.521777    
   481.8401       136.9662       1.521942    
   489.3643       136.9662       1.521944    
   507.4286       136.9662       1.521967    
  -33.77417       125.1739       1.698006    
  -15.70986       125.1739       1.696601    
  -8.185690       125.1739       1.673045    
  -2.500000       125.1739       1.594290    
   2.481762       125.4352       1.593687    
   7.434425       126.0261       1.593641    
   12.38829       126.6083       1.593599    
   17.37068       126.9075       1.592531    
   22.36992       126.9801       1.590144    
   27.36889       127.0629       1.407009    
   32.36626       127.2010       1.407015    
   37.36148       127.3890       1.407033    
   42.35468       127.6146       1.407038    
   47.34677       127.8582       1.407043    
   52.33939       128.0931       1.407047    
   57.33461       128.2793       1.407066    
   62.33282       128.3861       1.814857    
   67.33237       128.3895       1.846585    
   72.33087       128.2923       1.846705    
   77.32610       128.1083       1.846704    
   82.31709       127.8499       1.846702    
   87.30524       127.5519       1.847240    
   92.29430       127.2662       1.847599    
   97.28818       127.0596       1.847585    
   102.2866       126.9681       1.847565    
   107.2863       126.9241       1.847508    
   112.2728       126.6731       1.847452    
   117.2255       126.0938       1.849013    
   122.1606       125.3975       2.594523    
   127.1186       124.8549       2.594542    
   132.1048       124.5499       2.752867    
   137.1018       124.4198       2.758749    
   142.1004       124.4603       2.758579    
   147.0855       124.7544       2.755380    
   152.0289       125.3806       2.755307    
   156.9416       126.1872       2.755299    
   161.8866       126.7919       2.755306    
   166.8759       127.0225       2.755442    
   171.8755       127.0280       3.139485    
   176.8751       126.9765       3.154795    
   181.8749       126.9510       3.156348    
   186.8749       126.9501       3.156286    
   191.8749       126.9505       3.156297    
   196.8749       126.9505       3.156304    
   201.8749       126.9505       3.156303    
   206.8749       126.9503       3.146264    
   211.8749       126.9525       2.661324    
   216.8748       126.9735       2.590444    
   221.8745       127.0270       1.971722    
   226.8739       127.0896       1.971811    
   231.8736       127.0923       2.192754    
   236.8703       126.9591       1.953520    
   241.8605       126.6934       1.953531    
   246.8531       126.4834       1.953539    
   251.8497       126.5322       1.953534    
   256.8403       126.7921       1.953532    
   261.8292       127.0797       1.953534    
   266.8226       127.2977       1.953550    
   271.8200       127.4297       2.189986    
   276.8195       127.4715       2.192382    
   281.8193       127.4456       2.192374    
   286.8188       127.3853       2.192363    
   291.8181       127.3092       2.192328    
   296.8170       127.2206       2.192326    
   301.8156       127.1160       2.192436    
   306.8141       127.0152       2.192469    
   311.8136       126.9790       2.192474    
   316.8123       126.9157       2.474964    
   321.7794       126.5017       2.474982    
   326.7076       125.7710       2.474683    
   331.6619       125.5238       2.474674    
   336.6017       126.1162       2.463623    
   341.4941       127.0106       2.463548    
   346.3997       127.8469       2.291123    
   351.3318       128.5549       2.290047    
   356.3008       128.9989       2.290050    
   361.2956       129.1804       2.290099    
   366.2939       129.2928       2.290166    
   371.2916       129.4245       2.290216    
   376.2886       129.5742       2.290269    
   381.2849       129.7417       2.290313    
   386.2799       129.9336       2.442749    
   391.2732       130.1582       2.443040    
   396.2645       130.4128       2.443049    
   401.2549       130.6809       2.443049    
   406.2462       130.9357       1.999717    
   411.2407       131.1362       1.999695    
   416.2387       131.2469       1.999664    
   421.2385       131.2800       1.999619    
   426.2385       131.2835       1.999592    
   431.2385       131.2979       1.999564    
   436.2343       131.4355       1.999537    
   441.2233       131.7207       1.999523    
   446.2118       132.0132       1.999501    
   451.2035       132.2618       1.999692    
   456.1937       132.5311       1.638710    
   461.1783       132.8684       1.638703    
   466.1624       133.2138       1.638700    
   471.1551       133.4189       1.638703    
   476.1545       133.4668       1.638699    
   481.8401       133.4690       1.638673    
   489.3643       133.4690       1.638656    
   507.4286       133.4690       1.638669    
  -33.77417       121.7413       1.756331    
  -15.70986       121.7413       1.756330    
  -8.185690       121.7413       1.756364    
  -2.500000       121.7413       1.756368    
   2.481762       121.9919       1.756371    
   7.434425       122.5584       1.756394    
   12.38829       123.1165       1.756425    
   17.37068       123.4034       1.756464    
   22.36992       123.4730       1.756490    
   27.36889       123.5524       1.756529    
   32.36626       123.6848       1.756547    
   37.36148       123.8650       1.756552    
   42.35468       124.0813       1.756526    
   47.34677       124.3148       1.756528    
   52.33939       124.5400       1.756501    
   57.33461       124.7186       1.756469    
   62.33282       124.8209       1.814856    
   67.33237       124.8242       1.896924    
   72.33087       124.7309       2.124092    
   77.32610       124.5546       2.124475    
   82.31709       124.3068       2.124474    
   87.30524       124.0211       2.124449    
   92.29430       123.7473       2.124444    
   97.28818       123.5492       2.124462    
   102.2866       123.4615       2.124528    
   107.2863       123.4193       2.124582    
   112.2728       123.1786       2.131042    
   117.2255       122.6232       2.656461    
   122.1606       121.9557       2.758742    
   127.1186       121.4355       2.758751    
   132.1048       121.1431       2.758761    
   137.1018       121.0183       2.759015    
   142.1004       121.0573       2.763583    
   147.0855       121.3392       2.918269    
   152.0289       121.9395       2.922819    
   156.9416       122.7128       2.922821    
   161.8866       123.2925       2.922816    
   166.8759       123.5135       2.922799    
   171.8755       123.5189       3.142064    
   176.8751       123.4696       3.157847    
   181.8749       123.4451       3.159518    
   186.8749       123.4443       3.159849    
   191.8749       123.4446       3.159852    
   196.8749       123.4446       3.159684    
   201.8749       123.4446       3.156321    
   206.8749       123.4444       3.151458    
   211.8749       123.4465       2.268633    
   216.8748       123.4666       1.619820    
   221.8745       123.5179       1.971919    
   226.8739       123.5779       1.971955    
   231.8736       123.5806       2.192626    
   236.8703       123.4528       2.471719    
   241.8605       123.1981       2.471716    
   246.8531       122.9968       2.471739    
   251.8497       123.0435       2.471755    
   256.8403       123.2927       2.471779    
   261.8292       123.5684       2.471819    
   266.8226       123.7774       2.472371    
   271.8200       123.9041       2.477461    
   276.8195       123.9441       2.477614    
   281.8193       123.9193       2.477712    
   286.8188       123.8614       2.477720    
   291.8181       123.7885       2.477697    
   296.8170       123.7036       2.476979    
   301.8156       123.6032       2.475092    
   306.8141       123.5066       2.475075    
   311.8136       123.4719       2.475068    
   316.8123       123.4112       2.475064    
   321.7794       123.0143       2.475033    
   326.7076       122.3138       2.474933    
   331.6619       122.0768       2.474930    
   336.6017       122.6448       2.471788    
   341.4941       123.5022       2.454041    
   346.3997       124.3040       2.293252    
   351.3318       124.9827       2.293248    
   356.3008       125.4084       2.293241    
   361.2956       125.5824       2.290632    
   366.2939       125.6901       2.290243    
   371.2916       125.8165       2.290241    
   376.2886       125.9600       2.290267    
   381.2849       126.1205       2.290377    
   386.2799       126.3045       2.442754    
   391.2732       126.5198       2.443027    
   396.2645       126.7639       2.443032    
   401.2549       127.0210       2.443683    
   406.2462       127.2653       2.451336    
   411.2407       127.4575       2.451396    
   416.2387       127.5636       2.451413    
   421.2385       127.5953       2.451420    
   426.2385       127.5986       2.451429    
   431.2385       127.6125       2.451436    
   436.2343       127.7445       2.451428    
   441.2233       128.0178       2.451435    
   446.2118       128.2982       2.750132    
   451.2035       128.5366       2.757334    
   456.1937       128.7948       2.046204    
   461.1783       129.1181       1.945041    
   466.1624       129.4493       1.944930    
   471.1551       129.6459       1.944912    
   476.1545       129.6918       1.944899    
   481.8401       129.6939       1.944901    
   489.3643       129.6939       1.944920    
   507.4286       129.6939       1.944923    
  -33.77417       118.0135       1.958652    
  -15.70986       118.0135       1.958625    
  -8.185690       118.0135       1.958697    
  -2.500000       118.0135       1.958711    
   2.481762       118.2522       1.958711    
   7.434425       118.7923       1.955737    
   12.38829       119.3243       1.946594    
   17.37068       119.5977       1.946483    
   22.36992       119.6640       1.946467    
   27.36889       119.7397       1.946435    
   32.36626       119.8660       1.946404    
   37.36148       120.0378       1.946386    
   42.35468       120.2439       1.946380    
   47.34677       120.4665       1.946371    
   52.33939       120.6811       1.946362    
   57.33461       120.8514       1.947041    
   62.33282       120.9489       2.355336    
   67.33237       120.9520       2.438700    
   72.33087       120.8632       2.439096    
   77.32610       120.6951       2.439135    
   82.31709       120.4589       2.439139    
   87.30524       120.1866       2.439189    
   92.29430       119.9255       2.439228    
   97.28818       119.7367       2.439216    
   102.2866       119.6531       2.439247    
   107.2863       119.6129       2.449557    
   112.2728       119.3835       2.825044    
   117.2255       118.8540       2.986144    
   122.1606       118.2177       3.135079    
   127.1186       117.7218       3.149841    
   132.1048       117.4431       3.149542    
   137.1018       117.3242       3.149665    
   142.1004       117.3613       3.149647    
   147.0855       117.6301       3.149613    
   152.0289       118.2023       3.149598    
   156.9416       118.9394       3.149535    
   161.8866       119.4921       3.149434    
   166.8759       119.7027       3.149460    
   171.8755       119.7078       3.154395    
   176.8751       119.6608       3.157804    
   181.8749       119.6375       3.158003    
   186.8749       119.6367       3.158007    
   191.8749       119.6370       3.158001    
   196.8749       119.6370       3.157993    
   201.8749       119.6370       3.152274    
   206.8749       119.6368       3.150337    
   211.8749       119.6388       2.268162    
   216.8748       119.6580       1.619643    
   221.8745       119.7069       1.437696    
   226.8739       119.7641       1.437678    
   231.8736       119.7666       1.439216    
   236.8703       119.6448       2.464821    
   241.8605       119.4020       2.470555    
   246.8531       119.2101       2.471141    
   251.8497       119.2547       2.471262    
   256.8403       119.4922       2.471493    
   261.8292       119.7551       2.471883    
   266.8226       119.9542       2.472410    
   271.8200       120.0750       2.477552    
   276.8195       120.1131       2.477633    
   281.8193       120.0895       2.477731    
   286.8188       120.0343       2.477745    
   291.8181       119.9648       2.477746    
   296.8170       119.8839       2.477769    
   301.8156       119.7882       2.477766    
   306.8141       119.6961       2.477780    
   311.8136       119.6630       2.477807    
   316.8123       119.6051       2.477837    
   321.7794       119.2268       2.477867    
   326.7076       118.5591       2.477883    
   331.6619       118.3332       2.477892    
   336.6017       118.8746       2.477929    
   341.4941       119.6919       2.478149    
   346.3997       120.4562       2.478492    
   351.3318       121.1031       2.478509    
   356.3008       121.5089       2.478531    
   361.2956       121.6748       2.478555    
   366.2939       121.7775       2.478568    
   371.2916       121.8979       2.478580    
   376.2886       122.0348       2.478624    
   381.2849       122.1877       2.479645    
   386.2799       122.3631       2.713465    
   391.2732       122.5684       2.713531    
   396.2645       122.8010       2.713531    
   401.2549       123.0461       2.713525    
   406.2462       123.2790       2.713522    
   411.2407       123.4621       2.713531    
   416.2387       123.5633       2.713552    
   421.2385       123.5935       2.713586    
   426.2385       123.5967       2.713821    
   431.2385       123.6100       2.713855    
   436.2343       123.7357       2.713878    
   441.2233       123.9963       2.749365    
   446.2118       124.2636       2.751137    
   451.2035       124.4909       2.762405    
   456.1937       124.7369       2.493509    
   461.1783       125.0452       2.127739    
   466.1624       125.3608       1.957883    
   471.1551       125.5482       1.945063    
   476.1545       125.5920       1.944936    
   481.8401       125.5940       1.944943    
   489.3643       125.5940       1.944937    
   507.4286       125.5940       1.944942    
  -33.77417       113.9358       1.984088    
  -15.70986       113.9358       1.984068    
  -8.185690       113.9358       1.984073    
  -2.500000       113.9358       1.984073    
   2.481762       114.1617       1.984118    
   7.434425       114.6728       2.085906    
   12.38829       115.1762       2.439747    
   17.37068       115.4350       2.440803    
   22.36992       115.4978       2.440877    
   27.36889       115.5694       2.440918    
   32.36626       115.6889       2.440931    
   37.36148       115.8514       2.440932    
   42.35468       116.0465       2.440931    
   47.34677       116.2571       2.440952    
   52.33939       116.4603       2.441229    
   57.33461       116.6214       2.445060    
   62.33282       116.7137       2.460537    
   67.33237       116.7167       2.463208    
   72.33087       116.6326       2.463300    
   77.32610       116.4735       2.463323    
   82.31709       116.2499       2.463335    
   87.30524       115.9922       2.463339    
   92.29430       115.7452       2.463337    
   97.28818       115.5665       2.463335    
   102.2866       115.4874       2.463470    
   107.2863       115.4493       2.476423    
   112.2728       115.2323       2.825877    
   117.2255       114.7313       2.986216    
   122.1606       114.1291       3.135089    
   127.1186       113.6599       3.149849    
   132.1048       113.3961       3.149545    
   137.1018       113.2836       3.149662    
   142.1004       113.3186       3.149639    
   147.0855       113.5730       3.149601    
   152.0289       114.1145       3.149549    
   156.9416       114.8120       3.149482    
   161.8866       115.3350       3.149407    
   166.8759       115.5344       3.149365    
   171.8755       115.5392       3.149332    
   176.8751       115.4947       3.149312    
   181.8749       115.4726       3.149300    
   186.8749       115.4719       3.149304    
   191.8749       115.4722       3.149306    
   196.8749       115.4722       3.149349    
   201.8749       115.4722       3.149313    
   206.8749       115.4720       3.150284    
   211.8749       115.4739       2.268435    
   216.8748       115.4921       1.619660    
   221.8745       115.5383       1.439101    
   226.8739       115.5924       1.439104    
   231.8736       115.5948       1.439358    
   236.8703       115.4796       2.387114    
   241.8605       115.2498       2.427790    
   246.8531       115.0682       2.455645    
   251.8497       115.1104       2.467143    
   256.8403       115.3352       2.471517    
   261.8292       115.5839       2.471925    
   266.8226       115.7724       2.472652    
   271.8200       115.8866       2.481720    
   276.8195       115.9228       2.659734    
   281.8193       115.9004       2.679222    
   286.8188       115.8482       2.679259    
   291.8181       115.7824       2.679255    
   296.8170       115.7058       2.679151    
   301.8156       115.6153       2.678932    
   306.8141       115.5281       2.678897    
   311.8136       115.4968       2.678885    
   316.8123       115.4420       2.678879    
   321.7794       115.0840       2.678870    
   326.7076       114.4521       2.678864    
   331.6619       114.2384       2.678689    
   336.6017       114.7507       2.611310    
   341.4941       115.5241       2.610312    
   346.3997       116.2474       2.610298    
   351.3318       116.8596       2.610310    
   356.3008       117.2437       2.610322    
   361.2956       117.4006       2.610328    
   366.2939       117.4977       2.610333    
   371.2916       117.6117       2.610334    
   376.2886       117.7412       2.610325    
   381.2849       117.8860       2.610638    
   386.2799       118.0519       2.855416    
   391.2732       118.2462       2.887922    
   396.2645       118.4663       2.887932    
   401.2549       118.6983       2.887931    
   406.2462       118.9186       2.887923    
   411.2407       119.0920       2.887908    
   416.2387       119.1877       2.887889    
   421.2385       119.2163       2.887882    
   426.2385       119.2194       2.887887    
   431.2385       119.2319       2.887891    
   436.2343       119.3509       2.887889    
   441.2233       119.5975       2.887860    
   446.2118       119.8504       2.836900    
   451.2035       120.0655       2.762835    
   456.1937       120.2983       2.494422    
   461.1783       120.5900       2.209892    
   466.1624       120.8887       1.975725    
   471.1551       121.0661       1.952619    
   476.1545       121.1075       1.946345    
   481.8401       121.1095       1.945099    
   489.3643       121.1095       1.945007    
   507.4286       121.1095       1.944966    
  -33.77417       109.4377       2.055376    
  -15.70986       109.4377       2.055361    
  -8.185690       109.4377       2.055367    
  -2.500000       109.4377       2.055378    
   2.481762       109.6495       2.056073    
   7.434425       110.1285       2.253185    
   12.38829       110.6005       2.456990    
   17.37068       110.8431       2.466138    
   22.36992       110.9020       2.467249    
   27.36889       110.9691       2.467825    
   32.36626       111.0811       2.468324    
   37.36148       111.2335       2.468630    
   42.35468       111.4164       2.469046    
   47.34677       111.6138       2.469958    
   52.33939       111.8043       2.473991    
   57.33461       111.9553       2.513909    
   62.33282       112.0418       2.613453    
   67.33237       112.0446       2.631348    
   72.33087       111.9657       2.631980    
   77.32610       111.8166       2.632048    
   82.31709       111.6071       2.632071    
   87.30524       111.3655       2.632084    
   92.29430       111.1339       2.632085    
   97.28818       110.9664       2.632089    
   102.2866       110.8923       2.632196    
   107.2863       110.8566       2.638686    
   112.2728       110.6531       2.826849    
   117.2255       110.1834       2.986202    
   122.1606       109.6189       3.116075    
   127.1186       109.1790       3.144737    
   132.1048       108.9318       3.146775    
   137.1018       108.8263       3.147649    
   142.1004       108.8592       3.148214    
   147.0855       109.0976       3.148487    
   152.0289       109.6052       3.148844    
   156.9416       110.2591       3.149169    
   161.8866       110.7494       3.149355    
   166.8759       110.9363       3.149315    
   171.8755       110.9408       3.149278    
   176.8751       110.8991       3.149223    
   181.8749       110.8784       3.149215    
   186.8749       110.8776       3.149222    
   191.8749       110.8779       3.149259    
   196.8749       110.8779       3.149335    
   201.8749       110.8779       3.149325    
   206.8749       110.8778       3.150129    
   211.8749       110.8796       2.392555    
   216.8748       110.8966       2.385373    
   221.8745       110.9400       2.385313    
   226.8739       110.9907       2.386086    
   231.8736       110.9929       2.386102    
   236.8703       110.8849       2.386983    
   241.8605       110.6695       2.427783    
   246.8531       110.4993       2.455693    
   251.8497       110.5388       2.467188    
   256.8403       110.7495       2.472336    
   261.8292       110.9827       2.480821    
   266.8226       111.1594       2.520046    
   271.8200       111.2665       2.691837    
   276.8195       111.3003       2.797314    
   281.8193       111.2794       2.799834    
   286.8188       111.2305       2.799899    
   291.8181       111.1687       2.799903    
   296.8170       111.0969       2.799899    
   301.8156       111.0121       2.799900    
   306.8141       110.9304       2.799911    
   311.8136       110.9010       2.799924    
   316.8123       110.8497       2.799934    
   321.7794       110.5141       2.799944    
   326.7076       109.9218       2.799949    
   331.6619       109.7214       2.799997    
   336.6017       110.2016       2.801943    
   341.4941       110.9267       2.801995    
   346.3997       111.6047       2.801985    
   351.3318       112.1786       2.801974    
   356.3008       112.5386       2.801966    
   361.2956       112.6857       2.801973    
   366.2939       112.7768       2.801996    
   371.2916       112.8837       2.802042    
   376.2886       113.0050       2.802219    
   381.2849       113.1407       2.806670    
   386.2799       113.2963       2.905820    
   391.2732       113.4784       2.911040    
   396.2645       113.6848       2.911037    
   401.2549       113.9022       2.911023    
   406.2462       114.1088       2.910984    
   411.2407       114.2713       2.910928    
   416.2387       114.3611       2.910878    
   421.2385       114.3878       2.910835    
   426.2385       114.3907       2.910809    
   431.2385       114.4025       2.910785    
   436.2343       114.5140       2.910777    
   441.2233       114.7451       2.901530    
   446.2118       114.9823       2.836925    
   451.2035       115.1839       2.762902    
   456.1937       115.4022       2.494462    
   461.1783       115.6756       2.213130    
   466.1624       115.9556       1.971158    
   471.1551       116.1219       1.955899    
   476.1545       116.1607       1.947513    
   481.8401       116.1625       1.945171    
   489.3643       116.1625       1.945025    
   507.4286       116.1625       1.944972    
  -33.77417       104.4251       2.211618    
  -15.70986       104.4251       2.211625    
  -8.185690       104.4251       2.211633    
  -2.500000       104.4251       2.211652    
   2.481762       104.6212       2.214425    
   7.434425       105.0646       2.369530    
   12.38829       105.5015       2.459435    
   17.37068       105.7260       2.466236    
   22.36992       105.7805       2.467278    
   27.36889       105.8427       2.467611    
   32.36626       105.9463       2.468560    
   37.36148       106.0873       2.470202    
   42.35468       106.2567       2.472057    
   47.34677       106.4394       2.475677    
   52.33939       106.6157       2.488130    
   57.33461       106.7555       2.520196    
   62.33282       106.8356       2.571126    
   67.33237       106.8381       2.737275    
   72.33087       106.7651       2.894500    
   77.32610       106.6271       2.918421    
   82.31709       106.4332       2.918577    
   87.30524       106.2096       2.918586    
   92.29430       105.9952       2.918585    
   97.28818       105.8402       2.918583    
   102.2866       105.7715       2.918588    
   107.2863       105.7385       2.918599    
   112.2728       105.5501       2.919037    
   117.2255       105.1154       2.986047    
   122.1606       104.5929       3.116096    
   127.1186       104.1857       3.144760    
   132.1048       103.9569       3.146806    
   137.1018       103.8593       3.147664    
   142.1004       103.8897       3.148262    
   147.0855       104.1104       3.148529    
   152.0289       104.5803       3.148843    
   156.9416       105.1855       3.149066    
   161.8866       105.6393       3.149143    
   166.8759       105.8122       3.149151    
   171.8755       105.8165       3.149164    
   176.8751       105.7778       3.149171    
   181.8749       105.7587       3.149182    
   186.8749       105.7580       3.149180    
   191.8749       105.7582       3.149190    
   196.8749       105.7583       3.149241    
   201.8749       105.7583       3.149220    
   206.8749       105.7581       3.148544    
   211.8749       105.7598       2.505562    
   216.8748       105.7755       2.391149    
   221.8745       105.8157       2.390665    
   226.8739       105.8626       2.390634    
   231.8736       105.8647       2.390632    
   236.8703       105.7647       2.390788    
   241.8605       105.5654       2.423227    
   246.8531       105.4078       2.456044    
   251.8497       105.4444       2.493372    
   256.8403       105.6394       2.572736    
   261.8292       105.8553       2.675264    
   266.8226       106.0188       2.761284    
   271.8200       106.1179       2.842583    
   276.8195       106.1492       2.864004    
   281.8193       106.1298       2.928965    
   286.8188       106.0846       2.931029    
   291.8181       106.0275       2.931142    
   296.8170       105.9610       2.931148    
   301.8156       105.8824       2.931137    
   306.8141       105.8068       2.931106    
   311.8136       105.7796       2.931059    
   316.8123       105.7321       2.931003    
   321.7794       105.4215       2.930943    
   326.7076       104.8732       2.930860    
   331.6619       104.6877       2.930720    
   336.6017       105.1322       2.930630    
   341.4941       105.8034       2.930546    
   346.3997       106.4309       2.930460    
   351.3318       106.9622       2.930401    
   356.3008       107.2954       2.930359    
   361.2956       107.4315       2.930330    
   366.2939       107.5159       2.930319    
   371.2916       107.6148       2.930326    
   376.2886       107.7271       2.930338    
   381.2849       107.8528       2.930025    
   386.2799       107.9968       2.929055    
   391.2732       108.1653       2.928996    
   396.2645       108.3564       2.928991    
   401.2549       108.5576       2.928984    
   406.2462       108.7488       2.928965    
   411.2407       108.8992       2.928953    
   416.2387       108.9823       2.928957    
   421.2385       109.0071       2.928965    
   426.2385       109.0098       2.929002    
   431.2385       109.0207       2.929001    
   436.2343       109.1239       2.921781    
   441.2233       109.3378       2.901763    
   446.2118       109.5574       2.836931    
   451.2035       109.7439       2.762981    
   456.1937       109.9460       2.494533    
   461.1783       110.1991       2.213315    
   466.1624       110.4583       1.971073    
   471.1551       110.6122       1.957809    
   476.1545       110.6481       1.948330    
   481.8401       110.6497       1.945415    
   489.3643       110.6497       1.945071    
   507.4286       110.6497       1.944984    
  -33.77417       98.76926       2.447910    
  -15.70986       98.76926       2.447900    
  -8.185690       98.76926       2.447890    
  -2.500000       98.76926       2.447888    
   2.481762       98.94752       2.447986    
   7.434425       99.35075       2.448643    
   12.38829       99.74802       2.460815    
   17.37068       99.95215       2.466286    
   22.36992       100.0017       2.467294    
   27.36889       100.0582       2.467632    
   32.36626       100.1525       2.468615    
   37.36148       100.2807       2.470278    
   42.35468       100.4347       2.472354    
   47.34677       100.6009       2.476819    
   52.33939       100.7612       2.492019    
   57.33461       100.8883       2.521672    
   62.33282       100.9611       2.570152    
   67.33237       100.9634       2.737292    
   72.33087       100.8971       2.893655    
   77.32610       100.7716       2.926893    
   82.31709       100.5952       2.928769    
   87.30524       100.3919       2.929446    
   92.29430       100.1970       2.930019    
   97.28818       100.0560       2.930701    
   102.2866       99.99355       2.932543    
   107.2863       99.96349       2.941974    
   112.2728       99.79222       2.971840    
   117.2255       99.39693       3.031834    
   122.1606       98.92178       3.116038    
   127.1186       98.55151       3.145106    
   132.1048       98.34343       3.148230    
   137.1018       98.25465       3.148756    
   142.1004       98.28233       3.148925    
   147.0855       98.48299       3.148949    
   152.0289       98.91029       3.148977    
   156.9416       99.46066       3.149018    
   161.8866       99.87329       3.149067    
   166.8759       100.0306       3.149112    
   171.8755       100.0344       3.149147    
   176.8751       99.99930       3.149158    
   181.8749       99.98188       3.149168    
   186.8749       99.98126       3.149171    
   191.8749       99.98149       3.149180    
   196.8749       99.98150       3.149182    
   201.8749       99.98149       3.149097    
   206.8749       99.98139       3.148082    
   211.8749       99.98287       2.807017    
   216.8748       99.99718       2.748890    
   221.8745       100.0337       2.748824    
   226.8739       100.0764       2.748778    
   231.8736       100.0783       2.748783    
   236.8703       99.98734       2.748785    
   241.8605       99.80609       2.748792    
   246.8531       99.66279       2.748883    
   251.8497       99.69608       2.755458    
   256.8403       99.87341       2.811514    
   261.8292       100.0697       2.848163    
   266.8226       100.2184       2.855789    
   271.8200       100.3085       2.858176    
   276.8195       100.3370       2.863098    
   281.8193       100.3194       3.022583    
   286.8188       100.2782       3.032915    
   291.8181       100.2263       3.032984    
   296.8170       100.1659       3.032996    
   301.8156       100.0944       3.033000    
   306.8141       100.0256       3.033008    
   311.8136       100.0009       3.033032    
   316.8123       99.95772       3.033068    
   321.7794       99.67523       3.033106    
   326.7076       99.17667       3.033143    
   331.6619       99.00801       3.033176    
   336.6017       99.41222       3.033197    
   341.4941       100.0225       3.033205    
   346.3997       100.5932       3.033208    
   351.3318       101.0763       3.033216    
   356.3008       101.3793       3.033237    
   361.2956       101.5031       3.033264    
   366.2939       101.5798       3.033290    
   371.2916       101.6697       3.033319    
   376.2886       101.7719       3.033364    
   381.2849       101.8861       3.033399    
   386.2799       102.0170       3.033386    
   391.2732       102.1703       3.033376    
   396.2645       102.3440       3.033369    
   401.2549       102.5270       3.033361    
   406.2462       102.7009       3.033344    
   411.2407       102.8377       3.033308    
   416.2387       102.9132       3.033166    
   421.2385       102.9358       3.017213    
   426.2385       102.9382       2.954772    
   431.2385       102.9481       2.934074    
   436.2343       103.0419       2.922104    
   441.2233       103.2365       2.901902    
   446.2118       103.4361       2.836867    
   451.2035       103.6058       2.762993    
   456.1937       103.7895       2.494604    
   461.1783       104.0197       2.213340    
   466.1624       104.2553       1.970894    
   471.1551       104.3953       1.958401    
   476.1545       104.4279       1.948808    
   481.8401       104.4295       1.945593    
   489.3643       104.4295       1.945100    
   507.4286       104.4295       1.944974    
  -33.77417       92.28692       2.466347    
  -15.70986       92.28692       2.466344    
  -8.185690       92.28692       2.466350    
  -2.500000       92.28692       2.466355    
   2.481762       92.44483       2.466354    
   7.434425       92.80198       2.466337    
   12.38829       93.15384       2.466314    
   17.37068       93.33465       2.466363    
   22.36992       93.37855       2.467288    
   27.36889       93.42858       2.467610    
   32.36626       93.51208       2.468563    
   37.36148       93.62569       2.470368    
   42.35468       93.76205       2.472510    
   47.34677       93.90923       2.477261    
   52.33939       94.05121       2.493547    
   57.33461       94.16380       2.522048    
   62.33282       94.22831       2.570053    
   67.33237       94.23037       2.737272    
   72.33087       94.17159       2.890820    
   77.32610       94.06042       2.989965    
   82.31709       93.90422       3.113120    
   87.30524       93.72411       3.121648    
   92.29430       93.55146       3.124716    
   97.28818       93.42661       3.126905    
   102.2866       93.37131       3.129594    
   107.2863       93.34469       3.136006    
   112.2728       93.19299       3.146710    
   117.2255       92.84286       3.148663    
   122.1606       92.42202       3.148819    
   127.1186       92.09407       3.148836    
   132.1048       91.90976       3.148859    
   137.1018       91.83113       3.148889    
   142.1004       91.85565       3.148920    
   147.0855       92.03337       3.148938    
   152.0289       92.41184       3.148973    
   156.9416       92.89931       3.149014    
   161.8866       93.26480       3.149060    
   166.8759       93.40413       3.149098    
   171.8755       93.40750       3.149128    
   176.8751       93.37640       3.149144    
   181.8749       93.36098       3.149156    
   186.8749       93.36044       3.149170    
   191.8749       93.36063       3.149177    
   196.8749       93.36064       3.149176    
   201.8749       93.36063       3.149120    
   206.8749       93.36054       3.148341    
   211.8749       93.36186       2.858253    
   216.8748       93.37454       2.820349    
   221.8745       93.40688       2.818739    
   226.8739       93.44470       2.818709    
   231.8736       93.44635       2.818702    
   236.8703       93.36582       2.818706    
   241.8605       93.20527       2.818731    
   246.8531       93.07835       2.819107    
   251.8497       93.10783       2.824334    
   256.8403       93.26490       2.847466    
   261.8292       93.43874       2.856778    
   266.8226       93.57047       2.858035    
   271.8200       93.65030       2.858335    
   276.8195       93.67554       2.863098    
   281.8193       93.65989       3.025485    
   286.8188       93.62345       3.115115    
   291.8181       93.57744       3.117150    
   296.8170       93.52392       3.116087    
   301.8156       93.46066       3.116025    
   306.8141       93.39973       3.115982    
   311.8136       93.37785       3.115944    
   316.8123       93.33959       3.115906    
   321.7794       93.08938       3.115878    
   326.7076       92.64779       3.115863    
   331.6619       92.49840       3.115848    
   336.6017       92.85643       3.115834    
   341.4941       93.39696       3.115814    
   346.3997       93.90244       3.115799    
   351.3318       94.33030       3.115783    
   356.3008       94.59869       3.115766    
   361.2956       94.70834       3.115750    
   366.2939       94.77627       3.115725    
   371.2916       94.85593       3.115699    
   376.2886       94.94642       3.115672    
   381.2849       95.04758       3.115654    
   386.2799       95.16358       3.115636    
   391.2732       95.29931       3.115613    
   396.2645       95.45317       3.115583    
   401.2549       95.61526       3.115497    
   406.2462       95.76926       3.113076    
   411.2407       95.89043       3.099214    
   416.2387       95.95733       3.075958    
   421.2385       95.97731       3.016885    
   426.2385       95.97943       2.954991    
   431.2385       95.98818       2.934386    
   436.2343       96.07135       2.922244    
   441.2233       96.24365       2.901942    
   446.2118       96.42047       2.836803    
   451.2035       96.57073       2.763015    
   456.1937       96.73344       2.494588    
   461.1783       96.93733       2.213414    
   466.1624       97.14609       1.970856    
   471.1551       97.27006       1.958576    
   476.1545       97.29897       1.950910    
   481.8401       97.30029       1.946051    
   489.3643       97.30029       1.945107    
   507.4286       97.30029       1.944920    
  -33.77417       84.70639       2.466417    
  -15.70986       84.70639       2.466433    
  -8.185690       84.70639       2.466434    
  -2.500000       84.70639       2.466438    
   2.481762       84.84047       2.466425    
   7.434425       85.14374       2.466372    
   12.38829       85.44250       2.466355    
   17.37068       85.59602       2.466405    
   22.36992       85.63330       2.467294    
   27.36889       85.67580       2.467593    
   32.36626       85.74669       2.468525    
   37.36148       85.84315       2.470325    
   42.35468       85.95895       2.472530    
   47.34677       86.08392       2.477335    
   52.33939       86.20448       2.493943    
   57.33461       86.30008       2.522162    
   62.33282       86.35486       2.570112    
   67.33237       86.35661       2.737273    
   72.33087       86.30669       2.890803    
   77.32610       86.21230       2.990174    
   82.31709       86.07966       3.142889    
   87.30524       85.92673       3.146828    
   92.29430       85.78013       3.147809    
   97.28818       85.67411       3.148486    
   102.2866       85.62716       3.148728    
   107.2863       85.60456       3.148750    
   112.2728       85.47575       3.148763    
   117.2255       85.17844       3.148785    
   122.1606       84.82110       3.148808    
   127.1186       84.54264       3.148830    
   132.1048       84.38613       3.148854    
   137.1018       84.31937       3.148881    
   142.1004       84.34019       3.148912    
   147.0855       84.49109       3.148937    
   152.0289       84.81246       3.148974    
   156.9416       85.22638       3.149016    
   161.8866       85.53673       3.149052    
   166.8759       85.65503       3.149086    
   171.8755       85.65790       3.149112    
   176.8751       85.63148       3.149130    
   181.8749       85.61840       3.149147    
   186.8749       85.61794       3.149161    
   191.8749       85.61810       3.149164    
   196.8749       85.61810       3.149161    
   201.8749       85.61810       3.149152    
   206.8749       85.61802       3.148875    
   211.8749       85.61914       2.862988    
   216.8748       85.62991       2.858043    
   221.8745       85.65736       2.858107    
   226.8739       85.68948       2.858107    
   231.8736       85.69088       2.858141    
   236.8703       85.62250       2.858181    
   241.8605       85.48617       2.858197    
   246.8531       85.37840       2.858217    
   251.8497       85.40344       2.858231    
   256.8403       85.53680       2.858243    
   261.8292       85.68442       2.858133    
   266.8226       85.79627       2.858217    
   271.8200       85.86406       2.858348    
   276.8195       85.88549       2.863122    
   281.8193       85.87220       3.025495    
   286.8188       85.84126       3.115327    
   291.8181       85.80219       3.117738    
   296.8170       85.75674       3.119509    
   301.8156       85.70303       3.120957    
   306.8141       85.65130       3.122167    
   311.8136       85.63272       3.123062    
   316.8123       85.60023       3.123677    
   321.7794       85.38776       3.123725    
   326.7076       85.01280       3.123730    
   331.6619       84.88596       3.123741    
   336.6017       85.18996       3.123759    
   341.4941       85.64894       3.123765    
   346.3997       86.07815       3.123780    
   351.3318       86.44146       3.123787    
   356.3008       86.66934       3.123779    
   361.2956       86.76245       3.123775    
   366.2939       86.82014       3.123761    
   371.2916       86.88777       3.123741    
   376.2886       86.96461       3.123720    
   381.2849       87.05051       3.123707    
   386.2799       87.14902       3.123687    
   391.2732       87.26426       3.123596    
   396.2645       87.39491       3.121140    
   401.2549       87.53254       3.116964    
   406.2462       87.66331       3.112715    
   411.2407       87.76619       3.099298    
   416.2387       87.82300       3.076026    
   421.2385       87.83997       3.016847    
   426.2385       87.84176       2.955011    
   431.2385       87.84920       2.934413    
   436.2343       87.91981       2.922329    
   441.2233       88.06612       2.901968    
   446.2118       88.21626       2.836773    
   451.2035       88.34385       2.763070    
   456.1937       88.48203       2.494613    
   461.1783       88.65514       2.213452    
   466.1624       88.83239       1.970857    
   471.1551       88.93765       1.958629    
   476.1545       88.96221       1.953614    
   481.8401       88.96335       1.947805    
   489.3643       88.96335       1.945394    
   507.4286       88.96335       1.944938    
  -33.77417       75.60016       2.466470    
  -15.70986       75.60016       2.466478    
  -8.185690       75.60016       2.466487    
  -2.500000       75.60016       2.466500    
   2.481762       75.70561       2.466497    
   7.434425       75.94414       2.466454    
   12.38829       76.17914       2.466462    
   17.37068       76.29989       2.466497    
   22.36992       76.32921       2.467332    
   27.36889       76.36263       2.467608    
   32.36626       76.41840       2.468556    
   37.36148       76.49427       2.470391    
   42.35468       76.58534       2.472584    
   47.34677       76.68364       2.477411    
   52.33939       76.77846       2.494110    
   57.33461       76.85366       2.522228    
   62.33282       76.89674       2.570170    
   67.33237       76.89812       2.737253    
   72.33087       76.85886       2.890806    
   77.32610       76.78461       2.990326    
   82.31709       76.68029       3.148513    
   87.30524       76.56001       3.148665    
   92.29430       76.44469       3.148707    
   97.28818       76.36131       3.148725    
   102.2866       76.32438       3.148743    
   107.2863       76.30660       3.148749    
   112.2728       76.20528       3.148763    
   117.2255       75.97144       3.148781    
   122.1606       75.69038       3.148803    
   127.1186       75.47135       3.148828    
   132.1048       75.34826       3.148856    
   137.1018       75.29574       3.148885    
   142.1004       75.31212       3.148912    
   147.0855       75.43081       3.148944    
   152.0289       75.68358       3.148976    
   156.9416       76.00915       3.149013    
   161.8866       76.25325       3.149048    
   166.8759       76.34630       3.149078    
   171.8755       76.34855       3.149104    
   176.8751       76.32778       3.149122    
   181.8749       76.31749       3.149134    
   186.8749       76.31712       3.149145    
   191.8749       76.31725       3.149142    
   196.8749       76.31725       3.149138    
   201.8749       76.31725       3.149136    
   206.8749       76.31718       3.149058    
   211.8749       76.31807       2.863376    
   216.8748       76.32654       2.858244    
   221.8745       76.34814       2.858164    
   226.8739       76.37340       2.858139    
   231.8736       76.37450       2.858139    
   236.8703       76.32071       2.858133    
   241.8605       76.21349       2.858126    
   246.8531       76.12872       2.858123    
   251.8497       76.14841       2.858141    
   256.8403       76.25331       2.858149    
   261.8292       76.36942       2.858168    
   266.8226       76.45739       2.858220    
   271.8200       76.51070       2.858335    
   276.8195       76.52757       2.863133    
   281.8193       76.51711       3.025490    
   286.8188       76.49277       3.115355    
   291.8181       76.46204       3.117780    
   296.8170       76.42630       3.119533    
   301.8156       76.38405       3.120970    
   306.8141       76.34336       3.122176    
   311.8136       76.32875       3.123057    
   316.8123       76.30320       3.123756    
   321.7794       76.13609       3.123770    
   326.7076       75.84116       3.123777    
   331.6619       75.74139       3.123786    
   336.6017       75.98050       3.123793    
   341.4941       76.34151       3.123804    
   346.3997       76.67910       3.123815    
   351.3318       76.96486       3.123817    
   356.3008       77.14410       3.123814    
   361.2956       77.21733       3.123794    
   366.2939       77.26270       3.123776    
   371.2916       77.31591       3.123761    
   376.2886       77.37634       3.123742    
   381.2849       77.44391       3.123731    
   386.2799       77.52139       3.123719    
   391.2732       77.61202       3.123607    
   396.2645       77.71479       3.121150    
   401.2549       77.82304       3.116972    
   406.2462       77.92590       3.112698    
   411.2407       78.00681       3.099317    
   416.2387       78.05150       3.076036    
   421.2385       78.06484       3.016822    
   426.2385       78.06626       2.955016    
   431.2385       78.07211       2.934414    
   436.2343       78.12765       2.922353    
   441.2233       78.24273       2.901989    
   446.2118       78.36082       2.836770    
   451.2035       78.46117       2.763093    
   456.1937       78.56985       2.494670    
   461.1783       78.70601       2.213496    
   466.1624       78.84543       1.970855    
   471.1551       78.92822       1.958662    
   476.1545       78.94754       1.954256    
   481.8401       78.94843       1.952303    
   489.3643       78.94843       1.947555    
   507.4286       78.94843       1.944981    
  -33.77417       56.32260       2.466544    
  -15.70986       56.32260       2.466563    
  -8.185690       56.32260       2.466566    
  -2.500000       56.32260       2.466567    
   2.481762       56.36747       2.466559    
   7.434425       56.46896       2.466542    
   12.38829       56.56895       2.466586    
   17.37068       56.62033       2.466618    
   22.36992       56.63280       2.467355    
   27.36889       56.64702       2.467659    
   32.36626       56.67075       2.468604    
   37.36148       56.70303       2.470448    
   42.35468       56.74178       2.472640    
   47.34677       56.78361       2.477459    
   52.33939       56.82395       2.494164    
   57.33461       56.85595       2.522272    
   62.33282       56.87428       2.570223    
   67.33237       56.87487       2.737267    
   72.33087       56.85816       2.890831    
   77.32610       56.82657       2.990390    
   82.31709       56.78218       3.148690    
   87.30524       56.73100       3.148693    
   92.29430       56.68194       3.148701    
   97.28818       56.64646       3.148713    
   102.2866       56.63075       3.148730    
   107.2863       56.62318       3.148749    
   112.2728       56.58007       3.148768    
   117.2255       56.48058       3.148786    
   122.1606       56.36099       3.148809    
   127.1186       56.26780       3.148836    
   132.1048       56.21542       3.148864    
   137.1018       56.19307       3.148892    
   142.1004       56.20005       3.148921    
   147.0855       56.25055       3.148953    
   152.0289       56.35809       3.148986    
   156.9416       56.49662       3.149022    
   161.8866       56.60048       3.149055    
   166.8759       56.64007       3.149082    
   171.8755       56.64103       3.149105    
   176.8751       56.63219       3.149119    
   181.8749       56.62782       3.149128    
   186.8749       56.62766       3.149130    
   191.8749       56.62771       3.149123    
   196.8749       56.62772       3.149118    
   201.8749       56.62771       3.149117    
   206.8749       56.62769       3.149083    
   211.8749       56.62806       2.863429    
   216.8748       56.63167       2.858318    
   221.8745       56.64086       2.858270    
   226.8739       56.65160       2.858257    
   231.8736       56.65207       2.858259    
   236.8703       56.62919       2.858241    
   241.8605       56.58356       2.858241    
   246.8531       56.54750       2.858233    
   251.8497       56.55588       2.858221    
   256.8403       56.60051       2.858220    
   261.8292       56.64991       2.858222    
   266.8226       56.68734       2.858229    
   271.8200       56.71003       2.858331    
   276.8195       56.71720       2.863140    
   281.8193       56.71275       3.025491    
   286.8188       56.70240       3.115369    
   291.8181       56.68932       3.117806    
   296.8170       56.67411       3.119538    
   301.8156       56.65614       3.120970    
   306.8141       56.63882       3.122176    
   311.8136       56.63261       3.123065    
   316.8123       56.62173       3.123758    
   321.7794       56.55063       3.123766    
   326.7076       56.42514       3.123775    
   331.6619       56.38269       3.123787    
   336.6017       56.48443       3.123795    
   341.4941       56.63803       3.123802    
   346.3997       56.78168       3.123811    
   351.3318       56.90327       3.123815    
   356.3008       56.97953       3.123812    
   361.2956       57.01069       3.123804    
   366.2939       57.02999       3.123789    
   371.2916       57.05263       3.123774    
   376.2886       57.07835       3.123760    
   381.2849       57.10709       3.123744    
   386.2799       57.14006       3.123731    
   391.2732       57.17862       3.123616    
   396.2645       57.22235       3.121160    
   401.2549       57.26841       3.116967    
   406.2462       57.31217       3.112683    
   411.2407       57.34660       3.099319    
   416.2387       57.36561       3.076045    
   421.2385       57.37129       3.016814    
   426.2385       57.37189       2.955026    
   431.2385       57.37438       2.934427    
   436.2343       57.39801       2.922378    
   441.2233       57.44698       2.902016    
   446.2118       57.49723       2.836790    
   451.2035       57.53992       2.763135    
   456.1937       57.58617       2.494713    
   461.1783       57.64410       2.213578    
   466.1624       57.70342       1.970943    
   471.1551       57.73865       1.958702    
   476.1545       57.74687       1.954753    
   481.8401       57.74725       1.954558    
   489.3643       57.74725       1.954534    
   507.4286       57.74725       1.950726    
