        1545
  -33.77417       136.6885       1.603109    
  -15.70986       136.6885       1.573168    
  -8.185690       136.6885       1.542020    
  -2.500000       136.6885       1.374199    
   2.481762       136.9860       1.280521    
   7.434425       137.6588       1.201055    
   12.38829       138.3216       1.057768    
   17.37068       138.6622      0.8433101    
   22.36992       138.7449       1.108293    
   27.36889       138.8391      0.9220650    
   32.36626       138.9964      0.9432906    
   37.36148       139.2104      0.9668848    
   42.35468       139.4673       1.074600    
   47.34677       139.7446       1.141949    
   52.33939       140.0120       1.120423    
   57.33461       140.2241       1.055163    
   62.33282       140.3456      0.9396665    
   67.33237       140.3495       1.068223    
   72.33087       140.2388      0.9234716    
   77.32610       140.0294       1.084200    
   82.31709       139.7351       1.100074    
   87.30524       139.3958       1.215728    
   92.29430       139.0706       1.144992    
   97.28818       138.8354      0.9447360    
   102.2866       138.7312       1.037699    
   107.2863       138.6811       1.040214    
   112.2728       138.3953       1.064143    
   117.2255       137.7357       1.057603    
   122.1606       136.9430       1.176800    
   127.1186       136.3252       1.154522    
   132.1048       135.9780       1.444474    
   137.1018       135.8299       1.452000    
   142.1004       135.8761       1.304892    
   147.0855       136.2108      0.9651033    
   152.0289       136.9238       1.181072    
   156.9416       137.8421       1.080967    
   161.8866       138.5306       1.104481    
   166.8759       138.7930       1.039976    
   171.8755       138.7994      0.9269375    
   176.8751       138.7408      0.8637301    
   181.8749       138.7118      0.8661118    
   186.8749       138.7108      0.8230655    
   191.8749       138.7111      0.8523695    
   196.8749       138.7112      0.8375304    
   201.8749       138.7111      0.9426114    
   206.8749       138.7109      0.9069311    
   211.8749       138.7134       1.007235    
   216.8748       138.7373      0.9926025    
   221.8745       138.7983      0.8198131    
   226.8739       138.8695       1.012237    
   231.8736       138.8726      0.7042977    
   236.8703       138.7209      0.8400846    
   241.8605       138.4185      0.7833380    
   246.8531       138.1794      0.7789010    
   251.8497       138.2349      0.8605164    
   256.8403       138.5308      0.9959478    
   261.8292       138.8582      0.9615054    
   266.8226       139.1064      0.8919354    
   271.8200       139.2568       1.084822    
   276.8195       139.3043       1.079392    
   281.8193       139.2749       1.060905    
   286.8188       139.2062      0.8959333    
   291.8181       139.1195      0.8800403    
   296.8170       139.0187      0.8393537    
   301.8156       138.8996      0.7661923    
   306.8141       138.7848      0.8824789    
   311.8136       138.7435      0.8454633    
   316.8123       138.6715      0.9778194    
   321.7794       138.2001       1.105172    
   326.7076       137.3683       1.098482    
   331.6619       137.0869       1.167228    
   336.6017       137.7613       1.127703    
   341.4941       138.7795       1.153224    
   346.3997       139.7317       1.218097    
   351.3318       140.5377      0.9810989    
   356.3008       141.0433       1.264057    
   361.2956       141.2499       1.136918    
   366.2939       141.3779      0.9358782    
   371.2916       141.5279      0.9300179    
   376.2886       141.6984       1.058143    
   381.2849       141.8889       1.092499    
   386.2799       142.1075      0.9854571    
   391.2732       142.3631       1.072802    
   396.2645       142.6530       1.130322    
   401.2549       142.9583      0.9657071    
   406.2462       143.2484      0.8216168    
   411.2407       143.4767      0.8175383    
   416.2387       143.6027      0.8752589    
   421.2385       143.6403      0.7914980    
   426.2385       143.6443      0.8882131    
   431.2385       143.6608      0.8803916    
   436.2343       143.8174       1.132479    
   441.2233       144.1421       1.111114    
   446.2118       144.4751      0.9312279    
   451.2035       144.7582      0.8961083    
   456.1937       145.0647      0.8915328    
   461.1783       145.4488       1.144709    
   466.1624       145.8420       1.290060    
   471.1551       146.0755       1.244605    
   476.1545       146.1300       1.390313    
   481.8401       146.1326       1.665653    
   489.3643       146.1326       1.864836    
   507.4286       146.1326       2.217862    
  -33.77417       134.0858       1.609547    
  -15.70986       134.0858       1.593639    
  -8.185690       134.0858       1.593512    
  -2.500000       134.0858       1.525816    
   2.481762       134.3752       1.490539    
   7.434425       135.0294       1.445476    
   12.38829       135.6740       1.327823    
   17.37068       136.0052       1.232099    
   22.36992       136.0857       1.342596    
   27.36889       136.1774       1.257989    
   32.36626       136.3303       1.254883    
   37.36148       136.5384       1.272257    
   42.35468       136.7882       1.323155    
   47.34677       137.0579       1.391482    
   52.33939       137.3180       1.414364    
   57.33461       137.5242       1.348839    
   62.33282       137.6424       1.307363    
   67.33237       137.6462       1.379020    
   72.33087       137.5385       1.329837    
   77.32610       137.3349       1.388982    
   82.31709       137.0487       1.427910    
   87.30524       136.7188       1.442716    
   92.29430       136.4025       1.426092    
   97.28818       136.1738       1.405403    
   102.2866       136.0724       1.420590    
   107.2863       136.0237       1.345290    
   112.2728       135.7457       1.269435    
   117.2255       135.1043       1.276822    
   122.1606       134.3334       1.361189    
   127.1186       133.7326       1.362822    
   132.1048       133.3949       1.498803    
   137.1018       133.2509       1.491590    
   142.1004       133.2958       1.376263    
   147.0855       133.6214       1.207754    
   152.0289       134.3147       1.325066    
   156.9416       135.2077       1.301226    
   161.8866       135.8773       1.356615    
   166.8759       136.1325       1.321966    
   171.8755       136.1387       1.260023    
   176.8751       136.0817       1.266789    
   181.8749       136.0535       1.237470    
   186.8749       136.0525       1.158873    
   191.8749       136.0529       1.158552    
   196.8749       136.0529       1.147503    
   201.8749       136.0529       1.183256    
   206.8749       136.0527       1.136088    
   211.8749       136.0551       1.214130    
   216.8748       136.0783       1.181315    
   221.8745       136.1376       1.089229    
   226.8739       136.2069       1.195032    
   231.8736       136.2099       1.087427    
   236.8703       136.0623       1.142074    
   241.8605       135.7682       1.203763    
   246.8531       135.5358       1.226632    
   251.8497       135.5898       1.266218    
   256.8403       135.8775       1.292739    
   261.8292       136.1960       1.315723    
   266.8226       136.4373       1.287752    
   271.8200       136.5835       1.280279    
   276.8195       136.6297       1.251983    
   281.8193       136.6011       1.216829    
   286.8188       136.5343       1.144982    
   291.8181       136.4500       1.195277    
   296.8170       136.3520       1.235170    
   301.8156       136.2361       1.221395    
   306.8141       136.1245       1.237424    
   311.8136       136.0844       1.227771    
   316.8123       136.0143       1.307092    
   321.7794       135.5559       1.366445    
   326.7076       134.7469       1.298503    
   331.6619       134.4733       1.306575    
   336.6017       135.1292       1.334453    
   341.4941       136.1194       1.337319    
   346.3997       137.0454       1.371521    
   351.3318       137.8293       1.267794    
   356.3008       138.3209       1.346877    
   361.2956       138.5218       1.309379    
   366.2939       138.6463       1.219565    
   371.2916       138.7922       1.284092    
   376.2886       138.9579       1.395252    
   381.2849       139.1433       1.374155    
   386.2799       139.3558       1.305369    
   391.2732       139.6044       1.308777    
   396.2645       139.8863       1.307406    
   401.2549       140.1832       1.278116    
   406.2462       140.4654       1.219630    
   411.2407       140.6873       1.193161    
   416.2387       140.8099       1.196658    
   421.2385       140.8465       1.145340    
   426.2385       140.8504       1.125365    
   431.2385       140.8664       1.169459    
   436.2343       141.0188       1.304224    
   441.2233       141.3345       1.247545    
   446.2118       141.6584       1.089054    
   451.2035       141.9337       1.105497    
   456.1937       142.2318       1.186780    
   461.1783       142.6053       1.378832    
   466.1624       142.9877       1.498699    
   471.1551       143.2148       1.490610    
   476.1545       143.2677       1.551313    
   481.8401       143.2702       1.714435    
   489.3643       143.2702       1.892440    
   507.4286       143.2702       2.232497    
  -33.77417       131.3152       1.622902    
  -15.70986       131.3152       1.634991    
  -8.185690       131.3152       1.692193    
  -2.500000       131.3152       1.682879    
   2.481762       131.5958       1.668799    
   7.434425       132.2304       1.633355    
   12.38829       132.8556       1.541683    
   17.37068       133.1768       1.504428    
   22.36992       133.2549       1.563903    
   27.36889       133.3438       1.533428    
   32.36626       133.4921       1.525824    
   37.36148       133.6940       1.526701    
   42.35468       133.9363       1.546568    
   47.34677       134.1978       1.596007    
   52.33939       134.4500       1.638742    
   57.33461       134.6501       1.603331    
   62.33282       134.7647       1.584505    
   67.33237       134.7684       1.630861    
   72.33087       134.6640       1.632749    
   77.32610       134.4664       1.670449    
   82.31709       134.1889       1.698208    
   87.30524       133.8689       1.692658    
   92.29430       133.5621       1.685787    
   97.28818       133.3403       1.688722    
   102.2866       133.2420       1.650462    
   107.2863       133.1947       1.530691    
   112.2728       132.9252       1.419208    
   117.2255       132.3031       1.420463    
   122.1606       131.5553       1.489766    
   127.1186       130.9726       1.519073    
   132.1048       130.6451       1.579257    
   137.1018       130.5054       1.565338    
   142.1004       130.5490       1.489466    
   147.0855       130.8647       1.409576    
   152.0289       131.5372       1.469735    
   156.9416       132.4034       1.480290    
   161.8866       133.0527       1.539315    
   166.8759       133.3003       1.568221    
   171.8755       133.3063       1.575131    
   176.8751       133.2510       1.604200    
   181.8749       133.2236       1.580092    
   186.8749       133.2227       1.509012    
   191.8749       133.2231       1.466873    
   196.8749       133.2231       1.427304    
   201.8749       133.2231       1.400822    
   206.8749       133.2229       1.334287    
   211.8749       133.2252       1.377652    
   216.8748       133.2477       1.367229    
   221.8745       133.3052       1.333012    
   226.8739       133.3724       1.394535    
   231.8736       133.3753       1.373117    
   236.8703       133.2322       1.411392    
   241.8605       132.9470       1.484134    
   246.8531       132.7215       1.521818    
   251.8497       132.7738       1.533823    
   256.8403       133.0529       1.520463    
   261.8292       133.3618       1.525791    
   266.8226       133.5959       1.493224    
   271.8200       133.7377       1.427120    
   276.8195       133.7825       1.387437    
   281.8193       133.7548       1.369047    
   286.8188       133.6900       1.376009    
   291.8181       133.6082       1.472146    
   296.8170       133.5132       1.560349    
   301.8156       133.4008       1.587333    
   306.8141       133.2925       1.585959    
   311.8136       133.2536       1.573548    
   316.8123       133.1856       1.597924    
   321.7794       132.7410       1.600322    
   326.7076       131.9564       1.531361    
   331.6619       131.6910       1.517911    
   336.6017       132.3271       1.541401    
   341.4941       133.2876       1.548208    
   346.3997       134.1857       1.556290    
   351.3318       134.9460       1.501653    
   356.3008       135.4228       1.502245    
   361.2956       135.6176       1.486550    
   366.2939       135.7384       1.470574    
   371.2916       135.8799       1.545066    
   376.2886       136.0407       1.623611    
   381.2849       136.2204       1.601272    
   386.2799       136.4265       1.548341    
   391.2732       136.6677       1.529437    
   396.2645       136.9411       1.531863    
   401.2549       137.2291       1.551362    
   406.2462       137.5027       1.543037    
   411.2407       137.7180       1.523942    
   416.2387       137.8369       1.507231    
   421.2385       137.8724       1.465364    
   426.2385       137.8761       1.434741    
   431.2385       137.8917       1.456243    
   436.2343       138.0394       1.497894    
   441.2233       138.3456       1.422482    
   446.2118       138.6598       1.297873    
   451.2035       138.9268       1.288554    
   456.1937       139.2159       1.353135    
   461.1783       139.5782       1.483570    
   466.1624       139.9491       1.586197    
   471.1551       140.1694       1.622866    
   476.1545       140.2207       1.680137    
   481.8401       140.2231       1.799004    
   489.3643       140.2231       1.951268    
   507.4286       140.2231       2.263718    
  -33.77417       128.3538       1.644139    
  -15.70986       128.3538       1.695194    
  -8.185690       128.3538       1.841063    
  -2.500000       128.3538       1.884566    
   2.481762       128.6251       1.891876    
   7.434425       129.2386       1.870413    
   12.38829       129.8431       1.782036    
   17.37068       130.1537       1.767781    
   22.36992       130.2291       1.803748    
   27.36889       130.3151       1.798815    
   32.36626       130.4585       1.792890    
   37.36148       130.6536       1.787062    
   42.35468       130.8879       1.793384    
   47.34677       131.1408       1.827078    
   52.33939       131.3846       1.899380    
   57.33461       131.5780       1.893773    
   62.33282       131.6889       1.889556    
   67.33237       131.6924       1.917900    
   72.33087       131.5914       1.935374    
   77.32610       131.4005       1.961870    
   82.31709       131.1322       1.975603    
   87.30524       130.8228       1.961622    
   92.29430       130.5262       1.910829    
   97.28818       130.3116       1.881269    
   102.2866       130.2167       1.818681    
   107.2863       130.1709       1.706808    
   112.2728       129.9104       1.610567    
   117.2255       129.3089       1.596493    
   122.1606       128.5859       1.633422    
   127.1186       128.0226       1.658851    
   132.1048       127.7059       1.681421    
   137.1018       127.5708       1.668646    
   142.1004       127.6130       1.626605    
   147.0855       127.9183       1.594617    
   152.0289       128.5684       1.640537    
   156.9416       129.4059       1.680668    
   161.8866       130.0337       1.767453    
   166.8759       130.2731       1.859431    
   171.8755       130.2789       1.908275    
   176.8751       130.2254       1.938841    
   181.8749       130.1989       1.922680    
   186.8749       130.1980       1.864974    
   191.8749       130.1983       1.793470    
   196.8749       130.1983       1.736196    
   201.8749       130.1983       1.681371    
   206.8749       130.1982       1.610189    
   211.8749       130.2005       1.618130    
   216.8748       130.2222       1.616766    
   221.8745       130.2778       1.608440    
   226.8739       130.3428       1.638596    
   231.8736       130.3456       1.637477    
   236.8703       130.2072       1.657909    
   241.8605       129.9314       1.702821    
   246.8531       129.7134       1.730117    
   251.8497       129.7641       1.730992    
   256.8403       130.0339       1.712242    
   261.8292       130.3325       1.704258    
   266.8226       130.5588       1.679834    
   271.8200       130.6960       1.637338    
   276.8195       130.7393       1.631544    
   281.8193       130.7124       1.628052    
   286.8188       130.6498       1.671787    
   291.8181       130.5708       1.773027    
   296.8170       130.4788       1.868095    
   301.8156       130.3701       1.912335    
   306.8141       130.2655       1.914078    
   311.8136       130.2279       1.901289    
   316.8123       130.1622       1.895994    
   321.7794       129.7323       1.864722    
   326.7076       128.9738       1.795733    
   331.6619       128.7171       1.763950    
   336.6017       129.3322       1.765244    
   341.4941       130.2607       1.765331    
   346.3997       131.1291       1.758742    
   351.3318       131.8641       1.724572    
   356.3008       132.3251       1.706803    
   361.2956       132.5135       1.697482    
   366.2939       132.6302       1.707784    
   371.2916       132.7671       1.767061    
   376.2886       132.9225       1.820014    
   381.2849       133.0963       1.813922    
   386.2799       133.2955       1.791118    
   391.2732       133.5287       1.781601    
   396.2645       133.7930       1.796453    
   401.2549       134.0715       1.829255    
   406.2462       134.3360       1.842116    
   411.2407       134.5442       1.835487    
   416.2387       134.6591       1.815854    
   421.2385       134.6935       1.780155    
   426.2385       134.6971       1.747478    
   431.2385       134.7121       1.736196    
   436.2343       134.8550       1.720958    
   441.2233       135.1510       1.645785    
   446.2118       135.4547       1.553322    
   451.2035       135.7129       1.525270    
   456.1937       135.9924       1.558887    
   461.1783       136.3427       1.641572    
   466.1624       136.7012       1.719828    
   471.1551       136.9142       1.771508    
   476.1545       136.9639       1.827982    
   481.8401       136.9662       1.921034    
   489.3643       136.9662       2.045590    
   507.4286       136.9662       2.314164    
  -33.77417       125.1739       1.673112    
  -15.70986       125.1739       1.765304    
  -8.185690       125.1739       1.966280    
  -2.500000       125.1739       2.046281    
   2.481762       125.4352       2.077591    
   7.434425       126.0261       2.078196    
   12.38829       126.6083       2.049727    
   17.37068       126.9075       2.049684    
   22.36992       126.9801       2.073986    
   27.36889       127.0629       2.078336    
   32.36626       127.2010       2.075707    
   37.36148       127.3890       2.069532    
   42.35468       127.6146       2.069710    
   47.34677       127.8582       2.086956    
   52.33939       128.0931       2.119645    
   57.33461       128.2793       2.122988    
   62.33282       128.3861       2.125061    
   67.33237       128.3895       2.141978    
   72.33087       128.2923       2.158204    
   77.32610       128.1083       2.175095    
   82.31709       127.8499       2.180387    
   87.30524       127.5519       2.166092    
   92.29430       127.2662       2.127478    
   97.28818       127.0596       2.053630    
   102.2866       126.9681       1.979542    
   107.2863       126.9241       1.887081    
   112.2728       126.6731       1.810990    
   117.2255       126.0938       1.785339    
   122.1606       125.3975       1.793538    
   127.1186       124.8549       1.803630    
   132.1048       124.5499       1.808483    
   137.1018       124.4198       1.799153    
   142.1004       124.4603       1.780973    
   147.0855       124.7544       1.777900    
   152.0289       125.3806       1.823595    
   156.9416       126.1872       1.877785    
   161.8866       126.7919       2.001470    
   166.8759       127.0225       2.167956    
   171.8755       127.0280       2.249038    
   176.8751       126.9765       2.286708    
   181.8749       126.9510       2.280569    
   186.8749       126.9501       2.232452    
   191.8749       126.9505       2.123015    
   196.8749       126.9505       2.057588    
   201.8749       126.9505       1.993041    
   206.8749       126.9503       1.912838    
   211.8749       126.9525       1.894182    
   216.8748       126.9735       1.888594    
   221.8745       127.0270       1.884676    
   226.8739       127.0896       1.893365    
   231.8736       127.0923       1.889477    
   236.8703       126.9591       1.893593    
   241.8605       126.6934       1.912492    
   246.8531       126.4834       1.926501    
   251.8497       126.5322       1.928066    
   256.8403       126.7921       1.927038    
   261.8292       127.0797       1.923451    
   266.8226       127.2977       1.915371    
   271.8200       127.4297       1.910141    
   276.8195       127.4715       1.962189    
   281.8193       127.4456       1.942554    
   286.8188       127.3853       1.993017    
   291.8181       127.3092       2.081379    
   296.8170       127.2206       2.164445    
   301.8156       127.1160       2.207354    
   306.8141       127.0152       2.203156    
   311.8136       126.9790       2.184664    
   316.8123       126.9157       2.161370    
   321.7794       126.5017       2.112532    
   326.7076       125.7710       2.043285    
   331.6619       125.5238       1.998802    
   336.6017       126.1162       1.980928    
   341.4941       127.0106       1.970173    
   346.3997       127.8469       1.955267    
   351.3318       128.5549       1.929711    
   356.3008       128.9989       1.910496    
   361.2956       129.1804       1.903073    
   366.2939       129.2928       1.916385    
   371.2916       129.4245       1.957055    
   376.2886       129.5742       1.994221    
   381.2849       129.7417       2.004969    
   386.2799       129.9336       2.022157    
   391.2732       130.1582       2.031727    
   396.2645       130.4128       2.058367    
   401.2549       130.6809       2.098634    
   406.2462       130.9357       2.120437    
   411.2407       131.1362       2.126732    
   416.2387       131.2469       2.112863    
   421.2385       131.2800       2.083688    
   426.2385       131.2835       2.050924    
   431.2385       131.2979       2.021639    
   436.2343       131.4355       1.983020    
   441.2233       131.7207       1.916633    
   446.2118       132.0132       1.849945    
   451.2035       132.2618       1.818739    
   456.1937       132.5311       1.830150    
   461.1783       132.8684       1.877254    
   466.1624       133.2138       1.930478    
   471.1551       133.4189       1.977064    
   476.1545       133.4668       2.023863    
   481.8401       133.4690       2.092390    
   489.3643       133.4690       2.182946    
   507.4286       133.4690       2.386389    
  -33.77417       121.7413       1.710574    
  -15.70986       121.7413       1.842151    
  -8.185690       121.7413       2.074441    
  -2.500000       121.7413       2.177963    
   2.481762       121.9919       2.227919    
   7.434425       122.5584       2.248305    
   12.38829       123.1165       2.251533    
   17.37068       123.4034       2.262528    
   22.36992       123.4730       2.280822    
   27.36889       123.5524       2.287581    
   32.36626       123.6848       2.287721    
   37.36148       123.8650       2.282932    
   42.35468       124.0813       2.280016    
   47.34677       124.3148       2.285943    
   52.33939       124.5400       2.298423    
   57.33461       124.7186       2.301364    
   62.33282       124.8209       2.304159    
   67.33237       124.8242       2.313367    
   72.33087       124.7309       2.323735    
   77.32610       124.5546       2.332626    
   82.31709       124.3068       2.332809    
   87.30524       124.0211       2.317662    
   92.29430       123.7473       2.279393    
   97.28818       123.5492       2.193586    
   102.2866       123.4615       2.111814    
   107.2863       123.4193       2.032644    
   112.2728       123.1786       1.969892    
   117.2255       122.6232       1.937737    
   122.1606       121.9557       1.927307    
   127.1186       121.4355       1.923287    
   132.1048       121.1431       1.919888    
   137.1018       121.0183       1.912770    
   142.1004       121.0573       1.908766    
   147.0855       121.3392       1.924372    
   152.0289       121.9395       1.976144    
   156.9416       122.7128       2.061622    
   161.8866       123.2925       2.226043    
   166.8759       123.5135       2.391034    
   171.8755       123.5189       2.493674    
   176.8751       123.4696       2.546018    
   181.8749       123.4451       2.554907    
   186.8749       123.4443       2.525910    
   191.8749       123.4446       2.461729    
   196.8749       123.4446       2.403967    
   201.8749       123.4446       2.337338    
   206.8749       123.4444       2.224640    
   211.8749       123.4465       2.187887    
   216.8748       123.4666       2.174094    
   221.8745       123.5179       2.166499    
   226.8739       123.5779       2.162632    
   231.8736       123.5806       2.153399    
   236.8703       123.4528       2.147663    
   241.8605       123.1981       2.151202    
   246.8531       122.9968       2.156958    
   251.8497       123.0435       2.165973    
   256.8403       123.2927       2.213892    
   261.8292       123.5684       2.223063    
   266.8226       123.7774       2.227132    
   271.8200       123.9041       2.237975    
   276.8195       123.9441       2.270605    
   281.8193       123.9193       2.290768    
   286.8188       123.8614       2.342352    
   291.8181       123.7885       2.414320    
   296.8170       123.7036       2.479815    
   301.8156       123.6032       2.510720    
   306.8141       123.5066       2.478045    
   311.8136       123.4719       2.443113    
   316.8123       123.4112       2.404526    
   321.7794       123.0143       2.344660    
   326.7076       122.3138       2.274807    
   331.6619       122.0768       2.221764    
   336.6017       122.6448       2.189610    
   341.4941       123.5022       2.167897    
   346.3997       124.3040       2.146836    
   351.3318       124.9827       2.124002    
   356.3008       125.4084       2.105990    
   361.2956       125.5824       2.098425    
   366.2939       125.6901       2.107427    
   371.2916       125.8165       2.133540    
   376.2886       125.9600       2.161236    
   381.2849       126.1205       2.180059    
   386.2799       126.3045       2.200712    
   391.2732       126.5198       2.224140    
   396.2645       126.7639       2.262495    
   401.2549       127.0210       2.319815    
   406.2462       127.2653       2.405000    
   411.2407       127.4575       2.434379    
   416.2387       127.5636       2.432505    
   421.2385       127.5953       2.411787    
   426.2385       127.5986       2.382516    
   431.2385       127.6125       2.349269    
   436.2343       127.7445       2.307230    
   441.2233       128.0178       2.252079    
   446.2118       128.2982       2.202795    
   451.2035       128.5366       2.177176    
   456.1937       128.7948       2.179173    
   461.1783       129.1181       2.202099    
   466.1624       129.4493       2.232885    
   471.1551       129.6459       2.264936    
   476.1545       129.6918       2.296207    
   481.8401       129.6939       2.331271    
   489.3643       129.6939       2.374912    
   507.4286       129.6939       2.484091    
  -33.77417       118.0135       1.757459    
  -15.70986       118.0135       1.924543    
  -8.185690       118.0135       2.171041    
  -2.500000       118.0135       2.287985    
   2.481762       118.2522       2.348662    
   7.434425       118.7923       2.382725    
   12.38829       119.3243       2.402873    
   17.37068       119.5977       2.421580    
   22.36992       119.6640       2.437173    
   27.36889       119.7397       2.445212    
   32.36626       119.8660       2.447146    
   37.36148       120.0378       2.443377    
   42.35468       120.2439       2.438955    
   47.34677       120.4665       2.438378    
   52.33939       120.6811       2.440576    
   57.33461       120.8514       2.440424    
   62.33282       120.9489       2.441375    
   67.33237       120.9520       2.445174    
   72.33087       120.8632       2.449901    
   77.32610       120.6951       2.452589    
   82.31709       120.4589       2.448930    
   87.30524       120.1866       2.432881    
   92.29430       119.9255       2.397798    
   97.28818       119.7367       2.331397    
   102.2866       119.6531       2.227336    
   107.2863       119.6129       2.150396    
   112.2728       119.3835       2.093054    
   117.2255       118.8540       2.056904    
   122.1606       118.2177       2.035943    
   127.1186       117.7218       2.022594    
   132.1048       117.4431       2.014556    
   137.1018       117.3242       2.008800    
   142.1004       117.3613       2.012709    
   147.0855       117.6301       2.039036    
   152.0289       118.2023       2.095455    
   156.9416       118.9394       2.189486    
   161.8866       119.4921       2.337989    
   166.8759       119.7027       2.530161    
   171.8755       119.7078       2.655147    
   176.8751       119.6608       2.727985    
   181.8749       119.6375       2.756792    
   186.8749       119.6367       2.749616    
   191.8749       119.6370       2.714864    
   196.8749       119.6370       2.671712    
   201.8749       119.6370       2.619116    
   206.8749       119.6368       2.553300    
   211.8749       119.6388       2.517379    
   216.8748       119.6580       2.498881    
   221.8745       119.7069       2.487429    
   226.8739       119.7641       2.478018    
   231.8736       119.7666       2.466712    
   236.8703       119.6448       2.457398    
   241.8605       119.4020       2.453655    
   246.8531       119.2101       2.453366    
   251.8497       119.2547       2.457420    
   256.8403       119.4922       2.472618    
   261.8292       119.7551       2.480592    
   266.8226       119.9542       2.489323    
   271.8200       120.0750       2.505245    
   276.8195       120.1131       2.532866    
   281.8193       120.0895       2.564216    
   286.8188       120.0343       2.611272    
   291.8181       119.9648       2.667806    
   296.8170       119.8839       2.717063    
   301.8156       119.7882       2.739892    
   306.8141       119.6961       2.720494    
   311.8136       119.6630       2.658338    
   316.8123       119.6051       2.605597    
   321.7794       119.2268       2.533001    
   326.7076       118.5591       2.459649    
   331.6619       118.3332       2.397578    
   336.6017       118.8746       2.352334    
   341.4941       119.6919       2.319371    
   346.3997       120.4562       2.291656    
   351.3318       121.1031       2.267498    
   356.3008       121.5089       2.249250    
   361.2956       121.6748       2.240077    
   366.2939       121.7775       2.243670    
   371.2916       121.8979       2.259928    
   376.2886       122.0348       2.281720    
   381.2849       122.1877       2.303972    
   386.2799       122.3631       2.329890    
   391.2732       122.5684       2.363218    
   396.2645       122.8010       2.412181    
   401.2549       123.0461       2.485041    
   406.2462       123.2790       2.600301    
   411.2407       123.4621       2.651143    
   416.2387       123.5633       2.663830    
   421.2385       123.5935       2.653409    
   426.2385       123.5967       2.630609    
   431.2385       123.6100       2.601173    
   436.2343       123.7357       2.564873    
   441.2233       123.9963       2.521398    
   446.2118       124.2636       2.482629    
   451.2035       124.4909       2.460503    
   456.1937       124.7369       2.457547    
   461.1783       125.0452       2.466532    
   466.1624       125.3608       2.481545    
   471.1551       125.5482       2.499191    
   476.1545       125.5920       2.515791    
   481.8401       125.5940       2.527212    
   489.3643       125.5940       2.538821    
   507.4286       125.5940       2.579439    
  -33.77417       113.9358       1.814444    
  -15.70986       113.9358       2.011863    
  -8.185690       113.9358       2.260039    
  -2.500000       113.9358       2.382357    
   2.481762       114.1617       2.449050    
   7.434425       114.6728       2.490962    
   12.38829       115.1762       2.519222    
   17.37068       115.4350       2.540768    
   22.36992       115.4978       2.555533    
   27.36889       115.5694       2.564221    
   32.36626       115.6889       2.566461    
   37.36148       115.8514       2.563266    
   42.35468       116.0465       2.558619    
   47.34677       116.2571       2.555054    
   52.33939       116.4603       2.552392    
   57.33461       116.6214       2.549449    
   62.33282       116.7137       2.547854    
   67.33237       116.7167       2.547802    
   72.33087       116.6326       2.548218    
   77.32610       116.4735       2.546383    
   82.31709       116.2499       2.539435    
   87.30524       115.9922       2.522456    
   92.29430       115.7452       2.489792    
   97.28818       115.5665       2.431390    
   102.2866       115.4874       2.328984    
   107.2863       115.4493       2.248209    
   112.2728       115.2323       2.189715    
   117.2255       114.7313       2.149595    
   122.1606       114.1291       2.122372    
   127.1186       113.6599       2.103541    
   132.1048       113.3961       2.092500    
   137.1018       113.2836       2.088475    
   142.1004       113.3186       2.097613    
   147.0855       113.5730       2.128574    
   152.0289       114.1145       2.185992    
   156.9416       114.8120       2.277263    
   161.8866       115.3350       2.411881    
   166.8759       115.5344       2.599967    
   171.8755       115.5392       2.743798    
   176.8751       115.4947       2.840270    
   181.8749       115.4726       2.892638    
   186.8749       115.4719       2.909005    
   191.8749       115.4722       2.898925    
   196.8749       115.4722       2.873964    
   201.8749       115.4722       2.838806    
   206.8749       115.4720       2.798376    
   211.8749       115.4739       2.769191    
   216.8748       115.4921       2.750110    
   221.8745       115.5383       2.736501    
   226.8739       115.5924       2.724651    
   231.8736       115.5948       2.712541    
   236.8703       115.4796       2.701849    
   241.8605       115.2498       2.694405    
   246.8531       115.0682       2.689848    
   251.8497       115.1104       2.688720    
   256.8403       115.3352       2.692316    
   261.8292       115.5839       2.697323    
   266.8226       115.7724       2.706292    
   271.8200       115.8866       2.722204    
   276.8195       115.9228       2.746575    
   281.8193       115.9004       2.777395    
   286.8188       115.8482       2.816577    
   291.8181       115.7824       2.859265    
   296.8170       115.7058       2.894782    
   301.8156       115.6153       2.911019    
   306.8141       115.5281       2.899035    
   311.8136       115.4968       2.859348    
   316.8123       115.4420       2.802451    
   321.7794       115.0840       2.703849    
   326.7076       114.4521       2.622454    
   331.6619       114.2384       2.544875    
   336.6017       114.7507       2.483745    
   341.4941       115.5241       2.437793    
   346.3997       116.2474       2.401453    
   351.3318       116.8596       2.372572    
   356.3008       117.2437       2.351423    
   361.2956       117.4006       2.339066    
   366.2939       117.4977       2.337459    
   371.2916       117.6117       2.346841    
   376.2886       117.7412       2.364296    
   381.2849       117.8860       2.387378    
   386.2799       118.0519       2.417259    
   391.2732       118.2462       2.457705    
   396.2645       118.4663       2.515529    
   401.2549       118.6983       2.600544    
   406.2462       118.9186       2.731447    
   411.2407       119.0920       2.799524    
   416.2387       119.1877       2.826965    
   421.2385       119.2163       2.828372    
   426.2385       119.2194       2.814416    
   431.2385       119.2319       2.792204    
   436.2343       119.3509       2.764729    
   441.2233       119.5975       2.733262    
   446.2118       119.8504       2.703825    
   451.2035       120.0655       2.683413    
   456.1937       120.2983       2.674947    
   461.1783       120.5900       2.674690    
   466.1624       120.8887       2.679486    
   471.1551       121.0661       2.685938    
   476.1545       121.1075       2.690375    
   481.8401       121.1095       2.686360    
   489.3643       121.1095       2.678490    
   507.4286       121.1095       2.671385    
  -33.77417       109.4377       1.882343    
  -15.70986       109.4377       2.105156    
  -8.185690       109.4377       2.342609    
  -2.500000       109.4377       2.463291    
   2.481762       109.6495       2.532911    
   7.434425       110.1285       2.578661    
   12.38829       110.6005       2.609655    
   17.37068       110.8431       2.631117    
   22.36992       110.9020       2.645101    
   27.36889       110.9691       2.653180    
   32.36626       111.0811       2.655254    
   37.36148       111.2335       2.653038    
   42.35468       111.4164       2.649105    
   47.34677       111.6138       2.644660    
   52.33939       111.8043       2.640060    
   57.33461       111.9553       2.635332    
   62.33282       112.0418       2.631491    
   67.33237       112.0446       2.628662    
   72.33087       111.9657       2.626045    
   77.32610       111.8166       2.621222    
   82.31709       111.6071       2.611920    
   87.30524       111.3655       2.594558    
   92.29430       111.1339       2.564746    
   97.28818       110.9664       2.515966    
   102.2866       110.8923       2.440212    
   107.2863       110.8566       2.337434    
   112.2728       110.6531       2.270843    
   117.2255       110.1834       2.224961    
   122.1606       109.6189       2.192658    
   127.1186       109.1790       2.170242    
   132.1048       108.9318       2.157310    
   137.1018       108.8263       2.154869    
   142.1004       108.8592       2.166972    
   147.0855       109.0976       2.198259    
   152.0289       109.6052       2.252181    
   156.9416       110.2591       2.333486    
   161.8866       110.7494       2.447088    
   166.8759       110.9363       2.594908    
   171.8755       110.9408       2.765244    
   176.8751       110.8991       2.890111    
   181.8749       110.8784       2.968756    
   186.8749       110.8776       3.010216    
   191.8749       110.8779       3.024178    
   196.8749       110.8779       3.019552    
   201.8749       110.8779       3.002716    
   206.8749       110.8778       2.980111    
   211.8749       110.8796       2.959709    
   216.8748       110.8966       2.943322    
   221.8745       110.9400       2.929826    
   226.8739       110.9907       2.917444    
   231.8736       110.9929       2.905297    
   236.8703       110.8849       2.894162    
   241.8605       110.6695       2.884919    
   246.8531       110.4993       2.877811    
   251.8497       110.5388       2.873439    
   256.8403       110.7495       2.872481    
   261.8292       110.9827       2.875085    
   266.8226       111.1594       2.882516    
   271.8200       111.2665       2.896128    
   276.8195       111.3003       2.916277    
   281.8193       111.2794       2.941798    
   286.8188       111.2305       2.971702    
   291.8181       111.1687       3.002169    
   296.8170       111.0969       3.026392    
   301.8156       111.0121       3.036647    
   306.8141       110.9304       3.027383    
   311.8136       110.9010       2.997669    
   316.8123       110.8497       2.949011    
   321.7794       110.5141       2.877464    
   326.7076       109.9218       2.794896    
   331.6619       109.7214       2.683949    
   336.6017       110.2016       2.599495    
   341.4941       110.9267       2.536445    
   346.3997       111.6047       2.488302    
   351.3318       112.1786       2.451585    
   356.3008       112.5386       2.424769    
   361.2956       112.6857       2.407449    
   366.2939       112.7768       2.400491    
   371.2916       112.8837       2.404314    
   376.2886       113.0050       2.418021    
   381.2849       113.1407       2.440767    
   386.2799       113.2963       2.473388    
   391.2732       113.4784       2.519028    
   396.2645       113.6848       2.583614    
   401.2549       113.9022       2.676932    
   406.2462       114.1088       2.815494    
   411.2407       114.2713       2.896096    
   416.2387       114.3611       2.936809    
   421.2385       114.3878       2.950580    
   426.2385       114.3907       2.947080    
   431.2385       114.4025       2.933420    
   436.2343       114.5140       2.914337    
   441.2233       114.7451       2.892737    
   446.2118       114.9823       2.871836    
   451.2035       115.1839       2.854666    
   456.1937       115.4022       2.843290    
   461.1783       115.6756       2.836960    
   466.1624       115.9556       2.834256    
   471.1551       116.1219       2.832312    
   476.1545       116.1607       2.828007    
   481.8401       116.1625       2.815926    
   489.3643       116.1625       2.797328    
   507.4286       116.1625       2.759013    
  -33.77417       104.4251       1.961699    
  -15.70986       104.4251       2.212013    
  -8.185690       104.4251       2.422416    
  -2.500000       104.4251       2.533144    
   2.481762       104.6212       2.600796    
   7.434425       105.0646       2.647051    
   12.38829       105.5015       2.678461    
   17.37068       105.7260       2.699517    
   22.36992       105.7805       2.712954    
   27.36889       105.8427       2.720529    
   32.36626       105.9463       2.723089    
   37.36148       106.0873       2.722141    
   42.35468       106.2567       2.719074    
   47.34677       106.4394       2.714719    
   52.33939       106.6157       2.709696    
   57.33461       106.7555       2.704282    
   62.33282       106.8356       2.699210    
   67.33237       106.8381       2.694753    
   72.33087       106.7651       2.690229    
   77.32610       106.6271       2.683677    
   82.31709       106.4332       2.673137    
   87.30524       106.2096       2.656001    
   92.29430       105.9952       2.628829    
   97.28818       105.8402       2.586652    
   102.2866       105.7715       2.521975    
   107.2863       105.7385       2.421797    
   112.2728       105.5501       2.347912    
   117.2255       105.1154       2.294432    
   122.1606       104.5929       2.256197    
   127.1186       104.1857       2.230092    
   132.1048       103.9569       2.215236    
   137.1018       103.8593       2.212619    
   142.1004       103.8897       2.224295    
   147.0855       104.1104       2.252460    
   152.0289       104.5803       2.299543    
   156.9416       105.1855       2.368551    
   161.8866       105.6393       2.462496    
   166.8759       105.8122       2.582455    
   171.8755       105.8165       2.725617    
   176.8751       105.7778       2.888294    
   181.8749       105.7587       2.994281    
   186.8749       105.7580       3.060957    
   191.8749       105.7582       3.098619    
   196.8749       105.7583       3.115053    
   201.8749       105.7583       3.116684    
   206.8749       105.7581       3.109619    
   211.8749       105.7598       3.099238    
   216.8748       105.7755       3.088156    
   221.8745       105.8157       3.077088    
   226.8739       105.8626       3.065902    
   231.8736       105.8647       3.054626    
   236.8703       105.7647       3.043862    
   241.8605       105.5654       3.034162    
   246.8531       105.4078       3.025962    
   251.8497       105.4444       3.019941    
   256.8403       105.6394       3.016870    
   261.8292       105.8553       3.017507    
   266.8226       106.0188       3.022655    
   271.8200       106.1179       3.032870    
   276.8195       106.1492       3.047964    
   281.8193       106.1298       3.066801    
   286.8188       106.0846       3.087727    
   291.8181       106.0275       3.107790    
   296.8170       105.9610       3.122674    
   301.8156       105.8824       3.127460    
   306.8141       105.8068       3.118331    
   311.8136       105.7796       3.093643    
   316.8123       105.7321       3.052948    
   321.7794       105.4215       2.995493    
   326.7076       104.8732       2.922910    
   331.6619       104.6877       2.830374    
   336.6017       105.1322       2.714658    
   341.4941       105.8034       2.629078    
   346.3997       106.4309       2.565198    
   351.3318       106.9622       2.517513    
   356.3008       107.2954       2.482596    
   361.2956       107.4315       2.458831    
   366.2939       107.5159       2.446299    
   371.2916       107.6148       2.445250    
   376.2886       107.7271       2.455548    
   381.2849       107.8528       2.477192    
   386.2799       107.9968       2.511068    
   391.2732       108.1653       2.559800    
   396.2645       108.3564       2.628587    
   401.2549       108.5576       2.726346    
   406.2462       108.7488       2.867044    
   411.2407       108.8992       2.955835    
   416.2387       108.9823       3.007403    
   421.2385       109.0071       3.032665    
   426.2385       109.0098       3.039887    
   431.2385       109.0207       3.035360    
   436.2343       109.1239       3.023921    
   441.2233       109.3378       3.009295    
   446.2118       109.5574       2.994275    
   451.2035       109.7439       2.980575    
   456.1937       109.9460       2.969341    
   461.1783       110.1991       2.960670    
   466.1624       110.4583       2.953834    
   471.1551       110.6122       2.947086    
   476.1545       110.6481       2.938053    
   481.8401       110.6497       2.922169    
   489.3643       110.6497       2.897828    
   507.4286       110.6497       2.840722    
  -33.77417       98.76926       2.053159    
  -15.70986       98.76926       2.353995    
  -8.185690       98.76926       2.504518    
  -2.500000       98.76926       2.595977    
   2.481762       98.94752       2.656076    
   7.434425       99.35075       2.699527    
   12.38829       99.74802       2.730129    
   17.37068       99.95215       2.751086    
   22.36992       100.0017       2.764722    
   27.36889       100.0582       2.772667    
   32.36626       100.1525       2.776088    
   37.36148       100.2807       2.776144    
   42.35468       100.4347       2.773843    
   47.34677       100.6009       2.770058    
   52.33939       100.7612       2.765402    
   57.33461       100.8883       2.760194    
   62.33282       100.9611       2.754983    
   67.33237       100.9634       2.750004    
   72.33087       100.8971       2.744642    
   77.32610       100.7716       2.737430    
   82.31709       100.5952       2.726741    
   87.30524       100.3919       2.710659    
   92.29430       100.1970       2.686687    
   97.28818       100.0560       2.651511    
   102.2866       99.99355       2.600841    
   107.2863       99.96349       2.529956    
   112.2728       99.79222       2.437329    
   117.2255       99.39693       2.370412    
   122.1606       98.92178       2.322716    
   127.1186       98.55151       2.290308    
   132.1048       98.34343       2.271335    
   137.1018       98.25465       2.265549    
   142.1004       98.28233       2.273464    
   147.0855       98.48299       2.296007    
   152.0289       98.91029       2.334696    
   156.9416       99.46066       2.391484    
   161.8866       99.87329       2.468620    
   166.8759       100.0306       2.568329    
   171.8755       100.0344       2.694018    
   176.8751       99.99930       2.855929    
   181.8749       99.98188       2.979529    
   186.8749       99.98126       3.068315    
   191.8749       99.98149       3.128208    
   196.8749       99.98150       3.165244    
   201.8749       99.98149       3.185228    
   206.8749       99.98139       3.193519    
   211.8749       99.98287       3.194504    
   216.8748       99.99718       3.191046    
   221.8745       100.0337       3.184813    
   226.8739       100.0764       3.176776    
   231.8736       100.0783       3.167631    
   236.8703       99.98734       3.158085    
   241.8605       99.80609       3.148777    
   246.8531       99.66279       3.140354    
   251.8497       99.69608       3.133588    
   256.8403       99.87341       3.129276    
   261.8292       100.0697       3.128158    
   266.8226       100.2184       3.130793    
   271.8200       100.3085       3.137378    
   276.8195       100.3370       3.147502    
   281.8193       100.3194       3.160081    
   286.8188       100.2782       3.173473    
   291.8181       100.2263       3.185369    
   296.8170       100.1659       3.192863    
   301.8156       100.0944       3.192841    
   306.8141       100.0256       3.182694    
   311.8136       100.0009       3.160757    
   316.8123       99.95772       3.126116    
   321.7794       99.67523       3.078233    
   326.7076       99.17667       3.016758    
   331.6619       99.00801       2.939688    
   336.6017       99.41222       2.845122    
   341.4941       100.0225       2.730393    
   346.3997       100.5932       2.645644    
   351.3318       101.0763       2.583100    
   356.3008       101.3793       2.537583    
   361.2956       101.5031       2.506180    
   366.2939       101.5798       2.487891    
   371.2916       101.6697       2.482272    
   376.2886       101.7719       2.489074    
   381.2849       101.8861       2.508474    
   386.2799       102.0170       2.541497    
   391.2732       102.1703       2.590631    
   396.2645       102.3440       2.660562    
   401.2549       102.5270       2.759007    
   406.2462       102.7009       2.897408    
   411.2407       102.8377       2.990379    
   416.2387       102.9132       3.049669    
   421.2385       102.9358       3.084158    
   426.2385       102.9382       3.100760    
   431.2385       102.9481       3.104980    
   436.2343       103.0419       3.101184    
   441.2233       103.2365       3.092842    
   446.2118       103.4361       3.082619    
   451.2035       103.6058       3.072189    
   456.1937       103.7895       3.062456    
   461.1783       104.0197       3.053694    
   466.1624       104.2553       3.045478    
   471.1551       104.3953       3.036725    
   476.1545       104.4279       3.025689    
   481.8401       104.4295       3.008288    
   489.3643       104.4295       2.981390    
   507.4286       104.4295       2.914610    
  -33.77417       92.28692       2.155300    
  -15.70986       92.28692       2.457135    
  -8.185690       92.28692       2.576037    
  -2.500000       92.28692       2.650347    
   2.481762       92.44483       2.701146    
   7.434425       92.80198       2.739608    
   12.38829       93.15384       2.767989    
   17.37068       93.33465       2.788251    
   22.36992       93.37855       2.802013    
   27.36889       93.42858       2.810552    
   32.36626       93.51208       2.814944    
   37.36148       93.62569       2.816158    
   42.35468       93.76205       2.815044    
   47.34677       93.90923       2.812327    
   52.33939       94.05121       2.808528    
   57.33461       94.16380       2.804078    
   62.33282       94.22831       2.799417    
   67.33237       94.23037       2.794655    
   72.33087       94.17159       2.789291    
   77.32610       94.06042       2.782307    
   82.31709       93.90422       2.772453    
   87.30524       93.72411       2.758309    
   92.29430       93.55146       2.738120    
   97.28818       93.42661       2.709710    
   102.2866       93.37131       2.670504    
   107.2863       93.34469       2.617763    
   112.2728       93.19299       2.549054    
   117.2255       92.84286       2.460804    
   122.1606       92.42202       2.398084    
   127.1186       92.09407       2.354918    
   132.1048       91.90976       2.328068    
   137.1018       91.83113       2.315848    
   142.1004       91.85565       2.317481    
   147.0855       92.03337       2.332850    
   152.0289       92.41184       2.362465    
   156.9416       92.89931       2.407282    
   161.8866       93.26480       2.468798    
   166.8759       93.40413       2.548853    
   171.8755       93.40750       2.649684    
   176.8751       93.37640       2.773993    
   181.8749       93.36098       2.920657    
   186.8749       93.36044       3.031954    
   191.8749       93.36063       3.113396    
   196.8749       93.36064       3.170600    
   201.8749       93.36063       3.208982    
   206.8749       93.36054       3.233280    
   211.8749       93.36186       3.247266    
   216.8748       93.37454       3.253776    
   221.8745       93.40688       3.254906    
   226.8739       93.44470       3.252197    
   231.8736       93.44635       3.246799    
   236.8703       93.36582       3.239681    
   241.8605       93.20527       3.231776    
   246.8531       93.07835       3.224018    
   251.8497       93.10783       3.217307    
   256.8403       93.26490       3.212421    
   261.8292       93.43874       3.209941    
   266.8226       93.57047       3.210220    
   271.8200       93.65030       3.213287    
   276.8195       93.67554       3.218724    
   281.8193       93.65989       3.225656    
   286.8188       93.62345       3.232758    
   291.8181       93.57744       3.238285    
   296.8170       93.52392       3.240218    
   301.8156       93.46066       3.236511    
   306.8141       93.39973       3.225369    
   311.8136       93.37785       3.205413    
   316.8123       93.33959       3.175657    
   321.7794       93.08938       3.135445    
   326.7076       92.64779       3.084109    
   331.6619       92.49840       3.020329    
   336.6017       92.85643       2.943142    
   341.4941       93.39696       2.850907    
   346.3997       93.90244       2.739360    
   351.3318       94.33030       2.657479    
   356.3008       94.59869       2.598351    
   361.2956       94.70834       2.557482    
   366.2939       94.77627       2.532395    
   371.2916       94.85593       2.521545    
   376.2886       94.94642       2.524097    
   381.2849       95.04758       2.540021    
   386.2799       95.16358       2.570332    
   391.2732       95.29931       2.617409    
   396.2645       95.45317       2.685425    
   401.2549       95.61526       2.780804    
   406.2462       95.76926       2.912633    
   411.2407       95.89043       3.005563    
   416.2387       95.95733       3.068886    
   421.2385       95.97731       3.109739    
   426.2385       95.97943       3.133782    
   431.2385       95.98818       3.145700    
   436.2343       96.07135       3.149334    
   441.2233       96.24365       3.147663    
   446.2118       96.42047       3.142902    
   451.2035       96.57073       3.136553    
   456.1937       96.73344       3.129500    
   461.1783       96.93733       3.122154    
   466.1624       97.14609       3.114344    
   471.1551       97.27006       3.105285    
   476.1545       97.29897       3.093738    
   481.8401       97.30029       3.076280    
   489.3643       97.30029       3.049001    
   507.4286       97.30029       2.978539    
  -33.77417       84.70639       2.269243    
  -15.70986       84.70639       2.537592    
  -8.185690       84.70639       2.634464    
  -2.500000       84.70639       2.695071    
   2.481762       84.84047       2.737375    
   7.434425       85.14374       2.770327    
   12.38829       85.44250       2.795601    
   17.37068       85.59602       2.814454    
   22.36992       85.63330       2.827890    
   27.36889       85.67580       2.836830    
   32.36626       85.74669       2.842159    
   37.36148       85.84315       2.844645    
   42.35468       85.95895       2.844940    
   47.34677       86.08392       2.843610    
   52.33939       86.20448       2.841147    
   57.33461       86.30008       2.837971    
   62.33282       86.35486       2.834347    
   67.33237       86.35661       2.830258    
   72.33087       86.30669       2.825361    
   77.32610       86.21230       2.819009    
   82.31709       86.07966       2.810315    
   87.30524       85.92673       2.798222    
   92.29430       85.78013       2.781471    
   97.28818       85.67411       2.758581    
   102.2866       85.62716       2.727870    
   107.2863       85.60456       2.687469    
   112.2728       85.47575       2.635406    
   117.2255       85.17844       2.569177    
   122.1606       84.82110       2.485382    
   127.1186       84.54264       2.426732    
   132.1048       84.38613       2.388363    
   137.1018       84.31937       2.366974    
   142.1004       84.34019       2.360411    
   147.0855       84.49109       2.367457    
   152.0289       84.81246       2.387577    
   156.9416       85.22638       2.420790    
   161.8866       85.53673       2.467782    
   166.8759       85.65503       2.529663    
   171.8755       85.65790       2.607742    
   176.8751       85.63148       2.703535    
   181.8749       85.61840       2.818209    
   186.8749       85.61794       2.953015    
   191.8749       85.61810       3.055475    
   196.8749       85.61810       3.131774    
   201.8749       85.61810       3.187783    
   206.8749       85.61802       3.228091    
   211.8749       85.61914       3.256041    
   216.8748       85.62991       3.274265    
   221.8745       85.65736       3.284926    
   226.8739       85.68948       3.289803    
   231.8736       85.69088       3.290342    
   236.8703       85.62250       3.287774    
   241.8605       85.48617       3.283262    
   246.8531       85.37840       3.277910    
   251.8497       85.40344       3.272680    
   256.8403       85.53680       3.268310    
   261.8292       85.68442       3.265256    
   266.8226       85.79627       3.263731    
   271.8200       85.86406       3.263706    
   276.8195       85.88549       3.264869    
   281.8193       85.87220       3.266625    
   286.8188       85.84126       3.268099    
   291.8181       85.80219       3.268169    
   296.8170       85.75674       3.265555    
   301.8156       85.70303       3.258929    
   306.8141       85.65130       3.247008    
   311.8136       85.63272       3.228671    
   316.8123       85.60023       3.203003    
   321.7794       85.38776       3.169338    
   326.7076       85.01280       3.126978    
   331.6619       84.88596       3.074782    
   336.6017       85.18996       3.012286    
   341.4941       85.64894       2.938636    
   346.3997       86.07815       2.850933    
   351.3318       86.44146       2.746212    
   356.3008       86.66934       2.670679    
   361.2956       86.76245       2.618247    
   366.2939       86.82014       2.584711    
   371.2916       86.88777       2.567340    
   376.2886       86.96461       2.564584    
   381.2849       87.05051       2.576008    
   386.2799       87.14902       2.602330    
   391.2732       87.26426       2.645526    
   396.2645       87.39491       2.709002    
   401.2549       87.53254       2.797831    
   406.2462       87.66331       2.919015    
   411.2407       87.76619       3.007784    
   416.2387       87.82300       3.071469    
   421.2385       87.83997       3.115818    
   426.2385       87.84176       3.145380    
   431.2385       87.84920       3.163862    
   436.2343       87.91981       3.174284    
   441.2233       88.06612       3.178998    
   446.2118       88.21626       3.179750    
   451.2035       88.34385       3.177821    
   456.1937       88.48203       3.174118    
   461.1783       88.65514       3.169142    
   466.1624       88.83239       3.162876    
   471.1551       88.93765       3.154812    
   476.1545       88.96221       3.144149    
   481.8401       88.96335       3.128025    
   489.3643       88.96335       3.101871    
   507.4286       88.96335       3.029544    
  -33.77417       75.60016       2.401430    
  -15.70986       75.60016       2.603091    
  -8.185690       75.60016       2.679646    
  -2.500000       75.60016       2.728776    
   2.481762       75.70561       2.763848    
   7.434425       75.94414       2.791870    
   12.38829       76.17914       2.814070    
   17.37068       76.29989       2.831458    
   22.36992       76.32921       2.844624    
   27.36889       76.36263       2.854052    
   32.36626       76.41840       2.860379    
   37.36148       76.49427       2.864233    
   42.35468       76.58534       2.866141    
   47.34677       76.68364       2.866541    
   52.33939       76.77846       2.865788    
   57.33461       76.85366       2.864134    
   62.33282       76.89674       2.861697    
   67.33237       76.89812       2.858444    
   72.33087       76.85886       2.854172    
   77.32610       76.78461       2.848463    
   82.31709       76.68029       2.840679    
   87.30524       76.56001       2.830041    
   92.29430       76.44469       2.815663    
   97.28818       76.36131       2.796535    
   102.2866       76.32438       2.771543    
   107.2863       76.30660       2.739434    
   112.2728       76.20528       2.698849    
   117.2255       75.97144       2.648177    
   122.1606       75.69038       2.585429    
   127.1186       75.47135       2.508273    
   132.1048       75.34826       2.457222    
   137.1018       75.29574       2.425868    
   142.1004       75.31212       2.410389    
   147.0855       75.43081       2.408570    
   152.0289       75.68358       2.419119    
   156.9416       76.00915       2.441385    
   161.8866       76.25325       2.475436    
   166.8759       76.34630       2.521782    
   171.8755       76.34855       2.581121    
   176.8751       76.32778       2.654380    
   181.8749       76.31749       2.742510    
   186.8749       76.31712       2.846548    
   191.8749       76.31725       2.967709    
   196.8749       76.31725       3.058791    
   201.8749       76.31725       3.129300    
   206.8749       76.31718       3.184456    
   211.8749       76.31807       3.226392    
   216.8748       76.32654       3.257203    
   221.8745       76.34814       3.278864    
   226.8739       76.37340       3.293165    
   231.8736       76.37450       3.301677    
   236.8703       76.32071       3.305771    
   241.8605       76.21349       3.306696    
   246.8531       76.12872       3.305589    
   251.8497       76.14841       3.303394    
   256.8403       76.25331       3.300812    
   261.8292       76.36942       3.298272    
   266.8226       76.45739       3.295977    
   271.8200       76.51070       3.293948    
   276.8195       76.52757       3.292012    
   281.8193       76.51711       3.289827    
   286.8188       76.49277       3.286897    
   291.8181       76.46204       3.282605    
   296.8170       76.42630       3.276239    
   301.8156       76.38405       3.267013    
   306.8141       76.34336       3.254078    
   311.8136       76.32875       3.236594    
   316.8123       76.30320       3.213818    
   321.7794       76.13609       3.185205    
   326.7076       75.84116       3.150155    
   331.6619       75.74139       3.107679    
   336.6017       75.98050       3.057661    
   341.4941       76.34151       2.999846    
   346.3997       76.67910       2.932406    
   351.3318       76.96486       2.853606    
   356.3008       77.14410       2.761408    
   361.2956       77.21733       2.698126    
   366.2939       77.26270       2.656011    
   371.2916       77.31591       2.631602    
   376.2886       77.37634       2.622837    
   381.2849       77.44391       2.628842    
   386.2799       77.52139       2.649827    
   391.2732       77.61202       2.687069    
   396.2645       77.71479       2.742969    
   401.2549       77.82304       2.821224    
   406.2462       77.92590       2.927111    
   411.2407       78.00681       3.007303    
   416.2387       78.05150       3.067464    
   421.2385       78.06484       3.111967    
   426.2385       78.06626       3.144253    
   431.2385       78.07211       3.167058    
   436.2343       78.12765       3.182530    
   441.2233       78.24273       3.192321    
   446.2118       78.36082       3.197771    
   451.2035       78.46117       3.200002    
   456.1937       78.56985       3.199862    
   461.1783       78.70601       3.197797    
   466.1624       78.84543       3.193861    
   471.1551       78.92822       3.187859    
   476.1545       78.94754       3.179343    
   481.8401       78.94843       3.165975    
   489.3643       78.94843       3.142495    
   507.4286       78.94843       3.061901    
  -33.77417       56.32260       2.561051    
  -15.70986       56.32260       2.676312    
  -8.185690       56.32260       2.724425    
  -2.500000       56.32260       2.758041    
   2.481762       56.36747       2.783848    
   7.434425       56.46896       2.805811    
   12.38829       56.56895       2.824548    
   17.37068       56.62033       2.840614    
   22.36992       56.63280       2.854283    
   27.36889       56.64702       2.865427    
   32.36626       56.67075       2.874084    
   37.36148       56.70303       2.880581    
   42.35468       56.74178       2.885272    
   47.34677       56.78361       2.888402    
   52.33939       56.82395       2.890121    
   57.33461       56.85595       2.890521    
   62.33282       56.87428       2.889642    
   67.33237       56.87487       2.887465    
   72.33087       56.85816       2.883896    
   77.32610       56.82657       2.878736    
   82.31709       56.78218       2.871667    
   87.30524       56.73100       2.862271    
   92.29430       56.68194       2.850053    
   97.28818       56.64646       2.834483    
   102.2866       56.63075       2.815046    
   107.2863       56.62318       2.791259    
   112.2728       56.58007       2.762698    
   117.2255       56.48058       2.728951    
   122.1606       56.36099       2.689555    
   127.1186       56.26780       2.644141    
   132.1048       56.21542       2.593060    
   137.1018       56.19307       2.554848    
   142.1004       56.20005       2.528774    
   147.0855       56.25055       2.514222    
   152.0289       56.35809       2.510620    
   156.9416       56.49662       2.517322    
   161.8866       56.60048       2.533962    
   166.8759       56.64007       2.560461    
   171.8755       56.64103       2.596602    
   176.8751       56.63219       2.642064    
   181.8749       56.62782       2.696285    
   186.8749       56.62766       2.758323    
   191.8749       56.62771       2.826838    
   196.8749       56.62772       2.899929    
   201.8749       56.62771       2.977304    
   206.8749       56.62769       3.059857    
   211.8749       56.62806       3.127232    
   216.8748       56.63167       3.181299    
   221.8745       56.64086       3.223846    
   226.8739       56.65160       3.256585    
   231.8736       56.65207       3.281124    
   236.8703       56.62919       3.298938    
   241.8605       56.58356       3.311353    
   246.8531       56.54750       3.319526    
   251.8497       56.55588       3.324343    
   256.8403       56.60051       3.326523    
   261.8292       56.64991       3.326635    
   266.8226       56.68734       3.325071    
   271.8200       56.71003       3.322072    
   276.8195       56.71720       3.317748    
   281.8193       56.71275       3.312092    
   286.8188       56.70240       3.305003    
   291.8181       56.68932       3.296311    
   296.8170       56.67411       3.285792    
   301.8156       56.65614       3.273177    
   306.8141       56.63882       3.258168    
   311.8136       56.63261       3.240452    
   316.8123       56.62173       3.219748    
   321.7794       56.55063       3.195891    
   326.7076       56.42514       3.168636    
   331.6619       56.38269       3.137470    
   336.6017       56.48443       3.102903    
   341.4941       56.63803       3.065536    
   346.3997       56.78168       3.025072    
   351.3318       56.90327       2.981641    
   356.3008       56.97953       2.935589    
   361.2956       57.01069       2.887721    
   366.2939       57.02999       2.837697    
   371.2916       57.05263       2.804021    
   376.2886       57.07835       2.785405    
   381.2849       57.10709       2.780901    
   386.2799       57.14006       2.789909    
   391.2732       57.17862       2.812128    
   396.2645       57.22235       2.847478    
   401.2549       57.26841       2.896009    
   406.2462       57.31217       2.957743    
   411.2407       57.34660       3.011217    
   416.2387       57.36561       3.056760    
   421.2385       57.37129       3.094950    
   426.2385       57.37189       3.126473    
   431.2385       57.37438       3.152028    
   436.2343       57.39801       3.172245    
   441.2233       57.44698       3.187750    
   446.2118       57.49723       3.199322    
   451.2035       57.53992       3.207738    
   456.1937       57.58617       3.213568    
   461.1783       57.64410       3.217185    
   466.1624       57.70342       3.218947    
   471.1551       57.73865       3.219208    
   476.1545       57.74687       3.218289    
   481.8401       57.74725       3.216348    
   489.3643       57.74725       3.213680    
   507.4286       57.74725       3.162509    
