        1545
  -33.77417       136.6885       1.680798    
  -15.70986       136.6885       1.621203    
  -8.185690       136.6885       1.573421    
  -2.500000       136.6885       1.399129    
   2.481762       136.9860       1.313177    
   7.434425       137.6588       1.279033    
   12.38829       138.3216       1.095941    
   17.37068       138.6622      0.9006059    
   22.36992       138.7449       1.132007    
   27.36889       138.8391      0.9569541    
   32.36626       138.9964      0.9757800    
   37.36148       139.2104      0.9905568    
   42.35468       139.4673       1.097787    
   47.34677       139.7446       1.159164    
   52.33939       140.0120       1.133745    
   57.33461       140.2241       1.064791    
   62.33282       140.3456      0.9637164    
   67.33237       140.3495       1.093556    
   72.33087       140.2388      0.9663974    
   77.32610       140.0294       1.111350    
   82.31709       139.7351       1.141367    
   87.30524       139.3958       1.256267    
   92.29430       139.0706       1.194784    
   97.28818       138.8354       1.003214    
   102.2866       138.7312       1.081444    
   107.2863       138.6811       1.067333    
   112.2728       138.3953       1.058210    
   117.2255       137.7357       1.066849    
   122.1606       136.9430       1.172901    
   127.1186       136.3252       1.180982    
   132.1048       135.9780       1.411845    
   137.1018       135.8299       1.430554    
   142.1004       135.8761       1.314241    
   147.0855       136.2108       1.028777    
   152.0289       136.9238       1.193053    
   156.9416       137.8421       1.105977    
   161.8866       138.5306       1.105798    
   166.8759       138.7930       1.067473    
   171.8755       138.7994      0.9552010    
   176.8751       138.7408      0.9114311    
   181.8749       138.7118      0.9196303    
   186.8749       138.7108      0.8622416    
   191.8749       138.7111      0.8781514    
   196.8749       138.7112      0.8504202    
   201.8749       138.7111      0.9427444    
   206.8749       138.7109      0.8971183    
   211.8749       138.7134      0.9933411    
   216.8748       138.7373      0.9733532    
   221.8745       138.7983      0.8076680    
   226.8739       138.8695       1.008604    
   231.8736       138.8726      0.7141197    
   236.8703       138.7209      0.8605997    
   241.8605       138.4185      0.8203958    
   246.8531       138.1794      0.8259611    
   251.8497       138.2349      0.9090341    
   256.8403       138.5308       1.034550    
   261.8292       138.8582      0.9939427    
   266.8226       139.1064      0.9059432    
   271.8200       139.2568       1.068263    
   276.8195       139.3043       1.048780    
   281.8193       139.2749       1.032890    
   286.8188       139.2062      0.8965830    
   291.8181       139.1195      0.8989023    
   296.8170       139.0187      0.8716111    
   301.8156       138.8996      0.8081708    
   306.8141       138.7848      0.9340966    
   311.8136       138.7435      0.9230594    
   316.8123       138.6715       1.070230    
   321.7794       138.2001       1.203806    
   326.7076       137.3683       1.184546    
   331.6619       137.0869       1.239031    
   336.6017       137.7613       1.194628    
   341.4941       138.7795       1.234045    
   346.3997       139.7317       1.256802    
   351.3318       140.5377       1.018109    
   356.3008       141.0433       1.290298    
   361.2956       141.2499       1.164718    
   366.2939       141.3779      0.9646057    
   371.2916       141.5279      0.9839447    
   376.2886       141.6984       1.101707    
   381.2849       141.8889       1.131924    
   386.2799       142.1075       1.014805    
   391.2732       142.3631       1.098327    
   396.2645       142.6530       1.155426    
   401.2549       142.9583       1.005013    
   406.2462       143.2484      0.8691641    
   411.2407       143.4767      0.8671174    
   416.2387       143.6027      0.9188055    
   421.2385       143.6403      0.8336095    
   426.2385       143.6443      0.9260664    
   431.2385       143.6608      0.9310321    
   436.2343       143.8174       1.178739    
   441.2233       144.1421       1.141726    
   446.2118       144.4751      0.9664503    
   451.2035       144.7582      0.9317513    
   456.1937       145.0647      0.9399726    
   461.1783       145.4488       1.176461    
   466.1624       145.8420       1.345033    
   471.1551       146.0755       1.367120    
   476.1545       146.1300       1.465437    
   481.8401       146.1326       1.704203    
   489.3643       146.1326       1.920002    
   507.4286       146.1326       2.324594    
  -33.77417       134.0858       1.686746    
  -15.70986       134.0858       1.640790    
  -8.185690       134.0858       1.623990    
  -2.500000       134.0858       1.543339    
   2.481762       134.3752       1.516284    
   7.434425       135.0294       1.500073    
   12.38829       135.6740       1.358105    
   17.37068       136.0052       1.239580    
   22.36992       136.0857       1.333531    
   27.36889       136.1774       1.252947    
   32.36626       136.3303       1.250454    
   37.36148       136.5384       1.265162    
   42.35468       136.7882       1.327280    
   47.34677       137.0579       1.391266    
   52.33939       137.3180       1.413130    
   57.33461       137.5242       1.363012    
   62.33282       137.6424       1.318572    
   67.33237       137.6462       1.367680    
   72.33087       137.5385       1.333373    
   77.32610       137.3349       1.393265    
   82.31709       137.0487       1.424275    
   87.30524       136.7188       1.454473    
   92.29430       136.4025       1.423971    
   97.28818       136.1738       1.369086    
   102.2866       136.0724       1.396272    
   107.2863       136.0237       1.360244    
   112.2728       135.7457       1.305041    
   117.2255       135.1043       1.303214    
   122.1606       134.3334       1.358934    
   127.1186       133.7326       1.359969    
   132.1048       133.3949       1.464492    
   137.1018       133.2509       1.469851    
   142.1004       133.2958       1.380307    
   147.0855       133.6214       1.238453    
   152.0289       134.3147       1.335694    
   156.9416       135.2077       1.333333    
   161.8866       135.8773       1.380000    
   166.8759       136.1325       1.364944    
   171.8755       136.1387       1.285838    
   176.8751       136.0817       1.250585    
   181.8749       136.0535       1.215116    
   186.8749       136.0525       1.165612    
   191.8749       136.0529       1.170826    
   196.8749       136.0529       1.166893    
   201.8749       136.0529       1.200095    
   206.8749       136.0527       1.171988    
   211.8749       136.0551       1.234990    
   216.8748       136.0783       1.209295    
   221.8745       136.1376       1.120953    
   226.8739       136.2069       1.205189    
   231.8736       136.2099       1.084900    
   236.8703       136.0623       1.141385    
   241.8605       135.7682       1.164824    
   246.8531       135.5358       1.176686    
   251.8497       135.5898       1.224501    
   256.8403       135.8775       1.289144    
   261.8292       136.1960       1.296533    
   266.8226       136.4373       1.261634    
   271.8200       136.5835       1.297037    
   276.8195       136.6297       1.280603    
   281.8193       136.6011       1.251754    
   286.8188       136.5343       1.179921    
   291.8181       136.4500       1.195475    
   296.8170       136.3520       1.221402    
   301.8156       136.2361       1.199303    
   306.8141       136.1245       1.220951    
   311.8136       136.0844       1.186503    
   316.8123       136.0143       1.279031    
   321.7794       135.5559       1.330556    
   326.7076       134.7469       1.286594    
   331.6619       134.4733       1.304175    
   336.6017       135.1292       1.336075    
   341.4941       136.1194       1.364672    
   346.3997       137.0454       1.376048    
   351.3318       137.8293       1.281228    
   356.3008       138.3209       1.381524    
   361.2956       138.5218       1.332195    
   366.2939       138.6463       1.245234    
   371.2916       138.7922       1.299894    
   376.2886       138.9579       1.389077    
   381.2849       139.1433       1.397991    
   386.2799       139.3558       1.327044    
   391.2732       139.6044       1.332627    
   396.2645       139.8863       1.344443    
   401.2549       140.1832       1.287012    
   406.2462       140.4654       1.212760    
   411.2407       140.6873       1.193426    
   416.2387       140.8099       1.198824    
   421.2385       140.8465       1.155511    
   426.2385       140.8504       1.145556    
   431.2385       140.8664       1.162400    
   436.2343       141.0188       1.280559    
   441.2233       141.3345       1.247536    
   446.2118       141.6584       1.128881    
   451.2035       141.9337       1.142764    
   456.1937       142.2318       1.216883    
   461.1783       142.6053       1.397470    
   466.1624       142.9877       1.511495    
   471.1551       143.2148       1.522178    
   476.1545       143.2677       1.581879    
   481.8401       143.2702       1.749076    
   489.3643       143.2702       1.947016    
   507.4286       143.2702       2.338369    
  -33.77417       131.3152       1.699196    
  -15.70986       131.3152       1.680618    
  -8.185690       131.3152       1.719869    
  -2.500000       131.3152       1.697469    
   2.481762       131.5958       1.687499    
   7.434425       132.2304       1.655535    
   12.38829       132.8556       1.539714    
   17.37068       133.1768       1.469224    
   22.36992       133.2549       1.508944    
   27.36889       133.3438       1.477566    
   32.36626       133.4921       1.473979    
   37.36148       133.6940       1.485291    
   42.35468       133.9363       1.523603    
   47.34677       134.1978       1.576312    
   52.33939       134.4500       1.617145    
   57.33461       134.6501       1.593741    
   62.33282       134.7647       1.567873    
   67.33237       134.7684       1.592548    
   72.33087       134.6640       1.591623    
   77.32610       134.4664       1.629070    
   82.31709       134.1889       1.649431    
   87.30524       133.8689       1.653492    
   92.29430       133.5621       1.625515    
   97.28818       133.3403       1.602631    
   102.2866       133.2420       1.585533    
   107.2863       133.1947       1.518111    
   112.2728       132.9252       1.445528    
   117.2255       132.3031       1.439154    
   122.1606       131.5553       1.484277    
   127.1186       130.9726       1.500732    
   132.1048       130.6451       1.545666    
   137.1018       130.5054       1.542063    
   142.1004       130.5490       1.483246    
   147.0855       130.8647       1.420227    
   152.0289       131.5372       1.464447    
   156.9416       132.4034       1.482998    
   161.8866       133.0527       1.538107    
   166.8759       133.3003       1.573809    
   171.8755       133.3063       1.552541    
   176.8751       133.2510       1.538200    
   181.8749       133.2236       1.506936    
   186.8749       133.2227       1.463578    
   191.8749       133.2231       1.440348    
   196.8749       133.2231       1.418997    
   201.8749       133.2231       1.408973    
   206.8749       133.2229       1.375963    
   211.8749       133.2252       1.406098    
   216.8748       133.2477       1.393402    
   221.8745       133.3052       1.352358    
   226.8739       133.3724       1.384687    
   231.8736       133.3753       1.339149    
   236.8703       133.2322       1.365567    
   241.8605       132.9470       1.401511    
   246.8531       132.7215       1.428608    
   251.8497       132.7738       1.451880    
   256.8403       133.0529       1.478799    
   261.8292       133.3618       1.489259    
   266.8226       133.5959       1.473351    
   271.8200       133.7377       1.468455    
   276.8195       133.7825       1.454158    
   281.8193       133.7548       1.428489    
   286.8188       133.6900       1.405164    
   291.8181       133.6082       1.443756    
   296.8170       133.5132       1.494319    
   301.8156       133.4008       1.499291    
   306.8141       133.2925       1.492756    
   311.8136       133.2536       1.466296    
   316.8123       133.1856       1.505436    
   321.7794       132.7410       1.513030    
   326.7076       131.9564       1.473432    
   331.6619       131.6910       1.474473    
   336.6017       132.3271       1.503088    
   341.4941       133.2876       1.527408    
   346.3997       134.1857       1.531125    
   351.3318       134.9460       1.488078    
   356.3008       135.4228       1.511287    
   361.2956       135.6176       1.483558    
   366.2939       135.7384       1.457631    
   371.2916       135.8799       1.507675    
   376.2886       136.0407       1.570010    
   381.2849       136.2204       1.575263    
   386.2799       136.4265       1.536955    
   391.2732       136.6677       1.528763    
   396.2645       136.9411       1.534782    
   401.2549       137.2291       1.515347    
   406.2462       137.5027       1.478644    
   411.2407       137.7180       1.455967    
   416.2387       137.8369       1.440790    
   421.2385       137.8724       1.408685    
   426.2385       137.8761       1.384300    
   431.2385       137.8917       1.390381    
   436.2343       138.0394       1.427455    
   441.2233       138.3456       1.389727    
   446.2118       138.6598       1.312774    
   451.2035       138.9268       1.318903    
   456.1937       139.2159       1.384039    
   461.1783       139.5782       1.506176    
   466.1624       139.9491       1.599413    
   471.1551       140.1694       1.641249    
   476.1545       140.2207       1.703758    
   481.8401       140.2231       1.831325    
   489.3643       140.2231       2.005247    
   507.4286       140.2231       2.367523    
  -33.77417       128.3538       1.718745    
  -15.70986       128.3538       1.738692    
  -8.185690       128.3538       1.866656    
  -2.500000       128.3538       1.895481    
   2.481762       128.6251       1.900498    
   7.434425       129.2386       1.868071    
   12.38829       129.8431       1.755685    
   17.37068       130.1537       1.709571    
   22.36992       130.2291       1.722965    
   27.36889       130.3151       1.712245    
   32.36626       130.4585       1.712321    
   37.36148       130.6536       1.722845    
   42.35468       130.8879       1.749561    
   47.34677       131.1408       1.792352    
   52.33939       131.3846       1.864793    
   57.33461       131.5780       1.865410    
   62.33282       131.6889       1.852612    
   67.33237       131.6924       1.866935    
   72.33087       131.5914       1.873526    
   77.32610       131.4005       1.897990    
   82.31709       131.1322       1.907679    
   87.30524       130.8228       1.896861    
   92.29430       130.5262       1.831178    
   97.28818       130.3116       1.791110    
   102.2866       130.2167       1.748590    
   107.2863       130.1709       1.677301    
   112.2728       129.9104       1.611204    
   117.2255       129.3089       1.595238    
   122.1606       128.5859       1.618445    
   127.1186       128.0226       1.631676    
   132.1048       127.7059       1.650678    
   137.1018       127.5708       1.645455    
   142.1004       127.6130       1.610784    
   147.0855       127.9183       1.587142    
   152.0289       128.5684       1.616595    
   156.9416       129.4059       1.653632    
   161.8866       130.0337       1.730590    
   166.8759       130.2731       1.814895    
   171.8755       130.2789       1.838355    
   176.8751       130.2254       1.840001    
   181.8749       130.1989       1.818173    
   186.8749       130.1980       1.777903    
   191.8749       130.1983       1.726709    
   196.8749       130.1983       1.689378    
   201.8749       130.1983       1.657582    
   206.8749       130.1982       1.617041    
   211.8749       130.2005       1.618584    
   216.8748       130.2222       1.609286    
   221.8745       130.2778       1.589219    
   226.8739       130.3428       1.594960    
   231.8736       130.3456       1.575809    
   236.8703       130.2072       1.587006    
   241.8605       129.9314       1.614107    
   246.8531       129.7134       1.640009    
   251.8497       129.7641       1.654554    
   256.8403       130.0339       1.669968    
   261.8292       130.3325       1.680722    
   266.8226       130.5588       1.679935    
   271.8200       130.6960       1.680719    
   276.8195       130.7393       1.690848    
   281.8193       130.7124       1.668933    
   286.8188       130.6498       1.670695    
   291.8181       130.5708       1.714665    
   296.8170       130.4788       1.765977    
   301.8156       130.3701       1.782463    
   306.8141       130.2655       1.773006    
   311.8136       130.2279       1.753158    
   316.8123       130.1622       1.755492    
   321.7794       129.7323       1.737284    
   326.7076       128.9738       1.699345    
   331.6619       128.7171       1.687716    
   336.6017       129.3322       1.697569    
   341.4941       130.2607       1.709838    
   346.3997       131.1291       1.708373    
   351.3318       131.8641       1.685526    
   356.3008       132.3251       1.683671    
   361.2956       132.5135       1.666186    
   366.2939       132.6302       1.662406    
   371.2916       132.7671       1.698263    
   376.2886       132.9225       1.741300    
   381.2849       133.0963       1.753381    
   386.2799       133.2955       1.745636    
   391.2732       133.5287       1.744603    
   396.2645       133.7930       1.753525    
   401.2549       134.0715       1.752063    
   406.2462       134.3360       1.735698    
   411.2407       134.5442       1.718233    
   416.2387       134.6591       1.697549    
   421.2385       134.6935       1.668750    
   426.2385       134.6971       1.642633    
   431.2385       134.7121       1.631941    
   436.2343       134.8550       1.627151    
   441.2233       135.1510       1.590043    
   446.2118       135.4547       1.541241    
   451.2035       135.7129       1.541038    
   456.1937       135.9924       1.584701    
   461.1783       136.3427       1.664459    
   466.1624       136.7012       1.738333    
   471.1551       136.9142       1.792202    
   476.1545       136.9639       1.853550    
   481.8401       136.9662       1.953700    
   489.3643       136.9662       2.098399    
   507.4286       136.9662       2.414431    
  -33.77417       125.1739       1.745763    
  -15.70986       125.1739       1.807659    
  -8.185690       125.1739       1.992702    
  -2.500000       125.1739       2.056844    
   2.481762       125.4352       2.077518    
   7.434425       126.0261       2.063082    
   12.38829       126.6083       2.012213    
   17.37068       126.9075       1.986761    
   22.36992       126.9801       1.990097    
   27.36889       127.0629       1.986848    
   32.36626       127.2010       1.990291    
   37.36148       127.3890       2.000336    
   42.35468       127.6146       2.019238    
   47.34677       127.8582       2.047596    
   52.33939       128.0931       2.082935    
   57.33461       128.2793       2.089873    
   62.33282       128.3861       2.085738    
   67.33237       128.3895       2.094943    
   72.33087       128.2923       2.100843    
   77.32610       128.1083       2.114067    
   82.31709       127.8499       2.115971    
   87.30524       127.5519       2.101559    
   92.29430       127.2662       2.055309    
   97.28818       127.0596       1.978121    
   102.2866       126.9681       1.917798    
   107.2863       126.9241       1.850361    
   112.2728       126.6731       1.792591    
   117.2255       126.0938       1.768049    
   122.1606       125.3975       1.770072    
   127.1186       124.8549       1.772209    
   132.1048       124.5499       1.778012    
   137.1018       124.4198       1.773085    
   142.1004       124.4603       1.756997    
   147.0855       124.7544       1.755147    
   152.0289       125.3806       1.787041    
   156.9416       126.1872       1.831662    
   161.8866       126.7919       1.937804    
   166.8759       127.0225       2.088070    
   171.8755       127.0280       2.149117    
   176.8751       126.9765       2.168643    
   181.8749       126.9510       2.157459    
   186.8749       126.9501       2.118563    
   191.8749       126.9505       2.025436    
   196.8749       126.9505       1.977080    
   201.8749       126.9505       1.933386    
   206.8749       126.9503       1.876654    
   211.8749       126.9525       1.857198    
   216.8748       126.9735       1.844876    
   221.8745       127.0270       1.831102    
   226.8739       127.0896       1.824642    
   231.8736       127.0923       1.812280    
   236.8703       126.9591       1.814689    
   241.8605       126.6934       1.830864    
   246.8531       126.4834       1.851042    
   251.8497       126.5322       1.867916    
   256.8403       126.7921       1.895562    
   261.8292       127.0797       1.912816    
   266.8226       127.2977       1.924105    
   271.8200       127.4297       1.941095    
   276.8195       127.4715       1.996652    
   281.8193       127.4456       1.954091    
   286.8188       127.3853       1.963325    
   291.8181       127.3092       2.002354    
   296.8170       127.2206       2.044239    
   301.8156       127.1160       2.058989    
   306.8141       127.0152       2.041591    
   311.8136       126.9790       2.018140    
   316.8123       126.9157       1.998489    
   321.7794       126.5017       1.964268    
   326.7076       125.7710       1.923131    
   331.6619       125.5238       1.900647    
   336.6017       126.1162       1.894826    
   341.4941       127.0106       1.894495    
   346.3997       127.8469       1.888041    
   351.3318       128.5549       1.872260    
   356.3008       128.9989       1.863225    
   361.2956       129.1804       1.851362    
   366.2939       129.2928       1.853012    
   371.2916       129.4245       1.876785    
   376.2886       129.5742       1.907623    
   381.2849       129.7417       1.926927    
   386.2799       129.9336       1.951618    
   391.2732       130.1582       1.962825    
   396.2645       130.4128       1.978979    
   401.2549       130.6809       1.992851    
   406.2462       130.9357       1.990637    
   411.2407       131.1362       1.985751    
   416.2387       131.2469       1.970423    
   421.2385       131.2800       1.946679    
   426.2385       131.2835       1.922317    
   431.2385       131.2979       1.903073    
   436.2343       131.4355       1.882902    
   441.2233       131.7207       1.850826    
   446.2118       132.0132       1.820202    
   451.2035       132.2618       1.818600    
   456.1937       132.5311       1.845425    
   461.1783       132.8684       1.896403    
   466.1624       133.2138       1.950512    
   471.1551       133.4189       1.998025    
   476.1545       133.4668       2.049729    
   481.8401       133.4690       2.123621    
   489.3643       133.4690       2.234701    
   507.4286       133.4690       2.482032    
  -33.77417       121.7413       1.780724    
  -15.70986       121.7413       1.882669    
  -8.185690       121.7413       2.100696    
  -2.500000       121.7413       2.190474    
   2.481762       121.9919       2.225654    
   7.434425       122.5584       2.231631    
   12.38829       123.1165       2.215947    
   17.37068       123.4034       2.205253    
   22.36992       123.4730       2.205694    
   27.36889       123.5524       2.205807    
   32.36626       123.6848       2.211650    
   37.36148       123.8650       2.220289    
   42.35468       124.0813       2.233151    
   47.34677       124.3148       2.250354    
   52.33939       124.5400       2.267859    
   57.33461       124.7186       2.274310    
   62.33282       124.8209       2.274834    
   67.33237       124.8242       2.280082    
   72.33087       124.7309       2.283707    
   77.32610       124.5546       2.287938    
   82.31709       124.3068       2.284425    
   87.30524       124.0211       2.267988    
   92.29430       123.7473       2.226004    
   97.28818       123.5492       2.138407    
   102.2866       123.4615       2.062578    
   107.2863       123.4193       1.995511    
   112.2728       123.1786       1.941634    
   117.2255       122.6232       1.910774    
   122.1606       121.9557       1.898030    
   127.1186       121.4355       1.890849    
   132.1048       121.1431       1.888285    
   137.1018       121.0183       1.884924    
   142.1004       121.0573       1.881419    
   147.0855       121.3392       1.893780    
   152.0289       121.9395       1.933699    
   156.9416       122.7128       2.004866    
   161.8866       123.2925       2.146810    
   166.8759       123.5135       2.291337    
   171.8755       123.5189       2.376568    
   176.8751       123.4696       2.415073    
   181.8749       123.4451       2.418174    
   186.8749       123.4443       2.393590    
   191.8749       123.4446       2.341809    
   196.8749       123.4446       2.298292    
   201.8749       123.4446       2.248662    
   206.8749       123.4444       2.153328    
   211.8749       123.4465       2.119787    
   216.8748       123.4666       2.103561    
   221.8745       123.5179       2.091005    
   226.8739       123.5779       2.080378    
   231.8736       123.5806       2.069633    
   236.8703       123.4528       2.067498    
   241.8605       123.1981       2.076058    
   246.8531       122.9968       2.091760    
   251.8497       123.0435       2.115905    
   256.8403       123.2927       2.186408    
   261.8292       123.5684       2.212898    
   266.8226       123.7774       2.230153    
   271.8200       123.9041       2.249936    
   276.8195       123.9441       2.278406    
   281.8193       123.9193       2.275942    
   286.8188       123.8614       2.291981    
   291.8181       123.7885       2.323714    
   296.8170       123.7036       2.353914    
   301.8156       123.6032       2.359594    
   306.8141       123.5066       2.314224    
   311.8136       123.4719       2.275451    
   316.8123       123.4112       2.240071    
   321.7794       123.0143       2.193764    
   326.7076       122.3138       2.146435    
   331.6619       122.0768       2.113469    
   336.6017       122.6448       2.094460    
   341.4941       123.5022       2.082726    
   346.3997       124.3040       2.070551    
   351.3318       124.9827       2.055622    
   356.3008       125.4084       2.044055    
   361.2956       125.5824       2.034855    
   366.2939       125.6901       2.036390    
   371.2916       125.8165       2.051819    
   376.2886       125.9600       2.074106    
   381.2849       126.1205       2.093634    
   386.2799       126.3045       2.113752    
   391.2732       126.5198       2.132649    
   396.2645       126.7639       2.159074    
   401.2549       127.0210       2.197129    
   406.2462       127.2653       2.265368    
   411.2407       127.4575       2.286522    
   416.2387       127.5636       2.284508    
   421.2385       127.5953       2.269744    
   426.2385       127.5986       2.250665    
   431.2385       127.6125       2.231266    
   436.2343       127.7445       2.209668    
   441.2233       128.0178       2.184638    
   446.2118       128.2982       2.165327    
   451.2035       128.5366       2.164921    
   456.1937       128.7948       2.182712    
   461.1783       129.1181       2.212994    
   466.1624       129.4493       2.248327    
   471.1551       129.6459       2.283162    
   476.1545       129.6918       2.319163    
   481.8401       129.6939       2.361226    
   489.3643       129.6939       2.425288    
   507.4286       129.6939       2.573766    
  -33.77417       118.0135       1.824263    
  -15.70986       118.0135       1.961817    
  -8.185690       118.0135       2.194166    
  -2.500000       118.0135       2.299370    
   2.481762       118.2522       2.347357    
   7.434425       118.7923       2.369097    
   12.38829       119.3243       2.373321    
   17.37068       119.5977       2.373053    
   22.36992       119.6640       2.375393    
   27.36889       119.7397       2.379731    
   32.36626       119.8660       2.386810    
   37.36148       120.0378       2.393426    
   42.35468       120.2439       2.401786    
   47.34677       120.4665       2.411811    
   52.33939       120.6811       2.420677    
   57.33461       120.8514       2.424807    
   62.33282       120.9489       2.426477    
   67.33237       120.9520       2.428524    
   72.33087       120.8632       2.429822    
   77.32610       120.6951       2.428448    
   82.31709       120.4589       2.421407    
   87.30524       120.1866       2.403360    
   92.29430       119.9255       2.365345    
   97.28818       119.7367       2.296529    
   102.2866       119.6531       2.192163    
   107.2863       119.6129       2.117994    
   112.2728       119.3835       2.062603    
   117.2255       118.8540       2.026286    
   122.1606       118.2177       2.004151    
   127.1186       117.7218       1.990221    
   132.1048       117.4431       1.982573    
   137.1018       117.3242       1.980973    
   142.1004       117.3613       1.985494    
   147.0855       117.6301       2.006006    
   152.0289       118.2023       2.050865    
   156.9416       118.9394       2.127456    
   161.8866       119.4921       2.252908    
   166.8759       119.7027       2.424171    
   171.8755       119.7078       2.531471    
   176.8751       119.6608       2.589855    
   181.8749       119.6375       2.610805    
   186.8749       119.6367       2.604669    
   191.8749       119.6370       2.578674    
   196.8749       119.6370       2.547657    
   201.8749       119.6370       2.509588    
   206.8749       119.6368       2.458162    
   211.8749       119.6388       2.428715    
   216.8748       119.6580       2.412100    
   221.8745       119.7069       2.400427    
   226.8739       119.7641       2.389930    
   231.8736       119.7666       2.380730    
   236.8703       119.6448       2.376897    
   241.8605       119.4020       2.380764    
   246.8531       119.2101       2.391376    
   251.8497       119.2547       2.409324    
   256.8403       119.4922       2.441709    
   261.8292       119.7551       2.462926    
   266.8226       119.9542       2.479971    
   271.8200       120.0750       2.497995    
   276.8195       120.1131       2.517702    
   281.8193       120.0895       2.528680    
   286.8188       120.0343       2.546631    
   291.8181       119.9648       2.571350    
   296.8170       119.8839       2.592405    
   301.8156       119.7882       2.594930    
   306.8141       119.6961       2.565532    
   311.8136       119.6630       2.501307    
   316.8123       119.6051       2.452871    
   321.7794       119.2268       2.391972    
   326.7076       118.5591       2.335278    
   331.6619       118.3332       2.289179    
   336.6017       118.8746       2.255938    
   341.4941       119.6919       2.232215    
   346.3997       120.4562       2.212665    
   351.3318       121.1031       2.195082    
   356.3008       121.5089       2.181414    
   361.2956       121.6748       2.172539    
   366.2939       121.7775       2.172126    
   371.2916       121.8979       2.181446    
   376.2886       122.0348       2.197387    
   381.2849       122.1877       2.215344    
   386.2799       122.3631       2.235832    
   391.2732       122.5684       2.261224    
   396.2645       122.8010       2.298386    
   401.2549       123.0461       2.356870    
   406.2462       123.2790       2.459985    
   411.2407       123.4621       2.505007    
   416.2387       123.5633       2.518709    
   421.2385       123.5935       2.515287    
   426.2385       123.5967       2.503961    
   431.2385       123.6100       2.489149    
   436.2343       123.7357       2.471604    
   441.2233       123.9963       2.453212    
   446.2118       124.2636       2.440035    
   451.2035       124.4909       2.439402    
   456.1937       124.7369       2.452119    
   461.1783       125.0452       2.470959    
   466.1624       125.3608       2.491977    
   471.1551       125.5482       2.514521    
   476.1545       125.5920       2.536674    
   481.8401       125.5940       2.558068    
   489.3643       125.5940       2.588042    
   507.4286       125.5940       2.662152    
  -33.77417       113.9358       1.877125    
  -15.70986       113.9358       2.045547    
  -8.185690       113.9358       2.279493    
  -2.500000       113.9358       2.390982    
   2.481762       114.1617       2.447922    
   7.434425       114.6728       2.479290    
   12.38829       115.1762       2.494887    
   17.37068       115.4350       2.503369    
   22.36992       115.4978       2.510616    
   27.36889       115.5694       2.518124    
   32.36626       115.6889       2.524339    
   37.36148       115.8514       2.528870    
   42.35468       116.0465       2.534173    
   47.34677       116.2571       2.539963    
   52.33939       116.4603       2.544565    
   57.33461       116.6214       2.546725    
   62.33282       116.7137       2.547649    
   67.33237       116.7167       2.547725    
   72.33087       116.6326       2.547137    
   77.32610       116.4735       2.542933    
   82.31709       116.2499       2.533262    
   87.30524       115.9922       2.513486    
   92.29430       115.7452       2.477434    
   97.28818       115.5665       2.415464    
   102.2866       115.4874       2.308990    
   107.2863       115.4493       2.224985    
   112.2728       115.2323       2.163811    
   117.2255       114.7313       2.121561    
   122.1606       114.1291       2.093012    
   127.1186       113.6599       2.073851    
   132.1048       113.3961       2.062568    
   137.1018       113.2836       2.060819    
   142.1004       113.3186       2.070431    
   147.0855       113.5730       2.095288    
   152.0289       114.1145       2.141523    
   156.9416       114.8120       2.215814    
   161.8866       115.3350       2.330324    
   166.8759       115.5344       2.498073    
   171.8755       115.5392       2.622233    
   176.8751       115.4947       2.701658    
   181.8749       115.4726       2.743578    
   186.8749       115.4719       2.757969    
   191.8749       115.4722       2.753183    
   196.8749       115.4722       2.737896    
   201.8749       115.4722       2.714857    
   206.8749       115.4720       2.686542    
   211.8749       115.4739       2.665236    
   216.8748       115.4921       2.650943    
   221.8745       115.5383       2.640685    
   226.8739       115.5924       2.631669    
   231.8736       115.5948       2.624110    
   236.8703       115.4796       2.619835    
   241.8605       115.2498       2.620753    
   246.8531       115.0682       2.626648    
   251.8497       115.1104       2.637359    
   256.8403       115.3352       2.653586    
   261.8292       115.5839       2.668250    
   266.8226       115.7724       2.682328    
   271.8200       115.8866       2.697287    
   276.8195       115.9228       2.713032    
   281.8193       115.9004       2.726851    
   286.8188       115.8482       2.743262    
   291.8181       115.7824       2.761695    
   296.8170       115.7058       2.776015    
   301.8156       115.6153       2.777213    
   306.8141       115.5281       2.758253    
   311.8136       115.4968       2.718596    
   316.8123       115.4420       2.666991    
   321.7794       115.0840       2.578162    
   326.7076       114.4521       2.508860    
   331.6619       114.2384       2.442961    
   336.6017       114.7507       2.391593    
   341.4941       115.5241       2.353659    
   346.3997       116.2474       2.324585    
   351.3318       116.8596       2.301823    
   356.3008       117.2437       2.284933    
   361.2956       117.4006       2.274244    
   366.2939       117.4977       2.270869    
   371.2916       117.6117       2.275437    
   376.2886       117.7412       2.286896    
   381.2849       117.8860       2.303446    
   386.2799       118.0519       2.325771    
   391.2732       118.2462       2.356969    
   396.2645       118.4663       2.403635    
   401.2549       118.6983       2.477010    
   406.2462       118.9186       2.598419    
   411.2407       119.0920       2.661855    
   416.2387       119.1877       2.690562    
   421.2385       119.2163       2.699053    
   426.2385       119.2194       2.696700    
   431.2385       119.2319       2.688739    
   436.2343       119.3509       2.677501    
   441.2233       119.5975       2.665499    
   446.2118       119.8504       2.656337    
   451.2035       120.0655       2.653796    
   456.1937       120.2983       2.660272    
   461.1783       120.5900       2.671943    
   466.1624       120.8887       2.685081    
   471.1551       121.0661       2.698925    
   476.1545       121.1075       2.711247    
   481.8401       121.1095       2.718384    
   489.3643       121.1095       2.725212    
   507.4286       121.1095       2.746334    
  -33.77417       109.4377       1.940151    
  -15.70986       109.4377       2.136873    
  -8.185690       109.4377       2.361369    
  -2.500000       109.4377       2.472137    
   2.481762       109.6495       2.533495    
   7.434425       110.1285       2.570849    
   12.38829       110.6005       2.593467    
   17.37068       110.8431       2.607973    
   22.36992       110.9020       2.618339    
   27.36889       110.9691       2.625993    
   32.36626       111.0811       2.630744    
   37.36148       111.2335       2.634105    
   42.35468       111.4164       2.637691    
   47.34677       111.6138       2.641199    
   52.33939       111.8043       2.643774    
   57.33461       111.9553       2.644902    
   62.33282       112.0418       2.645025    
   67.33237       112.0446       2.644140    
   72.33087       111.9657       2.642034    
   77.32610       111.8166       2.636134    
   82.31709       111.6071       2.624517    
   87.30524       111.3655       2.603850    
   92.29430       111.1339       2.569933    
   97.28818       110.9664       2.516237    
   102.2866       110.8923       2.434513    
   107.2863       110.8566       2.325565    
   112.2728       110.6531       2.253866    
   117.2255       110.1834       2.204302    
   122.1606       109.6189       2.169977    
   127.1186       109.1790       2.146710    
   132.1048       108.9318       2.132966    
   137.1018       108.8263       2.130263    
   142.1004       108.8592       2.141113    
   147.0855       109.0976       2.166427    
   152.0289       109.6052       2.209948    
   156.9416       110.2591       2.276595    
   161.8866       110.7494       2.372755    
   166.8759       110.9363       2.500644    
   171.8755       110.9408       2.650199    
   176.8751       110.8991       2.756450    
   181.8749       110.8784       2.822602    
   186.8749       110.8776       2.858987    
   191.8749       110.8779       2.874351    
   196.8749       110.8779       2.875830    
   201.8749       110.8779       2.867861    
   206.8749       110.8778       2.854768    
   211.8749       110.8796       2.842106    
   216.8748       110.8966       2.831943    
   221.8745       110.9400       2.823991    
   226.8739       110.9907       2.817078    
   231.8736       110.9929       2.811351    
   236.8703       110.8849       2.807552    
   241.8605       110.6695       2.806881    
   246.8531       110.4993       2.809385    
   251.8497       110.5388       2.814995    
   256.8403       110.7495       2.823625    
   261.8292       110.9827       2.833280    
   266.8226       111.1594       2.843794    
   271.8200       111.2665       2.855317    
   276.8195       111.3003       2.867734    
   281.8193       111.2794       2.880083    
   286.8188       111.2305       2.893199    
   291.8181       111.1687       2.906039    
   296.8170       111.0969       2.914992    
   301.8156       111.0121       2.914748    
   306.8141       110.9304       2.901086    
   311.8136       110.9010       2.872768    
   316.8123       110.8497       2.829714    
   321.7794       110.5141       2.766564    
   326.7076       109.9218       2.693192    
   331.6619       109.7214       2.590789    
   336.6017       110.2016       2.514027    
   341.4941       110.9267       2.457923    
   346.3997       111.6047       2.416356    
   351.3318       112.1786       2.385594    
   356.3008       112.5386       2.363406    
   361.2956       112.6857       2.348737    
   366.2939       112.7768       2.341527    
   371.2916       112.8837       2.342247    
   376.2886       113.0050       2.350694    
   381.2849       113.1407       2.366524    
   386.2799       113.2963       2.390937    
   391.2732       113.4784       2.427071    
   396.2645       113.6848       2.481303    
   401.2549       113.9022       2.564672    
   406.2462       114.1088       2.695350    
   411.2407       114.2713       2.771984    
   416.2387       114.3611       2.813630    
   421.2385       114.3878       2.833411    
   426.2385       114.3907       2.840186    
   431.2385       114.4025       2.839655    
   436.2343       114.5140       2.835213    
   441.2233       114.7451       2.829421    
   446.2118       114.9823       2.824438    
   451.2035       115.1839       2.821921    
   456.1937       115.4022       2.823643    
   461.1783       115.6756       2.829142    
   466.1624       115.9556       2.836559    
   471.1551       116.1219       2.843965    
   476.1545       116.1607       2.848783    
   481.8401       116.1625       2.846752    
   489.3643       116.1625       2.839594    
   507.4286       116.1625       2.825413    
  -33.77417       104.4251       2.014331    
  -15.70986       104.4251       2.243317    
  -8.185690       104.4251       2.442966    
  -2.500000       104.4251       2.545060    
   2.481762       104.6212       2.605426    
   7.434425       105.0646       2.645213    
   12.38829       105.5015       2.671350    
   17.37068       105.7260       2.688677    
   22.36992       105.7805       2.700220    
   27.36889       105.8427       2.707756    
   32.36626       105.9463       2.712544    
   37.36148       106.0873       2.716068    
   42.35468       106.2567       2.719065    
   47.34677       106.4394       2.721483    
   52.33939       106.6157       2.723088    
   57.33461       106.7555       2.723692    
   62.33282       106.8356       2.723346    
   67.33237       106.8381       2.721865    
   72.33087       106.7651       2.718570    
   77.32610       106.6271       2.711668    
   82.31709       106.4332       2.699363    
   87.30524       106.2096       2.679180    
   92.29430       105.9952       2.647720    
   97.28818       105.8402       2.599980    
   102.2866       105.7715       2.528655    
   107.2863       105.7385       2.421309    
   112.2728       105.5501       2.341156    
   117.2255       105.1154       2.282960    
   122.1606       104.5929       2.241749    
   127.1186       104.1857       2.213901    
   132.1048       103.9569       2.197507    
   137.1018       103.8593       2.192769    
   142.1004       103.8897       2.200944    
   147.0855       104.1104       2.222633    
   152.0289       104.5803       2.260013    
   156.9416       105.1855       2.316187    
   161.8866       105.6393       2.394284    
   166.8759       105.8122       2.495541    
   171.8755       105.8165       2.618845    
   176.8751       105.7778       2.763355    
   181.8749       105.7587       2.855838    
   186.8749       105.7580       2.914567    
   191.8749       105.7582       2.949531    
   196.8749       105.7583       2.967716    
   201.8749       105.7583       2.974247    
   206.8749       105.7581       2.973595    
   211.8749       105.7598       2.969674    
   216.8748       105.7755       2.964933    
   221.8745       105.8157       2.960389    
   226.8739       105.8626       2.956184    
   231.8736       105.8647       2.952527    
   236.8703       105.7647       2.949830    
   241.8605       105.5654       2.948775    
   246.8531       105.4078       2.949591    
   251.8497       105.4444       2.952426    
   256.8403       105.6394       2.957282    
   261.8292       105.8553       2.963508    
   266.8226       106.0188       2.970789    
   271.8200       106.1179       2.978984    
   276.8195       106.1492       2.987980    
   281.8193       106.1298       2.997282    
   286.8188       106.0846       3.006510    
   291.8181       106.0275       3.014462    
   296.8170       105.9610       3.018903    
   301.8156       105.8824       3.016671    
   306.8141       105.8068       3.004977    
   311.8136       105.7796       2.982227    
   316.8123       105.7321       2.946835    
   321.7794       105.4215       2.896590    
   326.7076       104.8732       2.831587    
   331.6619       104.6877       2.746195    
   336.6017       105.1322       2.637169    
   341.4941       105.8034       2.557964    
   346.3997       106.4309       2.500181    
   351.3318       106.9622       2.458227    
   356.3008       107.2954       2.428238    
   361.2956       107.4315       2.407859    
   366.2939       107.5159       2.396330    
   371.2916       107.6148       2.393716    
   376.2886       107.7271       2.399968    
   381.2849       107.8528       2.415385    
   386.2799       107.9968       2.441396    
   391.2732       108.1653       2.481153    
   396.2645       108.3564       2.540624    
   401.2549       108.5576       2.629768    
   406.2462       108.7488       2.763715    
   411.2407       108.8992       2.848872    
   416.2387       108.9823       2.900674    
   421.2385       109.0071       2.930276    
   426.2385       109.0098       2.945513    
   431.2385       109.0207       2.951893    
   436.2343       109.1239       2.953258    
   441.2233       109.3378       2.952325    
   446.2118       109.5574       2.950947    
   451.2035       109.7439       2.950177    
   456.1937       109.9460       2.950790    
   461.1783       110.1991       2.952962    
   466.1624       110.4583       2.955991    
   471.1551       110.6122       2.958208    
   476.1545       110.6481       2.957341    
   481.8401       110.6497       2.949688    
   489.3643       110.6497       2.934767    
   507.4286       110.6497       2.898283    
  -33.77417       98.76926       2.100409    
  -15.70986       98.76926       2.384295    
  -8.185690       98.76926       2.526343    
  -2.500000       98.76926       2.610954    
   2.481762       98.94752       2.665106    
   7.434425       99.35075       2.703407    
   12.38829       99.74802       2.730144    
   17.37068       99.95215       2.748622    
   22.36992       100.0017       2.761267    
   27.36889       100.0582       2.769839    
   32.36626       100.1525       2.775754    
   37.36148       100.2807       2.779989    
   42.35468       100.4347       2.782988    
   47.34677       100.6009       2.784959    
   52.33939       100.7612       2.786002    
   57.33461       100.8883       2.786142    
   62.33282       100.9611       2.785334    
   67.33237       100.9634       2.783304    
   72.33087       100.8971       2.779345    
   77.32610       100.7716       2.772236    
   82.31709       100.5952       2.760475    
   87.30524       100.3919       2.742104    
   92.29430       100.1970       2.714434    
   97.28818       100.0560       2.674102    
   102.2866       99.99355       2.617085    
   107.2863       99.96349       2.539244    
   112.2728       99.79222       2.440011    
   117.2255       99.39693       2.367576    
   122.1606       98.92178       2.315759    
   127.1186       98.55151       2.280302    
   132.1048       98.34343       2.258519    
   137.1018       98.25465       2.249186    
   142.1004       98.28233       2.252142    
   147.0855       98.48299       2.267794    
   152.0289       98.91029       2.297379    
   156.9416       99.46066       2.342664    
   161.8866       99.87329       2.405776    
   166.8759       100.0306       2.489302    
   171.8755       100.0344       2.597816    
   176.8751       99.99930       2.743165    
   181.8749       99.98188       2.852768    
   186.8749       99.98126       2.931228    
   191.8749       99.98149       2.984835    
   196.8749       99.98150       3.019515    
   201.8749       99.98149       3.040380    
   206.8749       99.98139       3.051738    
   211.8749       99.98287       3.057118    
   216.8748       99.99718       3.059093    
   221.8745       100.0337       3.059271    
   226.8739       100.0764       3.058525    
   231.8736       100.0783       3.057328    
   236.8703       99.98734       3.056150    
   241.8605       99.80609       3.055538    
   246.8531       99.66279       3.055866    
   251.8497       99.69608       3.057392    
   256.8403       99.87341       3.060228    
   261.8292       100.0697       3.064159    
   266.8226       100.2184       3.068962    
   271.8200       100.3085       3.074490    
   276.8195       100.3370       3.080546    
   281.8193       100.3194       3.086724    
   286.8188       100.2782       3.092320    
   291.8181       100.2263       3.096215    
   296.8170       100.1659       3.096872    
   301.8156       100.0944       3.092346    
   306.8141       100.0256       3.080766    
   311.8136       100.0009       3.060671    
   316.8123       99.95772       3.030578    
   321.7794       99.67523       2.988907    
   326.7076       99.17667       2.934240    
   331.6619       99.00801       2.863988    
   336.6017       99.41222       2.776056    
   341.4941       100.0225       2.667566    
   346.3997       100.5932       2.588789    
   351.3318       101.0763       2.531969    
   356.3008       101.3793       2.491591    
   361.2956       101.5031       2.464059    
   366.2939       101.5798       2.447651    
   371.2916       101.6697       2.441590    
   376.2886       101.7719       2.445547    
   381.2849       101.8861       2.459936    
   386.2799       102.0170       2.486275    
   391.2732       102.1703       2.527686    
   396.2645       102.3440       2.589623    
   401.2549       102.5270       2.680649    
   406.2462       102.7009       2.813072    
   411.2407       102.8377       2.902408    
   416.2387       102.9132       2.961042    
   421.2385       102.9358       2.998172    
   426.2385       102.9382       3.020506    
   431.2385       102.9481       3.032994    
   436.2343       103.0419       3.039327    
   441.2233       103.2365       3.042230    
   446.2118       103.4361       3.043592    
   451.2035       103.6058       3.044478    
   456.1937       103.7895       3.045398    
   461.1783       104.0197       3.046360    
   466.1624       104.2553       3.046817    
   471.1551       104.3953       3.045630    
   476.1545       104.4279       3.041260    
   481.8401       104.4295       3.030747    
   489.3643       104.4295       3.012103    
   507.4286       104.4295       2.963369    
  -33.77417       92.28692       2.197123    
  -15.70986       92.28692       2.485256    
  -8.185690       92.28692       2.597972    
  -2.500000       92.28692       2.667620    
   2.481762       92.44483       2.714375    
   7.434425       92.80198       2.749127    
   12.38829       93.15384       2.774662    
   17.37068       93.33465       2.793285    
   22.36992       93.37855       2.806739    
   27.36889       93.42858       2.816350    
   32.36626       93.51208       2.823217    
   37.36148       93.62569       2.828068    
   42.35468       93.76205       2.831345    
   47.34677       93.90923       2.833330    
   52.33939       94.05121       2.834183    
   57.33461       94.16380       2.834012    
   62.33282       94.22831       2.832804    
   67.33237       94.23037       2.830349    
   72.33087       94.17159       2.826140    
   77.32610       94.06042       2.819283    
   82.31709       93.90422       2.808554    
   87.30524       93.72411       2.792444    
   92.29430       93.55146       2.769046    
   97.28818       93.42661       2.736180    
   102.2866       93.37131       2.691504    
   107.2863       93.34469       2.632710    
   112.2728       93.19299       2.557787    
   117.2255       92.84286       2.463659    
   122.1606       92.42202       2.395912    
   127.1186       92.09407       2.348564    
   132.1048       91.90976       2.317800    
   137.1018       91.83113       2.301204    
   142.1004       91.85565       2.297480    
   147.0855       92.03337       2.306195    
   152.0289       92.41184       2.327595    
   156.9416       92.89931       2.362430    
   161.8866       93.26480       2.412131    
   166.8759       93.40413       2.478770    
   171.8755       93.40750       2.565205    
   176.8751       93.37640       2.674916    
   181.8749       93.36098       2.807902    
   186.8749       93.36044       2.907516    
   191.8749       93.36063       2.980168    
   196.8749       93.36064       3.031762    
   201.8749       93.36063       3.067456    
   206.8749       93.36054       3.091502    
   211.8749       93.36186       3.107296    
   216.8748       93.37454       3.117444    
   221.8745       93.40688       3.123817    
   226.8739       93.44470       3.127650    
   231.8736       93.44635       3.129745    
   236.8703       93.36582       3.130791    
   241.8605       93.20527       3.131454    
   246.8531       93.07835       3.132244    
   251.8497       93.10783       3.133481    
   256.8403       93.26490       3.135338    
   261.8292       93.43874       3.137829    
   266.8226       93.57047       3.140874    
   271.8200       93.65030       3.144330    
   276.8195       93.67554       3.147934    
   281.8193       93.65989       3.151266    
   286.8188       93.62345       3.153649    
   291.8181       93.57744       3.154209    
   296.8170       93.52392       3.151923    
   301.8156       93.46066       3.145564    
   306.8141       93.39973       3.133848    
   311.8136       93.37785       3.115602    
   316.8123       93.33959       3.089620    
   321.7794       93.08938       3.054693    
   326.7076       92.64779       3.009491    
   331.6619       92.49840       2.952218    
   336.6017       92.85643       2.881545    
   341.4941       93.39696       2.795521    
   346.3997       93.90244       2.689931    
   351.3318       94.33030       2.613730    
   356.3008       94.59869       2.559658    
   361.2956       94.70834       2.522674    
   366.2939       94.77627       2.499784    
   371.2916       94.85593       2.489165    
   376.2886       94.94642       2.489933    
   381.2849       95.04758       2.502267    
   386.2799       95.16358       2.527574    
   391.2732       95.29931       2.568719    
   396.2645       95.45317       2.630441    
   401.2549       95.61526       2.719810    
   406.2462       95.76926       2.846621    
   411.2407       95.89043       2.936244    
   416.2387       95.95733       2.998461    
   421.2385       95.97731       3.040708    
   426.2385       95.97943       3.068602    
   431.2385       95.98818       3.086439    
   436.2343       96.07135       3.097513    
   441.2233       96.24365       3.104243    
   446.2118       96.42047       3.108326    
   451.2035       96.57073       3.110826    
   456.1937       96.73344       3.112303    
   461.1783       96.93733       3.112850    
   466.1624       97.14609       3.112070    
   471.1551       97.27006       3.109223    
   476.1545       97.29897       3.103339    
   481.8401       97.30029       3.091992    
   489.3643       97.30029       3.072333    
   507.4286       97.30029       3.018774    
  -33.77417       84.70639       2.306211    
  -15.70986       84.70639       2.563306    
  -8.185690       84.70639       2.655699    
  -2.500000       84.70639       2.713317    
   2.481762       84.84047       2.753229    
   7.434425       85.14374       2.784022    
   12.38829       85.44250       2.807570    
   17.37068       85.59602       2.825532    
   22.36992       85.63330       2.839115    
   27.36889       85.67580       2.849166    
   32.36626       85.74669       2.856451    
   37.36148       85.84315       2.861614    
   42.35468       85.95895       2.865136    
   47.34677       86.08392       2.867315    
   52.33939       86.20448       2.868296    
   57.33461       86.30008       2.868138    
   62.33282       86.35486       2.866797    
   67.33237       86.35661       2.864112    
   72.33087       86.30669       2.859740    
   77.32610       86.21230       2.853072    
   82.31709       86.07966       2.843233    
   87.30524       85.92673       2.829145    
   92.29430       85.78013       2.809515    
   97.28818       85.67411       2.782886    
   102.2866       85.62716       2.747694    
   107.2863       85.60456       2.702300    
   112.2728       85.47575       2.644948    
   117.2255       85.17844       2.573405    
   122.1606       84.82110       2.484637    
   127.1186       84.54264       2.421539    
   132.1048       84.38613       2.378990    
   137.1018       84.31937       2.353214    
   142.1004       84.34019       2.341648    
   147.0855       84.49109       2.342767    
   152.0289       84.81246       2.355803    
   156.9416       85.22638       2.380633    
   161.8866       85.53673       2.417880    
   166.8759       85.65503       2.468739    
   171.8755       85.65790       2.534842    
   176.8751       85.63148       2.618114    
   181.8749       85.61840       2.720291    
   186.8749       85.61794       2.843445    
   191.8749       85.61810       2.935936    
   196.8749       85.61810       3.004487    
   201.8749       85.61810       3.055078    
   206.8749       85.61802       3.092308    
   211.8749       85.61914       3.119492    
   216.8748       85.62991       3.139149    
   221.8745       85.65736       3.153193    
   226.8739       85.68948       3.163046    
   231.8736       85.69088       3.169771    
   236.8703       85.62250       3.174262    
   241.8605       85.48617       3.177337    
   246.8531       85.37840       3.179662    
   251.8497       85.40344       3.181653    
   256.8403       85.53680       3.183532    
   261.8292       85.68442       3.185405    
   266.8226       85.79627       3.187272    
   271.8200       85.86406       3.189039    
   276.8195       85.88549       3.190518    
   281.8193       85.87220       3.191404    
   286.8188       85.84126       3.191204    
   291.8181       85.80219       3.189298    
   296.8170       85.75674       3.184983    
   301.8156       85.70303       3.177446    
   306.8141       85.65130       3.165803    
   311.8136       85.63272       3.149178    
   316.8123       85.60023       3.126655    
   321.7794       85.38776       3.097339    
   326.7076       85.01280       3.060192    
   331.6619       84.88596       3.013761    
   336.6017       85.18996       2.957198    
   341.4941       85.64894       2.889319    
   346.3997       86.07815       2.807144    
   351.3318       86.44146       2.707567    
   356.3008       86.66934       2.636544    
   361.2956       86.76245       2.587636    
   366.2939       86.82014       2.556318    
   371.2916       86.88777       2.539668    
   376.2886       86.96461       2.536085    
   381.2849       87.05051       2.545246    
   386.2799       87.14902       2.568127    
   391.2732       87.26426       2.607060    
   396.2645       87.39491       2.665890    
   401.2549       87.53254       2.750211    
   406.2462       87.66331       2.867610    
   411.2407       87.76619       2.953852    
   416.2387       87.82300       3.016531    
   421.2385       87.83997       3.061515    
   426.2385       87.84176       3.093358    
   431.2385       87.84920       3.115621    
   436.2343       87.91981       3.131042    
   441.2233       88.06612       3.141588    
   446.2118       88.21626       3.148637    
   451.2035       88.34385       3.153169    
   456.1937       88.48203       3.155811    
   461.1783       88.65514       3.156777    
   466.1624       88.83239       3.155900    
   471.1551       88.93765       3.152780    
   476.1545       88.96221       3.146839    
   481.8401       88.96335       3.136118    
   489.3643       88.96335       3.117232    
   507.4286       88.96335       3.062156    
  -33.77417       75.60016       2.434240    
  -15.70986       75.60016       2.626952    
  -8.185690       75.60016       2.699923    
  -2.500000       75.60016       2.746869    
   2.481762       75.70561       2.780499    
   7.434425       75.94414       2.807396    
   12.38829       76.17914       2.828728    
   17.37068       76.29989       2.845602    
   22.36992       76.32921       2.858927    
   27.36889       76.36263       2.869268    
   32.36626       76.41840       2.877053    
   37.36148       76.49427       2.882716    
   42.35468       76.58534       2.886663    
   47.34677       76.68364       2.889169    
   52.33939       76.77846       2.890368    
   57.33461       76.85366       2.890285    
   62.33282       76.89674       2.888870    
   67.33237       76.89812       2.885997    
   72.33087       76.85886       2.881423    
   77.32610       76.78461       2.874743    
   82.31709       76.68029       2.865373    
   87.30524       76.56001       2.852592    
   92.29430       76.44469       2.835534    
   97.28818       76.36131       2.813194    
   102.2866       76.32438       2.784496    
   107.2863       76.30660       2.748316    
   112.2728       76.20528       2.703496    
   117.2255       75.97144       2.648652    
   122.1606       75.69038       2.581953    
   127.1186       75.47135       2.501124    
   132.1048       75.34826       2.446586    
   137.1018       75.29574       2.411641    
   142.1004       75.31212       2.392128    
   147.0855       75.43081       2.385558    
   152.0289       75.68358       2.390467    
   156.9416       76.00915       2.406100    
   161.8866       76.25325       2.432402    
   166.8759       76.34630       2.469829    
   171.8755       76.34855       2.519185    
   176.8751       76.32778       2.581639    
   181.8749       76.31749       2.658548    
   186.8749       76.31712       2.751494    
   191.8749       76.31725       2.862390    
   196.8749       76.31725       2.944606    
   201.8749       76.31725       3.007992    
   206.8749       76.31718       3.058060    
   211.8749       76.31807       3.097147    
   216.8748       76.32654       3.127314    
   221.8745       76.34814       3.150324    
   226.8739       76.37340       3.167657    
   231.8736       76.37450       3.180547    
   236.8703       76.32071       3.190025    
   241.8605       76.21349       3.196979    
   246.8531       76.12872       3.202164    
   251.8497       76.14841       3.206109    
   256.8403       76.25331       3.209131    
   261.8292       76.36942       3.211404    
   266.8226       76.45739       3.212986    
   271.8200       76.51070       3.213846    
   276.8195       76.52757       3.213896    
   281.8193       76.51711       3.212965    
   286.8188       76.49277       3.210788    
   291.8181       76.46204       3.206998    
   296.8170       76.42630       3.201152    
   301.8156       76.38405       3.192730    
   306.8141       76.34336       3.181138    
   311.8136       76.32875       3.165733    
   316.8123       76.30320       3.145847    
   321.7794       76.13609       3.120869    
   326.7076       75.84116       3.090041    
   331.6619       75.74139       3.052219    
   336.6017       75.98050       3.007021    
   341.4941       76.34151       2.953930    
   346.3997       76.67910       2.891032    
   351.3318       76.96486       2.816453    
   356.3008       77.14410       2.727986    
   361.2956       77.21733       2.667728    
   366.2939       77.26270       2.627728    
   371.2916       77.31591       2.604366    
   376.2886       77.37634       2.595507    
   381.2849       77.44391       2.600312    
   386.2799       77.52139       2.619147    
   391.2732       77.61202       2.653553    
   396.2645       77.71479       2.706278    
   401.2549       77.82304       2.781420    
   406.2462       77.92590       2.884674    
   411.2407       78.00681       2.963080    
   416.2387       78.05150       3.022466    
   421.2385       78.06484       3.067244    
   426.2385       78.06626       3.100838    
   431.2385       78.07211       3.125932    
   436.2343       78.12765       3.144552    
   441.2233       78.24273       3.158152    
   446.2118       78.36082       3.167862    
   451.2035       78.46117       3.174583    
   456.1937       78.56985       3.178932    
   461.1783       78.70601       3.181207    
   466.1624       78.84543       3.181442    
   471.1551       78.92822       3.179444    
   476.1545       78.94754       3.174890    
   481.8401       78.94843       3.166240    
   489.3643       78.94843       3.149547    
   507.4286       78.94843       3.089258    
  -33.77417       56.32260       2.588724    
  -15.70986       56.32260       2.698119    
  -8.185690       56.32260       2.743536    
  -2.500000       56.32260       2.775170    
   2.481762       56.36747       2.799850    
   7.434425       56.46896       2.821190    
   12.38829       56.56895       2.839422    
   17.37068       56.62033       2.854870    
   22.36992       56.63280       2.867872    
   27.36889       56.64702       2.878697    
   32.36626       56.67075       2.887419    
   37.36148       56.70303       2.894053    
   42.35468       56.74178       2.898768    
   47.34677       56.78361       2.901794    
   52.33939       56.82395       2.903262    
   57.33461       56.85595       2.903183    
   62.33282       56.87428       2.901507    
   67.33237       56.87487       2.898154    
   72.33087       56.85816       2.893004    
   77.32610       56.82657       2.885871    
   82.31709       56.78218       2.876483    
   87.30524       56.73100       2.864488    
   92.29430       56.68194       2.849480    
   97.28818       56.64646       2.831037    
   102.2866       56.63075       2.808750    
   107.2863       56.62318       2.782242    
   112.2728       56.58007       2.751201    
   117.2255       56.48058       2.715313    
   122.1606       56.36099       2.674167    
   127.1186       56.26780       2.627364    
   132.1048       56.21542       2.575145    
   137.1018       56.19307       2.535820    
   142.1004       56.20005       2.508342    
   147.0855       56.25055       2.491769    
   152.0289       56.35809       2.485272    
   156.9416       56.49662       2.488016    
   161.8866       56.60048       2.499441    
   166.8759       56.64007       2.519324    
   171.8755       56.64103       2.547482    
   176.8751       56.63219       2.583768    
   181.8749       56.62782       2.627925    
   186.8749       56.62766       2.679436    
   191.8749       56.62771       2.737454    
   196.8749       56.62772       2.800630    
   201.8749       56.62771       2.869166    
   206.8749       56.62769       2.944370    
   211.8749       56.62806       3.006211    
   216.8748       56.63167       3.056666    
   221.8745       56.64086       3.097477    
   226.8739       56.65160       3.130193    
   231.8736       56.65207       3.156190    
   236.8703       56.62919       3.176658    
   241.8605       56.58356       3.192623    
   246.8531       56.54750       3.204952    
   251.8497       56.55588       3.214264    
   256.8403       56.60051       3.221037    
   261.8292       56.64991       3.225670    
   266.8226       56.68734       3.228430    
   271.8200       56.71003       3.229473    
   276.8195       56.71720       3.228868    
   281.8193       56.71275       3.226614    
   286.8188       56.70240       3.222649    
   291.8181       56.68932       3.216865    
   296.8170       56.67411       3.209111    
   301.8156       56.65614       3.199199    
   306.8141       56.63882       3.186911    
   311.8136       56.63261       3.172002    
   316.8123       56.62173       3.154235    
   321.7794       56.55063       3.133459    
   326.7076       56.42514       3.109447    
   331.6619       56.38269       3.081702    
   336.6017       56.48443       3.050606    
   341.4941       56.63803       3.016660    
   346.3997       56.78168       2.979533    
   351.3318       56.90327       2.939265    
   356.3008       56.97953       2.896094    
   361.2956       57.01069       2.850701    
   366.2939       57.02999       2.802623    
   371.2916       57.05263       2.770248    
   376.2886       57.07835       2.752234    
   381.2849       57.10709       2.747646    
   386.2799       57.14006       2.755960    
   391.2732       57.17862       2.777009    
   396.2645       57.22235       2.810894    
   401.2549       57.26841       2.857869    
   406.2462       57.31217       2.918161    
   411.2407       57.34660       2.970505    
   416.2387       57.36561       3.015360    
   421.2385       57.37129       3.053387    
   426.2385       57.37189       3.085311    
   431.2385       57.37438       3.111830    
   436.2343       57.39801       3.133545    
   441.2233       57.44698       3.151038    
   446.2118       57.49723       3.165002    
   451.2035       57.53992       3.176042    
   456.1937       57.58617       3.184581    
   461.1783       57.64410       3.190947    
   466.1624       57.70342       3.195412    
   471.1551       57.73865       3.198247    
   476.1545       57.74687       3.199741    
   481.8401       57.74725       3.200189    
   489.3643       57.74725       3.199680    
   507.4286       57.74725       3.166303    
