        1545
  -33.77417       136.6885       1.593819    
  -15.70986       136.6885       1.567786    
  -8.185690       136.6885       1.532035    
  -2.500000       136.6885       1.346236    
   2.481762       136.9860       1.278636    
   7.434425       137.6588       1.163027    
   12.38829       138.3216       1.043605    
   17.37068       138.6622      0.8192421    
   22.36992       138.7449       1.090914    
   27.36889       138.8391      0.9025543    
   32.36626       138.9964      0.9252750    
   37.36148       139.2104      0.9597048    
   42.35468       139.4673       1.073496    
   47.34677       139.7446       1.148853    
   52.33939       140.0120       1.130334    
   57.33461       140.2241       1.066601    
   62.33282       140.3456      0.9391870    
   67.33237       140.3495       1.057568    
   72.33087       140.2388      0.9077837    
   77.32610       140.0294       1.075051    
   82.31709       139.7351       1.080865    
   87.30524       139.3958       1.193701    
   92.29430       139.0706       1.118998    
   97.28818       138.8354      0.9154318    
   102.2866       138.7312       1.017610    
   107.2863       138.6811       1.039080    
   112.2728       138.3953       1.088539    
   117.2255       137.7357       1.071841    
   122.1606       136.9430       1.193031    
   127.1186       136.3252       1.173534    
   132.1048       135.9780       1.475158    
   137.1018       135.8299       1.456766    
   142.1004       135.8761       1.292347    
   147.0855       136.2108      0.9620532    
   152.0289       136.9238       1.172360    
   156.9416       137.8421       1.060212    
   161.8866       138.5306       1.095532    
   166.8759       138.7930       1.021532    
   171.8755       138.7994      0.9078238    
   176.8751       138.7408      0.8303038    
   181.8749       138.7118      0.8297995    
   186.8749       138.7108      0.8053071    
   191.8749       138.7111      0.8466173    
   196.8749       138.7112      0.8402551    
   201.8749       138.7111      0.9498388    
   206.8749       138.7109      0.9343706    
   211.8749       138.7134       1.018185    
   216.8748       138.7373       1.009149    
   221.8745       138.7983      0.8270814    
   226.8739       138.8695      0.9957353    
   231.8736       138.8726      0.6830271    
   236.8703       138.7209      0.8115638    
   241.8605       138.4185      0.7444693    
   246.8531       138.1794      0.7373683    
   251.8497       138.2349      0.8233602    
   256.8403       138.5308      0.9634612    
   261.8292       138.8582      0.9393315    
   266.8226       139.1064      0.8866923    
   271.8200       139.2568       1.108435    
   276.8195       139.3043       1.120060    
   281.8193       139.2749       1.104450    
   286.8188       139.2062      0.9089890    
   291.8181       139.1195      0.8691829    
   296.8170       139.0187      0.8154668    
   301.8156       138.8996      0.7385092    
   306.8141       138.7848      0.8545994    
   311.8136       138.7435      0.8111193    
   316.8123       138.6715      0.9446398    
   321.7794       138.2001       1.085877    
   326.7076       137.3683       1.090134    
   331.6619       137.0869       1.152796    
   336.6017       137.7613       1.102876    
   341.4941       138.7795       1.111130    
   346.3997       139.7317       1.198601    
   351.3318       140.5377      0.9669431    
   356.3008       141.0433       1.254484    
   361.2956       141.2499       1.125973    
   366.2939       141.3779      0.9196853    
   371.2916       141.5279      0.9001167    
   376.2886       141.6984       1.033854    
   381.2849       141.8889       1.076261    
   386.2799       142.1075      0.9762893    
   391.2732       142.3631       1.066299    
   396.2645       142.6530       1.120657    
   401.2549       142.9583      0.9443613    
   406.2462       143.2484      0.7950159    
   411.2407       143.4767      0.7887647    
   416.2387       143.6027      0.8482803    
   421.2385       143.6403      0.7657105    
   426.2385       143.6443      0.8645471    
   431.2385       143.6608      0.8493842    
   436.2343       143.8174       1.097949    
   441.2233       144.1421       1.086089    
   446.2118       144.4751      0.9262283    
   451.2035       144.7582      0.8794288    
   456.1937       145.0647      0.8818765    
   461.1783       145.4488       1.151940    
   466.1624       145.8420       1.276139    
   471.1551       146.0755       1.179573    
   476.1545       146.1300       1.384135    
   481.8401       146.1326       1.682925    
   489.3643       146.1326       1.870485    
   507.4286       146.1326       2.171921    
  -33.77417       134.0858       1.600057    
  -15.70986       134.0858       1.588370    
  -8.185690       134.0858       1.585968    
  -2.500000       134.0858       1.508095    
   2.481762       134.3752       1.473709    
   7.434425       135.0294       1.396166    
   12.38829       135.6740       1.301198    
   17.37068       136.0052       1.239743    
   22.36992       136.0857       1.336942    
   27.36889       136.1774       1.255620    
   32.36626       136.3303       1.258526    
   37.36148       136.5384       1.272095    
   42.35468       136.7882       1.316594    
   47.34677       137.0579       1.387654    
   52.33939       137.3180       1.401190    
   57.33461       137.5242       1.329124    
   62.33282       137.6424       1.298787    
   67.33237       137.6462       1.387617    
   72.33087       137.5385       1.316165    
   77.32610       137.3349       1.380976    
   82.31709       137.0487       1.428500    
   87.30524       136.7188       1.439267    
   92.29430       136.4025       1.431422    
   97.28818       136.1738       1.446771    
   102.2866       136.0724       1.445505    
   107.2863       136.0237       1.330305    
   112.2728       135.7457       1.230356    
   117.2255       135.1043       1.269075    
   122.1606       134.3334       1.365718    
   127.1186       133.7326       1.372447    
   132.1048       133.3949       1.523605    
   137.1018       133.2509       1.492898    
   142.1004       133.2958       1.365027    
   147.0855       133.6214       1.212601    
   152.0289       134.3147       1.324249    
   156.9416       135.2077       1.278884    
   161.8866       135.8773       1.348106    
   166.8759       136.1325       1.289929    
   171.8755       136.1387       1.227529    
   176.8751       136.0817       1.293652    
   181.8749       136.0535       1.269866    
   186.8749       136.0525       1.141011    
   191.8749       136.0529       1.142117    
   196.8749       136.0529       1.121208    
   201.8749       136.0529       1.188760    
   206.8749       136.0527       1.088615    
   211.8749       136.0551       1.232236    
   216.8748       136.0783       1.161617    
   221.8745       136.1376       1.057092    
   226.8739       136.2069       1.209365    
   231.8736       136.2099       1.086622    
   236.8703       136.0623       1.151554    
   241.8605       135.7682       1.252890    
   246.8531       135.5358       1.291494    
   251.8497       135.5898       1.310942    
   256.8403       135.8775       1.320613    
   261.8292       136.1960       1.339205    
   266.8226       136.4373       1.316151    
   271.8200       136.5835       1.267289    
   276.8195       136.6297       1.237625    
   281.8193       136.6011       1.188617    
   286.8188       136.5343       1.115317    
   291.8181       136.4500       1.198256    
   296.8170       136.3520       1.251191    
   301.8156       136.2361       1.237792    
   306.8141       136.1245       1.238149    
   311.8136       136.0844       1.243640    
   316.8123       136.0143       1.324819    
   321.7794       135.5559       1.355776    
   326.7076       134.7469       1.263206    
   331.6619       134.4733       1.285601    
   336.6017       135.1292       1.334197    
   341.4941       136.1194       1.328553    
   346.3997       137.0454       1.380089    
   351.3318       137.8293       1.255482    
   356.3008       138.3209       1.329988    
   361.2956       138.5218       1.297535    
   366.2939       138.6463       1.208377    
   371.2916       138.7922       1.294464    
   376.2886       138.9579       1.403557    
   381.2849       139.1433       1.350358    
   386.2799       139.3558       1.284250    
   391.2732       139.6044       1.287083    
   396.2645       139.8863       1.275360    
   401.2549       140.1832       1.269597    
   406.2462       140.4654       1.226053    
   411.2407       140.6873       1.194209    
   416.2387       140.8099       1.202503    
   421.2385       140.8465       1.146931    
   426.2385       140.8504       1.109516    
   431.2385       140.8664       1.179552    
   436.2343       141.0188       1.319857    
   441.2233       141.3345       1.247283    
   446.2118       141.6584       1.063276    
   451.2035       141.9337       1.075691    
   456.1937       142.2318       1.156199    
   461.1783       142.6053       1.348420    
   466.1624       142.9877       1.479541    
   471.1551       143.2148       1.483732    
   476.1545       143.2677       1.570687    
   481.8401       143.2702       1.733286    
   489.3643       143.2702       1.898437    
   507.4286       143.2702       2.187041    
  -33.77417       131.3152       1.613925    
  -15.70986       131.3152       1.630853    
  -8.185690       131.3152       1.685660    
  -2.500000       131.3152       1.673970    
   2.481762       131.5958       1.659189    
   7.434425       132.2304       1.610265    
   12.38829       132.8556       1.549029    
   17.37068       133.1768       1.550463    
   22.36992       133.2549       1.603952    
   27.36889       133.3438       1.575347    
   32.36626       133.4921       1.565089    
   37.36148       133.6940       1.548156    
   42.35468       133.9363       1.546134    
   47.34677       134.1978       1.587353    
   52.33939       134.4500       1.629753    
   57.33461       134.6501       1.597471    
   62.33282       134.7647       1.594857    
   67.33237       134.7684       1.662753    
   72.33087       134.6640       1.657832    
   77.32610       134.4664       1.699206    
   82.31709       134.1889       1.733124    
   87.30524       133.8689       1.731229    
   92.29430       133.5621       1.733388    
   97.28818       133.3403       1.750909    
   102.2866       133.2420       1.688138    
   107.2863       133.1947       1.521792    
   112.2728       132.9252       1.382085    
   117.2255       132.3031       1.407216    
   122.1606       131.5553       1.495094    
   127.1186       130.9726       1.524410    
   132.1048       130.6451       1.595820    
   137.1018       130.5054       1.561158    
   142.1004       130.5490       1.477800    
   147.0855       130.8647       1.417686    
   152.0289       131.5372       1.481278    
   156.9416       132.4034       1.477866    
   161.8866       133.0527       1.547497    
   166.8759       133.3003       1.566255    
   171.8755       133.3063       1.588413    
   176.8751       133.2510       1.668631    
   181.8749       133.2236       1.647120    
   186.8749       133.2227       1.529395    
   191.8749       133.2231       1.470162    
   196.8749       133.2231       1.416158    
   201.8749       133.2231       1.396886    
   206.8749       133.2229       1.251771    
   211.8749       133.2252       1.369482    
   216.8748       133.2477       1.345693    
   221.8745       133.3052       1.307622    
   226.8739       133.3724       1.420571    
   231.8736       133.3753       1.396942    
   236.8703       133.2322       1.455643    
   241.8605       132.9470       1.554841    
   246.8531       132.7215       1.607674    
   251.8497       132.7738       1.602241    
   256.8403       133.0529       1.586149    
   261.8292       133.3618       1.567359    
   266.8226       133.5959       1.511303    
   271.8200       133.7377       1.391841    
   276.8195       133.7825       1.327621    
   281.8193       133.7548       1.311151    
   286.8188       133.6900       1.343947    
   291.8181       133.6082       1.490246    
   296.8170       133.5132       1.606314    
   301.8156       133.4008       1.644547    
   306.8141       133.2925       1.643944    
   311.8136       133.2536       1.640959    
   316.8123       133.1856       1.658829    
   321.7794       132.7410       1.629393    
   326.7076       131.9564       1.531089    
   331.6619       131.6910       1.524782    
   336.6017       132.3271       1.566715    
   341.4941       133.2876       1.572770    
   346.3997       134.1857       1.586930    
   351.3318       134.9460       1.508132    
   356.3008       135.4228       1.497467    
   361.2956       135.6176       1.482342    
   366.2939       135.7384       1.479916    
   371.2916       135.8799       1.584140    
   376.2886       136.0407       1.667943    
   381.2849       136.2204       1.613919    
   386.2799       136.4265       1.544721    
   391.2732       136.6677       1.519017    
   396.2645       136.9411       1.527647    
   401.2549       137.2291       1.581681    
   406.2462       137.5027       1.597292    
   411.2407       137.7180       1.581028    
   416.2387       137.8369       1.562501    
   421.2385       137.8724       1.513477    
   426.2385       137.8761       1.471872    
   431.2385       137.8917       1.505190    
   436.2343       138.0394       1.544450    
   441.2233       138.3456       1.452692    
   446.2118       138.6598       1.293271    
   451.2035       138.9268       1.267914    
   456.1937       139.2159       1.325081    
   461.1783       139.5782       1.451259    
   466.1624       139.9491       1.563736    
   471.1551       140.1694       1.623731    
   476.1545       140.2207       1.698106    
   481.8401       140.2231       1.815432    
   489.3643       140.2231       1.956060    
   507.4286       140.2231       2.219397    
  -33.77417       128.3538       1.635823    
  -15.70986       128.3538       1.692209    
  -8.185690       128.3538       1.837737    
  -2.500000       128.3538       1.883158    
   2.481762       128.6251       1.894367    
   7.434425       129.2386       1.876223    
   12.38829       129.8431       1.820770    
   17.37068       130.1537       1.839203    
   22.36992       130.2291       1.877964    
   27.36889       130.3151       1.873278    
   32.36626       130.4585       1.857802    
   37.36148       130.6536       1.827595    
   42.35468       130.8879       1.805518    
   47.34677       131.1408       1.823979    
   52.33939       131.3846       1.897031    
   57.33461       131.5780       1.898697    
   62.33282       131.6889       1.910864    
   67.33237       131.6924       1.959933    
   72.33087       131.5914       1.983180    
   77.32610       131.4005       2.015320    
   82.31709       131.1322       2.036226    
   87.30524       130.8228       2.026425    
   92.29430       130.5262       1.976278    
   97.28818       130.3116       1.942786    
   102.2866       130.2167       1.856061    
   107.2863       130.1709       1.711610    
   112.2728       129.9104       1.597640    
   117.2255       129.3089       1.593666    
   122.1606       128.5859       1.640919    
   127.1186       128.0226       1.663260    
   132.1048       127.7059       1.688753    
   137.1018       127.5708       1.657305    
   142.1004       127.6130       1.611261    
   147.0855       127.9183       1.597927    
   152.0289       128.5684       1.654343    
   156.9416       129.4059       1.698610    
   161.8866       130.0337       1.799661    
   166.8759       130.2731       1.897493    
   171.8755       130.2789       1.965007    
   176.8751       130.2254       2.028556    
   181.8749       130.1989       2.013808    
   186.8749       130.1980       1.925457    
   191.8749       130.1983       1.832668    
   196.8749       130.1983       1.757874    
   201.8749       130.1983       1.684904    
   206.8749       130.1982       1.550284    
   211.8749       130.2005       1.601560    
   216.8748       130.2222       1.610316    
   221.8745       130.2778       1.608588    
   226.8739       130.3428       1.669942    
   231.8736       130.3456       1.671682    
   236.8703       130.2072       1.701409    
   241.8605       129.9314       1.753192    
   246.8531       129.7134       1.784962    
   251.8497       129.7641       1.774005    
   256.8403       130.0339       1.750717    
   261.8292       130.3325       1.715379    
   266.8226       130.5588       1.663804    
   271.8200       130.6960       1.588663    
   276.8195       130.7393       1.568984    
   281.8193       130.7124       1.584436    
   286.8188       130.6498       1.666584    
   291.8181       130.5708       1.816783    
   296.8170       130.4788       1.944975    
   301.8156       130.3701       2.007263    
   306.8141       130.2655       2.017490    
   311.8136       130.2279       2.006627    
   316.8123       130.1622       1.986496    
   321.7794       129.7323       1.925341    
   326.7076       128.9738       1.832948    
   331.6619       128.7171       1.799871    
   336.6017       129.3322       1.808792    
   341.4941       130.2607       1.807302    
   346.3997       131.1291       1.797848    
   351.3318       131.8641       1.743891    
   356.3008       132.3251       1.713152    
   361.2956       132.5135       1.705405    
   366.2939       132.6302       1.732324    
   371.2916       132.7671       1.819647    
   376.2886       132.9225       1.883823    
   381.2849       133.0963       1.857829    
   386.2799       133.2955       1.815059    
   391.2732       133.5287       1.799203    
   396.2645       133.7930       1.828584    
   401.2549       134.0715       1.895746    
   406.2462       134.3360       1.933913    
   411.2407       134.5442       1.935083    
   416.2387       134.6591       1.913400    
   421.2385       134.6935       1.869625    
   426.2385       134.6971       1.826730    
   431.2385       134.7121       1.812909    
   436.2343       134.8550       1.788811    
   441.2233       135.1510       1.696716    
   446.2118       135.4547       1.572818    
   451.2035       135.7129       1.524310    
   456.1937       135.9924       1.545966    
   461.1783       136.3427       1.619596    
   466.1624       136.7012       1.703693    
   471.1551       136.9142       1.775013    
   476.1545       136.9639       1.842668    
   481.8401       136.9662       1.935770    
   489.3643       136.9662       2.049638    
   507.4286       136.9662       2.271672    
  -33.77417       125.1739       1.666274    
  -15.70986       125.1739       1.765456    
  -8.185690       125.1739       1.968254    
  -2.500000       125.1739       2.052463    
   2.481762       125.4352       2.089230    
   7.434425       126.0261       2.102664    
   12.38829       126.6083       2.102915    
   17.37068       126.9075       2.129147    
   22.36992       126.9801       2.159539    
   27.36889       127.0629       2.163799    
   32.36626       127.2010       2.148860    
   37.36148       127.3890       2.117471    
   42.35468       127.6146       2.089288    
   47.34677       127.8582       2.088461    
   52.33939       128.0931       2.118497    
   57.33461       128.2793       2.128182    
   62.33282       128.3861       2.144091    
   67.33237       128.3895       2.178475    
   72.33087       128.2923       2.205859    
   77.32610       128.1083       2.230278    
   82.31709       127.8499       2.241913    
   87.30524       127.5519       2.229583    
   92.29430       127.2662       2.186748    
   97.28818       127.0596       2.103465    
   102.2866       126.9681       2.011218    
   107.2863       126.9241       1.899963    
   112.2728       126.6731       1.814358    
   117.2255       126.0938       1.791093    
   122.1606       125.3975       1.802219    
   127.1186       124.8549       1.807065    
   132.1048       124.5499       1.806715    
   137.1018       124.4198       1.781086    
   142.1004       124.4603       1.761251    
   147.0855       124.7544       1.774276    
   152.0289       125.3806       1.835945    
   156.9416       126.1872       1.906256    
   161.8866       126.7919       2.049275    
   166.8759       127.0225       2.231612    
   171.8755       127.0280       2.332860    
   176.8751       126.9765       2.392776    
   181.8749       126.9510       2.388666    
   186.8749       126.9501       2.321421    
   191.8749       126.9505       2.191436    
   196.8749       126.9505       2.106251    
   201.8749       126.9505       2.015214    
   206.8749       126.9503       1.891374    
   211.8749       126.9525       1.889153    
   216.8748       126.9735       1.897204    
   221.8745       127.0270       1.902248    
   226.8739       127.0896       1.925516    
   231.8736       127.0923       1.921906    
   236.8703       126.9591       1.924546    
   241.8605       126.6934       1.938665    
   246.8531       126.4834       1.948964    
   251.8497       126.5322       1.941438    
   256.8403       126.7921       1.931241    
   261.8292       127.0797       1.907599    
   266.8226       127.2977       1.882370    
   271.8200       127.4297       1.866270    
   276.8195       127.4715       1.919398    
   281.8193       127.4456       1.925649    
   286.8188       127.3853       2.015118    
   291.8181       127.3092       2.146772    
   296.8170       127.2206       2.262705    
   301.8156       127.1160       2.326043    
   306.8141       127.0152       2.331906    
   311.8136       126.9790       2.311676    
   316.8123       126.9157       2.271610    
   321.7794       126.5017       2.197004    
   326.7076       125.7710       2.107403    
   331.6619       125.5238       2.055586    
   336.6017       126.1162       2.036643    
   341.4941       127.0106       2.020888    
   346.3997       127.8469       1.997613    
   351.3318       128.5549       1.954890    
   356.3008       128.9989       1.922988    
   361.2956       129.1804       1.916220    
   366.2939       129.2928       1.944373    
   371.2916       129.4245       2.008416    
   376.2886       129.5742       2.058645    
   381.2849       129.7417       2.061134    
   386.2799       129.9336       2.066167    
   391.2732       130.1582       2.075189    
   396.2645       130.4128       2.119042    
   401.2549       130.6809       2.189350    
   406.2462       130.9357       2.234503    
   411.2407       131.1362       2.249957    
   416.2387       131.2469       2.234910    
   421.2385       131.2800       2.197645    
   426.2385       131.2835       2.153273    
   431.2385       131.2979       2.113577    
   436.2343       131.4355       2.061891    
   441.2233       131.7207       1.978448    
   446.2118       132.0132       1.883490    
   451.2035       132.2618       1.831791    
   456.1937       132.5311       1.831528    
   461.1783       132.8684       1.869853    
   466.1624       133.2138       1.925758    
   471.1551       133.4189       1.985680    
   476.1545       133.4668       2.039571    
   481.8401       133.4690       2.105041    
   489.3643       133.4690       2.186122    
   507.4286       133.4690       2.346868    
  -33.77417       121.7413       1.705583    
  -15.70986       121.7413       1.845527    
  -8.185690       121.7413       2.080555    
  -2.500000       121.7413       2.191076    
   2.481762       121.9919       2.247362    
   7.434425       122.5584       2.282275    
   12.38829       123.1165       2.307231    
   17.37068       123.4034       2.336652    
   22.36992       123.4730       2.361670    
   27.36889       123.5524       2.368265    
   32.36626       123.6848       2.355922    
   37.36148       123.8650       2.328157    
   42.35468       124.0813       2.299975    
   47.34677       124.3148       2.287822    
   52.33939       124.5400       2.294072    
   57.33461       124.7186       2.300057    
   62.33282       124.8209       2.312314    
   67.33237       124.8242       2.334414    
   72.33087       124.7309       2.355733    
   77.32610       124.5546       2.371861    
   82.31709       124.3068       2.376334    
   87.30524       124.0211       2.361418    
   92.29430       123.7473       2.318452    
   97.28818       123.5492       2.225142    
   102.2866       123.4615       2.133767    
   107.2863       123.4193       2.046271    
   112.2728       123.1786       1.979272    
   117.2255       122.6232       1.946223    
   122.1606       121.9557       1.934658    
   127.1186       121.4355       1.924390    
   132.1048       121.1431       1.911240    
   137.1018       121.0183       1.891824    
   142.1004       121.0573       1.888446    
   147.0855       121.3392       1.917744    
   152.0289       121.9395       1.987387    
   156.9416       122.7128       2.093770    
   161.8866       123.2925       2.280603    
   166.8759       123.5135       2.467928    
   171.8755       123.5189       2.592795    
   176.8751       123.4696       2.663102    
   181.8749       123.4451       2.675558    
   186.8749       123.4443       2.634297    
   191.8749       123.4446       2.551558    
   196.8749       123.4446       2.473440    
   201.8749       123.4446       2.381402    
   206.8749       123.4444       2.238959    
   211.8749       123.4465       2.203345    
   216.8748       123.4666       2.197203    
   221.8745       123.5179       2.195167    
   226.8739       123.5779       2.195830    
   231.8736       123.5806       2.183291    
   236.8703       123.4528       2.170789    
   241.8605       123.1981       2.165570    
   246.8531       122.9968       2.164515    
   251.8497       123.0435       2.165956    
   256.8403       123.2927       2.204213    
   261.8292       123.5684       2.202076    
   266.8226       123.7774       2.199038    
   271.8200       123.9041       2.210701    
   276.8195       123.9441       2.253030    
   281.8193       123.9193       2.298994    
   286.8188       123.8614       2.385219    
   291.8181       123.7885       2.493634    
   296.8170       123.7036       2.588643    
   301.8156       123.6032       2.639164    
   306.8141       123.5066       2.616416    
   311.8136       123.4719       2.579520    
   316.8123       123.4112       2.526662    
   321.7794       123.0143       2.445513    
   326.7076       122.3138       2.356914    
   331.6619       122.0768       2.292562    
   336.6017       122.6448       2.253321    
   341.4941       123.5022       2.222923    
   346.3997       124.3040       2.190027    
   351.3318       124.9827       2.150854    
   356.3008       125.4084       2.120153    
   361.2956       125.5824       2.111333    
   366.2939       125.6901       2.131533    
   371.2916       125.8165       2.175677    
   376.2886       125.9600       2.216169    
   381.2849       126.1205       2.236045    
   386.2799       126.3045       2.255443    
   391.2732       126.5198       2.285521    
   396.2645       126.7639       2.341819    
   401.2549       127.0210       2.424108    
   406.2462       127.2653       2.528449    
   411.2407       127.4575       2.565845    
   416.2387       127.5636       2.562916    
   421.2385       127.5953       2.534648    
   426.2385       127.5986       2.493049    
   431.2385       127.6125       2.445502    
   436.2343       127.7445       2.388250    
   441.2233       128.0178       2.317532    
   446.2118       128.2982       2.244391    
   451.2035       128.5366       2.197439    
   456.1937       128.7948       2.186604    
   461.1783       129.1181       2.203973    
   466.1624       129.4493       2.236195    
   471.1551       129.6459       2.275753    
   476.1545       129.6918       2.311946    
   481.8401       129.6939       2.340774    
   489.3643       129.6939       2.377478    
   507.4286       129.6939       2.447857    
  -33.77417       118.0135       1.753925    
  -15.70986       118.0135       1.929472    
  -8.185690       118.0135       2.179525    
  -2.500000       118.0135       2.304851    
   2.481762       118.2522       2.372731    
   7.434425       118.7923       2.419153    
   12.38829       119.3243       2.453703    
   17.37068       119.5977       2.483675    
   22.36992       119.6640       2.504850    
   27.36889       119.7397       2.511484    
   32.36626       119.8660       2.502084    
   37.36148       120.0378       2.479295    
   42.35468       120.2439       2.453979    
   47.34677       120.4665       2.436908    
   52.33939       120.6811       2.430766    
   57.33461       120.8514       2.429876    
   62.33282       120.9489       2.435259    
   67.33237       120.9520       2.446785    
   72.33087       120.8632       2.459300    
   77.32610       120.6951       2.467400    
   82.31709       120.4589       2.466231    
   87.30524       120.1866       2.450098    
   92.29430       119.9255       2.412417    
   97.28818       119.7367       2.342935    
   102.2866       119.6531       2.237144    
   107.2863       119.6129       2.159469    
   112.2728       119.3835       2.101810    
   117.2255       118.8540       2.064425    
   122.1606       118.2177       2.040843    
   127.1186       117.7218       2.021348    
   132.1048       117.4431       2.003634    
   137.1018       117.3242       1.990301    
   142.1004       117.3613       1.996338    
   147.0855       117.6301       2.033849    
   152.0289       118.2023       2.106961    
   156.9416       118.9394       2.222429    
   161.8866       119.4921       2.394782    
   166.8759       119.7027       2.612375    
   171.8755       119.7078       2.761010    
   176.8751       119.6608       2.851069    
   181.8749       119.6375       2.885638    
   186.8749       119.6367       2.871548    
   191.8749       119.6370       2.822017    
   196.8749       119.6370       2.760143    
   201.8749       119.6370       2.685447    
   206.8749       119.6368       2.597444    
   211.8749       119.6388       2.554395    
   216.8748       119.6580       2.535988    
   221.8745       119.7069       2.525089    
   226.8739       119.7641       2.514706    
   231.8736       119.7666       2.498370    
   236.8703       119.6448       2.481580    
   241.8605       119.4020       2.469585    
   246.8531       119.2101       2.462454    
   251.8497       119.2547       2.459613    
   256.8403       119.4922       2.466853    
   261.8292       119.7551       2.469055    
   266.8226       119.9542       2.477006    
   271.8200       120.0750       2.499084    
   276.8195       120.1131       2.540144    
   281.8193       120.0895       2.594570    
   286.8188       120.0343       2.670356    
   291.8181       119.9648       2.756186    
   296.8170       119.8839       2.829821    
   301.8156       119.7882       2.869244    
   306.8141       119.6961       2.858135    
   311.8136       119.6630       2.794893    
   316.8123       119.6051       2.731622    
   321.7794       119.2268       2.642244    
   326.7076       118.5591       2.551892    
   331.6619       118.3332       2.476519    
   336.6017       118.8746       2.420619    
   341.4941       119.6919       2.376372    
   346.3997       120.4562       2.335052    
   351.3318       121.1031       2.295106    
   356.3008       121.5089       2.264214    
   361.2956       121.6748       2.251796    
   366.2939       121.7775       2.262619    
   371.2916       121.8979       2.292057    
   376.2886       122.0348       2.325778    
   381.2849       122.1877       2.355619    
   386.2799       122.3631       2.389232    
   391.2732       122.5684       2.434820    
   396.2645       122.8010       2.501326    
   401.2549       123.0461       2.593962    
   406.2462       123.2790       2.723698    
   411.2407       123.4621       2.780302    
   416.2387       123.5633       2.791467    
   421.2385       123.5935       2.774249    
   426.2385       123.5967       2.739626    
   431.2385       123.6100       2.694654    
   436.2343       123.7357       2.642085    
   441.2233       123.9963       2.584586    
   446.2118       124.2636       2.528331    
   451.2035       124.4909       2.487469    
   456.1937       124.7369       2.470865    
   461.1783       125.0452       2.475340    
   466.1624       125.3608       2.489898    
   471.1551       125.5482       2.508319    
   476.1545       125.5920       2.526211    
   481.8401       125.5940       2.533706    
   489.3643       125.5940       2.542449    
   507.4286       125.5940       2.547093    
  -33.77417       113.9358       1.812039    
  -15.70986       113.9358       2.017390    
  -8.185690       113.9358       2.268317    
  -2.500000       113.9358       2.397128    
   2.481762       114.1617       2.470520    
   7.434425       114.6728       2.521952    
   12.38829       115.1762       2.559366    
   17.37068       115.4350       2.587813    
   22.36992       115.4978       2.605919    
   27.36889       115.5694       2.612195    
   32.36626       115.6889       2.605332    
   37.36148       115.8514       2.587479    
   42.35468       116.0465       2.566306    
   47.34677       116.2571       2.548593    
   52.33939       116.4603       2.536767    
   57.33461       116.6214       2.529943    
   62.33282       116.7137       2.528455    
   67.33237       116.7167       2.531406    
   72.33087       116.6326       2.535778    
   77.32610       116.4735       2.537142    
   82.31709       116.2499       2.531677    
   87.30524       115.9922       2.515043    
   92.29430       115.7452       2.482196    
   97.28818       115.5665       2.424817    
   102.2866       115.4874       2.326306    
   107.2863       115.4493       2.250422    
   112.2728       115.2323       2.195097    
   117.2255       114.7313       2.155371    
   122.1606       114.1291       2.126266    
   127.1186       113.6599       2.102707    
   132.1048       113.3961       2.084882    
   137.1018       113.2836       2.076790    
   142.1004       113.3186       2.087991    
   147.0855       113.5730       2.127414    
   152.0289       114.1145       2.198791    
   156.9416       114.8120       2.309865    
   161.8866       115.3350       2.467975    
   166.8759       115.5344       2.681870    
   171.8755       115.5392       2.849733    
   176.8751       115.4947       2.964283    
   181.8749       115.4726       3.025310    
   186.8749       115.4719       3.039785    
   191.8749       115.4722       3.019498    
   196.8749       115.4722       2.979088    
   201.8749       115.4722       2.925467    
   206.8749       115.4720       2.866892    
   211.8749       115.4739       2.826575    
   216.8748       115.4921       2.801879    
   221.8745       115.5383       2.784511    
   226.8739       115.5924       2.768523    
   231.8736       115.5948       2.750582    
   236.8703       115.4796       2.732987    
   241.8605       115.2498       2.718749    
   246.8531       115.0682       2.708366    
   251.8497       115.1104       2.701619    
   256.8403       115.3352       2.700114    
   261.8292       115.5839       2.702771    
   266.8226       115.7724       2.714056    
   271.8200       115.8866       2.737805    
   276.8195       115.9228       2.775643    
   281.8193       115.9004       2.825764    
   286.8188       115.8482       2.887621    
   291.8181       115.7824       2.952697    
   296.8170       115.7058       3.006743    
   301.8156       115.6153       3.035434    
   306.8141       115.5281       3.029274    
   311.8136       115.4968       2.988283    
   316.8123       115.4420       2.923470    
   321.7794       115.0840       2.811937    
   326.7076       114.4521       2.716055    
   331.6619       114.2384       2.625352    
   336.6017       114.7507       2.552436    
   341.4941       115.5241       2.494253    
   346.3997       116.2474       2.444243    
   351.3318       116.8596       2.401018    
   356.3008       117.2437       2.368249    
   361.2956       117.4006       2.351590    
   366.2939       117.4977       2.354142    
   371.2916       117.6117       2.373128    
   376.2886       117.7412       2.401564    
   381.2849       117.8860       2.435574    
   386.2799       118.0519       2.477781    
   391.2732       118.2462       2.532705    
   396.2645       118.4663       2.606326    
   401.2549       118.6983       2.706288    
   406.2462       118.9186       2.847304    
   411.2407       119.0920       2.918839    
   416.2387       119.1877       2.944276    
   421.2385       119.2163       2.939755    
   426.2385       119.2194       2.915692    
   431.2385       119.2319       2.879308    
   436.2343       119.3509       2.836107    
   441.2233       119.5975       2.791206    
   446.2118       119.8504       2.748628    
   451.2035       120.0655       2.714384    
   456.1937       120.2983       2.694559    
   461.1783       120.5900       2.689871    
   466.1624       120.8887       2.693068    
   471.1551       121.0661       2.697094    
   476.1545       121.1075       2.699511    
   481.8401       121.1095       2.693011    
   489.3643       121.1095       2.682770    
   507.4286       121.1095       2.642454    
  -33.77417       109.4377       1.880824    
  -15.70986       109.4377       2.111667    
  -8.185690       109.4377       2.350065    
  -2.500000       109.4377       2.473953    
   2.481762       109.6495       2.548117    
   7.434425       110.1285       2.600050    
   12.38829       110.6005       2.636919    
   17.37068       110.8431       2.663025    
   22.36992       110.9020       2.679017    
   27.36889       110.9691       2.684714    
   32.36626       111.0811       2.679596    
   37.36148       111.2335       2.666082    
   42.35468       111.4164       2.649232    
   47.34677       111.6138       2.633068    
   52.33939       111.8043       2.619490    
   57.33461       111.9553       2.609191    
   62.33282       112.0418       2.602717    
   67.33237       112.0446       2.599505    
   72.33087       111.9657       2.597641    
   77.32610       111.8166       2.593950    
   82.31709       111.6071       2.585490    
   87.30524       111.3655       2.568962    
   92.29430       111.1339       2.540809    
   97.28818       110.9664       2.495905    
   102.2866       110.8923       2.427150    
   107.2863       110.8566       2.332811    
   112.2728       110.6531       2.272479    
   117.2255       110.1834       2.229652    
   122.1606       109.6189       2.197702    
   127.1186       109.1790       2.172939    
   132.1048       108.9318       2.156213    
   137.1018       108.8263       2.151201    
   142.1004       108.8592       2.164289    
   147.0855       109.0976       2.201467    
   152.0289       109.6052       2.266530    
   156.9416       110.2591       2.365012    
   161.8866       110.7494       2.500149    
   166.8759       110.9363       2.672124    
   171.8755       110.9408       2.865624    
   176.8751       110.8991       3.009520    
   181.8749       110.8784       3.099819    
   186.8749       110.8776       3.143954    
   191.8749       110.8779       3.152426    
   196.8749       110.8779       3.136436    
   201.8749       110.8779       3.104848    
   206.8749       110.8778       3.066954    
   211.8749       110.8796       3.034358    
   216.8748       110.8966       3.009418    
   221.8745       110.9400       2.989576    
   226.8739       110.9907       2.971455    
   231.8736       110.9929       2.953264    
   236.8703       110.8849       2.935980    
   241.8605       110.6695       2.921176    
   246.8531       110.4993       2.909403    
   251.8497       110.5388       2.900959    
   256.8403       110.7495       2.897196    
   261.8292       110.9827       2.899433    
   266.8226       111.1594       2.910053    
   271.8200       111.2665       2.930794    
   276.8195       111.3003       2.962179    
   281.8193       111.2794       3.002680    
   286.8188       111.2305       3.049522    
   291.8181       111.1687       3.096118    
   296.8170       111.0969       3.133178    
   301.8156       111.0121       3.151544    
   306.8141       110.9304       3.145210    
   311.8136       110.9010       3.113224    
   316.8123       110.8497       3.057617    
   321.7794       110.5141       2.975541    
   326.7076       109.9218       2.881167    
   331.6619       109.7214       2.758965    
   336.6017       110.2016       2.663773    
   341.4941       110.9267       2.589407    
   346.3997       111.6047       2.529066    
   351.3318       112.1786       2.480355    
   356.3008       112.5386       2.444073    
   361.2956       112.6857       2.422853    
   366.2939       112.7768       2.418536    
   371.2916       112.8837       2.429731    
   376.2886       113.0050       2.453099    
   381.2849       113.1407       2.486715    
   386.2799       113.2963       2.531534    
   391.2732       113.4784       2.590283    
   396.2645       113.6848       2.667771    
   401.2549       113.9022       2.772169    
   406.2462       114.1088       2.917915    
   411.2407       114.2713       3.000832    
   416.2387       114.3611       3.039743    
   421.2385       114.3878       3.048709    
   426.2385       114.3907       3.037440    
   431.2385       114.4025       3.012904    
   436.2343       114.5140       2.981141    
   441.2233       114.7451       2.947704    
   446.2118       114.9823       2.915961    
   451.2035       115.1839       2.888593    
   456.1937       115.4022       2.868498    
   461.1783       115.6756       2.857364    
   466.1624       115.9556       2.852604    
   471.1551       116.1219       2.848845    
   476.1545       116.1607       2.842429    
   481.8401       116.1625       2.826930    
   489.3643       116.1625       2.802119    
   507.4286       116.1625       2.732639    
  -33.77417       104.4251       1.960698    
  -15.70986       104.4251       2.219554    
  -8.185690       104.4251       2.430581    
  -2.500000       104.4251       2.542650    
   2.481762       104.6212       2.612231    
   7.434425       105.0646       2.661158    
   12.38829       105.5015       2.695538    
   17.37068       105.7260       2.719017    
   22.36992       105.7805       2.732978    
   27.36889       105.8427       2.737886    
   32.36626       105.9463       2.734332    
   37.36148       106.0873       2.724633    
   42.35468       106.2567       2.711782    
   47.34677       106.4394       2.698091    
   52.33939       106.6157       2.685208    
   57.33461       106.7555       2.674063    
   62.33282       106.8356       2.665119    
   67.33237       106.8381       2.658215    
   72.33087       106.7651       2.652241    
   77.32610       106.6271       2.645134    
   82.31709       106.4332       2.634765    
   87.30524       106.2096       2.618700    
   92.29430       105.9952       2.594224    
   97.28818       105.8402       2.557270    
   102.2866       105.7715       2.500667    
   107.2863       105.7385       2.410518    
   112.2728       105.5501       2.345459    
   117.2255       105.1154       2.297801    
   122.1606       104.5929       2.262366    
   127.1186       104.1857       2.236165    
   132.1048       103.9569       2.219423    
   137.1018       103.8593       2.214829    
   142.1004       103.8897       2.226656    
   147.0855       104.1104       2.258839    
   152.0289       104.5803       2.314686    
   156.9416       105.1855       2.397619    
   161.8866       105.6393       2.509506    
   166.8759       105.8122       2.650039    
   171.8755       105.8165       2.813979    
   176.8751       105.7778       2.995366    
   181.8749       105.7587       3.115005    
   186.8749       105.7580       3.188291    
   191.8749       105.7582       3.225426    
   196.8749       105.7583       3.235616    
   201.8749       105.7583       3.227226    
   206.8749       105.7581       3.208624    
   211.8749       105.7598       3.187536    
   216.8748       105.7755       3.167612    
   221.8745       105.8157       3.149318    
   226.8739       105.8626       3.131680    
   231.8736       105.8647       3.114231    
   236.8703       105.7647       3.097655    
   241.8605       105.5654       3.082898    
   246.8531       105.4078       3.070651    
   251.8497       105.4444       3.061647    
   256.8403       105.6394       3.057127    
   261.8292       105.8553       3.058303    
   266.8226       106.0188       3.066308    
   271.8200       106.1179       3.081812    
   276.8195       106.1492       3.104845    
   281.8193       106.1298       3.133943    
   286.8188       106.0846       3.166145    
   291.8181       106.0275       3.196535    
   296.8170       105.9610       3.219114    
   301.8156       105.8824       3.228059    
   306.8141       105.8068       3.219328    
   311.8136       105.7796       3.191447    
   316.8123       105.7321       3.144388    
   321.7794       105.4215       3.078264    
   326.7076       104.8732       2.996217    
   331.6619       104.6877       2.894547    
   336.6017       105.1322       2.770017    
   341.4941       105.8034       2.675063    
   346.3997       106.4309       2.601188    
   351.3318       106.9622       2.544043    
   356.3008       107.2954       2.502038    
   361.2956       107.4315       2.475466    
   366.2939       107.5159       2.464949    
   371.2916       107.6148       2.469556    
   376.2886       107.7271       2.487516    
   381.2849       107.8528       2.517843    
   386.2799       107.9968       2.561198    
   391.2732       108.1653       2.619863    
   396.2645       108.3564       2.698251    
   401.2549       108.5576       2.804144    
   406.2462       108.7488       2.950302    
   411.2407       108.8992       3.041083    
   416.2387       108.9823       3.091463    
   421.2385       109.0071       3.113266    
   426.2385       109.0098       3.115308    
   431.2385       109.0207       3.103923    
   436.2343       109.1239       3.084425    
   441.2233       109.3378       3.061701    
   446.2118       109.5574       3.038990    
   451.2035       109.7439       3.018260    
   456.1937       109.9460       3.000769    
   461.1783       110.1991       2.987213    
   466.1624       110.4583       2.976912    
   471.1551       110.6122       2.967455    
   476.1545       110.6481       2.955869    
   481.8401       110.6497       2.935849    
   489.3643       110.6497       2.903219    
   507.4286       110.6497       2.817826    
  -33.77417       98.76926       2.052071    
  -15.70986       98.76926       2.361268    
  -8.185690       98.76926       2.513019    
  -2.500000       98.76926       2.604952    
   2.481762       98.94752       2.665018    
   7.434425       99.35075       2.708546    
   12.38829       99.74802       2.739378    
   17.37068       99.95215       2.760148    
   22.36992       100.0017       2.772391    
   27.36889       100.0582       2.777213    
   32.36626       100.1525       2.775757    
   37.36148       100.2807       2.769622    
   42.35468       100.4347       2.760389    
   47.34677       100.6009       2.749598    
   52.33939       100.7612       2.738717    
   57.33461       100.8883       2.728455    
   62.33282       100.9611       2.719066    
   67.33237       100.9634       2.710585    
   72.33087       100.8971       2.702457    
   77.32610       100.7716       2.693488    
   82.31709       100.5952       2.682312    
   87.30524       100.3919       2.667256    
   92.29430       100.1970       2.646241    
   97.28818       100.0560       2.616405    
   102.2866       99.99355       2.573492    
   107.2863       99.96349       2.512276    
   112.2728       99.79222       2.429283    
   117.2255       99.39693       2.369936    
   122.1606       98.92178       2.326931    
   127.1186       98.55151       2.296304    
   132.1048       98.34343       2.276919    
   137.1018       98.25465       2.269992    
   142.1004       98.28233       2.277926    
   147.0855       98.48299       2.303292    
   152.0289       98.91029       2.348512    
   156.9416       99.46066       2.415602    
   161.8866       99.87329       2.506208    
   166.8759       100.0306       2.621746    
   171.8755       100.0344       2.764383    
   176.8751       99.99930       2.943106    
   181.8749       99.98188       3.080978    
   186.8749       99.98126       3.179438    
   191.8749       99.98149       3.243743    
   196.8749       99.98150       3.280347    
   201.8749       99.98149       3.296026    
   206.8749       99.98139       3.297612    
   211.8749       99.98287       3.291056    
   216.8748       99.99718       3.280243    
   221.8745       100.0337       3.267184    
   226.8739       100.0764       3.252718    
   231.8736       100.0783       3.237489    
   236.8703       99.98734       3.222364    
   241.8605       99.80609       3.208265    
   246.8531       99.66279       3.196137    
   251.8497       99.69608       3.186965    
   256.8403       99.87341       3.181721    
   261.8292       100.0697       3.181150    
   266.8226       100.2184       3.185622    
   271.8200       100.3085       3.195224    
   276.8195       100.3370       3.209622    
   281.8193       100.3194       3.227554    
   286.8188       100.2782       3.246622    
   291.8181       100.2263       3.263343    
   296.8170       100.1659       3.273838    
   301.8156       100.0944       3.274544    
   306.8141       100.0256       3.262774    
   311.8136       100.0009       3.236986    
   316.8123       99.95772       3.196591    
   321.7794       99.67523       3.141659    
   326.7076       99.17667       3.072666    
   331.6619       99.00801       2.988185    
   336.6017       99.41222       2.886329    
   341.4941       100.0225       2.764097    
   346.3997       100.5932       2.671530    
   351.3318       101.0763       2.601734    
   356.3008       101.3793       2.550929    
   361.2956       101.5031       2.517405    
   366.2939       101.5798       2.500398    
   371.2916       101.6697       2.498673    
   376.2886       101.7719       2.510932    
   381.2849       101.8861       2.536669    
   386.2799       102.0170       2.576657    
   391.2732       102.1703       2.633151    
   396.2645       102.3440       2.710320    
   401.2549       102.5270       2.815101    
   406.2462       102.7009       2.958155    
   411.2407       102.8377       3.053391    
   416.2387       102.9132       3.112581    
   421.2385       102.9358       3.145233    
   426.2385       102.9382       3.159024    
   431.2385       102.9481       3.159813    
   436.2343       103.0419       3.152141    
   441.2233       103.2365       3.139817    
   446.2118       103.4361       3.125602    
   451.2035       103.6058       3.111185    
   456.1937       103.7895       3.097389    
   461.1783       104.0197       3.084365    
   466.1624       104.2553       3.071546    
   471.1551       104.3953       3.057822    
   476.1545       104.4279       3.042028    
   481.8401       104.4295       3.019729    
   489.3643       104.4295       2.985445    
   507.4286       104.4295       2.895799    
  -33.77417       92.28692       2.153777    
  -15.70986       92.28692       2.462399    
  -8.185690       92.28692       2.582742    
  -2.500000       92.28692       2.657177    
   2.481762       92.44483       2.707234    
   7.434425       92.80198       2.744433    
   12.38829       93.15384       2.771218    
   17.37068       93.33465       2.789500    
   22.36992       93.37855       2.800754    
   27.36889       93.42858       2.806269    
   32.36626       93.51208       2.807125    
   37.36148       93.62569       2.804251    
   42.35468       93.76205       2.798520    
   47.34677       93.90923       2.791000    
   52.33939       94.05121       2.782680    
   57.33461       94.16380       2.774038    
   62.33282       94.22831       2.765326    
   67.33237       94.23037       2.756692    
   72.33087       94.17159       2.747927    
   77.32610       94.06042       2.738439    
   82.31709       93.90422       2.727431    
   87.30524       93.72411       2.713745    
   92.29430       93.55146       2.695795    
   97.28818       93.42661       2.671618    
   102.2866       93.37131       2.638628    
   107.2863       93.34469       2.593812    
   112.2728       93.19299       2.533781    
   117.2255       92.84286       2.453439    
   122.1606       92.42202       2.396591    
   127.1186       92.09407       2.356782    
   132.1048       91.90976       2.331092    
   137.1018       91.83113       2.318944    
   142.1004       91.85565       2.320988    
   147.0855       92.03337       2.338450    
   152.0289       92.41184       2.372614    
   156.9416       92.89931       2.424507    
   161.8866       93.26480       2.495449    
   166.8759       93.40413       2.586987    
   171.8755       93.40750       2.700907    
   176.8751       93.37640       2.839311    
   181.8749       93.36098       2.999663    
   186.8749       93.36044       3.122617    
   191.8749       93.36063       3.212526    
   196.8749       93.36064       3.274515    
   201.8749       93.36063       3.314061    
   206.8749       93.36054       3.336565    
   211.8749       93.36186       3.346764    
   216.8748       93.37454       3.348349    
   221.8745       93.40688       3.344000    
   226.8739       93.44470       3.335603    
   231.8736       93.44635       3.324607    
   236.8703       93.36582       3.312323    
   241.8605       93.20527       3.300030    
   246.8531       93.07835       3.288956    
   251.8497       93.10783       3.280131    
   256.8403       93.26490       3.274242    
   261.8292       93.43874       3.271643    
   266.8226       93.57047       3.272321    
   271.8200       93.65030       3.276050    
   276.8195       93.67554       3.282322    
   281.8193       93.65989       3.290194    
   286.8188       93.62345       3.298055    
   291.8181       93.57744       3.303628    
   296.8170       93.52392       3.304433    
   301.8156       93.46066       3.298295    
   306.8141       93.39973       3.283496    
   311.8136       93.37785       3.258792    
   316.8123       93.33959       3.223420    
   321.7794       93.08938       3.177063    
   326.7076       92.64779       3.119412    
   331.6619       92.49840       3.049344    
   336.6017       92.85643       2.965913    
   341.4941       93.39696       2.867467    
   346.3997       93.90244       2.749757    
   351.3318       94.33030       2.662249    
   356.3008       94.59869       2.598913    
   361.2956       94.70834       2.555986    
   366.2939       94.77627       2.531161    
   371.2916       94.85593       2.522546    
   376.2886       94.94642       2.528820    
   381.2849       95.04758       2.549586    
   386.2799       95.16358       2.585613    
   391.2732       95.29931       2.639024    
   396.2645       95.45317       2.713563    
   401.2549       95.61526       2.815058    
   406.2462       95.76926       2.951999    
   411.2407       95.89043       3.048494    
   416.2387       95.95733       3.113786    
   421.2385       95.97731       3.155242    
   426.2385       95.97943       3.178920    
   431.2385       95.98818       3.189841    
   436.2343       96.07135       3.192049    
   441.2233       96.24365       3.188639    
   446.2118       96.42047       3.181716    
   451.2035       96.57073       3.172596    
   456.1937       96.73344       3.162138    
   461.1783       96.93733       3.150723    
   466.1624       97.14609       3.138012    
   471.1551       97.27006       3.123415    
   476.1545       97.29897       3.106590    
   481.8401       97.30029       3.084060    
   489.3643       97.30029       3.050539    
   507.4286       97.30029       2.962952    
  -33.77417       84.70639       2.267101    
  -15.70986       84.70639       2.539821    
  -8.185690       84.70639       2.637944    
  -2.500000       84.70639       2.698837    
   2.481762       84.84047       2.740563    
   7.434425       85.14374       2.772121    
   12.38829       85.44250       2.795328    
   17.37068       85.59602       2.811738    
   22.36992       85.63330       2.822491    
   27.36889       85.67580       2.828608    
   32.36626       85.74669       2.831066    
   37.36148       85.84315       2.830628    
   42.35468       85.95895       2.827902    
   47.34677       86.08392       2.823470    
   52.33939       86.20448       2.817804    
   57.33461       86.30008       2.811219    
   62.33282       86.35486       2.803953    
   67.33237       86.35661       2.796154    
   72.33087       86.30669       2.787802    
   77.32610       86.21230       2.778660    
   82.31709       86.07966       2.768239    
   87.30524       85.92673       2.755718    
   92.29430       85.78013       2.739937    
   97.28818       85.67411       2.719532    
   102.2866       85.62716       2.692837    
   107.2863       85.60456       2.657874    
   112.2728       85.47575       2.612269    
   117.2255       85.17844       2.552774    
   122.1606       84.82110       2.475002    
   127.1186       84.54264       2.420890    
   132.1048       84.38613       2.385366    
   137.1018       84.31937       2.365644    
   142.1004       84.34019       2.360459    
   147.0855       84.49109       2.369553    
   152.0289       84.81246       2.393078    
   156.9416       85.22638       2.431331    
   161.8866       85.53673       2.485184    
   166.8759       85.65503       2.555857    
   171.8755       85.65790       2.644562    
   176.8751       85.63148       2.752512    
   181.8749       85.61840       2.880170    
   186.8749       85.61794       3.027643    
   191.8749       85.61810       3.141189    
   196.8749       85.61810       3.225971    
   201.8749       85.61810       3.287439    
   206.8749       85.61802       3.330235    
   211.8749       85.61914       3.358061    
   216.8748       85.62991       3.374067    
   221.8745       85.65736       3.380997    
   226.8739       85.68948       3.381204    
   231.8736       85.69088       3.376694    
   236.8703       85.62250       3.369215    
   241.8605       85.48617       3.360350    
   246.8531       85.37840       3.351460    
   251.8497       85.40344       3.343564    
   256.8403       85.53680       3.337277    
   261.8292       85.68442       3.332841    
   266.8226       85.79627       3.330204    
   271.8200       85.86406       3.329095    
   276.8195       85.88549       3.328990    
   281.8193       85.87220       3.329119    
   286.8188       85.84126       3.328402    
   291.8181       85.80219       3.325481    
   296.8170       85.75674       3.318937    
   301.8156       85.70303       3.307476    
   306.8141       85.65130       3.289983    
   311.8136       85.63272       3.265559    
   316.8123       85.60023       3.233514    
   321.7794       85.38776       3.193387    
   326.7076       85.01280       3.144665    
   331.6619       84.88596       3.086279    
   336.6017       85.18996       3.017865    
   341.4941       85.64894       2.938682    
   346.3997       86.07815       2.845836    
   351.3318       86.44146       2.736561    
   356.3008       86.66934       2.657474    
   361.2956       86.76245       2.602885    
   366.2939       86.82014       2.568825    
   371.2916       86.88777       2.552622    
   376.2886       86.96461       2.552650    
   381.2849       87.05051       2.568275    
   386.2799       87.14902       2.599939    
   391.2732       87.26426       2.649319    
   396.2645       87.39491       2.719485    
   401.2549       87.53254       2.815077    
   406.2462       87.66331       2.942573    
   411.2407       87.76619       3.036634    
   416.2387       87.82300       3.104387    
   421.2385       87.83997       3.151538    
   426.2385       87.84176       3.182706    
   431.2385       87.84920       3.201781    
   436.2343       87.91981       3.211988    
   441.2233       88.06612       3.215727    
   446.2118       88.21626       3.214660    
   451.2035       88.34385       3.210113    
   456.1937       88.48203       3.203124    
   461.1783       88.65514       3.194138    
   466.1624       88.83239       3.183221    
   471.1551       88.93765       3.170422    
   476.1545       88.96221       3.155397    
   481.8401       88.96335       3.134786    
   489.3643       88.96335       3.103010    
   507.4286       88.96335       3.016279    
  -33.77417       75.60016       2.397910    
  -15.70986       75.60016       2.601542    
  -8.185690       75.60016       2.678390    
  -2.500000       75.60016       2.727371    
   2.481762       75.70561       2.761949    
   7.434425       75.94414       2.789024    
   12.38829       76.17914       2.809773    
   17.37068       76.29989       2.825187    
   22.36992       76.32921       2.835991    
   27.36889       76.36263       2.842766    
   32.36626       76.41840       2.846326    
   37.36148       76.49427       2.847501    
   42.35468       76.58534       2.846845    
   47.34677       76.68364       2.844674    
   52.33939       76.77846       2.841208    
   57.33461       76.85366       2.836638    
   62.33282       76.89674       2.831125    
   67.33237       76.89812       2.824775    
   72.33087       76.85886       2.817610    
   77.32610       76.78461       2.809471    
   82.31709       76.68029       2.799960    
   87.30524       76.56001       2.788468    
   92.29430       76.44469       2.774191    
   97.28818       76.36131       2.756183    
   102.2866       76.32438       2.733369    
   107.2863       76.30660       2.704495    
   112.2728       76.20528       2.668103    
   117.2255       75.97144       2.622301    
   122.1606       75.69038       2.564631    
   127.1186       75.47135       2.492173    
   132.1048       75.34826       2.444984    
   137.1018       75.29574       2.416634    
   142.1004       75.31212       2.403705    
   147.0855       75.43081       2.404604    
   152.0289       75.68358       2.418645    
   156.9416       76.00915       2.445614    
   161.8866       76.25325       2.485948    
   166.8759       76.34630       2.540411    
   171.8755       76.34855       2.609657    
   176.8751       76.32778       2.694338    
   181.8749       76.31749       2.794912    
   186.8749       76.31712       2.911712    
   191.8749       76.31725       3.045008    
   196.8749       76.31725       3.146683    
   201.8749       76.31725       3.225677    
   206.8749       76.31718       3.286798    
   211.8749       76.31807       3.331958    
   216.8748       76.32654       3.363389    
   221.8745       76.34814       3.383463    
   226.8739       76.37340       3.394518    
   231.8736       76.37450       3.398720    
   236.8703       76.32071       3.398000    
   241.8605       76.21349       3.394072    
   246.8531       76.12872       3.388404    
   251.8497       76.14841       3.382144    
   256.8403       76.25331       3.376076    
   261.8292       76.36942       3.370587    
   266.8226       76.45739       3.365764    
   271.8200       76.51070       3.361461    
   276.8195       76.52757       3.357276    
   281.8193       76.51711       3.352571    
   286.8188       76.49277       3.346520    
   291.8181       76.46204       3.338232    
   296.8170       76.42630       3.326868    
   301.8156       76.38405       3.311682    
   306.8141       76.34336       3.291991    
   311.8136       76.32875       3.267202    
   316.8123       76.30320       3.236851    
   321.7794       76.13609       3.200654    
   326.7076       75.84116       3.158201    
   331.6619       75.74139       3.108608    
   336.6017       75.98050       3.052025    
   341.4941       76.34151       2.988372    
   346.3997       76.67910       2.915820    
   351.3318       76.96486       2.832709    
   356.3008       77.14410       2.737143    
   361.2956       77.21733       2.671690    
   366.2939       77.26270       2.628789    
   371.2916       77.31591       2.605129    
   376.2886       77.37634       2.598700    
   381.2849       77.44391       2.608515    
   386.2799       77.52139       2.634534    
   391.2732       77.61202       2.677727    
   396.2645       77.71479       2.740200    
   401.2549       77.82304       2.825347    
   406.2462       77.92590       2.938066    
   411.2407       78.00681       3.024521    
   416.2387       78.05150       3.089995    
   421.2385       78.06484       3.138600    
   426.2385       78.06626       3.173699    
   431.2385       78.07211       3.198139    
   436.2343       78.12765       3.214189    
   441.2233       78.24273       3.223554    
   446.2118       78.36082       3.227729    
   451.2035       78.46117       3.228055    
   456.1937       78.56985       3.225389    
   461.1783       78.70601       3.220195    
   466.1624       78.84543       3.212854    
   471.1551       78.92822       3.203405    
   476.1545       78.94754       3.191539    
   481.8401       78.94843       3.174557    
   489.3643       78.94843       3.145989    
   507.4286       78.94843       3.050737    
  -33.77417       56.32260       2.554399    
  -15.70986       56.32260       2.667312    
  -8.185690       56.32260       2.713869    
  -2.500000       56.32260       2.745805    
   2.481762       56.36747       2.770175    
   7.434425       56.46896       2.790716    
   12.38829       56.56895       2.807800    
   17.37068       56.62033       2.821820    
   22.36992       56.63280       2.833039    
   27.36889       56.64702       2.841519    
   32.36626       56.67075       2.847314    
   37.36148       56.70303       2.850870    
   42.35468       56.74178       2.852804    
   47.34677       56.78361       2.853463    
   52.33939       56.82395       2.852927    
   57.33461       56.85595       2.851180    
   62.33282       56.87428       2.848225    
   67.33237       56.87487       2.844093    
   72.33087       56.85816       2.838778    
   77.32610       56.82657       2.832173    
   82.31709       56.78218       2.824038    
   87.30524       56.73100       2.814018    
   92.29430       56.68194       2.801671    
   97.28818       56.64646       2.786513    
   102.2866       56.63075       2.768059    
   107.2863       56.62318       2.745840    
   112.2728       56.58007       2.719427    
   117.2255       56.48058       2.688371    
   122.1606       56.36099       2.652141    
   127.1186       56.26780       2.610262    
   132.1048       56.21542       2.562928    
   137.1018       56.19307       2.528602    
   142.1004       56.20005       2.506622    
   147.0855       56.25055       2.496560    
   152.0289       56.35809       2.498085    
   156.9416       56.49662       2.510806    
   161.8866       56.60048       2.534677    
   166.8759       56.64007       2.569874    
   171.8755       56.64103       2.616183    
   176.8751       56.63219       2.673124    
   181.8749       56.62782       2.739833    
   186.8749       56.62766       2.814932    
   191.8749       56.62771       2.896520    
   196.8749       56.62772       2.982014    
   201.8749       56.62771       3.070467    
   206.8749       56.62769       3.162194    
   211.8749       56.62806       3.236392    
   216.8748       56.63167       3.294800    
   221.8745       56.64086       3.339329    
   226.8739       56.65160       3.371986    
   231.8736       56.65207       3.394770    
   236.8703       56.62919       3.409561    
   241.8605       56.58356       3.418068    
   246.8531       56.54750       3.421760    
   251.8497       56.55588       3.421776    
   256.8403       56.60051       3.419023    
   261.8292       56.64991       3.414158    
   266.8226       56.68734       3.407587    
   271.8200       56.71003       3.399525    
   276.8195       56.71720       3.390017    
   281.8193       56.71275       3.378959    
   286.8188       56.70240       3.366133    
   291.8181       56.68932       3.351248    
   296.8170       56.67411       3.333980    
   301.8156       56.65614       3.314013    
   306.8141       56.63882       3.291075    
   311.8136       56.63261       3.264957    
   316.8123       56.62173       3.235553    
   321.7794       56.55063       3.202933    
   326.7076       56.42514       3.167017    
   331.6619       56.38269       3.127382    
   336.6017       56.48443       3.084931    
   341.4941       56.63803       3.040541    
   346.3997       56.78168       2.993984    
   351.3318       56.90327       2.945510    
   356.3008       56.97953       2.895583    
   361.2956       57.01069       2.845128    
   366.2939       57.02999       2.793917    
   371.2916       57.05263       2.760554    
   376.2886       57.07835       2.743754    
   381.2849       57.10709       2.742471    
   386.2799       57.14006       2.755917    
   391.2732       57.17862       2.783545    
   396.2645       57.22235       2.825004    
   401.2549       57.26841       2.880037    
   406.2462       57.31217       2.948317    
   411.2407       57.34660       3.007973    
   416.2387       57.36561       3.059000    
   421.2385       57.37129       3.101831    
   426.2385       57.37189       3.137204    
   431.2385       57.37438       3.165849    
   436.2343       57.39801       3.188333    
   441.2233       57.44698       3.205371    
   446.2118       57.49723       3.217959    
   451.2035       57.53992       3.226792    
   456.1937       57.58617       3.232332    
   461.1783       57.64410       3.235278    
   466.1624       57.70342       3.236200    
   471.1551       57.73865       3.235478    
   476.1545       57.74687       3.233629    
   481.8401       57.74725       3.230720    
   489.3643       57.74725       3.227058    
   507.4286       57.74725       3.163610    
