        1545
  -33.77417       136.6885       1.660275    
  -15.70986       136.6885       1.635760    
  -8.185690       136.6885       1.600484    
  -2.500000       136.6885       1.439940    
   2.481762       136.9860       1.378670    
   7.434425       137.6588       1.368365    
   12.38829       138.3216       1.178449    
   17.37068       138.6622       1.002322    
   22.36992       138.7449       1.141079    
   27.36889       138.8391      0.9902424    
   32.36626       138.9964       1.003663    
   37.36148       139.2104       1.007703    
   42.35468       139.4673       1.110645    
   47.34677       139.7446       1.166122    
   52.33939       140.0120       1.135431    
   57.33461       140.2241       1.067506    
   62.33282       140.3456       1.000201    
   67.33237       140.3495       1.107062    
   72.33087       140.2388       1.036638    
   77.32610       140.0294       1.128620    
   82.31709       139.7351       1.188370    
   87.30524       139.3958       1.292738    
   92.29430       139.0706       1.238498    
   97.28818       138.8354       1.060072    
   102.2866       138.7312       1.114035    
   107.2863       138.6811       1.092613    
   112.2728       138.3953       1.060962    
   117.2255       137.7357       1.112683    
   122.1606       136.9430       1.202395    
   127.1186       136.3252       1.258455    
   132.1048       135.9780       1.401012    
   137.1018       135.8299       1.411816    
   142.1004       135.8761       1.350525    
   147.0855       136.2108       1.204230    
   152.0289       136.9238       1.318009    
   156.9416       137.8421       1.267352    
   161.8866       138.5306       1.184738    
   166.8759       138.7930       1.174124    
   171.8755       138.7994       1.034603    
   176.8751       138.7408      0.9857039    
   181.8749       138.7118      0.9859610    
   186.8749       138.7108      0.9205843    
   191.8749       138.7111      0.9344038    
   196.8749       138.7112      0.9100866    
   201.8749       138.7111      0.9987524    
   206.8749       138.7109      0.9809118    
   211.8749       138.7134       1.075668    
   216.8748       138.7373       1.074543    
   221.8745       138.7983      0.9749261    
   226.8739       138.8695       1.157170    
   231.8736       138.8726      0.9007829    
   236.8703       138.7209       1.012469    
   241.8605       138.4185      0.9825695    
   246.8531       138.1794      0.9916605    
   251.8497       138.2349       1.010847    
   256.8403       138.5308       1.103615    
   261.8292       138.8582       1.039791    
   266.8226       139.1064      0.9430286    
   271.8200       139.2568       1.067115    
   276.8195       139.3043       1.045158    
   281.8193       139.2749       1.035418    
   286.8188       139.2062      0.9440193    
   291.8181       139.1195      0.9586037    
   296.8170       139.0187      0.9619120    
   301.8156       138.8996      0.9429439    
   306.8141       138.7848       1.135880    
   311.8136       138.7435       1.161598    
   316.8123       138.6715       1.254578    
   321.7794       138.2001       1.401252    
   326.7076       137.3683       1.419569    
   331.6619       137.0869       1.447041    
   336.6017       137.7613       1.282313    
   341.4941       138.7795       1.289103    
   346.3997       139.7317       1.358459    
   351.3318       140.5377       1.117926    
   356.3008       141.0433       1.355440    
   361.2956       141.2499       1.221798    
   366.2939       141.3779       1.022930    
   371.2916       141.5279       1.059819    
   376.2886       141.6984       1.149118    
   381.2849       141.8889       1.176060    
   386.2799       142.1075       1.065772    
   391.2732       142.3631       1.148963    
   396.2645       142.6530       1.199532    
   401.2549       142.9583       1.063772    
   406.2462       143.2484      0.9327041    
   411.2407       143.4767      0.9256254    
   416.2387       143.6027      0.9624122    
   421.2385       143.6403      0.8908001    
   426.2385       143.6443      0.9829859    
   431.2385       143.6608       1.006141    
   436.2343       143.8174       1.210522    
   441.2233       144.1421       1.184514    
   446.2118       144.4751       1.075544    
   451.2035       144.7582       1.015152    
   456.1937       145.0647       1.042411    
   461.1783       145.4488       1.221741    
   466.1624       145.8420       1.366591    
   471.1551       146.0755       1.429417    
   476.1545       146.1300       1.513562    
   481.8401       146.1326       1.707237    
   489.3643       146.1326       1.893498    
   507.4286       146.1326       2.244644    
  -33.77417       134.0858       1.665871    
  -15.70986       134.0858       1.654361    
  -8.185690       134.0858       1.648742    
  -2.500000       134.0858       1.570416    
   2.481762       134.3752       1.547733    
   7.434425       135.0294       1.540459    
   12.38829       135.6740       1.395742    
   17.37068       136.0052       1.269399    
   22.36992       136.0857       1.321054    
   27.36889       136.1774       1.242205    
   32.36626       136.3303       1.239676    
   37.36148       136.5384       1.252773    
   42.35468       136.7882       1.337558    
   47.34677       137.0579       1.404433    
   52.33939       137.3180       1.426695    
   57.33461       137.5242       1.378582    
   62.33282       137.6424       1.336868    
   67.33237       137.6462       1.369735    
   72.33087       137.5385       1.343829    
   77.32610       137.3349       1.387966    
   82.31709       137.0487       1.428430    
   87.30524       136.7188       1.469320    
   92.29430       136.4025       1.437244    
   97.28818       136.1738       1.356835    
   102.2866       136.0724       1.396399    
   107.2863       136.0237       1.382494    
   112.2728       135.7457       1.327545    
   117.2255       135.1043       1.327226    
   122.1606       134.3334       1.360130    
   127.1186       133.7326       1.380758    
   132.1048       133.3949       1.441768    
   137.1018       133.2509       1.443408    
   142.1004       133.2958       1.395023    
   147.0855       133.6214       1.313529    
   152.0289       134.3147       1.354358    
   156.9416       135.2077       1.349992    
   161.8866       135.8773       1.348103    
   166.8759       136.1325       1.393557    
   171.8755       136.1387       1.300315    
   176.8751       136.0817       1.251937    
   181.8749       136.0535       1.225826    
   186.8749       136.0525       1.177659    
   191.8749       136.0529       1.178755    
   196.8749       136.0529       1.165453    
   201.8749       136.0529       1.189898    
   206.8749       136.0527       1.162477    
   211.8749       136.0551       1.219782    
   216.8748       136.0783       1.196158    
   221.8745       136.1376       1.115408    
   226.8739       136.2069       1.188096    
   231.8736       136.2099       1.057519    
   236.8703       136.0623       1.103384    
   241.8605       135.7682       1.126155    
   246.8531       135.5358       1.138113    
   251.8497       135.5898       1.206775    
   256.8403       135.8775       1.282930    
   261.8292       136.1960       1.282698    
   266.8226       136.4373       1.243614    
   271.8200       136.5835       1.305618    
   276.8195       136.6297       1.294974    
   281.8193       136.6011       1.272877    
   286.8188       136.5343       1.202212    
   291.8181       136.4500       1.185419    
   296.8170       136.3520       1.192704    
   301.8156       136.2361       1.197514    
   306.8141       136.1245       1.199335    
   311.8136       136.0844       1.224045    
   316.8123       136.0143       1.354389    
   321.7794       135.5559       1.288971    
   326.7076       134.7469       1.338176    
   331.6619       134.4733       1.337410    
   336.6017       135.1292       1.444247    
   341.4941       136.1194       1.412937    
   346.3997       137.0454       1.426013    
   351.3318       137.8293       1.302507    
   356.3008       138.3209       1.414353    
   361.2956       138.5218       1.362345    
   366.2939       138.6463       1.262546    
   371.2916       138.7922       1.313144    
   376.2886       138.9579       1.397140    
   381.2849       139.1433       1.423492    
   386.2799       139.3558       1.348211    
   391.2732       139.6044       1.360187    
   396.2645       139.8863       1.373710    
   401.2549       140.1832       1.302686    
   406.2462       140.4654       1.211155    
   411.2407       140.6873       1.196008    
   416.2387       140.8099       1.204864    
   421.2385       140.8465       1.162338    
   426.2385       140.8504       1.161701    
   431.2385       140.8664       1.169350    
   436.2343       141.0188       1.278290    
   441.2233       141.3345       1.277428    
   446.2118       141.6584       1.208060    
   451.2035       141.9337       1.193770    
   456.1937       142.2318       1.241117    
   461.1783       142.6053       1.381997    
   466.1624       142.9877       1.489798    
   471.1551       143.2148       1.534511    
   476.1545       143.2677       1.599500    
   481.8401       143.2702       1.747463    
   489.3643       143.2702       1.919970    
   507.4286       143.2702       2.257860    
  -33.77417       131.3152       1.678363    
  -15.70986       131.3152       1.692466    
  -8.185690       131.3152       1.741025    
  -2.500000       131.3152       1.718624    
   2.481762       131.5958       1.705299    
   7.434425       132.2304       1.676972    
   12.38829       132.8556       1.557896    
   17.37068       133.1768       1.471027    
   22.36992       133.2549       1.477832    
   27.36889       133.3438       1.439377    
   32.36626       133.4921       1.434356    
   37.36148       133.6940       1.451158    
   42.35468       133.9363       1.510154    
   47.34677       134.1978       1.570133    
   52.33939       134.4500       1.613715    
   57.33461       134.6501       1.593284    
   62.33282       134.7647       1.568767    
   67.33237       134.7684       1.578894    
   72.33087       134.6640       1.573758    
   77.32610       134.4664       1.600242    
   82.31709       134.1889       1.626017    
   87.30524       133.8689       1.636365    
   92.29430       133.5621       1.594880    
   97.28818       133.3403       1.543570    
   102.2866       133.2420       1.545321    
   107.2863       133.1947       1.516982    
   112.2728       132.9252       1.463494    
   117.2255       132.3031       1.451716    
   122.1606       131.5553       1.469419    
   127.1186       130.9726       1.483387    
   132.1048       130.6451       1.508814    
   137.1018       130.5054       1.503423    
   142.1004       130.5490       1.470642    
   147.0855       130.8647       1.428882    
   152.0289       131.5372       1.441574    
   156.9416       132.4034       1.450524    
   161.8866       133.0527       1.481965    
   166.8759       133.3003       1.539868    
   171.8755       133.3063       1.507252    
   176.8751       133.2510       1.474688    
   181.8749       133.2236       1.444040    
   186.8749       133.2227       1.403778    
   191.8749       133.2231       1.382607    
   196.8749       133.2231       1.364101    
   201.8749       133.2231       1.357460    
   206.8749       133.2229       1.332700    
   211.8749       133.2252       1.351646    
   216.8748       133.2477       1.327695    
   221.8745       133.3052       1.278409    
   226.8739       133.3724       1.296366    
   231.8736       133.3753       1.239909    
   236.8703       133.2322       1.258464    
   241.8605       132.9470       1.280402    
   246.8531       132.7215       1.300912    
   251.8497       132.7738       1.363744    
   256.8403       133.0529       1.428998    
   261.8292       133.3618       1.448962    
   266.8226       133.5959       1.440513    
   271.8200       133.7377       1.468972    
   276.8195       133.7825       1.467012    
   281.8193       133.7548       1.439916    
   286.8188       133.6900       1.395161    
   291.8181       133.6082       1.383888    
   296.8170       133.5132       1.391943    
   301.8156       133.4008       1.387394    
   306.8141       133.2925       1.362623    
   311.8136       133.2536       1.383121    
   316.8123       133.1856       1.465714    
   321.7794       132.7410       1.422343    
   326.7076       131.9564       1.423851    
   331.6619       131.6910       1.425248    
   336.6017       132.3271       1.518463    
   341.4941       133.2876       1.524018    
   346.3997       134.1857       1.523190    
   351.3318       134.9460       1.463800    
   356.3008       135.4228       1.500246    
   361.2956       135.6176       1.474516    
   366.2939       135.7384       1.431419    
   371.2916       135.8799       1.470345    
   376.2886       136.0407       1.532869    
   381.2849       136.2204       1.552943    
   386.2799       136.4265       1.516449    
   391.2732       136.6677       1.511492    
   396.2645       136.9411       1.511882    
   401.2549       137.2291       1.471744    
   406.2462       137.5027       1.413783    
   411.2407       137.7180       1.393189    
   416.2387       137.8369       1.385805    
   421.2385       137.8724       1.354860    
   426.2385       137.8761       1.337822    
   431.2385       137.8917       1.343981    
   436.2343       138.0394       1.396004    
   441.2233       138.3456       1.396025    
   446.2118       138.6598       1.357850    
   451.2035       138.9268       1.354619    
   456.1937       139.2159       1.399349    
   461.1783       139.5782       1.497272    
   466.1624       139.9491       1.584432    
   471.1551       140.1694       1.640759    
   476.1545       140.2207       1.706898    
   481.8401       140.2231       1.823933    
   489.3643       140.2231       1.976121    
   507.4286       140.2231       2.287543    
  -33.77417       128.3538       1.698161    
  -15.70986       128.3538       1.748136    
  -8.185690       128.3538       1.883827    
  -2.500000       128.3538       1.912426    
   2.481762       128.6251       1.911563    
   7.434425       129.2386       1.877262    
   12.38829       129.8431       1.757085    
   17.37068       130.1537       1.693341    
   22.36992       130.2291       1.681589    
   27.36889       130.3151       1.661739    
   32.36626       130.4585       1.659112    
   37.36148       130.6536       1.675285    
   42.35468       130.8879       1.716057    
   47.34677       131.1408       1.767188    
   52.33939       131.3846       1.844974    
   57.33461       131.5780       1.848312    
   62.33282       131.6889       1.837733    
   67.33237       131.6924       1.840981    
   72.33087       131.5914       1.842823    
   77.32610       131.4005       1.858275    
   82.31709       131.1322       1.869356    
   87.30524       130.8228       1.857346    
   92.29430       130.5262       1.774168    
   97.28818       130.3116       1.710864    
   102.2866       130.2167       1.680950    
   107.2863       130.1709       1.642522    
   112.2728       129.9104       1.596557    
   117.2255       129.3089       1.578354    
   122.1606       128.5859       1.583717    
   127.1186       128.0226       1.590595    
   132.1048       127.7059       1.599465    
   137.1018       127.5708       1.592299    
   142.1004       127.6130       1.572654    
   147.0855       127.9183       1.554643    
   152.0289       128.5684       1.565628    
   156.9416       129.4059       1.587465    
   161.8866       130.0337       1.645263    
   166.8759       130.2731       1.726447    
   171.8755       130.2789       1.737865    
   176.8751       130.2254       1.723783    
   181.8749       130.1989       1.698621    
   186.8749       130.1980       1.661096    
   191.8749       130.1983       1.615093    
   196.8749       130.1983       1.585974    
   201.8749       130.1983       1.564045    
   206.8749       130.1982       1.533936    
   211.8749       130.2005       1.527683    
   216.8748       130.2222       1.505935    
   221.8745       130.2778       1.476443    
   226.8739       130.3428       1.471921    
   231.8736       130.3456       1.446034    
   236.8703       130.2072       1.451623    
   241.8605       129.9314       1.466914    
   246.8531       129.7134       1.489511    
   251.8497       129.7641       1.541164    
   256.8403       130.0339       1.599574    
   261.8292       130.3325       1.630112    
   266.8226       130.5588       1.640084    
   271.8200       130.6960       1.661241    
   276.8195       130.7393       1.676348    
   281.8193       130.7124       1.643800    
   286.8188       130.6498       1.614330    
   291.8181       130.5708       1.608697    
   296.8170       130.4788       1.613711    
   301.8156       130.3701       1.605581    
   306.8141       130.2655       1.583571    
   311.8136       130.2279       1.591521    
   316.8123       130.1622       1.626050    
   321.7794       129.7323       1.603686    
   326.7076       128.9738       1.588927    
   331.6619       128.7171       1.586635    
   336.6017       129.3322       1.635187    
   341.4941       130.2607       1.651260    
   346.3997       131.1291       1.649059    
   351.3318       131.8641       1.621619    
   356.3008       132.3251       1.626588    
   361.2956       132.5135       1.610583    
   366.2939       132.6302       1.593027    
   371.2916       132.7671       1.618398    
   376.2886       132.9225       1.659574    
   381.2849       133.0963       1.678730    
   386.2799       133.2955       1.674000    
   391.2732       133.5287       1.672654    
   396.2645       133.7930       1.672515    
   401.2549       134.0715       1.652907    
   406.2462       134.3360       1.620350    
   411.2407       134.5442       1.603061    
   416.2387       134.6591       1.590550    
   421.2385       134.6935       1.567808    
   426.2385       134.6971       1.551966    
   431.2385       134.7121       1.553670    
   436.2343       134.8550       1.574239    
   441.2233       135.1510       1.572632    
   446.2118       135.4547       1.554725    
   451.2035       135.7129       1.557856    
   456.1937       135.9924       1.593783    
   461.1783       136.3427       1.661576    
   466.1624       136.7012       1.730980    
   471.1551       136.9142       1.787399    
   476.1545       136.9639       1.848552    
   481.8401       136.9662       1.941669    
   489.3643       136.9662       2.067925    
   507.4286       136.9662       2.335145    
  -33.77417       125.1739       1.725852    
  -15.70986       125.1739       1.814683    
  -8.185690       125.1739       2.005000    
  -2.500000       125.1739       2.068369    
   2.481762       125.4352       2.083292    
   7.434425       126.0261       2.064076    
   12.38829       126.6083       2.003978    
   17.37068       126.9075       1.963418    
   22.36992       126.9801       1.948934    
   27.36889       127.0629       1.937304    
   32.36626       127.2010       1.937007    
   37.36148       127.3890       1.950631    
   42.35468       127.6146       1.978601    
   47.34677       127.8582       2.014393    
   52.33939       128.0931       2.055674    
   57.33461       128.2793       2.065120    
   62.33282       128.3861       2.062464    
   67.33237       128.3895       2.063951    
   72.33087       128.2923       2.066415    
   77.32610       128.1083       2.073754    
   82.31709       127.8499       2.074010    
   87.30524       127.5519       2.053012    
   92.29430       127.2662       1.990020    
   97.28818       127.0596       1.892662    
   102.2866       126.9681       1.836174    
   107.2863       126.9241       1.788282    
   112.2728       126.6731       1.744938    
   117.2255       126.0938       1.720614    
   122.1606       125.3975       1.714765    
   127.1186       124.8549       1.714121    
   132.1048       124.5499       1.714066    
   137.1018       124.4198       1.707883    
   142.1004       124.4603       1.699749    
   147.0855       124.7544       1.697140    
   152.0289       125.3806       1.714732    
   156.9416       126.1872       1.741274    
   161.8866       126.7919       1.829122    
   166.8759       127.0225       1.964827    
   171.8755       127.0280       2.011497    
   176.8751       126.9765       2.018244    
   181.8749       126.9510       2.004540    
   186.8749       126.9501       1.969060    
   191.8749       126.9505       1.882164    
   196.8749       126.9505       1.842832    
   201.8749       126.9505       1.810222    
   206.8749       126.9503       1.762821    
   211.8749       126.9525       1.740126    
   216.8748       126.9735       1.718237    
   221.8745       127.0270       1.697701    
   226.8739       127.0896       1.685819    
   231.8736       127.0923       1.670792    
   236.8703       126.9591       1.670197    
   241.8605       126.6934       1.681240    
   246.8531       126.4834       1.704167    
   251.8497       126.5322       1.750374    
   256.8403       126.7921       1.814982    
   261.8292       127.0797       1.853896    
   266.8226       127.2977       1.875256    
   271.8200       127.4297       1.900552    
   276.8195       127.4715       1.954302    
   281.8193       127.4456       1.896617    
   286.8188       127.3853       1.873304    
   291.8181       127.3092       1.868829    
   296.8170       127.2206       1.868521    
   301.8156       127.1160       1.856904    
   306.8141       127.0152       1.827959    
   311.8136       126.9790       1.817199    
   316.8123       126.9157       1.819850    
   321.7794       126.5017       1.799780    
   326.7076       125.7710       1.779344    
   331.6619       125.5238       1.770303    
   336.6017       126.1162       1.787266    
   341.4941       127.0106       1.796087    
   346.3997       127.8469       1.792657    
   351.3318       128.5549       1.778022    
   356.3008       128.9989       1.772321    
   361.2956       129.1804       1.760029    
   366.2939       129.2928       1.752156    
   371.2916       129.4245       1.767515    
   376.2886       129.5742       1.794363    
   381.2849       129.7417       1.814413    
   386.2799       129.9336       1.840706    
   391.2732       130.1582       1.849815    
   396.2645       130.4128       1.857131    
   401.2549       130.6809       1.858718    
   406.2462       130.9357       1.847377    
   411.2407       131.1362       1.843459    
   416.2387       131.2469       1.837110    
   421.2385       131.2800       1.823409    
   426.2385       131.2835       1.813316    
   431.2385       131.2979       1.812078    
   436.2343       131.4355       1.818520    
   441.2233       131.7207       1.816831    
   446.2118       132.0132       1.810123    
   451.2035       132.2618       1.817228    
   456.1937       132.5311       1.845338    
   461.1783       132.8684       1.892405    
   466.1624       133.2138       1.944035    
   471.1551       133.4189       1.991986    
   476.1545       133.4668       2.040793    
   481.8401       133.4690       2.108661    
   489.3643       133.4690       2.201872    
   507.4286       133.4690       2.404527    
  -33.77417       121.7413       1.761695    
  -15.70986       121.7413       1.887451    
  -8.185690       121.7413       2.109451    
  -2.500000       121.7413       2.197336    
   2.481762       121.9919       2.227697    
   7.434425       122.5584       2.225782    
   12.38829       123.1165       2.200542    
   17.37068       123.4034       2.179739    
   22.36992       123.4730       2.169945    
   27.36889       123.5524       2.163586    
   32.36626       123.6848       2.164917    
   37.36148       123.8650       2.175326    
   42.35468       124.0813       2.194182    
   47.34677       124.3148       2.217215    
   52.33939       124.5400       2.240346    
   57.33461       124.7186       2.249620    
   62.33282       124.8209       2.250883    
   67.33237       124.8242       2.251943    
   72.33087       124.7309       2.252467    
   77.32610       124.5546       2.253404    
   82.31709       124.3068       2.245706    
   87.30524       124.0211       2.220258    
   92.29430       123.7473       2.163215    
   97.28818       123.5492       2.057423    
   102.2866       123.4615       1.977611    
   107.2863       123.4193       1.918923    
   112.2728       123.1786       1.873266    
   117.2255       122.6232       1.842899    
   122.1606       121.9557       1.827304    
   127.1186       121.4355       1.819700    
   132.1048       121.1431       1.815759    
   137.1018       121.0183       1.810897    
   142.1004       121.0573       1.809440    
   147.0855       121.3392       1.817568    
   152.0289       121.9395       1.844901    
   156.9416       122.7128       1.899330    
   161.8866       123.2925       2.024459    
   166.8759       123.5135       2.149363    
   171.8755       123.5189       2.218144    
   176.8751       123.4696       2.245846    
   181.8749       123.4451       2.248301    
   186.8749       123.4443       2.228501    
   191.8749       123.4446       2.183877    
   196.8749       123.4446       2.149003    
   201.8749       123.4446       2.109282    
   206.8749       123.4444       2.022357    
   211.8749       123.4465       1.989482    
   216.8748       123.4666       1.967406    
   221.8745       123.5179       1.950779    
   226.8739       123.5779       1.938121    
   231.8736       123.5806       1.927477    
   236.8703       123.4528       1.925403    
   241.8605       123.1981       1.933891    
   246.8531       122.9968       1.955595    
   251.8497       123.0435       2.001075    
   256.8403       123.2927       2.098945    
   261.8292       123.5684       2.143923    
   266.8226       123.7774       2.169849    
   271.8200       123.9041       2.191281    
   276.8195       123.9441       2.214314    
   281.8193       123.9193       2.197197    
   286.8188       123.8614       2.184519    
   291.8181       123.7885       2.179501    
   296.8170       123.7036       2.173889    
   301.8156       123.6032       2.155836    
   306.8141       123.5066       2.098122    
   311.8136       123.4719       2.063038    
   316.8123       123.4112       2.042913    
   321.7794       123.0143       2.014557    
   326.7076       122.3138       1.986734    
   331.6619       122.0768       1.967527    
   336.6017       122.6448       1.963717    
   341.4941       123.5022       1.961377    
   346.3997       124.3040       1.953951    
   351.3318       124.9827       1.942044    
   356.3008       125.4084       1.932579    
   361.2956       125.5824       1.921885    
   366.2939       125.6901       1.916864    
   371.2916       125.8165       1.925820    
   376.2886       125.9600       1.943046    
   381.2849       126.1205       1.959935    
   386.2799       126.3045       1.979594    
   391.2732       126.5198       1.995838    
   396.2645       126.7639       2.015666    
   401.2549       127.0210       2.047343    
   406.2462       127.2653       2.112962    
   411.2407       127.4575       2.137611    
   416.2387       127.5636       2.145386    
   421.2385       127.5953       2.142761    
   426.2385       127.5986       2.139633    
   431.2385       127.6125       2.138695    
   436.2343       127.7445       2.140759    
   441.2233       128.0178       2.140405    
   446.2118       128.2982       2.140986    
   451.2035       128.5366       2.149738    
   456.1937       128.7948       2.170971    
   461.1783       129.1181       2.203225    
   466.1624       129.4493       2.240141    
   471.1551       129.6459       2.275277    
   476.1545       129.6918       2.308677    
   481.8401       129.6939       2.342519    
   489.3643       129.6939       2.391178    
   507.4286       129.6939       2.498667    
  -33.77417       118.0135       1.806188    
  -15.70986       118.0135       1.964622    
  -8.185690       118.0135       2.200583    
  -2.500000       118.0135       2.303840    
   2.481762       118.2522       2.349361    
   7.434425       118.7923       2.363339    
   12.38829       119.3243       2.360109    
   17.37068       119.5977       2.353036    
   22.36992       119.6640       2.348607    
   27.36889       119.7397       2.345991    
   32.36626       119.8660       2.347976    
   37.36148       120.0378       2.355933    
   42.35468       120.2439       2.368887    
   47.34677       120.4665       2.383129    
   52.33939       120.6811       2.396554    
   57.33461       120.8514       2.404197    
   62.33282       120.9489       2.406942    
   67.33237       120.9520       2.407854    
   72.33087       120.8632       2.406494    
   77.32610       120.6951       2.402152    
   82.31709       120.4589       2.388536    
   87.30524       120.1866       2.361325    
   92.29430       119.9255       2.309946    
   97.28818       119.7367       2.224456    
   102.2866       119.6531       2.110317    
   107.2863       119.6129       2.036459    
   112.2728       119.3835       1.983989    
   117.2255       118.8540       1.947146    
   122.1606       118.2177       1.923780    
   127.1186       117.7218       1.910141    
   132.1048       117.4431       1.902962    
   137.1018       117.3242       1.899715    
   142.1004       117.3613       1.902856    
   147.0855       117.6301       1.917169    
   152.0289       118.2023       1.950962    
   156.9416       118.9394       2.013136    
   161.8866       119.4921       2.122185    
   166.8759       119.7027       2.273022    
   171.8755       119.7078       2.363621    
   176.8751       119.6608       2.413379    
   181.8749       119.6375       2.435265    
   186.8749       119.6367       2.434275    
   191.8749       119.6370       2.414935    
   196.8749       119.6370       2.391594    
   201.8749       119.6370       2.361494    
   206.8749       119.6368       2.317502    
   211.8749       119.6388       2.291110    
   216.8748       119.6580       2.272397    
   221.8745       119.7069       2.259010    
   226.8739       119.7641       2.248722    
   231.8736       119.7666       2.241392    
   236.8703       119.6448       2.240156    
   241.8605       119.4020       2.247081    
   246.8531       119.2101       2.265109    
   251.8497       119.2547       2.298586    
   256.8403       119.4922       2.349701    
   261.8292       119.7551       2.385447    
   266.8226       119.9542       2.409502    
   271.8200       120.0750       2.426093    
   276.8195       120.1131       2.437994    
   281.8193       120.0895       2.434886    
   286.8188       120.0343       2.429480    
   291.8181       119.9648       2.424963    
   296.8170       119.8839       2.417784    
   301.8156       119.7882       2.400348    
   306.8141       119.6961       2.358650    
   311.8136       119.6630       2.293389    
   316.8123       119.6051       2.254849    
   321.7794       119.2268       2.209690    
   326.7076       118.5591       2.170177    
   331.6619       118.3332       2.136929    
   336.6017       118.8746       2.115480    
   341.4941       119.6919       2.099841    
   346.3997       120.4562       2.085217    
   351.3318       121.1031       2.070604    
   356.3008       121.5089       2.057184    
   361.2956       121.6748       2.046518    
   366.2939       121.7775       2.041644    
   371.2916       121.8979       2.046445    
   376.2886       122.0348       2.057932    
   381.2849       122.1877       2.072921    
   386.2799       122.3631       2.091884    
   391.2732       122.5684       2.114499    
   396.2645       122.8010       2.147923    
   401.2549       123.0461       2.204621    
   406.2462       123.2790       2.310126    
   411.2407       123.4621       2.361068    
   416.2387       123.5633       2.384764    
   421.2385       123.5935       2.393737    
   426.2385       123.5967       2.397282    
   431.2385       123.6100       2.399154    
   436.2343       123.7357       2.401376    
   441.2233       123.9963       2.402878    
   446.2118       124.2636       2.407173    
   451.2035       124.4909       2.416600    
   456.1937       124.7369       2.433064    
   461.1783       125.0452       2.455034    
   466.1624       125.3608       2.479893    
   471.1551       125.5482       2.502302    
   476.1545       125.5920       2.520713    
   481.8401       125.5940       2.534481    
   489.3643       125.5940       2.552471    
   507.4286       125.5940       2.589720    
  -33.77417       113.9358       1.859945    
  -15.70986       113.9358       2.046854    
  -8.185690       113.9358       2.284075    
  -2.500000       113.9358       2.394498    
   2.481762       114.1617       2.449707    
   7.434425       114.6728       2.476125    
   12.38829       115.1762       2.486835    
   17.37068       115.4350       2.489990    
   22.36992       115.4978       2.491600    
   27.36889       115.5694       2.492469    
   32.36626       115.6889       2.494997    
   37.36148       115.8514       2.500867    
   42.35468       116.0465       2.509544    
   47.34677       116.2571       2.518316    
   52.33939       116.4603       2.526173    
   57.33461       116.6214       2.531860    
   62.33282       116.7137       2.534620    
   67.33237       116.7167       2.534910    
   72.33087       116.6326       2.531646    
   77.32610       116.4735       2.522811    
   82.31709       116.2499       2.506117    
   87.30524       115.9922       2.478975    
   92.29430       115.7452       2.431427    
   97.28818       115.5665       2.354983    
   102.2866       115.4874       2.236442    
   107.2863       115.4493       2.146222    
   112.2728       115.2323       2.082212    
   117.2255       114.7313       2.037322    
   122.1606       114.1291       2.007102    
   127.1186       113.6599       1.988991    
   132.1048       113.3961       1.978966    
   137.1018       113.2836       1.975311    
   142.1004       113.3186       1.981395    
   147.0855       113.5730       1.998265    
   152.0289       114.1145       2.034175    
   156.9416       114.8120       2.095380    
   161.8866       115.3350       2.194549    
   166.8759       115.5344       2.344164    
   171.8755       115.5392       2.454395    
   176.8751       115.4947       2.527565    
   181.8749       115.4726       2.570274    
   186.8749       115.4719       2.588835    
   191.8749       115.4722       2.589730    
   196.8749       115.4722       2.581427    
   201.8749       115.4722       2.565184    
   206.8749       115.4720       2.542549    
   211.8749       115.4739       2.524416    
   216.8748       115.4921       2.510464    
   221.8745       115.5383       2.500335    
   226.8739       115.5924       2.493148    
   231.8736       115.5948       2.488480    
   236.8703       115.4796       2.487873    
   241.8605       115.2498       2.493744    
   246.8531       115.0682       2.507728    
   251.8497       115.1104       2.530191    
   256.8403       115.3352       2.559564    
   261.8292       115.5839       2.585136    
   266.8226       115.7724       2.604553    
   271.8200       115.8866       2.617719    
   276.8195       115.9228       2.625056    
   281.8193       115.9004       2.625692    
   286.8188       115.8482       2.624080    
   291.8181       115.7824       2.621021    
   296.8170       115.7058       2.614303    
   301.8156       115.6153       2.599101    
   306.8141       115.5281       2.568295    
   311.8136       115.4968       2.525117    
   316.8123       115.4420       2.478472    
   321.7794       115.0840       2.401174    
   326.7076       114.4521       2.346191    
   331.6619       114.2384       2.291649    
   336.6017       114.7507       2.250189    
   341.4941       115.5241       2.218436    
   346.3997       116.2474       2.193333    
   351.3318       116.8596       2.172246    
   356.3008       117.2437       2.154830    
   361.2956       117.4006       2.142437    
   366.2939       117.4977       2.136277    
   371.2916       117.6117       2.138527    
   376.2886       117.7412       2.147475    
   381.2849       117.8860       2.161402    
   386.2799       118.0519       2.181669    
   391.2732       118.2462       2.210676    
   396.2645       118.4663       2.256118    
   401.2549       118.6983       2.330867    
   406.2462       118.9186       2.457633    
   411.2407       119.0920       2.529200    
   416.2387       119.1877       2.568216    
   421.2385       119.2163       2.588222    
   426.2385       119.2194       2.598408    
   431.2385       119.2319       2.605512    
   436.2343       119.3509       2.610451    
   441.2233       119.5975       2.613582    
   446.2118       119.8504       2.619316    
   451.2035       120.0655       2.627918    
   456.1937       120.2983       2.640309    
   461.1783       120.5900       2.655243    
   466.1624       120.8887       2.669455    
   471.1551       121.0661       2.682063    
   476.1545       121.1075       2.690197    
   481.8401       121.1095       2.691183    
   489.3643       121.1095       2.689120    
   507.4286       121.1095       2.676763    
  -33.77417       109.4377       1.923662    
  -15.70986       109.4377       2.136485    
  -8.185690       109.4377       2.363311    
  -2.500000       109.4377       2.473652    
   2.481762       109.6495       2.533864    
   7.434425       110.1285       2.568423    
   12.38829       110.6005       2.587418    
   17.37068       110.8431       2.597401    
   22.36992       110.9020       2.602903    
   27.36889       110.9691       2.606292    
   32.36626       111.0811       2.609561    
   37.36148       111.2335       2.613593    
   42.35468       111.4164       2.619210    
   47.34677       111.6138       2.625233    
   52.33939       111.8043       2.630355    
   57.33461       111.9553       2.634205    
   62.33282       112.0418       2.635957    
   67.33237       112.0446       2.634773    
   72.33087       111.9657       2.629756    
   77.32610       111.8166       2.619019    
   82.31709       111.6071       2.601788    
   87.30524       111.3655       2.575116    
   92.29430       111.1339       2.531557    
   97.28818       110.9664       2.466367    
   102.2866       110.8923       2.373720    
   107.2863       110.8566       2.255585    
   112.2728       110.6531       2.176751    
   117.2255       110.1834       2.122059    
   122.1606       109.6189       2.084368    
   127.1186       109.1790       2.060121    
   132.1048       108.9318       2.046676    
   137.1018       108.8263       2.041708    
   142.1004       108.8592       2.046645    
   147.0855       109.0976       2.063451    
   152.0289       109.6052       2.097292    
   156.9416       110.2591       2.152985    
   161.8866       110.7494       2.236201    
   166.8759       110.9363       2.350795    
   171.8755       110.9408       2.490893    
   176.8751       110.8991       2.592126    
   181.8749       110.8784       2.657278    
   186.8749       110.8776       2.695096    
   191.8749       110.8779       2.713895    
   196.8749       110.8779       2.721219    
   201.8749       110.8779       2.719960    
   206.8749       110.8778       2.712512    
   211.8749       110.8796       2.703493    
   216.8748       110.8966       2.695298    
   221.8745       110.9400       2.688825    
   226.8739       110.9907       2.684596    
   231.8736       110.9929       2.682339    
   236.8703       110.8849       2.682534    
   241.8605       110.6695       2.687202    
   246.8531       110.4993       2.696620    
   251.8497       110.5388       2.710540    
   256.8403       110.7495       2.727754    
   261.8292       110.9827       2.743639    
   266.8226       111.1594       2.757228    
   271.8200       111.2665       2.768300    
   276.8195       111.3003       2.774464    
   281.8193       111.2794       2.776074    
   286.8188       111.2305       2.775861    
   291.8181       111.1687       2.773546    
   296.8170       111.0969       2.767218    
   301.8156       111.0121       2.753999    
   306.8141       110.9304       2.730999    
   311.8136       110.9010       2.699189    
   316.8123       110.8497       2.657818    
   321.7794       110.5141       2.602125    
   326.7076       109.9218       2.539330    
   331.6619       109.7214       2.446103    
   336.6017       110.2016       2.376949    
   341.4941       110.9267       2.325479    
   346.3997       111.6047       2.286674    
   351.3318       112.1786       2.256643    
   356.3008       112.5386       2.234001    
   361.2956       112.6857       2.218400    
   366.2939       112.7768       2.209945    
   371.2916       112.8837       2.209519    
   376.2886       113.0050       2.216509    
   381.2849       113.1407       2.230528    
   386.2799       113.2963       2.252961    
   391.2732       113.4784       2.287760    
   396.2645       113.6848       2.342638    
   401.2549       113.9022       2.428926    
   406.2462       114.1088       2.565681    
   411.2407       114.2713       2.650764    
   416.2387       114.3611       2.702284    
   421.2385       114.3878       2.732662    
   426.2385       114.3907       2.750558    
   431.2385       114.4025       2.763053    
   436.2343       114.5140       2.772006    
   441.2233       114.7451       2.778308    
   446.2118       114.9823       2.785402    
   451.2035       115.1839       2.793491    
   456.1937       115.4022       2.802138    
   461.1783       115.6756       2.810869    
   466.1624       115.9556       2.818450    
   471.1551       116.1219       2.823893    
   476.1545       116.1607       2.825203    
   481.8401       116.1625       2.818270    
   489.3643       116.1625       2.803622    
   507.4286       116.1625       2.758454    
  -33.77417       104.4251       1.998480    
  -15.70986       104.4251       2.241844    
  -8.185690       104.4251       2.443360    
  -2.500000       104.4251       2.545762    
   2.481762       104.6212       2.605261    
   7.434425       105.0646       2.642669    
   12.38829       105.5015       2.665399    
   17.37068       105.7260       2.678780    
   22.36992       105.7805       2.686799    
   27.36889       105.8427       2.692907    
   32.36626       105.9463       2.698461    
   37.36148       106.0873       2.703439    
   42.35468       106.2567       2.708444    
   47.34677       106.4394       2.712991    
   52.33939       106.6157       2.715950    
   57.33461       106.7555       2.717113    
   62.33282       106.8356       2.716415    
   67.33237       106.8381       2.713536    
   72.33087       106.7651       2.708043    
   77.32610       106.6271       2.698251    
   82.31709       106.4332       2.682076    
   87.30524       106.2096       2.655951    
   92.29430       105.9952       2.615839    
   97.28818       105.8402       2.557870    
   102.2866       105.7715       2.475803    
   107.2863       105.7385       2.357798    
   112.2728       105.5501       2.268646    
   117.2255       105.1154       2.203773    
   122.1606       104.5929       2.157470    
   127.1186       104.1857       2.125777    
   132.1048       103.9569       2.106865    
   137.1018       103.8593       2.099129    
   142.1004       103.8897       2.101856    
   147.0855       104.1104       2.116877    
   152.0289       104.5803       2.146695    
   156.9416       105.1855       2.194481    
   161.8866       105.6393       2.262881    
   166.8759       105.8122       2.355778    
   171.8755       105.8165       2.472706    
   176.8751       105.7778       2.613019    
   181.8749       105.7587       2.702915    
   186.8749       105.7580       2.760446    
   191.8749       105.7582       2.796536    
   196.8749       105.7583       2.818457    
   201.8749       105.7583       2.830073    
   206.8749       105.7581       2.834575    
   211.8749       105.7598       2.834969    
   216.8748       105.7755       2.833575    
   221.8745       105.8157       2.831601    
   226.8739       105.8626       2.830267    
   231.8736       105.8647       2.830128    
   236.8703       105.7647       2.831599    
   241.8605       105.5654       2.835496    
   246.8531       105.4078       2.841593    
   251.8497       105.4444       2.850273    
   256.8403       105.6394       2.860705    
   261.8292       105.8553       2.870786    
   266.8226       106.0188       2.880346    
   271.8200       106.1179       2.888865    
   276.8195       106.1492       2.893911    
   281.8193       106.1298       2.895186    
   286.8188       106.0846       2.894147    
   291.8181       106.0275       2.890798    
   296.8170       105.9610       2.884243    
   301.8156       105.8824       2.873123    
   306.8141       105.8068       2.856285    
   311.8136       105.7796       2.832345    
   316.8123       105.7321       2.798588    
   321.7794       105.4215       2.752669    
   326.7076       104.8732       2.693683    
   331.6619       104.6877       2.613714    
   336.6017       105.1322       2.508688    
   341.4941       105.8034       2.431934    
   346.3997       106.4309       2.375642    
   351.3318       106.9622       2.333797    
   356.3008       107.2954       2.303402    
   361.2956       107.4315       2.282490    
   366.2939       107.5159       2.270196    
   371.2916       107.6148       2.266443    
   376.2886       107.7271       2.271568    
   381.2849       107.8528       2.286347    
   386.2799       107.9968       2.311933    
   391.2732       108.1653       2.352328    
   396.2645       108.3564       2.414274    
   401.2549       108.5576       2.507628    
   406.2462       108.7488       2.647791    
   411.2407       108.8992       2.740655    
   416.2387       108.9823       2.801239    
   421.2385       109.0071       2.840808    
   426.2385       109.0098       2.866697    
   431.2385       109.0207       2.884262    
   436.2343       109.1239       2.896706    
   441.2233       109.3378       2.905623    
   446.2118       109.5574       2.912460    
   451.2035       109.7439       2.918534    
   456.1937       109.9460       2.924033    
   461.1783       110.1991       2.928838    
   466.1624       110.4583       2.932765    
   471.1551       110.6122       2.934161    
   476.1545       110.6481       2.931053    
   481.8401       110.6497       2.919491    
   489.3643       110.6497       2.897438    
   507.4286       110.6497       2.834091    
  -33.77417       98.76926       2.085103    
  -15.70986       98.76926       2.381303    
  -8.185690       98.76926       2.525471    
  -2.500000       98.76926       2.610744    
   2.481762       98.94752       2.664436    
   7.434425       99.35075       2.701627    
   12.38829       99.74802       2.726795    
   17.37068       99.95215       2.743650    
   22.36992       100.0017       2.755193    
   27.36889       100.0582       2.763982    
   32.36626       100.1525       2.771187    
   37.36148       100.2807       2.777083    
   42.35468       100.4347       2.781771    
   47.34677       100.6009       2.785020    
   52.33939       100.7612       2.786427    
   57.33461       100.8883       2.785874    
   62.33282       100.9611       2.783595    
   67.33237       100.9634       2.779539    
   72.33087       100.8971       2.773283    
   77.32610       100.7716       2.763353    
   82.31709       100.5952       2.747469    
   87.30524       100.3919       2.722975    
   92.29430       100.1970       2.687492    
   97.28818       100.0560       2.637906    
   102.2866       99.99355       2.570566    
   107.2863       99.96349       2.481988    
   112.2728       99.79222       2.373077    
   117.2255       99.39693       2.292698    
   122.1606       98.92178       2.234224    
   127.1186       98.55151       2.192930    
   132.1048       98.34343       2.166240    
   137.1018       98.25465       2.152457    
   142.1004       98.28233       2.150841    
   147.0855       98.48299       2.161664    
   152.0289       98.91029       2.185869    
   156.9416       99.46066       2.225038    
   161.8866       99.87329       2.281628    
   166.8759       100.0306       2.359579    
   171.8755       100.0344       2.463593    
   176.8751       99.99930       2.605464    
   181.8749       99.98188       2.712353    
   186.8749       99.98126       2.789317    
   191.8749       99.98149       2.843262    
   196.8749       99.98150       2.879846    
   201.8749       99.98149       2.903717    
   206.8749       99.98139       2.918598    
   211.8749       99.98287       2.927864    
   216.8748       99.99718       2.933629    
   221.8745       100.0337       2.937147    
   226.8739       100.0764       2.939609    
   231.8736       100.0783       2.941801    
   236.8703       99.98734       2.944409    
   241.8605       99.80609       2.947983    
   246.8531       99.66279       2.952801    
   251.8497       99.69608       2.959183    
   256.8403       99.87341       2.966648    
   261.8292       100.0697       2.974236    
   266.8226       100.2184       2.981243    
   271.8200       100.3085       2.986899    
   276.8195       100.3370       2.990245    
   281.8193       100.3194       2.991008    
   286.8188       100.2782       2.989234    
   291.8181       100.2263       2.984828    
   296.8170       100.1659       2.977653    
   301.8156       100.0944       2.967134    
   306.8141       100.0256       2.952289    
   311.8136       100.0009       2.931473    
   316.8123       99.95772       2.902566    
   321.7794       99.67523       2.863191    
   326.7076       99.17667       2.811105    
   331.6619       99.00801       2.742888    
   336.6017       99.41222       2.656146    
   341.4941       100.0225       2.548158    
   346.3997       100.5932       2.469538    
   351.3318       101.0763       2.412371    
   356.3008       101.3793       2.371224    
   361.2956       101.5031       2.342740    
   366.2939       101.5798       2.325212    
   371.2916       101.6697       2.317954    
   376.2886       101.7719       2.321147    
   381.2849       101.8861       2.335824    
   386.2799       102.0170       2.363517    
   391.2732       102.1703       2.407661    
   396.2645       102.3440       2.473816    
   401.2549       102.5270       2.570549    
   406.2462       102.7009       2.710077    
   411.2407       102.8377       2.807238    
   416.2387       102.9132       2.874316    
   421.2385       102.9358       2.920620    
   426.2385       102.9382       2.952501    
   431.2385       102.9481       2.974341    
   436.2343       103.0419       2.989448    
   441.2233       103.2365       2.999945    
   446.2118       103.4361       3.006994    
   451.2035       103.6058       3.011932    
   456.1937       103.7895       3.015738    
   461.1783       104.0197       3.018516    
   466.1624       104.2553       3.019687    
   471.1551       104.3953       3.018095    
   476.1545       104.4279       3.012031    
   481.8401       104.4295       2.998071    
   489.3643       104.4295       2.972892    
   507.4286       104.4295       2.901934    
  -33.77417       92.28692       2.182505    
  -15.70986       92.28692       2.480046    
  -8.185690       92.28692       2.595188    
  -2.500000       92.28692       2.665990    
   2.481762       92.44483       2.713152    
   7.434425       92.80198       2.748058    
   12.38829       93.15384       2.773607    
   17.37068       93.33465       2.792136    
   22.36992       93.37855       2.805602    
   27.36889       93.42858       2.815499    
   32.36626       93.51208       2.822765    
   37.36148       93.62569       2.828044    
   42.35468       93.76205       2.831669    
   47.34677       93.90923       2.833760    
   52.33939       94.05121       2.834358    
   57.33461       94.16380       2.833383    
   62.33282       94.22831       2.830772    
   67.33237       94.23037       2.826227    
   72.33087       94.17159       2.819150    
   77.32610       94.06042       2.808591    
   82.31709       93.90422       2.793178    
   87.30524       93.72411       2.771368    
   92.29430       93.55146       2.741359    
   97.28818       93.42661       2.700959    
   102.2866       93.37131       2.647810    
   107.2863       93.34469       2.579924    
   112.2728       93.19299       2.495877    
   117.2255       92.84286       2.393092    
   122.1606       92.42202       2.317534    
   127.1186       92.09407       2.263323    
   132.1048       91.90976       2.226544    
   137.1018       91.83113       2.204807    
   142.1004       91.85565       2.196442    
   147.0855       92.03337       2.200890    
   152.0289       92.41184       2.218045    
   156.9416       92.89931       2.248475    
   161.8866       93.26480       2.293772    
   166.8759       93.40413       2.356354    
   171.8755       93.40750       2.439273    
   176.8751       93.37640       2.546083    
   181.8749       93.36098       2.676924    
   186.8749       93.36044       2.775323    
   191.8749       93.36063       2.847740    
   196.8749       93.36064       2.900031    
   201.8749       93.36063       2.937148    
   206.8749       93.36054       2.963365    
   211.8749       93.36186       2.981910    
   216.8748       93.37454       2.995252    
   221.8745       93.40688       3.004887    
   226.8739       93.44470       3.012055    
   231.8736       93.44635       3.017593    
   236.8703       93.36582       3.022232    
   241.8605       93.20527       3.026617    
   246.8531       93.07835       3.031236    
   251.8497       93.10783       3.036350    
   256.8403       93.26490       3.041697    
   261.8292       93.43874       3.046908    
   266.8226       93.57047       3.051493    
   271.8200       93.65030       3.055054    
   276.8195       93.67554       3.057277    
   281.8193       93.65989       3.057892    
   286.8188       93.62345       3.056429    
   291.8181       93.57744       3.052365    
   296.8170       93.52392       3.045422    
   301.8156       93.46066       3.034993    
   306.8141       93.39973       3.020410    
   311.8136       93.37785       3.000595    
   316.8123       93.33959       2.974451    
   321.7794       93.08938       2.940238    
   326.7076       92.64779       2.896093    
   331.6619       92.49840       2.839616    
   336.6017       92.85643       2.769316    
   341.4941       93.39696       2.683028    
   346.3997       93.90244       2.576597    
   351.3318       94.33030       2.499104    
   356.3008       94.59869       2.443514    
   361.2956       94.70834       2.404984    
   366.2939       94.77627       2.380738    
   371.2916       94.85593       2.369103    
   376.2886       94.94642       2.369601    
   381.2849       95.04758       2.382737    
   386.2799       95.16358       2.410157    
   391.2732       95.29931       2.454869    
   396.2645       95.45317       2.521662    
   401.2549       95.61526       2.617541    
   406.2462       95.76926       2.751945    
   411.2407       95.89043       2.849462    
   416.2387       95.95733       2.919723    
   421.2385       95.97731       2.970050    
   426.2385       95.97943       3.005879    
   431.2385       95.98818       3.031262    
   436.2343       96.07135       3.049265    
   441.2233       96.24365       3.061986    
   446.2118       96.42047       3.070922    
   451.2035       96.57073       3.077187    
   456.1937       96.73344       3.081374    
   461.1783       96.93733       3.083608    
   466.1624       97.14609       3.083391    
   471.1551       97.27006       3.080042    
   476.1545       97.29897       3.072521    
   481.8401       97.30029       3.057865    
   489.3643       97.30029       3.032225    
   507.4286       97.30029       2.960394    
  -33.77417       84.70639       2.292626    
  -15.70986       84.70639       2.556255    
  -8.185690       84.70639       2.650795    
  -2.500000       84.70639       2.709555    
   2.481762       84.84047       2.750134    
   7.434425       85.14374       2.781384    
   12.38829       85.44250       2.805240    
   17.37068       85.59602       2.823373    
   22.36992       85.63330       2.837054    
   27.36889       85.67580       2.847224    
   32.36626       85.74669       2.854576    
   37.36148       85.84315       2.859638    
   42.35468       85.95895       2.862873    
   47.34677       86.08392       2.864532    
   52.33939       86.20448       2.864717    
   57.33461       86.30008       2.863420    
   62.33282       86.35486       2.860515    
   67.33237       86.35661       2.855643    
   72.33087       86.30669       2.848303    
   77.32610       86.21230       2.837823    
   82.31709       86.07966       2.823400    
   87.30524       85.92673       2.804007    
   92.29430       85.78013       2.778369    
   97.28818       85.67411       2.745097    
   102.2866       85.62716       2.702599    
   107.2863       85.60456       2.649287    
   112.2728       85.47575       2.583715    
   117.2255       85.17844       2.503928    
   122.1606       84.82110       2.407254    
   127.1186       84.54264       2.337070    
   132.1048       84.38613       2.288481    
   137.1018       84.31937       2.257507    
   142.1004       84.34019       2.241429    
   147.0855       84.49109       2.238555    
   152.0289       84.81246       2.247973    
   156.9416       85.22638       2.269404    
   161.8866       85.53673       2.303453    
   166.8759       85.65503       2.351387    
   171.8755       85.65790       2.414924    
   176.8751       85.63148       2.495962    
   181.8749       85.61840       2.596342    
   186.8749       85.61794       2.718283    
   191.8749       85.61810       2.810036    
   196.8749       85.61810       2.878386    
   201.8749       85.61810       2.929467    
   206.8749       85.61802       2.967896    
   211.8749       85.61914       2.996942    
   216.8748       85.62991       3.018988    
   221.8745       85.65736       3.035778    
   226.8739       85.68948       3.048598    
   231.8736       85.69088       3.058522    
   236.8703       85.62250       3.066311    
   241.8605       85.48617       3.072598    
   246.8531       85.37840       3.077943    
   251.8497       85.40344       3.082700    
   256.8403       85.53680       3.086923    
   261.8292       85.68442       3.090620    
   266.8226       85.79627       3.093664    
   271.8200       85.86406       3.095931    
   276.8195       85.88549       3.097278    
   281.8193       85.87220       3.097387    
   286.8188       85.84126       3.095883    
   291.8181       85.80219       3.092289    
   296.8170       85.75674       3.086043    
   301.8156       85.70303       3.076630    
   306.8141       85.65130       3.063380    
   311.8136       85.63272       3.045660    
   316.8123       85.60023       3.022627    
   321.7794       85.38776       2.993315    
   326.7076       85.01280       2.956352    
   331.6619       84.88596       2.909956    
   336.6017       85.18996       2.853064    
   341.4941       85.64894       2.784331    
   346.3997       86.07815       2.700691    
   351.3318       86.44146       2.599116    
   356.3008       86.66934       2.525976    
   361.2956       86.76245       2.475208    
   366.2939       86.82014       2.442439    
   371.2916       86.88777       2.425028    
   376.2886       86.96461       2.421583    
   381.2849       87.05051       2.432001    
   386.2799       87.14902       2.457397    
   391.2732       87.26426       2.500178    
   396.2645       87.39491       2.564205    
   401.2549       87.53254       2.654907    
   406.2462       87.66331       2.779495    
   411.2407       87.76619       2.873069    
   416.2387       87.82300       2.943008    
   421.2385       87.83997       2.995045    
   426.2385       87.84176       3.033637    
   431.2385       87.84920       3.062190    
   436.2343       87.91981       3.083270    
   441.2233       88.06612       3.098787    
   446.2118       88.21626       3.110084    
   451.2035       88.34385       3.118121    
   456.1937       88.48203       3.123429    
   461.1783       88.65514       3.126044    
   466.1624       88.83239       3.125830    
   471.1551       88.93765       3.122382    
   476.1545       88.96221       3.115091    
   481.8401       88.96335       3.101593    
   489.3643       88.96335       3.077488    
   507.4286       88.96335       3.006847    
  -33.77417       75.60016       2.421596    
  -15.70986       75.60016       2.618877    
  -8.185690       75.60016       2.693454    
  -2.500000       75.60016       2.741448    
   2.481762       75.70561       2.775789    
   7.434425       75.94414       2.803270    
   12.38829       76.17914       2.825064    
   17.37068       76.29989       2.842296    
   22.36992       76.32921       2.855805    
   27.36889       76.36263       2.866135    
   32.36626       76.41840       2.873779    
   37.36148       76.49427       2.879122    
   42.35468       76.58534       2.882498    
   47.34677       76.68364       2.884144    
   52.33939       76.77846       2.884155    
   57.33461       76.85366       2.882489    
   62.33282       76.89674       2.879102    
   67.33237       76.89812       2.873699    
   72.33087       76.85886       2.865957    
   77.32610       76.78461       2.855438    
   82.31709       76.68029       2.841503    
   87.30524       76.56001       2.823468    
   92.29430       76.44469       2.800545    
   97.28818       76.36131       2.771832    
   102.2866       76.32438       2.736295    
   107.2863       76.30660       2.692949    
   112.2728       76.20528       2.640662    
   117.2255       75.97144       2.578333    
   122.1606       75.69038       2.504208    
   127.1186       75.47135       2.416316    
   132.1048       75.34826       2.355536    
   137.1018       75.29574       2.315249    
   142.1004       75.31212       2.291191    
   147.0855       75.43081       2.280747    
   152.0289       75.68358       2.282363    
   156.9416       76.00915       2.295119    
   161.8866       76.25325       2.318901    
   166.8759       76.34630       2.354190    
   171.8755       76.34855       2.401707    
   176.8751       76.32778       2.462617    
   181.8749       76.31749       2.538259    
   186.8749       76.31712       2.630270    
   191.8749       76.31725       2.740589    
   196.8749       76.31725       2.822484    
   201.8749       76.31725       2.885903    
   206.8749       76.31718       2.936449    
   211.8749       76.31807       2.976536    
   216.8748       76.32654       3.008267    
   221.8745       76.34814       3.033305    
   226.8739       76.37340       3.053102    
   231.8736       76.37450       3.068705    
   236.8703       76.32071       3.081040    
   241.8605       76.21349       3.090819    
   246.8531       76.12872       3.098626    
   251.8497       76.14841       3.104957    
   256.8403       76.25331       3.109997    
   261.8292       76.36942       3.113912    
   266.8226       76.45739       3.116729    
   271.8200       76.51070       3.118546    
   276.8195       76.52757       3.119187    
   281.8193       76.51711       3.118529    
   286.8188       76.49277       3.116329    
   291.8181       76.46204       3.112265    
   296.8170       76.42630       3.105944    
   301.8156       76.38405       3.096902    
   306.8141       76.34336       3.084700    
   311.8136       76.32875       3.068761    
   316.8123       76.30320       3.048442    
   321.7794       76.13609       3.023129    
   326.7076       75.84116       2.991863    
   331.6619       75.74139       2.953337    
   336.6017       75.98050       2.907157    
   341.4941       76.34151       2.852663    
   346.3997       76.67910       2.787981    
   351.3318       76.96486       2.711318    
   356.3008       77.14410       2.620635    
   361.2956       77.21733       2.558519    
   366.2939       77.26270       2.517233    
   371.2916       77.31591       2.493343    
   376.2886       77.37634       2.484966    
   381.2849       77.44391       2.491382    
   386.2799       77.52139       2.513047    
   391.2732       77.61202       2.551461    
   396.2645       77.71479       2.609292    
   401.2549       77.82304       2.690496    
   406.2462       77.92590       2.800478    
   411.2407       78.00681       2.885664    
   416.2387       78.05150       2.951699    
   421.2385       78.06484       3.002903    
   426.2385       78.06626       3.042595    
   431.2385       78.07211       3.073267    
   436.2343       78.12765       3.096886    
   441.2233       78.24273       3.114902    
   446.2118       78.36082       3.128549    
   451.2035       78.46117       3.138558    
   456.1937       78.56985       3.145381    
   461.1783       78.70601       3.149297    
   466.1624       78.84543       3.150273    
   471.1551       78.92822       3.148181    
   476.1545       78.94754       3.142648    
   481.8401       78.94843       3.131809    
   489.3643       78.94843       3.110820    
   507.4286       78.94843       3.036135    
  -33.77417       56.32260       2.577112    
  -15.70986       56.32260       2.689119    
  -8.185690       56.32260       2.735746    
  -2.500000       56.32260       2.768260    
   2.481762       56.36747       2.793687    
   7.434425       56.46896       2.815633    
   12.38829       56.56895       2.834370    
   17.37068       56.62033       2.850195    
   22.36992       56.63280       2.863302    
   27.36889       56.64702       2.873827    
   32.36626       56.67075       2.881916    
   37.36148       56.70303       2.887735    
   42.35468       56.74178       2.891429    
   47.34677       56.78361       2.893067    
   52.33939       56.82395       2.892649    
   57.33461       56.85595       2.890255    
   62.33282       56.87428       2.885768    
   67.33237       56.87487       2.879120    
   72.33087       56.85816       2.870125    
   77.32610       56.82657       2.858552    
   82.31709       56.78218       2.844157    
   87.30524       56.73100       2.826615    
   92.29430       56.68194       2.805593    
   97.28818       56.64646       2.780716    
   102.2866       56.63075       2.751684    
   107.2863       56.62318       2.718178    
   112.2728       56.58007       2.680077    
   117.2255       56.48058       2.637131    
   122.1606       56.36099       2.589052    
   127.1186       56.26780       2.535509    
   132.1048       56.21542       2.476983    
   137.1018       56.19307       2.432093    
   142.1004       56.20005       2.399963    
   147.0855       56.25055       2.379598    
   152.0289       56.35809       2.370151    
   156.9416       56.49662       2.370569    
   161.8866       56.60048       2.380213    
   166.8759       56.64007       2.398731    
   171.8755       56.64103       2.425861    
   176.8751       56.63219       2.461316    
   181.8749       56.62782       2.504816    
   186.8749       56.62766       2.555771    
   191.8749       56.62771       2.613424    
   196.8749       56.62772       2.676426    
   201.8749       56.62771       2.745106    
   206.8749       56.62769       2.820775    
   211.8749       56.62806       2.883438    
   216.8748       56.63167       2.935106    
   221.8745       56.64086       2.977584    
   226.8739       56.65160       3.012288    
   231.8736       56.65207       3.040563    
   236.8703       56.62919       3.063472    
   241.8605       56.58356       3.081958    
   246.8531       56.54750       3.096802    
   251.8497       56.55588       3.108537    
   256.8403       56.60051       3.117506    
   261.8292       56.64991       3.124051    
   266.8226       56.68734       3.128410    
   271.8200       56.71003       3.130739    
   276.8195       56.71720       3.131118    
   281.8193       56.71275       3.129521    
   286.8188       56.70240       3.125947    
   291.8181       56.68932       3.120289    
   296.8170       56.67411       3.112452    
   301.8156       56.65614       3.102251    
   306.8141       56.63882       3.089434    
   311.8136       56.63261       3.073800    
   316.8123       56.62173       3.055104    
   321.7794       56.55063       3.033198    
   326.7076       56.42514       3.007853    
   331.6619       56.38269       2.978474    
   336.6017       56.48443       2.945539    
   341.4941       56.63803       2.909584    
   346.3997       56.78168       2.870374    
   351.3318       56.90327       2.828066    
   356.3008       56.97953       2.783084    
   361.2956       57.01069       2.736230    
   366.2939       57.02999       2.687241    
   371.2916       57.05263       2.654819    
   376.2886       57.07835       2.637835    
   381.2849       57.10709       2.635390    
   386.2799       57.14006       2.646999    
   391.2732       57.17862       2.672461    
   396.2645       57.22235       2.711754    
   401.2549       57.26841       2.764951    
   406.2462       57.31217       2.831945    
   411.2407       57.34660       2.891069    
   416.2387       57.36561       2.942520    
   421.2385       57.37129       2.986866    
   426.2385       57.37189       3.024727    
   431.2385       57.37438       3.056757    
   436.2343       57.39801       3.083498    
   441.2233       57.44698       3.105523    
   446.2118       57.49723       3.123365    
   451.2035       57.53992       3.137636    
   456.1937       57.58617       3.148669    
   461.1783       57.64410       3.156845    
   466.1624       57.70342       3.162503    
   471.1551       57.73865       3.165935    
   476.1545       57.74687       3.167527    
   481.8401       57.74725       3.167514    
   489.3643       57.74725       3.166267    
   507.4286       57.74725       3.120914    
