        1545
  -33.77417       136.6885       1.583305    
  -15.70986       136.6885       1.561019    
  -8.185690       136.6885       1.524836    
  -2.500000       136.6885       1.308145    
   2.481762       136.9860       1.271968    
   7.434425       137.6588       1.123159    
   12.38829       138.3216       1.026279    
   17.37068       138.6622      0.7923513    
   22.36992       138.7449       1.068003    
   27.36889       138.8391      0.8758457    
   32.36626       138.9964      0.8967470    
   37.36148       139.2104      0.9485589    
   42.35468       139.4673       1.078238    
   47.34677       139.7446       1.156318    
   52.33939       140.0120       1.131755    
   57.33461       140.2241       1.067551    
   62.33282       140.3456      0.9277158    
   67.33237       140.3495       1.035553    
   72.33087       140.2388      0.8891224    
   77.32610       140.0294       1.062786    
   82.31709       139.7351       1.064492    
   87.30524       139.3958       1.178093    
   92.29430       139.0706       1.097385    
   97.28818       138.8354      0.8880262    
   102.2866       138.7312      0.9921603    
   107.2863       138.6811       1.027966    
   112.2728       138.3953       1.099526    
   117.2255       137.7357       1.074706    
   122.1606       136.9430       1.195662    
   127.1186       136.3252       1.189317    
   132.1048       135.9780       1.489502    
   137.1018       135.8299       1.450340    
   142.1004       135.8761       1.283415    
   147.0855       136.2108      0.9719541    
   152.0289       136.9238       1.161909    
   156.9416       137.8421       1.042312    
   161.8866       138.5306       1.084628    
   166.8759       138.7930       1.007747    
   171.8755       138.7994      0.8921591    
   176.8751       138.7408      0.7984574    
   181.8749       138.7118      0.7994498    
   186.8749       138.7108      0.7971441    
   191.8749       138.7111      0.8484632    
   196.8749       138.7112      0.8464008    
   201.8749       138.7111      0.9452553    
   206.8749       138.7109      0.9733776    
   211.8749       138.7134       1.015531    
   216.8748       138.7373       1.022464    
   221.8745       138.7983      0.8304189    
   226.8739       138.8695      0.9744865    
   231.8736       138.8726      0.6655881    
   236.8703       138.7209      0.7847441    
   241.8605       138.4185      0.7125049    
   246.8531       138.1794      0.7078017    
   251.8497       138.2349      0.7928564    
   256.8403       138.5308      0.9384754    
   261.8292       138.8582      0.9120034    
   266.8226       139.1064      0.8700157    
   271.8200       139.2568       1.116978    
   276.8195       139.3043       1.141146    
   281.8193       139.2749       1.130845    
   286.8188       139.2062      0.9128953    
   291.8181       139.1195      0.8595382    
   296.8170       139.0187      0.7991980    
   301.8156       138.8996      0.7152556    
   306.8141       138.7848      0.8250272    
   311.8136       138.7435      0.7747275    
   316.8123       138.6715      0.9113469    
   321.7794       138.2001       1.064574    
   326.7076       137.3683       1.077997    
   331.6619       137.0869       1.134554    
   336.6017       137.7613       1.078922    
   341.4941       138.7795       1.069170    
   346.3997       139.7317       1.186761    
   351.3318       140.5377      0.9542330    
   356.3008       141.0433       1.249318    
   361.2956       141.2499       1.119775    
   366.2939       141.3779      0.8985174    
   371.2916       141.5279      0.8633569    
   376.2886       141.6984      0.9995919    
   381.2849       141.8889       1.057233    
   386.2799       142.1075      0.9695700    
   391.2732       142.3631       1.068998    
   396.2645       142.6530       1.117491    
   401.2549       142.9583      0.9205113    
   406.2462       143.2484      0.7658798    
   411.2407       143.4767      0.7608379    
   416.2387       143.6027      0.8216052    
   421.2385       143.6403      0.7396948    
   426.2385       143.6443      0.8387147    
   431.2385       143.6608      0.8195906    
   436.2343       143.8174       1.065632    
   441.2233       144.1421       1.058087    
   446.2118       144.4751      0.9118916    
   451.2035       144.7582      0.8559607    
   456.1937       145.0647      0.8750799    
   461.1783       145.4488       1.139052    
   466.1624       145.8420       1.239410    
   471.1551       146.0755       1.109207    
   476.1545       146.1300       1.366194    
   481.8401       146.1326       1.682422    
   489.3643       146.1326       1.847922    
   507.4286       146.1326       2.122403    
  -33.77417       134.0858       1.589348    
  -15.70986       134.0858       1.582369    
  -8.185690       134.0858       1.582296    
  -2.500000       134.0858       1.486247    
   2.481762       134.3752       1.456613    
   7.434425       135.0294       1.356032    
   12.38829       135.6740       1.296715    
   17.37068       136.0052       1.264153    
   22.36992       136.0857       1.330932    
   27.36889       136.1774       1.265260    
   32.36626       136.3303       1.283349    
   37.36148       136.5384       1.273138    
   42.35468       136.7882       1.297626    
   47.34677       137.0579       1.382473    
   52.33939       137.3180       1.407421    
   57.33461       137.5242       1.328017    
   62.33282       137.6424       1.307823    
   67.33237       137.6462       1.422511    
   72.33087       137.5385       1.318771    
   77.32610       137.3349       1.382430    
   82.31709       137.0487       1.434625    
   87.30524       136.7188       1.430920    
   92.29430       136.4025       1.441880    
   97.28818       136.1738       1.495486    
   102.2866       136.0724       1.489662    
   107.2863       136.0237       1.328365    
   112.2728       135.7457       1.197578    
   117.2255       135.1043       1.276241    
   122.1606       134.3334       1.372589    
   127.1186       133.7326       1.386754    
   132.1048       133.3949       1.534423    
   137.1018       133.2509       1.483601    
   142.1004       133.2958       1.357639    
   147.0855       133.6214       1.232180    
   152.0289       134.3147       1.332325    
   156.9416       135.2077       1.257087    
   161.8866       135.8773       1.344961    
   166.8759       136.1325       1.264803    
   171.8755       136.1387       1.198090    
   176.8751       136.0817       1.338178    
   181.8749       136.0535       1.320840    
   186.8749       136.0525       1.113055    
   191.8749       136.0529       1.129324    
   196.8749       136.0529       1.076623    
   201.8749       136.0529       1.239745    
   206.8749       136.0527      0.9963182    
   211.8749       136.0551       1.296952    
   216.8748       136.0783       1.125066    
   221.8745       136.1376       1.037548    
   226.8739       136.2069       1.242982    
   231.8736       136.2099       1.075610    
   236.8703       136.0623       1.184161    
   241.8605       135.7682       1.317939    
   246.8531       135.5358       1.359847    
   251.8497       135.5898       1.380055    
   256.8403       135.8775       1.340689    
   261.8292       136.1960       1.391835    
   266.8226       136.4373       1.355846    
   271.8200       136.5835       1.250939    
   276.8195       136.6297       1.235923    
   281.8193       136.6011       1.168562    
   286.8188       136.5343       1.098391    
   291.8181       136.4500       1.199246    
   296.8170       136.3520       1.254834    
   301.8156       136.2361       1.257278    
   306.8141       136.1245       1.250309    
   311.8136       136.0844       1.281524    
   316.8123       136.0143       1.350073    
   321.7794       135.5559       1.353657    
   326.7076       134.7469       1.241213    
   331.6619       134.4733       1.279947    
   336.6017       135.1292       1.343929    
   341.4941       136.1194       1.314673    
   346.3997       137.0454       1.398608    
   351.3318       137.8293       1.252944    
   356.3008       138.3209       1.315222    
   361.2956       138.5218       1.281308    
   366.2939       138.6463       1.198911    
   371.2916       138.7922       1.328354    
   376.2886       138.9579       1.436925    
   381.2849       139.1433       1.334542    
   386.2799       139.3558       1.270273    
   391.2732       139.6044       1.259151    
   396.2645       139.8863       1.241727    
   401.2549       140.1832       1.281590    
   406.2462       140.4654       1.246899    
   411.2407       140.6873       1.202548    
   416.2387       140.8099       1.214693    
   421.2385       140.8465       1.154970    
   426.2385       140.8504       1.103834    
   431.2385       140.8664       1.192432    
   436.2343       141.0188       1.336720    
   441.2233       141.3345       1.247187    
   446.2118       141.6584       1.042970    
   451.2035       141.9337       1.062386    
   456.1937       142.2318       1.136964    
   461.1783       142.6053       1.313316    
   466.1624       142.9877       1.468574    
   471.1551       143.2148       1.489870    
   476.1545       143.2677       1.589400    
   481.8401       143.2702       1.733664    
   489.3643       143.2702       1.874757    
   507.4286       143.2702       2.138156    
  -33.77417       131.3152       1.603786    
  -15.70986       131.3152       1.626272    
  -8.185690       131.3152       1.685165    
  -2.500000       131.3152       1.666744    
   2.481762       131.5958       1.650994    
   7.434425       132.2304       1.602714    
   12.38829       132.8556       1.574239    
   17.37068       133.1768       1.608894    
   22.36992       133.2549       1.646611    
   27.36889       133.3438       1.626357    
   32.36626       133.4921       1.622673    
   37.36148       133.6940       1.569177    
   42.35468       133.9363       1.524949    
   47.34677       134.1978       1.565269    
   52.33939       134.4500       1.631135    
   57.33461       134.6501       1.609226    
   62.33282       134.7647       1.620689    
   67.33237       134.7684       1.714235    
   72.33087       134.6640       1.690687    
   77.32610       134.4664       1.733052    
   82.31709       134.1889       1.769511    
   87.30524       133.8689       1.760085    
   92.29430       133.5621       1.779167    
   97.28818       133.3403       1.812913    
   102.2866       133.2420       1.734151    
   107.2863       133.1947       1.519108    
   112.2728       132.9252       1.356218    
   117.2255       132.3031       1.414082    
   122.1606       131.5553       1.497563    
   127.1186       130.9726       1.530576    
   132.1048       130.6451       1.593745    
   137.1018       130.5054       1.546732    
   142.1004       130.5490       1.468137    
   147.0855       130.8647       1.433037    
   152.0289       131.5372       1.492067    
   156.9416       132.4034       1.474859    
   161.8866       133.0527       1.558155    
   166.8759       133.3003       1.564539    
   171.8755       133.3063       1.601525    
   176.8751       133.2510       1.738124    
   181.8749       133.2236       1.713750    
   186.8749       133.2227       1.527458    
   191.8749       133.2231       1.466452    
   196.8749       133.2231       1.397859    
   201.8749       133.2231       1.447841    
   206.8749       133.2229       1.075624    
   211.8749       133.2252       1.422404    
   216.8748       133.2477       1.327753    
   221.8745       133.3052       1.277528    
   226.8739       133.3724       1.460811    
   231.8736       133.3753       1.411032    
   236.8703       133.2322       1.500564    
   241.8605       132.9470       1.630021    
   246.8531       132.7215       1.688910    
   251.8497       132.7738       1.684161    
   256.8403       133.0529       1.621881    
   261.8292       133.3618       1.624680    
   266.8226       133.5959       1.546893    
   271.8200       133.7377       1.377006    
   276.8195       133.7825       1.292920    
   281.8193       133.7548       1.273310    
   286.8188       133.6900       1.325565    
   291.8181       133.6082       1.496843    
   296.8170       133.5132       1.631303    
   301.8156       133.4008       1.699109    
   306.8141       133.2925       1.711049    
   311.8136       133.2536       1.715332    
   316.8123       133.1856       1.704569    
   321.7794       132.7410       1.641131    
   326.7076       131.9564       1.525399    
   331.6619       131.6910       1.534324    
   336.6017       132.3271       1.589189    
   341.4941       133.2876       1.581769    
   346.3997       134.1857       1.614832    
   351.3318       134.9460       1.515695    
   356.3008       135.4228       1.488783    
   361.2956       135.6176       1.469147    
   366.2939       135.7384       1.493705    
   371.2916       135.8799       1.648406    
   376.2886       136.0407       1.732769    
   381.2849       136.2204       1.630037    
   386.2799       136.4265       1.536206    
   391.2732       136.6677       1.489098    
   396.2645       136.9411       1.508086    
   401.2549       137.2291       1.617856    
   406.2462       137.5027       1.656974    
   411.2407       137.7180       1.636833    
   416.2387       137.8369       1.616809    
   421.2385       137.8724       1.562303    
   426.2385       137.8761       1.516084    
   431.2385       137.8917       1.552578    
   436.2343       138.0394       1.590498    
   441.2233       138.3456       1.482761    
   446.2118       138.6598       1.304117    
   451.2035       138.9268       1.267125    
   456.1937       139.2159       1.306347    
   461.1783       139.5782       1.416424    
   466.1624       139.9491       1.552947    
   471.1551       140.1694       1.634754    
   476.1545       140.2207       1.717223    
   481.8401       140.2231       1.815766    
   489.3643       140.2231       1.932936    
   507.4286       140.2231       2.172653    
  -33.77417       128.3538       1.625161    
  -15.70986       128.3538       1.688486    
  -8.185690       128.3538       1.839262    
  -2.500000       128.3538       1.887352    
   2.481762       128.6251       1.902526    
   7.434425       129.2386       1.897964    
   12.38829       129.8431       1.870334    
   17.37068       130.1537       1.916498    
   22.36992       130.2291       1.954971    
   27.36889       130.3151       1.952232    
   32.36626       130.4585       1.930513    
   37.36148       130.6536       1.863185    
   42.35468       130.8879       1.796328    
   47.34677       131.1408       1.799331    
   52.33939       131.3846       1.887824    
   57.33461       131.5780       1.904940    
   62.33282       131.6889       1.935345    
   67.33237       131.6924       2.006644    
   72.33087       131.5914       2.030560    
   77.32610       131.4005       2.068156    
   82.31709       131.1322       2.092764    
   87.30524       130.8228       2.079118    
   92.29430       130.5262       2.031154    
   97.28818       130.3116       1.993433    
   102.2866       130.2167       1.886950    
   107.2863       130.1709       1.713399    
   112.2728       129.9104       1.592767    
   117.2255       129.3089       1.604937    
   122.1606       128.5859       1.645567    
   127.1186       128.0226       1.663316    
   132.1048       127.7059       1.676913    
   137.1018       127.5708       1.640118    
   142.1004       127.6130       1.599712    
   147.0855       127.9183       1.607903    
   152.0289       128.5684       1.668353    
   156.9416       129.4059       1.713447    
   161.8866       130.0337       1.829443    
   166.8759       130.2731       1.930718    
   171.8755       130.2789       2.012886    
   176.8751       130.2254       2.108355    
   181.8749       130.1989       2.087811    
   186.8749       130.1980       1.957348    
   191.8749       130.1983       1.856618    
   196.8749       130.1983       1.780367    
   201.8749       130.1983       1.718092    
   206.8749       130.1982       1.419522    
   211.8749       130.2005       1.620504    
   216.8748       130.2222       1.613535    
   221.8745       130.2778       1.600743    
   226.8739       130.3428       1.704668    
   231.8736       130.3456       1.692063    
   236.8703       130.2072       1.725809    
   241.8605       129.9314       1.789373    
   246.8531       129.7134       1.823633    
   251.8497       129.7641       1.811947    
   256.8403       130.0339       1.757780    
   261.8292       130.3325       1.731913    
   266.8226       130.5588       1.665108    
   271.8200       130.6960       1.567463    
   276.8195       130.7393       1.536361    
   281.8193       130.7124       1.564356    
   286.8188       130.6498       1.671986    
   291.8181       130.5708       1.848858    
   296.8170       130.4788       2.002122    
   301.8156       130.3701       2.092584    
   306.8141       130.2655       2.116095    
   311.8136       130.2279       2.100765    
   316.8123       130.1622       2.050239    
   321.7794       129.7323       1.956028    
   326.7076       128.9738       1.848686    
   331.6619       128.7171       1.826703    
   336.6017       129.3322       1.845158    
   341.4941       130.2607       1.838083    
   346.3997       131.1291       1.833975    
   351.3318       131.8641       1.762328    
   356.3008       132.3251       1.715195    
   361.2956       132.5135       1.699865    
   366.2939       132.6302       1.753641    
   371.2916       132.7671       1.881825    
   376.2886       132.9225       1.951625    
   381.2849       133.0963       1.895852    
   386.2799       133.2955       1.826654    
   391.2732       133.5287       1.793910    
   396.2645       133.7930       1.842035    
   401.2549       134.0715       1.954976    
   406.2462       134.3360       2.021012    
   411.2407       134.5442       2.026587    
   416.2387       134.6591       2.004180    
   421.2385       134.6935       1.956047    
   426.2385       134.6971       1.909191    
   431.2385       134.7121       1.891137    
   436.2343       134.8550       1.859783    
   441.2233       135.1510       1.752389    
   446.2118       135.4547       1.609036    
   451.2035       135.7129       1.539168    
   456.1937       135.9924       1.537886    
   461.1783       136.3427       1.598621    
   466.1624       136.7012       1.696194    
   471.1551       136.9142       1.779451    
   476.1545       136.9639       1.851522    
   481.8401       136.9662       1.929562    
   489.3643       136.9662       2.026668    
   507.4286       136.9662       2.228062    
  -33.77417       125.1739       1.655509    
  -15.70986       125.1739       1.762564    
  -8.185690       125.1739       1.972216    
  -2.500000       125.1739       2.064558    
   2.481762       125.4352       2.110260    
   7.434425       126.0261       2.140503    
   12.38829       126.6083       2.164094    
   17.37068       126.9075       2.212846    
   22.36992       126.9801       2.249748    
   27.36889       127.0629       2.252252    
   32.36626       127.2010       2.223949    
   37.36148       127.3890       2.159387    
   42.35468       127.6146       2.091867    
   47.34677       127.8582       2.069131    
   52.33939       128.0931       2.101024    
   57.33461       128.2793       2.121282    
   62.33282       128.3861       2.154287    
   67.33237       128.3895       2.208675    
   72.33087       128.2923       2.247166    
   77.32610       128.1083       2.281278    
   82.31709       127.8499       2.298252    
   87.30524       127.5519       2.284495    
   92.29430       127.2662       2.236553    
   97.28818       127.0596       2.142447    
   102.2866       126.9681       2.034872    
   107.2863       126.9241       1.910273    
   112.2728       126.6731       1.823926    
   117.2255       126.0938       1.807530    
   122.1606       125.3975       1.811322    
   127.1186       124.8549       1.805615    
   132.1048       124.5499       1.792634    
   137.1018       124.4198       1.764279    
   142.1004       124.4603       1.748480    
   147.0855       124.7544       1.777832    
   152.0289       125.3806       1.849879    
   156.9416       126.1872       1.932213    
   161.8866       126.7919       2.093326    
   166.8759       127.0225       2.288658    
   171.8755       127.0280       2.404367    
   176.8751       126.9765       2.482273    
   181.8749       126.9510       2.474413    
   186.8749       126.9501       2.384650    
   191.8749       126.9505       2.244851    
   196.8749       126.9505       2.154907    
   201.8749       126.9505       2.047699    
   206.8749       126.9503       1.833742    
   211.8749       126.9525       1.896301    
   216.8748       126.9735       1.914034    
   221.8745       127.0270       1.917817    
   226.8739       127.0896       1.956456    
   231.8736       127.0923       1.939976    
   236.8703       126.9591       1.932487    
   241.8605       126.6934       1.943144    
   246.8531       126.4834       1.949274    
   251.8497       126.5322       1.937077    
   256.8403       126.7921       1.907403    
   261.8292       127.0797       1.887493    
   266.8226       127.2977       1.862695    
   271.8200       127.4297       1.847973    
   276.8195       127.4715       1.906364    
   281.8193       127.4456       1.934021    
   286.8188       127.3853       2.049717    
   291.8181       127.3092       2.207399    
   296.8170       127.2206       2.348392    
   301.8156       127.1160       2.434262    
   306.8141       127.0152       2.449010    
   311.8136       126.9790       2.419326    
   316.8123       126.9157       2.351996    
   321.7794       126.5017       2.248877    
   326.7076       125.7710       2.145128    
   331.6619       125.5238       2.097666    
   336.6017       126.1162       2.083321    
   341.4941       127.0106       2.062649    
   346.3997       127.8469       2.034300    
   351.3318       128.5549       1.976724    
   356.3008       128.9989       1.931644    
   361.2956       129.1804       1.918729    
   366.2939       129.2928       1.966016    
   371.2916       129.4245       2.060929    
   376.2886       129.5742       2.123013    
   381.2849       129.7417       2.113068    
   386.2799       129.9336       2.101596    
   391.2732       130.1582       2.102959    
   396.2645       130.4128       2.164450    
   401.2549       130.6809       2.269366    
   406.2462       130.9357       2.340847    
   411.2407       131.1362       2.365428    
   416.2387       131.2469       2.351414    
   421.2385       131.2800       2.310588    
   426.2385       131.2835       2.260814    
   431.2385       131.2979       2.213185    
   436.2343       131.4355       2.150223    
   441.2233       131.7207       2.049986    
   446.2118       132.0132       1.935230    
   451.2035       132.2618       1.860826    
   456.1937       132.5311       1.836939    
   461.1783       132.8684       1.862693    
   466.1624       133.2138       1.920911    
   471.1551       133.4189       1.983301    
   476.1545       133.4668       2.037564    
   481.8401       133.4690       2.093268    
   489.3643       133.4690       2.163680    
   507.4286       133.4690       2.306429    
  -33.77417       121.7413       1.694645    
  -15.70986       121.7413       1.844008    
  -8.185690       121.7413       2.087132    
  -2.500000       121.7413       2.206926    
   2.481762       121.9919       2.274626    
   7.434425       122.5584       2.325984    
   12.38829       123.1165       2.371171    
   17.37068       123.4034       2.418591    
   22.36992       123.4730       2.450996    
   27.36889       123.5524       2.453830    
   32.36626       123.6848       2.426030    
   37.36148       123.8650       2.369954    
   42.35468       124.0813       2.308668    
   47.34677       124.3148       2.272309    
   52.33939       124.5400       2.269959    
   57.33461       124.7186       2.278765    
   62.33282       124.8209       2.302960    
   67.33237       124.8242       2.341322    
   72.33087       124.7309       2.376243    
   77.32610       124.5546       2.403798    
   82.31709       124.3068       2.415070    
   87.30524       124.0211       2.401260    
   92.29430       123.7473       2.353666    
   97.28818       123.5492       2.252364    
   102.2866       123.4615       2.153696    
   107.2863       123.4193       2.062522    
   112.2728       123.1786       1.996805    
   117.2255       122.6232       1.965276    
   122.1606       121.9557       1.945517    
   127.1186       121.4355       1.922894    
   132.1048       121.1431       1.898350    
   137.1018       121.0183       1.876564    
   142.1004       121.0573       1.875197    
   147.0855       121.3392       1.915631    
   152.0289       121.9395       1.999835    
   156.9416       122.7128       2.123647    
   161.8866       123.2925       2.331206    
   166.8759       123.5135       2.537970    
   171.8755       123.5189       2.679999    
   176.8751       123.4696       2.764084    
   181.8749       123.4451       2.776336    
   186.8749       123.4443       2.723671    
   191.8749       123.4446       2.630555    
   196.8749       123.4446       2.541698    
   201.8749       123.4446       2.427462    
   206.8749       123.4444       2.237580    
   211.8749       123.4465       2.220392    
   216.8748       123.4666       2.224492    
   221.8745       123.5179       2.224414    
   226.8739       123.5779       2.226368    
   231.8736       123.5806       2.200526    
   236.8703       123.4528       2.173575    
   241.8605       123.1981       2.158373    
   246.8531       122.9968       2.149771    
   251.8497       123.0435       2.145154    
   256.8403       123.2927       2.173655    
   261.8292       123.5684       2.176567    
   266.8226       123.7774       2.182803    
   271.8200       123.9041       2.206111    
   276.8195       123.9441       2.262843    
   281.8193       123.9193       2.332206    
   286.8188       123.8614       2.443884    
   291.8181       123.7885       2.577069    
   296.8170       123.7036       2.694764    
   301.8156       123.6032       2.762450    
   306.8141       123.5066       2.744464    
   311.8136       123.4719       2.696491    
   316.8123       123.4112       2.619886    
   321.7794       123.0143       2.514194    
   326.7076       122.3138       2.411488    
   331.6619       122.0768       2.345835    
   336.6017       122.6448       2.305956    
   341.4941       123.5022       2.267837    
   346.3997       124.3040       2.223444    
   351.3318       124.9827       2.169800    
   356.3008       125.4084       2.127898    
   361.2956       125.5824       2.115151    
   366.2939       125.6901       2.148767    
   371.2916       125.8165       2.216396    
   376.2886       125.9600       2.272410    
   381.2849       126.1205       2.292960    
   386.2799       126.3045       2.307535    
   391.2732       126.5198       2.338252    
   396.2645       126.7639       2.410680    
   401.2549       127.0210       2.519799    
   406.2462       127.2653       2.646996    
   411.2407       127.4575       2.695356    
   416.2387       127.5636       2.694755    
   421.2385       127.5953       2.663000    
   426.2385       127.5986       2.614181    
   431.2385       127.6125       2.556131    
   436.2343       127.7445       2.485212    
   441.2233       128.0178       2.396649    
   446.2118       128.2982       2.304339    
   451.2035       128.5366       2.237120    
   456.1937       128.7948       2.204121    
   461.1783       129.1181       2.206982    
   466.1624       129.4493       2.234485    
   471.1551       129.6459       2.271193    
   476.1545       129.6918       2.303360    
   481.8401       129.6939       2.329077    
   489.3643       129.6939       2.357589    
   507.4286       129.6939       2.411450    
  -33.77417       118.0135       1.743533    
  -15.70986       118.0135       1.928549    
  -8.185690       118.0135       2.187014    
  -2.500000       118.0135       2.320951    
   2.481762       118.2522       2.400837    
   7.434425       118.7923       2.462215    
   12.38829       119.3243       2.513614    
   17.37068       119.5977       2.557307    
   22.36992       119.6640       2.584511    
   27.36889       119.7397       2.586262    
   32.36626       119.8660       2.561960    
   37.36148       120.0378       2.515728    
   42.35468       120.2439       2.462673    
   47.34677       120.4665       2.421606    
   52.33939       120.6811       2.400997    
   57.33461       120.8514       2.396147    
   62.33282       120.9489       2.406945    
   67.33237       120.9520       2.429282    
   72.33087       120.8632       2.453127    
   77.32610       120.6951       2.471788    
   82.31709       120.4589       2.478195    
   87.30524       120.1866       2.465919    
   92.29430       119.9255       2.427620    
   97.28818       119.7367       2.355628    
   102.2866       119.6531       2.249724    
   107.2863       119.6129       2.173769    
   112.2728       119.3835       2.118459    
   117.2255       118.8540       2.080431    
   122.1606       118.2177       2.049188    
   127.1186       117.7218       2.018812    
   132.1048       117.4431       1.991870    
   137.1018       117.3242       1.975812    
   142.1004       117.3613       1.982943    
   147.0855       117.6301       2.028703    
   152.0289       118.2023       2.117903    
   156.9416       118.9394       2.252227    
   161.8866       119.4921       2.446412    
   166.8759       119.7027       2.686977    
   171.8755       119.7078       2.856402    
   176.8751       119.6608       2.961468    
   181.8749       119.6375       3.000376    
   186.8749       119.6367       2.981655    
   191.8749       119.6370       2.922761    
   196.8749       119.6370       2.847397    
   201.8749       119.6370       2.751596    
   206.8749       119.6368       2.635264    
   211.8749       119.6388       2.590086    
   216.8748       119.6580       2.574187    
   221.8745       119.7069       2.562848    
   226.8739       119.7641       2.547825    
   231.8736       119.7666       2.519165    
   236.8703       119.6448       2.488976    
   241.8605       119.4020       2.466472    
   246.8531       119.2101       2.451570    
   251.8497       119.2547       2.443304    
   256.8403       119.4922       2.447051    
   261.8292       119.7551       2.455683    
   266.8226       119.9542       2.475691    
   271.8200       120.0750       2.512603    
   276.8195       120.1131       2.571485    
   281.8193       120.0895       2.648445    
   286.8188       120.0343       2.747753    
   291.8181       119.9648       2.856065    
   296.8170       119.8839       2.949080    
   301.8156       119.7882       3.001049    
   306.8141       119.6961       2.991102    
   311.8136       119.6630       2.916451    
   316.8123       119.6051       2.832328    
   321.7794       119.2268       2.721490    
   326.7076       118.5591       2.617000    
   331.6619       118.3332       2.536194    
   336.6017       118.8746       2.475185    
   341.4941       119.6919       2.420054    
   346.3997       120.4562       2.363734    
   351.3318       121.1031       2.308700    
   356.3008       121.5089       2.267132    
   361.2956       121.6748       2.251466    
   366.2939       121.7775       2.271542    
   371.2916       121.8979       2.319023    
   376.2886       122.0348       2.369264    
   381.2849       122.1877       2.407890    
   386.2799       122.3631       2.445908    
   391.2732       122.5684       2.498783    
   396.2645       122.8010       2.581560    
   401.2549       123.0461       2.697039    
   406.2462       123.2790       2.847447    
   411.2407       123.4621       2.916060    
   416.2387       123.5633       2.930619    
   421.2385       123.5935       2.909842    
   426.2385       123.5967       2.866692    
   431.2385       123.6100       2.809615    
   436.2343       123.7357       2.742285    
   441.2233       123.9963       2.666699    
   446.2118       124.2636       2.591654    
   451.2035       124.4909       2.533415    
   456.1937       124.7369       2.497824    
   461.1783       125.0452       2.486213    
   466.1624       125.3608       2.492935    
   471.1551       125.5482       2.508161    
   476.1545       125.5920       2.520054    
   481.8401       125.5940       2.525518    
   489.3643       125.5940       2.525630    
   507.4286       125.5940       2.516044    
  -33.77417       113.9358       1.801822    
  -15.70986       113.9358       2.015810    
  -8.185690       113.9358       2.275242    
  -2.500000       113.9358       2.412661    
   2.481762       114.1617       2.496531    
   7.434425       114.6728       2.560355    
   12.38829       115.1762       2.610460    
   17.37068       115.4350       2.648614    
   22.36992       115.4978       2.670387    
   27.36889       115.5694       2.671292    
   32.36626       115.6889       2.651649    
   37.36148       115.8514       2.614834    
   42.35468       116.0465       2.570463    
   47.34677       116.2571       2.530639    
   52.33939       116.4603       2.502485    
   57.33461       116.6214       2.487446    
   62.33282       116.7137       2.485581    
   67.33237       116.7167       2.493457    
   72.33087       116.6326       2.504839    
   77.32610       116.4735       2.514169    
   82.31709       116.2499       2.516068    
   87.30524       115.9922       2.505306    
   92.29430       115.7452       2.475708    
   97.28818       115.5665       2.420610    
   102.2866       115.4874       2.326549    
   107.2863       115.4493       2.255670    
   112.2728       115.2323       2.203856    
   117.2255       114.7313       2.163784    
   122.1606       114.1291       2.129075    
   127.1186       113.6599       2.097766    
   132.1048       113.3961       2.073292    
   137.1018       113.2836       2.062527    
   142.1004       113.3186       2.074777    
   147.0855       113.5730       2.121709    
   152.0289       114.1145       2.208488    
   156.9416       114.8120       2.337729    
   161.8866       115.3350       2.517088    
   166.8759       115.5344       2.755066    
   171.8755       115.5392       2.946495    
   176.8751       115.4947       3.079010    
   181.8749       115.4726       3.149266    
   186.8749       115.4719       3.164576    
   191.8749       115.4722       3.137964    
   196.8749       115.4722       3.085171    
   201.8749       115.4722       3.013596    
   206.8749       115.4720       2.934961    
   211.8749       115.4739       2.884653    
   216.8748       115.4921       2.855248    
   221.8745       115.5383       2.832896    
   226.8739       115.5924       2.808940    
   231.8736       115.5948       2.779448    
   236.8703       115.4796       2.750312    
   241.8605       115.2498       2.726741    
   246.8531       115.0682       2.709554    
   251.8497       115.1104       2.699072    
   256.8403       115.3352       2.697892    
   261.8292       115.5839       2.707613    
   266.8226       115.7724       2.731025    
   271.8200       115.8866       2.769960    
   276.8195       115.9228       2.825595    
   281.8193       115.9004       2.895885    
   286.8188       115.8482       2.978015    
   291.8181       115.7824       3.061962    
   296.8170       115.7058       3.131420    
   301.8156       115.6153       3.168690    
   306.8141       115.5281       3.161241    
   311.8136       115.4968       3.108860    
   316.8123       115.4420       3.025622    
   321.7794       115.0840       2.895243    
   326.7076       114.4521       2.785544    
   331.6619       114.2384       2.686735    
   336.6017       114.7507       2.605467    
   341.4941       115.5241       2.534328    
   346.3997       116.2474       2.467880    
   351.3318       116.8596       2.408863    
   356.3008       117.2437       2.364820    
   361.2956       117.4006       2.343904    
   366.2939       117.4977       2.351885    
   371.2916       117.6117       2.384235    
   376.2886       117.7412       2.428168    
   381.2849       117.8860       2.475023    
   386.2799       118.0519       2.527863    
   391.2732       118.2462       2.595165    
   396.2645       118.4663       2.686360    
   401.2549       118.6983       2.807690    
   406.2462       118.9186       2.968392    
   411.2407       119.0920       3.052791    
   416.2387       119.1877       3.082699    
   421.2385       119.2163       3.075019    
   426.2385       119.2194       3.042042    
   431.2385       119.2319       2.993167    
   436.2343       119.3509       2.935414    
   441.2233       119.5975       2.873069    
   446.2118       119.8504       2.811641    
   451.2035       120.0655       2.761348    
   456.1937       120.2983       2.726545    
   461.1783       120.5900       2.706849    
   466.1624       120.8887       2.700039    
   471.1551       121.0661       2.700640    
   476.1545       121.1075       2.699082    
   481.8401       121.1095       2.688616    
   489.3643       121.1095       2.668521    
   507.4286       121.1095       2.617150    
  -33.77417       109.4377       1.870214    
  -15.70986       109.4377       2.108938    
  -8.185690       109.4377       2.355260    
  -2.500000       109.4377       2.487452    
   2.481762       109.6495       2.569392    
   7.434425       110.1285       2.630502    
   12.38829       110.6005       2.675987    
   17.37068       110.8431       2.707683    
   22.36992       110.9020       2.724384    
   27.36889       110.9691       2.725118    
   32.36626       111.0811       2.710334    
   37.36148       111.2335       2.681883    
   42.35468       111.4164       2.646108    
   47.34677       111.6138       2.611007    
   52.33939       111.8043       2.582058    
   57.33461       111.9553       2.561815    
   62.33282       112.0418       2.550929    
   67.33237       112.0446       2.547744    
   72.33087       111.9657       2.548597    
   77.32610       111.8166       2.549835    
   82.31709       111.6071       2.547530    
   87.30524       111.3655       2.537514    
   92.29430       111.1339       2.515135    
   97.28818       110.9664       2.475864    
   102.2866       110.8923       2.413817    
   107.2863       110.8566       2.326041    
   112.2728       110.6531       2.270130    
   117.2255       110.1834       2.228466    
   122.1606       109.6189       2.193670    
   127.1186       109.1790       2.164467    
   132.1048       108.9318       2.143891    
   137.1018       108.8263       2.137397    
   142.1004       108.8592       2.152142    
   147.0855       109.0976       2.196758    
   152.0289       109.6052       2.275545    
   156.9416       110.2591       2.390512    
   161.8866       110.7494       2.545229    
   166.8759       110.9363       2.740262    
   171.8755       110.9408       2.957884    
   176.8751       110.8991       3.122129    
   181.8749       110.8784       3.225979    
   186.8749       110.8776       3.276278    
   191.8749       110.8779       3.283405    
   196.8749       110.8779       3.259303    
   201.8749       110.8779       3.214392    
   206.8749       110.8778       3.161288    
   211.8749       110.8796       3.116471    
   216.8748       110.8966       3.082026    
   221.8745       110.9400       3.052663    
   226.8739       110.9907       3.023740    
   231.8736       110.9929       2.993922    
   236.8703       110.8849       2.966286    
   241.8605       110.6695       2.943410    
   246.8531       110.4993       2.926021    
   251.8497       110.5388       2.915305    
   256.8403       110.7495       2.913440    
   261.8292       110.9827       2.922570    
   266.8226       111.1594       2.944379    
   271.8200       111.2665       2.979378    
   276.8195       111.3003       3.026850    
   281.8193       111.2794       3.084205    
   286.8188       111.2305       3.147043    
   291.8181       111.1687       3.207756    
   296.8170       111.0969       3.255545    
   301.8156       111.0121       3.278882    
   306.8141       110.9304       3.269823    
   311.8136       110.9010       3.227353    
   316.8123       110.8497       3.155954    
   321.7794       110.5141       3.057496    
   326.7076       109.9218       2.949765    
   331.6619       109.7214       2.817603    
   336.6017       110.2016       2.711918    
   341.4941       110.9267       2.623783    
   346.3997       111.6047       2.547059    
   351.3318       112.1786       2.482493    
   356.3008       112.5386       2.434148    
   361.2956       112.6857       2.406941    
   366.2939       112.7768       2.404549    
   371.2916       112.8837       2.425020    
   376.2886       113.0050       2.461919    
   381.2849       113.1407       2.510003    
   386.2799       113.2963       2.569260    
   391.2732       113.4784       2.643770    
   396.2645       113.6848       2.739846    
   401.2549       113.9022       2.864594    
   406.2462       114.1088       3.028849    
   411.2407       114.2713       3.124712    
   416.2387       114.3611       3.169050    
   421.2385       114.3878       3.175999    
   426.2385       114.3907       3.156600    
   431.2385       114.4025       3.120319    
   436.2343       114.5140       3.075147    
   441.2233       114.7451       3.026091    
   446.2118       114.9823       2.976656    
   451.2035       115.1839       2.933267    
   456.1937       115.4022       2.900421    
   461.1783       115.6756       2.877881    
   466.1624       115.9556       2.863366    
   471.1551       116.1219       2.853564    
   476.1545       116.1607       2.843304    
   481.8401       116.1625       2.823297    
   489.3643       116.1625       2.790435    
   507.4286       116.1625       2.713627    
  -33.77417       104.4251       1.949733    
  -15.70986       104.4251       2.214962    
  -8.185690       104.4251       2.432373    
  -2.500000       104.4251       2.550445    
   2.481762       104.6212       2.625521    
   7.434425       105.0646       2.681028    
   12.38829       105.5015       2.720508    
   17.37068       105.7260       2.746325    
   22.36992       105.7805       2.759387    
   27.36889       105.8427       2.760345    
   32.36626       105.9463       2.749606    
   37.36148       106.0873       2.728144    
   42.35468       106.2567       2.700130    
   47.34677       106.4394       2.671085    
   52.33939       106.6157       2.645051    
   57.33461       106.7555       2.623950    
   62.33282       106.8356       2.608583    
   67.33237       106.8381       2.598662    
   72.33087       106.7651       2.592410    
   77.32610       106.6271       2.587794    
   82.31709       106.4332       2.582027    
   87.30524       106.2096       2.572013    
   92.29430       105.9952       2.554223    
   97.28818       105.8402       2.524368    
   102.2866       105.7715       2.475124    
   107.2863       105.7385       2.391629    
   112.2728       105.5501       2.331329    
   117.2255       105.1154       2.286089    
   122.1606       104.5929       2.250267    
   127.1186       104.1857       2.222359    
   132.1048       103.9569       2.204285    
   137.1018       103.8593       2.200077    
   142.1004       103.8897       2.214909    
   147.0855       104.1104       2.254639    
   152.0289       104.5803       2.322552    
   156.9416       105.1855       2.420113    
   161.8866       105.6393       2.549637    
   166.8759       105.8122       2.711204    
   171.8755       105.8165       2.898097    
   176.8751       105.7778       3.100778    
   181.8749       105.7587       3.237344    
   186.8749       105.7580       3.321866    
   191.8749       105.7582       3.363404    
   196.8749       105.7583       3.371206    
   201.8749       105.7583       3.354791    
   206.8749       105.7581       3.324754    
   211.8749       105.7598       3.291314    
   216.8748       105.7755       3.259075    
   221.8745       105.8157       3.228020    
   226.8739       105.8626       3.197627    
   231.8736       105.8647       3.168388    
   236.8703       105.7647       3.142190    
   241.8605       105.5654       3.120285    
   246.8531       105.4078       3.103303    
   251.8497       105.4444       3.092626    
   256.8403       105.6394       3.089986    
   261.8292       105.8553       3.096885    
   266.8226       106.0188       3.114307    
   271.8200       106.1179       3.142106    
   276.8195       106.1492       3.178666    
   281.8193       106.1298       3.221019    
   286.8188       106.0846       3.264943    
   291.8181       106.0275       3.304836    
   296.8170       105.9610       3.333741    
   301.8156       105.8824       3.344473    
   306.8141       105.8068       3.331965    
   311.8136       105.7796       3.294795    
   316.8123       105.7321       3.234558    
   321.7794       105.4215       3.154206    
   326.7076       104.8732       3.059061    
   331.6619       104.6877       2.945876    
   336.6017       105.1322       2.809605    
   341.4941       105.8034       2.701037    
   346.3997       106.4309       2.611925    
   351.3318       106.9622       2.540031    
   356.3008       107.2954       2.486205    
   361.2956       107.4315       2.452759    
   366.2939       107.5159       2.441892    
   371.2916       107.6148       2.452819    
   376.2886       107.7271       2.482249    
   381.2849       107.8528       2.526999    
   386.2799       107.9968       2.586215    
   391.2732       108.1653       2.661865    
   396.2645       108.3564       2.758543    
   401.2549       108.5576       2.883118    
   406.2462       108.7488       3.045992    
   411.2407       108.8992       3.149073    
   416.2387       108.9823       3.205779    
   421.2385       109.0071       3.227397    
   426.2385       109.0098       3.223170    
   431.2385       109.0207       3.201473    
   436.2343       109.1239       3.169873    
   441.2233       109.3378       3.133752    
   446.2118       109.5574       3.095939    
   451.2035       109.7439       3.059904    
   456.1937       109.9460       3.029838    
   461.1783       110.1991       3.007069    
   466.1624       110.4583       2.989463    
   471.1551       110.6122       2.973864    
   476.1545       110.6481       2.956966    
   481.8401       110.6497       2.931478    
   489.3643       110.6497       2.893665    
   507.4286       110.6497       2.805135    
  -33.77417       98.76926       2.040647    
  -15.70986       98.76926       2.354540    
  -8.185690       98.76926       2.510433    
  -2.500000       98.76926       2.606389    
   2.481762       98.94752       2.670557    
   7.434425       99.35075       2.718315    
   12.38829       99.74802       2.751516    
   17.37068       99.95215       2.772786    
   22.36992       100.0017       2.783828    
   27.36889       100.0582       2.785156    
   32.36626       100.1525       2.777213    
   37.36148       100.2807       2.761276    
   42.35468       100.4347       2.740083    
   47.34677       100.6009       2.717275    
   52.33939       100.7612       2.695509    
   57.33461       100.8883       2.676130    
   62.33282       100.9611       2.660084    
   67.33237       100.9634       2.647652    
   72.33087       100.8971       2.638136    
   77.32610       100.7716       2.630404    
   82.31709       100.5952       2.622533    
   87.30524       100.3919       2.612405    
   92.29430       100.1970       2.597532    
   97.28818       100.0560       2.574548    
   102.2866       99.99355       2.538496    
   107.2863       99.96349       2.483103    
   112.2728       99.79222       2.404533    
   117.2255       99.39693       2.348140    
   122.1606       98.92178       2.306361    
   127.1186       98.55151       2.275991    
   132.1048       98.34343       2.257130    
   137.1018       98.25465       2.252191    
   142.1004       98.28233       2.264478    
   147.0855       98.48299       2.297559    
   152.0289       98.91029       2.353758    
   156.9416       99.46066       2.434146    
   161.8866       99.87329       2.540675    
   166.8759       100.0306       2.675004    
   171.8755       100.0344       2.838404    
   176.8751       99.99930       3.037904    
   181.8749       99.98188       3.194637    
   186.8749       99.98126       3.308230    
   191.8749       99.98149       3.381955    
   196.8749       99.98150       3.421510    
   201.8749       99.98149       3.434074    
   206.8749       99.98139       3.427683    
   211.8749       99.98287       3.410030    
   216.8748       99.99718       3.386417    
   221.8745       100.0337       3.359713    
   226.8739       100.0764       3.332025    
   231.8736       100.0783       3.305129    
   236.8703       99.98734       3.280653    
   241.8605       99.80609       3.259585    
   246.8531       99.66279       3.242838    
   251.8497       99.69608       3.231744    
   256.8403       99.87341       3.227437    
   261.8292       100.0697       3.230678    
   266.8226       100.2184       3.241895    
   271.8200       100.3085       3.260651    
   276.8195       100.3370       3.285306    
   281.8193       100.3194       3.313102    
   286.8188       100.2782       3.340499    
   291.8181       100.2263       3.363318    
   296.8170       100.1659       3.376985    
   301.8156       100.0944       3.377193    
   306.8141       100.0256       3.360836    
   311.8136       100.0009       3.326638    
   316.8123       99.95772       3.274992    
   321.7794       99.67523       3.207413    
   326.7076       99.17667       3.125695    
   331.6619       99.00801       3.028876    
   336.6017       99.41222       2.914637    
   341.4941       100.0225       2.779554    
   346.3997       100.5932       2.673735    
   351.3318       101.0763       2.591457    
   356.3008       101.3793       2.530459    
   361.2956       101.5031       2.490551    
   366.2939       101.5798       2.472288    
   371.2916       101.6697       2.474889    
   376.2886       101.7719       2.496416    
   381.2849       101.8861       2.534961    
   386.2799       102.0170       2.589830    
   391.2732       102.1703       2.662279    
   396.2645       102.3440       2.755901    
   401.2549       102.5270       2.876830    
   406.2462       102.7009       3.034301    
   411.2407       102.8377       3.140660    
   416.2387       102.9132       3.206711    
   421.2385       102.9358       3.241210    
   426.2385       102.9382       3.251441    
   431.2385       102.9481       3.244167    
   436.2343       103.0419       3.225954    
   441.2233       103.2365       3.202167    
   446.2118       103.4361       3.175842    
   451.2035       103.6058       3.148972    
   456.1937       103.7895       3.123992    
   461.1783       104.0197       3.102287    
   466.1624       104.2553       3.083546    
   471.1551       104.3953       3.065952    
   476.1545       104.4279       3.046468    
   481.8401       104.4295       3.019115    
   489.3643       104.4295       2.979826    
   507.4286       104.4295       2.887922    
  -33.77417       92.28692       2.141915    
  -15.70986       92.28692       2.453335    
  -8.185690       92.28692       2.575841    
  -2.500000       92.28692       2.653217    
   2.481762       92.44483       2.706153    
   7.434425       92.80198       2.745283    
   12.38829       93.15384       2.773132    
   17.37068       93.33465       2.791574    
   22.36992       93.37855       2.801564    
   27.36889       93.42858       2.803610    
   32.36626       93.51208       2.798233    
   37.36148       93.62569       2.786962    
   42.35468       93.76205       2.771767    
   47.34677       93.90923       2.754632    
   52.33939       94.05121       2.737186    
   57.33461       94.16380       2.720845    
   62.33282       94.22831       2.706673    
   67.33237       94.23037       2.694884    
   72.33087       94.17159       2.685069    
   77.32610       94.06042       2.676503    
   82.31709       93.90422       2.667966    
   87.30524       93.72411       2.658038    
   92.29430       93.55146       2.644914    
   97.28818       93.42661       2.626107    
   102.2866       93.37131       2.598420    
   107.2863       93.34469       2.558168    
   112.2728       93.19299       2.501940    
   117.2255       92.84286       2.424745    
   122.1606       92.42202       2.370258    
   127.1186       92.09407       2.332269    
   132.1048       91.90976       2.308575    
   137.1018       91.83113       2.299461    
   142.1004       91.85565       2.306357    
   147.0855       92.03337       2.331074    
   152.0289       92.41184       2.374947    
   156.9416       92.89931       2.438597    
   161.8866       93.26480       2.523490    
   166.8759       93.40413       2.631494    
   171.8755       93.40750       2.764055    
   176.8751       93.37640       2.922074    
   181.8749       93.36098       3.101524    
   186.8749       93.36044       3.241298    
   191.8749       93.36063       3.343544    
   196.8749       93.36064       3.412190    
   201.8749       93.36063       3.452533    
   206.8749       93.36054       3.470551    
   211.8749       93.36186       3.472319    
   216.8748       93.37454       3.462992    
   221.8745       93.40688       3.446574    
   226.8739       93.44470       3.426227    
   231.8736       93.44635       3.404328    
   236.8703       93.36582       3.382676    
   241.8605       93.20527       3.362715    
   246.8531       93.07835       3.345981    
   251.8497       93.10783       3.333868    
   256.8403       93.26490       3.327066    
   261.8292       93.43874       3.325703    
   266.8226       93.57047       3.329776    
   271.8200       93.65030       3.338909    
   276.8195       93.67554       3.352013    
   281.8193       93.65989       3.366996    
   286.8188       93.62345       3.381002    
   291.8181       93.57744       3.390775    
   296.8170       93.52392       3.393089    
   301.8156       93.46066       3.385283    
   306.8141       93.39973       3.365551    
   311.8136       93.37785       3.333016    
   316.8123       93.33959       3.287557    
   321.7794       93.08938       3.229732    
   326.7076       92.64779       3.160124    
   331.6619       92.49840       3.078056    
   336.6017       92.85643       2.982843    
   341.4941       93.39696       2.873099    
   346.3997       93.90244       2.744648    
   351.3318       94.33030       2.647320    
   356.3008       94.59869       2.575858    
   361.2956       94.70834       2.527614    
   366.2939       94.77627       2.501256    
   371.2916       94.85593       2.495292    
   376.2886       94.94642       2.508160    
   381.2849       95.04758       2.538716    
   386.2799       95.16358       2.586745    
   391.2732       95.29931       2.653440    
   396.2645       95.45317       2.741780    
   401.2549       95.61526       2.856836    
   406.2462       95.76926       3.006120    
   411.2407       95.89043       3.112514    
   416.2387       95.95733       3.184467    
   421.2385       95.97731       3.228683    
   426.2385       95.97943       3.250897    
   431.2385       95.98818       3.256494    
   436.2343       96.07135       3.250588    
   441.2233       96.24365       3.237843    
   446.2118       96.42047       3.221782    
   451.2035       96.57073       3.204304    
   456.1937       96.73344       3.186445    
   461.1783       96.93733       3.168788    
   466.1624       97.14609       3.151389    
   471.1551       97.27006       3.133922    
   476.1545       97.29897       3.115297    
   481.8401       97.30029       3.089987    
   489.3643       97.30029       3.051919    
   507.4286       97.30029       2.959222    
  -33.77417       84.70639       2.254493    
  -15.70986       84.70639       2.528694    
  -8.185690       84.70639       2.628081    
  -2.500000       84.70639       2.690570    
   2.481762       84.84047       2.733495    
   7.434425       85.14374       2.765661    
   12.38829       85.44250       2.788927    
   17.37068       85.59602       2.804916    
   22.36992       85.63330       2.813978    
   27.36889       85.67580       2.816673    
   32.36626       85.74669       2.813974    
   37.36148       85.84315       2.806861    
   42.35468       85.95895       2.796682    
   47.34677       86.08392       2.784832    
   52.33939       86.20448       2.772285    
   57.33461       86.30008       2.759971    
   62.33282       86.35486       2.748702    
   67.33237       86.35661       2.738782    
   72.33087       86.30669       2.730067    
   77.32610       86.21230       2.722073    
   82.31709       86.07966       2.713949    
   87.30524       85.92673       2.704592    
   92.29430       85.78013       2.692533    
   97.28818       85.67411       2.675936    
   102.2866       85.62716       2.652836    
   107.2863       85.60456       2.621143    
   112.2728       85.47575       2.578600    
   117.2255       85.17844       2.522109    
   122.1606       84.82110       2.447213    
   127.1186       84.54264       2.395705    
   132.1048       84.38613       2.362764    
   137.1018       84.31937       2.346174    
   142.1004       84.34019       2.345287    
   147.0855       84.49109       2.360357    
   152.0289       84.81246       2.391794    
   156.9416       85.22638       2.439868    
   161.8866       85.53673       2.505511    
   166.8759       85.65503       2.590134    
   171.8755       85.65790       2.694815    
   176.8751       85.63148       2.819989    
   181.8749       85.61840       2.964954    
   186.8749       85.61794       3.128363    
   191.8749       85.61810       3.254929    
   196.8749       85.61810       3.348675    
   201.8749       85.61810       3.414543    
   206.8749       85.61802       3.457174    
   211.8749       85.61914       3.480895    
   216.8748       85.62991       3.489845    
   221.8745       85.65736       3.487864    
   226.8739       85.68948       3.478303    
   231.8736       85.69088       3.463947    
   236.8703       85.62250       3.447109    
   241.8605       85.48617       3.429883    
   246.8531       85.37840       3.414210    
   251.8497       85.40344       3.401490    
   256.8403       85.53680       3.392335    
   261.8292       85.68442       3.386721    
   266.8226       85.79627       3.384443    
   271.8200       85.86406       3.385169    
   276.8195       85.88549       3.388208    
   281.8193       85.87220       3.392169    
   286.8188       85.84126       3.395013    
   291.8181       85.80219       3.394391    
   296.8170       85.75674       3.388094    
   301.8156       85.70303       3.374461    
   306.8141       85.65130       3.352409    
   311.8136       85.63272       3.321283    
   316.8123       85.60023       3.280776    
   321.7794       85.38776       3.231041    
   326.7076       85.01280       3.172209    
   331.6619       84.88596       3.103574    
   336.6017       85.18996       3.025197    
   341.4941       85.64894       2.936669    
   346.3997       86.07815       2.835170    
   351.3318       86.44146       2.718102    
   356.3008       86.66934       2.632551    
   361.2956       86.76245       2.573534    
   366.2939       86.82014       2.537692    
   371.2916       86.88777       2.522604    
   376.2886       86.96461       2.526620    
   381.2849       87.05051       2.548868    
   386.2799       87.14902       2.589293    
   391.2732       87.26426       2.648906    
   396.2645       87.39491       2.730087    
   401.2549       87.53254       2.836781    
   406.2462       87.66331       2.974666    
   411.2407       87.76619       3.077383    
   416.2387       87.82300       3.151314    
   421.2385       87.83997       3.201590    
   426.2385       87.84176       3.232677    
   431.2385       87.84920       3.248745    
   436.2343       87.91981       3.253698    
   441.2233       88.06612       3.251152    
   446.2118       88.21626       3.243906    
   451.2035       88.34385       3.233805    
   456.1937       88.48203       3.222252    
   461.1783       88.65514       3.209727    
   466.1624       88.83239       3.196072    
   471.1551       88.93765       3.181339    
   476.1545       88.96221       3.165056    
   481.8401       88.96335       3.143359    
   489.3643       88.96335       3.109212    
   507.4286       88.96335       3.017019    
  -33.77417       75.60016       2.383809    
  -15.70986       75.60016       2.588897    
  -8.185690       75.60016       2.666350    
  -2.500000       75.60016       2.715708    
   2.481762       75.70561       2.750534    
   7.434425       75.94414       2.777732    
   12.38829       76.17914       2.798002    
   17.37068       76.29989       2.811884    
   22.36992       76.32921       2.820446    
   27.36889       76.36263       2.824025    
   32.36626       76.41840       2.823316    
   37.36148       76.49427       2.819288    
   42.35468       76.58534       2.812850    
   47.34677       76.68364       2.805236    
   52.33939       76.77846       2.797217    
   57.33461       76.85366       2.788964    
   62.33282       76.89674       2.780833    
   67.33237       76.89812       2.773338    
   72.33087       76.85886       2.766589    
   77.32610       76.78461       2.760155    
   82.31709       76.68029       2.753228    
   87.30524       76.56001       2.744842    
   92.29430       76.44469       2.733879    
   97.28818       76.36131       2.719018    
   102.2866       76.32438       2.698941    
   107.2863       76.30660       2.672372    
   112.2728       76.20528       2.638019    
   117.2255       75.97144       2.594189    
   122.1606       75.69038       2.538567    
   127.1186       75.47135       2.468218    
   132.1048       75.34826       2.423229    
   137.1018       75.29574       2.397393    
   142.1004       75.31212       2.387702    
   147.0855       75.43081       2.393069    
   152.0289       75.68358       2.413236    
   156.9416       76.00915       2.448175    
   161.8866       76.25325       2.498349    
   166.8759       76.34630       2.564430    
   171.8755       76.34855       2.646790    
   176.8751       76.32778       2.745577    
   181.8749       76.31749       2.860513    
   186.8749       76.31712       2.991093    
   191.8749       76.31725       3.136647    
   196.8749       76.31725       3.248230    
   201.8749       76.31725       3.334158    
   206.8749       76.31718       3.398753    
   211.8749       76.31807       3.443754    
   216.8748       76.32654       3.471737    
   221.8745       76.34814       3.485818    
   226.8739       76.37340       3.489234    
   231.8736       76.37450       3.485013    
   236.8703       76.32071       3.475802    
   241.8605       76.21349       3.463917    
   246.8531       76.12872       3.451291    
   251.8497       76.14841       3.439337    
   256.8403       76.25331       3.428943    
   261.8292       76.36942       3.420516    
   266.8226       76.45739       3.414143    
   271.8200       76.51070       3.409578    
   276.8195       76.52757       3.406133    
   281.8193       76.51711       3.402647    
   286.8188       76.49277       3.397668    
   291.8181       76.46204       3.389702    
   296.8170       76.42630       3.377434    
   301.8156       76.38405       3.359888    
   306.8141       76.34336       3.336375    
   311.8136       76.32875       3.306342    
   316.8123       76.30320       3.269445    
   321.7794       76.13609       3.225744    
   326.7076       75.84116       3.175249    
   331.6619       75.74139       3.117409    
   336.6017       75.98050       3.052835    
   341.4941       76.34151       2.981795    
   346.3997       76.67910       2.902568    
   351.3318       76.96486       2.813668    
   356.3008       77.14410       2.713406    
   361.2956       77.21733       2.644700    
   366.2939       77.26270       2.600290    
   371.2916       77.31591       2.577129    
   376.2886       77.37634       2.573353    
   381.2849       77.44391       2.587871    
   386.2799       77.52139       2.620247    
   391.2732       77.61202       2.670944    
   396.2645       77.71479       2.741590    
   401.2549       77.82304       2.835044    
   406.2462       77.92590       2.955432    
   411.2407       78.00681       3.048009    
   416.2387       78.05150       3.117693    
   421.2385       78.06484       3.168658    
   426.2385       78.06626       3.204346    
   431.2385       78.07211       3.227687    
   436.2343       78.12765       3.241459    
   441.2233       78.24273       3.248066    
   446.2118       78.36082       3.249302    
   451.2035       78.46117       3.246712    
   456.1937       78.56985       3.241525    
   461.1783       78.70601       3.234557    
   466.1624       78.84543       3.226269    
   471.1551       78.92822       3.216215    
   476.1545       78.94754       3.203560    
   481.8401       78.94843       3.185280    
   489.3643       78.94843       3.155062    
   507.4286       78.94843       3.054245    
  -33.77417       56.32260       2.538475    
  -15.70986       56.32260       2.650704    
  -8.185690       56.32260       2.696848    
  -2.500000       56.32260       2.728092    
   2.481762       56.36747       2.752060    
   7.434425       56.46896       2.772386    
   12.38829       56.56895       2.789194    
   17.37068       56.62033       2.802480    
   22.36992       56.63280       2.812567    
   27.36889       56.64702       2.820327    
   32.36626       56.67075       2.825386    
   37.36148       56.70303       2.827965    
   42.35468       56.74178       2.828668    
   47.34677       56.78361       2.827834    
   52.33939       56.82395       2.826119    
   57.33461       56.85595       2.823675    
   62.33282       56.87428       2.820131    
   67.33237       56.87487       2.815609    
   72.33087       56.85816       2.810585    
   77.32610       56.82657       2.805152    
   82.31709       56.78218       2.798910    
   87.30524       56.73100       2.791281    
   92.29430       56.68194       2.781694    
   97.28818       56.64646       2.769525    
   102.2866       56.63075       2.754025    
   107.2863       56.62318       2.734375    
   112.2728       56.58007       2.709847    
   117.2255       56.48058       2.679836    
   122.1606       56.36099       2.643827    
   127.1186       56.26780       2.601489    
   132.1048       56.21542       2.553207    
   137.1018       56.19307       2.517726    
   142.1004       56.20005       2.494804    
   147.0855       56.25055       2.484520    
   152.0289       56.35809       2.487032    
   156.9416       56.49662       2.502299    
   161.8866       56.60048       2.530496    
   166.8759       56.64007       2.571868    
   171.8755       56.64103       2.626045    
   176.8751       56.63219       2.692251    
   181.8749       56.62782       2.769198    
   186.8749       56.62766       2.854946    
   191.8749       56.62771       2.946944    
   196.8749       56.62772       3.041895    
   201.8749       56.62771       3.138236    
   206.8749       56.62769       3.235795    
   211.8749       56.62806       3.313431    
   216.8748       56.63167       3.372853    
   221.8745       56.64086       3.416219    
   226.8739       56.65160       3.445977    
   231.8736       56.65207       3.464651    
   236.8703       56.62919       3.474639    
   241.8605       56.58356       3.478096    
   246.8531       56.54750       3.476821    
   251.8497       56.55588       3.472180    
   256.8403       56.60051       3.465200    
   261.8292       56.64991       3.456540    
   266.8226       56.68734       3.446525    
   271.8200       56.71003       3.435278    
   276.8195       56.71720       3.422767    
   281.8193       56.71275       3.408824    
   286.8188       56.70240       3.393162    
   291.8181       56.68932       3.375429    
   296.8170       56.67411       3.355261    
   301.8156       56.65614       3.332316    
   306.8141       56.63882       3.306297    
   311.8136       56.63261       3.276975    
   316.8123       56.62173       3.244239    
   321.7794       56.55063       3.208180    
   326.7076       56.42514       3.168732    
   331.6619       56.38269       3.125470    
   336.6017       56.48443       3.079447    
   341.4941       56.63803       3.031658    
   346.3997       56.78168       2.981916    
   351.3318       56.90327       2.930584    
   356.3008       56.97953       2.878272    
   361.2956       57.01069       2.826062    
   366.2939       57.02999       2.773887    
   371.2916       57.05263       2.740529    
   376.2886       57.07835       2.724789    
   381.2849       57.10709       2.725564    
   386.2799       57.14006       2.741922    
   391.2732       57.17862       2.773183    
   396.2645       57.22235       2.818865    
   401.2549       57.26841       2.878477    
   406.2462       57.31217       2.951311    
   411.2407       57.34660       3.015174    
   416.2387       57.36561       3.070005    
   421.2385       57.37129       3.116112    
   426.2385       57.37189       3.154022    
   431.2385       57.37438       3.184640    
   436.2343       57.39801       3.208769    
   441.2233       57.44698       3.226956    
   446.2118       57.49723       3.240185    
   451.2035       57.53992       3.249322    
   456.1937       57.58617       3.254903    
   461.1783       57.64410       3.257722    
   466.1624       57.70342       3.258358    
   471.1551       57.73865       3.257293    
   476.1545       57.74687       3.254806    
   481.8401       57.74725       3.251054    
   489.3643       57.74725       3.246492    
   507.4286       57.74725       3.179023    
