        1545
  -33.77417       136.6885       1.636256    
  -15.70986       136.6885       1.636302    
  -8.185690       136.6885       1.636302    
  -2.500000       136.6885       1.046146    
   2.481762       136.9860       1.046152    
   7.434425       137.6588      0.8666611    
   12.38829       138.3216      0.8209623    
   17.37068       138.6622      0.5765194    
   22.36992       138.7449      0.8139687    
   27.36889       138.8391      0.6469753    
   32.36626       138.9964      0.6680600    
   37.36148       139.2104      0.7129968    
   42.35468       139.4673      0.8227782    
   47.34677       139.7446      0.8888188    
   52.33939       140.0120      0.8819783    
   57.33461       140.2241      0.8269846    
   62.33282       140.3456      0.7153084    
   67.33237       140.3495      0.8419515    
   72.33087       140.2388      0.6987836    
   77.32610       140.0294      0.8566050    
   82.31709       139.7351      0.8591071    
   87.30524       139.3958      0.9632168    
   92.29430       139.0706      0.9155942    
   97.28818       138.8354      0.7512942    
   102.2866       138.7312      0.8262236    
   107.2863       138.6811      0.8181725    
   112.2728       138.3953      0.8801199    
   117.2255       137.7357      0.8821115    
   122.1606       136.9430       1.039576    
   127.1186       136.3252       1.039358    
   132.1048       135.9780       1.544706    
   137.1018       135.8299       1.545496    
   142.1004       135.8761      0.8794193    
   147.0855       136.2108      0.5928054    
   152.0289       136.9238      0.8181377    
   156.9416       137.8421      0.6934016    
   161.8866       138.5306      0.7906865    
   166.8759       138.7930      0.7462518    
   171.8755       138.7994      0.6612923    
   176.8751       138.7408      0.6344466    
   181.8749       138.7118      0.6349157    
   186.8749       138.7108      0.6002309    
   191.8749       138.7111      0.6196888    
   196.8749       138.7112      0.6191262    
   201.8749       138.7111      0.6886308    
   206.8749       138.7109      0.7460912    
   211.8749       138.7134      0.7458662    
   216.8748       138.7373      0.7458764    
   221.8745       138.7983      0.5851677    
   226.8739       138.8695      0.7495989    
   231.8736       138.8726      0.5043690    
   236.8703       138.7209      0.6353706    
   241.8605       138.4185      0.6204984    
   246.8531       138.1794      0.6219540    
   251.8497       138.2349      0.6975422    
   256.8403       138.5308      0.8041238    
   261.8292       138.8582      0.7931029    
   266.8226       139.1064      0.7265926    
   271.8200       139.2568      0.9131559    
   276.8195       139.3043      0.9133341    
   281.8193       139.2749      0.9131978    
   286.8188       139.2062      0.6193201    
   291.8181       139.1195      0.6191535    
   296.8170       139.0187      0.5835701    
   301.8156       138.8996      0.5204629    
   306.8141       138.7848      0.6172156    
   311.8136       138.7435      0.5693699    
   316.8123       138.6715      0.6842542    
   321.7794       138.2001      0.7989742    
   326.7076       137.3683      0.7985824    
   331.6619       137.0869      0.8696929    
   336.6017       137.7613      0.8385224    
   341.4941       138.7795      0.6961517    
   346.3997       139.7317      0.9906763    
   351.3318       140.5377      0.6884066    
   356.3008       141.0433      0.9898401    
   361.2956       141.2499      0.8971490    
   366.2939       141.3779      0.6784152    
   371.2916       141.5279      0.6700032    
   376.2886       141.6984      0.8010703    
   381.2849       141.8889      0.8305687    
   386.2799       142.1075      0.7691626    
   391.2732       142.3631      0.8533596    
   396.2645       142.6530      0.8535891    
   401.2549       142.9583      0.6682987    
   406.2462       143.2484      0.5564259    
   411.2407       143.4767      0.5557334    
   416.2387       143.6027      0.6056653    
   421.2385       143.6403      0.5167350    
   426.2385       143.6443      0.5908166    
   431.2385       143.6608      0.5865982    
   436.2343       143.8174      0.8091287    
   441.2233       144.1421      0.7957772    
   446.2118       144.4751      0.5977249    
   451.2035       144.7582      0.5094948    
   456.1937       145.0647      0.6320152    
   461.1783       145.4488      0.8916839    
   466.1624       145.8420      0.8916010    
   471.1551       146.0755      0.8140155    
   476.1545       146.1300      0.8140242    
   481.8401       146.1326       1.959035    
   489.3643       146.1326       1.959056    
   507.4286       146.1326       1.959111    
  -33.77417       134.0858       1.636259    
  -15.70986       134.0858       1.636323    
  -8.185690       134.0858       1.636359    
  -2.500000       134.0858       1.636452    
   2.481762       134.3752       1.636487    
   7.434425       135.0294       1.751358    
   12.38829       135.6740       1.751364    
   17.37068       136.0052       1.751387    
   22.36992       136.0857       2.252249    
   27.36889       136.1774       2.252252    
   32.36626       136.3303       2.252141    
   37.36148       136.5384       1.747573    
   42.35468       136.7882       1.747540    
   47.34677       137.0579       1.988187    
   52.33939       137.3180       1.988183    
   57.33461       137.5242       1.985582    
   62.33282       137.6424       1.985574    
   67.33237       137.6462       2.127358    
   72.33087       137.5385       2.128016    
   77.32610       137.3349       2.128024    
   82.31709       137.0487       2.127300    
   87.30524       136.7188       2.127189    
   92.29430       136.4025       2.127088    
   97.28818       136.1738       3.409150    
   102.2866       136.0724       3.409154    
   107.2863       136.0237       1.701388    
   112.2728       135.7457       1.369606    
   117.2255       135.1043       1.553535    
   122.1606       134.3334       1.553533    
   127.1186       133.7326       1.553465    
   132.1048       133.3949       1.545062    
   137.1018       133.2509       1.545502    
   142.1004       133.2958       1.544198    
   147.0855       133.6214       1.552287    
   152.0289       134.3147       2.028009    
   156.9416       135.2077       2.028008    
   161.8866       135.8773       2.030813    
   166.8759       136.1325       1.955854    
   171.8755       136.1387       1.955863    
   176.8751       136.0817       2.151093    
   181.8749       136.0535       2.151093    
   186.8749       136.0525       1.843675    
   191.8749       136.0529       1.843698    
   196.8749       136.0529       1.333303    
   201.8749       136.0529       1.881166    
   206.8749       136.0527      0.8989584    
   211.8749       136.0551       1.928259    
   216.8748       136.0783       1.446224    
   221.8745       136.1376       1.446261    
   226.8739       136.2069       1.936335    
   231.8736       136.2099       1.212882    
   236.8703       136.0623       1.913770    
   241.8605       135.7682       2.014226    
   246.8531       135.5358       2.014256    
   251.8497       135.5898       2.015556    
   256.8403       135.8775       2.015543    
   261.8292       136.1960       1.760339    
   266.8226       136.4373       1.760376    
   271.8200       136.5835       1.505608    
   276.8195       136.6297       1.505578    
   281.8193       136.6011       1.091983    
   286.8188       136.5343       1.742096    
   291.8181       136.4500       1.738820    
   296.8170       136.3520       2.889115    
   301.8156       136.2361       2.889138    
   306.8141       136.1245       2.889161    
   311.8136       136.0844       2.889174    
   316.8123       136.0143       2.096667    
   321.7794       135.5559       2.096640    
   326.7076       134.7469       1.867715    
   331.6619       134.4733       1.867725    
   336.6017       135.1292       1.867728    
   341.4941       136.1194       1.786041    
   346.3997       137.0454       1.996537    
   351.3318       137.8293       1.996592    
   356.3008       138.3209       1.549380    
   361.2956       138.5218       1.549394    
   366.2939       138.6463       1.602625    
   371.2916       138.7922       2.881810    
   376.2886       138.9579       2.881780    
   381.2849       139.1433       2.164522    
   386.2799       139.3558       1.583760    
   391.2732       139.6044       1.583739    
   396.2645       139.8863       1.584711    
   401.2549       140.1832       2.600715    
   406.2462       140.4654       2.600676    
   411.2407       140.6873       2.591384    
   416.2387       140.8099       2.591350    
   421.2385       140.8465       2.416011    
   426.2385       140.8504       2.068105    
   431.2385       140.8664       2.068038    
   436.2343       141.0188       2.068034    
   441.2233       141.3345       1.534369    
   446.2118       141.6584       1.535110    
   451.2035       141.9337       1.535054    
   456.1937       142.2318       1.534989    
   461.1783       142.6053       1.534970    
   466.1624       142.9877       1.955654    
   471.1551       143.2148       1.959096    
   476.1545       143.2677       1.959064    
   481.8401       143.2702       1.959041    
   489.3643       143.2702       1.959054    
   507.4286       143.2702       1.959116    
  -33.77417       131.3152       1.636271    
  -15.70986       131.3152       1.636324    
  -8.185690       131.3152       1.751576    
  -2.500000       131.3152       1.751592    
   2.481762       131.5958       1.751590    
   7.434425       132.2304       1.751374    
   12.38829       132.8556       1.751373    
   17.37068       133.1768       2.251122    
   22.36992       133.2549       2.251132    
   27.36889       133.3438       2.251135    
   32.36626       133.4921       2.251143    
   37.36148       133.6940       2.032304    
   42.35468       133.9363       1.747543    
   47.34677       134.1978       1.820598    
   52.33939       134.4500       1.988165    
   57.33461       134.6501       1.988110    
   62.33282       134.7647       1.988111    
   67.33237       134.7684       2.127365    
   72.33087       134.6640       2.127955    
   77.32610       134.4664       2.127976    
   82.31709       134.1889       2.127305    
   87.30524       133.8689       2.127190    
   92.29430       133.5621       2.127090    
   97.28818       133.3403       1.947320    
   102.2866       133.2420       1.702344    
   107.2863       133.1947       1.701380    
   112.2728       132.9252       1.553945    
   117.2255       132.3031       1.553910    
   122.1606       131.5553       1.553878    
   127.1186       130.9726       1.553818    
   132.1048       130.6451       1.553784    
   137.1018       130.5054       1.553409    
   142.1004       130.5490       1.553414    
   147.0855       130.8647       1.553417    
   152.0289       131.5372       2.137829    
   156.9416       132.4034       2.137820    
   161.8866       133.0527       2.030820    
   166.8759       133.3003       2.030810    
   171.8755       133.3063       2.030805    
   176.8751       133.2510       2.305463    
   181.8749       133.2236       2.305464    
   186.8749       133.2227       1.843667    
   191.8749       133.2231       1.843708    
   196.8749       133.2231       1.843728    
   201.8749       133.2231       1.881158    
   206.8749       133.2229      0.8989577    
   211.8749       133.2252       1.933656    
   216.8748       133.2477       1.444424    
   221.8745       133.3052       1.444440    
   226.8739       133.3724       1.936326    
   231.8736       133.3753       1.760213    
   236.8703       133.2322       1.760221    
   241.8605       132.9470       1.759742    
   246.8531       132.7215       1.760294    
   251.8497       132.7738       1.760300    
   256.8403       133.0529       1.760317    
   261.8292       133.3618       1.760330    
   266.8226       133.5959       1.760358    
   271.8200       133.7377       1.505856    
   276.8195       133.7825       1.505571    
   281.8193       133.7548       1.505578    
   286.8188       133.6900       1.741024    
   291.8181       133.6082       1.741014    
   296.8170       133.5132       2.900129    
   301.8156       133.4008       2.889247    
   306.8141       133.2925       2.889255    
   311.8136       133.2536       2.889260    
   316.8123       133.1856       2.903636    
   321.7794       132.7410       2.096511    
   326.7076       131.9564       1.996564    
   331.6619       131.6910       1.996558    
   336.6017       132.3271       1.996562    
   341.4941       133.2876       1.996609    
   346.3997       134.1857       1.996646    
   351.3318       134.9460       1.996989    
   356.3008       135.4228       1.545346    
   361.2956       135.6176       1.545398    
   366.2939       135.7384       1.545438    
   371.2916       135.8799       2.168513    
   376.2886       136.0407       2.168510    
   381.2849       136.2204       2.164527    
   386.2799       136.4265       1.585845    
   391.2732       136.6677       1.584731    
   396.2645       136.9411       1.584728    
   401.2549       137.2291       2.600712    
   406.2462       137.5027       2.600656    
   411.2407       137.7180       2.592052    
   416.2387       137.8369       2.591345    
   421.2385       137.8724       2.416015    
   426.2385       137.8761       2.071150    
   431.2385       137.8917       2.071148    
   436.2343       138.0394       2.071128    
   441.2233       138.3456       2.006973    
   446.2118       138.6598       1.535102    
   451.2035       138.9268       1.535049    
   456.1937       139.2159       1.534993    
   461.1783       139.5782       1.534963    
   466.1624       139.9491       1.955655    
   471.1551       140.1694       1.959093    
   476.1545       140.2207       1.959064    
   481.8401       140.2231       1.959058    
   489.3643       140.2231       1.959077    
   507.4286       140.2231       1.959125    
  -33.77417       128.3538       1.636304    
  -15.70986       128.3538       1.636342    
  -8.185690       128.3538       1.768664    
  -2.500000       128.3538       1.948273    
   2.481762       128.6251       1.969256    
   7.434425       129.2386       1.969270    
   12.38829       129.8431       1.969279    
   17.37068       130.1537       2.371634    
   22.36992       130.2291       2.371635    
   27.36889       130.3151       2.371641    
   32.36626       130.4585       2.371650    
   37.36148       130.6536       2.382565    
   42.35468       130.8879       1.980688    
   47.34677       131.1408       1.980685    
   52.33939       131.3846       1.988166    
   57.33461       131.5780       1.988123    
   62.33282       131.6889       1.988102    
   67.33237       131.6924       2.154195    
   72.33087       131.5914       2.154203    
   77.32610       131.4005       2.154203    
   82.31709       131.1322       2.154205    
   87.30524       130.8228       2.154192    
   92.29430       130.5262       2.096895    
   97.28818       130.3116       1.947329    
   102.2866       130.2167       1.702342    
   107.2863       130.1709       1.699120    
   112.2728       129.9104       1.556483    
   117.2255       129.3089       1.556449    
   122.1606       128.5859       1.556383    
   127.1186       128.0226       1.556287    
   132.1048       127.7059       1.556205    
   137.1018       127.5708       1.556144    
   142.1004       127.6130       1.556111    
   147.0855       127.9183       1.556122    
   152.0289       128.5684       2.140202    
   156.9416       129.4059       2.140191    
   161.8866       130.0337       2.306402    
   166.8759       130.2731       2.305613    
   171.8755       130.2789       2.305611    
   176.8751       130.2254       2.305501    
   181.8749       130.1989       2.305469    
   186.8749       130.1980       2.192971    
   191.8749       130.1983       2.192962    
   196.8749       130.1983       2.192964    
   201.8749       130.1983       2.192950    
   206.8749       130.1982       1.933695    
   211.8749       130.2005       1.933658    
   216.8748       130.2222       1.933541    
   221.8745       130.2778       1.933506    
   226.8739       130.3428       1.936296    
   231.8736       130.3456       1.759816    
   236.8703       130.2072       1.759743    
   241.8605       129.9314       1.759685    
   246.8531       129.7134       1.759638    
   251.8497       129.7641       1.757733    
   256.8403       130.0339       1.757703    
   261.8292       130.3325       1.757649    
   266.8226       130.5588       1.757610    
   271.8200       130.6960       1.503618    
   276.8195       130.7393       1.503594    
   281.8193       130.7124       1.503595    
   286.8188       130.6498       2.108127    
   291.8181       130.5708       2.926095    
   296.8170       130.4788       2.998959    
   301.8156       130.3701       3.006039    
   306.8141       130.2655       3.006029    
   311.8136       130.2279       3.006011    
   316.8123       130.1622       2.903678    
   321.7794       129.7323       2.096485    
   326.7076       128.9738       1.996565    
   331.6619       128.7171       1.996553    
   336.6017       129.3322       1.996543    
   341.4941       130.2607       1.996566    
   346.3997       131.1291       1.996616    
   351.3318       131.8641       1.997007    
   356.3008       132.3251       1.545348    
   361.2956       132.5135       1.545413    
   366.2939       132.6302       1.545451    
   371.2916       132.7671       2.164456    
   376.2886       132.9225       2.164496    
   381.2849       133.0963       2.164546    
   386.2799       133.2955       1.609297    
   391.2732       133.5287       1.609402    
   396.2645       133.7930       1.609413    
   401.2549       134.0715       2.600701    
   406.2462       134.3360       2.600387    
   411.2407       134.5442       2.600276    
   416.2387       134.6591       2.600238    
   421.2385       134.6935       2.600574    
   426.2385       134.6971       2.600580    
   431.2385       134.7121       2.600591    
   436.2343       134.8550       2.600605    
   441.2233       135.1510       2.546033    
   446.2118       135.4547       1.613849    
   451.2035       135.7129       1.612936    
   456.1937       135.9924       1.612888    
   461.1783       136.3427       1.612850    
   466.1624       136.7012       1.955958    
   471.1551       136.9142       1.959088    
   476.1545       136.9639       1.959170    
   481.8401       136.9662       1.959171    
   489.3643       136.9662       1.959158    
   507.4286       136.9662       1.959149    
  -33.77417       125.1739       1.636447    
  -15.70986       125.1739       1.636473    
  -8.185690       125.1739       1.768747    
  -2.500000       125.1739       2.315073    
   2.481762       125.4352       2.629600    
   7.434425       126.0261       2.637851    
   12.38829       126.6083       2.640187    
   17.37068       126.9075       2.631483    
   22.36992       126.9801       2.631484    
   27.36889       127.0629       2.631488    
   32.36626       127.2010       2.631490    
   37.36148       127.3890       2.640337    
   42.35468       127.6146       1.988173    
   47.34677       127.8582       1.988210    
   52.33939       128.0931       1.988470    
   57.33461       128.2793       1.988536    
   62.33282       128.3861       1.988573    
   67.33237       128.3895       2.164010    
   72.33087       128.2923       2.163880    
   77.32610       128.1083       2.163867    
   82.31709       127.8499       2.163861    
   87.30524       127.5519       2.163856    
   92.29430       127.2662       2.158987    
   97.28818       127.0596       1.947295    
   102.2866       126.9681       1.703083    
   107.2863       126.9241       1.703082    
   112.2728       126.6731       1.703092    
   117.2255       126.0938       1.703116    
   122.1606       125.3975       1.703131    
   127.1186       124.8549       1.703118    
   132.1048       124.5499       1.703114    
   137.1018       124.4198       1.703136    
   142.1004       124.4603       1.703145    
   147.0855       124.7544       1.702971    
   152.0289       125.3806       2.140211    
   156.9416       126.1872       2.159204    
   161.8866       126.7919       2.426824    
   166.8759       127.0225       2.745427    
   171.8755       127.0280       2.745435    
   176.8751       126.9765       2.745440    
   181.8749       126.9510       2.745449    
   186.8749       126.9501       2.718706    
   191.8749       126.9505       2.439648    
   196.8749       126.9505       2.439656    
   201.8749       126.9505       2.439649    
   206.8749       126.9503       1.933697    
   211.8749       126.9525       1.933660    
   216.8748       126.9735       1.933545    
   221.8745       127.0270       1.933507    
   226.8739       127.0896       1.933549    
   231.8736       127.0923       1.759831    
   236.8703       126.9591       1.759766    
   241.8605       126.6934       1.759699    
   246.8531       126.4834       1.759642    
   251.8497       126.5322       1.757718    
   256.8403       126.7921       1.757693    
   261.8292       127.0797       1.755094    
   266.8226       127.2977       1.754322    
   271.8200       127.4297       1.754230    
   276.8195       127.4715       1.754162    
   281.8193       127.4456       1.754167    
   286.8188       127.3853       2.108126    
   291.8181       127.3092       2.995945    
   296.8170       127.2206       3.203002    
   301.8156       127.1160       3.202988    
   306.8141       127.0152       3.202984    
   311.8136       126.9790       3.202972    
   316.8123       126.9157       3.157255    
   321.7794       126.5017       2.147020    
   326.7076       125.7710       1.997395    
   331.6619       125.5238       1.997445    
   336.6017       126.1162       1.997402    
   341.4941       127.0106       1.997386    
   346.3997       127.8469       1.997410    
   351.3318       128.5549       1.996658    
   356.3008       128.9989       1.995808    
   361.2956       129.1804       1.995790    
   366.2939       129.2928       1.995791    
   371.2916       129.4245       2.164457    
   376.2886       129.5742       2.164615    
   381.2849       129.7417       2.164647    
   386.2799       129.9336       2.164724    
   391.2732       130.1582       2.164754    
   396.2645       130.4128       2.166053    
   401.2549       130.6809       2.777994    
   406.2462       130.9357       3.068696    
   411.2407       131.1362       3.068706    
   416.2387       131.2469       3.068723    
   421.2385       131.2800       3.068726    
   426.2385       131.2835       3.068707    
   431.2385       131.2979       3.068672    
   436.2343       131.4355       3.066560    
   441.2233       131.7207       2.853498    
   446.2118       132.0132       1.968079    
   451.2035       132.2618       1.959491    
   456.1937       132.5311       1.959503    
   461.1783       132.8684       1.959528    
   466.1624       133.2138       1.959563    
   471.1551       133.4189       1.959751    
   476.1545       133.4668       1.959963    
   481.8401       133.4690       1.960219    
   489.3643       133.4690       1.960281    
   507.4286       133.4690       1.960287    
  -33.77417       121.7413       1.637074    
  -15.70986       121.7413       1.637114    
  -8.185690       121.7413       1.778992    
  -2.500000       121.7413       2.584315    
   2.481762       121.9919       2.800019    
   7.434425       122.5584       2.804281    
   12.38829       123.1165       2.804627    
   17.37068       123.4034       2.804549    
   22.36992       123.4730       2.804554    
   27.36889       123.5524       2.804551    
   32.36626       123.6848       2.804512    
   37.36148       123.8650       2.759534    
   42.35468       124.0813       2.305876    
   47.34677       124.3148       2.305889    
   52.33939       124.5400       2.305895    
   57.33461       124.7186       2.305895    
   62.33282       124.8209       2.305902    
   67.33237       124.8242       2.478498    
   72.33087       124.7309       2.586760    
   77.32610       124.5546       2.587497    
   82.31709       124.3068       2.587494    
   87.30524       124.0211       2.587494    
   92.29430       123.7473       2.587234    
   97.28818       123.5492       1.947945    
   102.2866       123.4615       1.948021    
   107.2863       123.4193       1.948049    
   112.2728       123.1786       1.948054    
   117.2255       122.6232       1.948034    
   122.1606       121.9557       1.947962    
   127.1186       121.4355       1.947839    
   132.1048       121.1431       1.947793    
   137.1018       121.0183       1.947790    
   142.1004       121.0573       1.947804    
   147.0855       121.3392       1.948573    
   152.0289       121.9395       2.140949    
   156.9416       122.7128       2.430344    
   161.8866       123.2925       2.466288    
   166.8759       123.5135       2.746169    
   171.8755       123.5189       3.033188    
   176.8751       123.4696       3.067398    
   181.8749       123.4451       3.067414    
   186.8749       123.4443       3.067872    
   191.8749       123.4446       3.074619    
   196.8749       123.4446       3.075771    
   201.8749       123.4446       3.075560    
   206.8749       123.4444       2.569446    
   211.8749       123.4465       2.569462    
   216.8748       123.4666       2.569457    
   221.8745       123.5179       2.569184    
   226.8739       123.5779       2.569211    
   231.8736       123.5806       2.369575    
   236.8703       123.4528       2.359067    
   241.8605       123.1981       2.359063    
   246.8531       122.9968       2.359056    
   251.8497       123.0435       2.359035    
   256.8403       123.2927       2.356036    
   261.8292       123.5684       2.356014    
   266.8226       123.7774       2.355992    
   271.8200       123.9041       2.355982    
   276.8195       123.9441       2.355985    
   281.8193       123.9193       2.356528    
   286.8188       123.8614       2.818563    
   291.8181       123.7885       3.596833    
   296.8170       123.7036       3.622376    
   301.8156       123.6032       3.622622    
   306.8141       123.5066       3.622623    
   311.8136       123.4719       3.622111    
   316.8123       123.4112       3.590723    
   321.7794       123.0143       2.919692    
   326.7076       122.3138       2.399984    
   331.6619       122.0768       2.394865    
   336.6017       122.6448       2.394953    
   341.4941       123.5022       2.395029    
   346.3997       124.3040       2.394087    
   351.3318       124.9827       2.271923    
   356.3008       125.4084       2.268324    
   361.2956       125.5824       2.268327    
   366.2939       125.6901       2.268338    
   371.2916       125.8165       2.455221    
   376.2886       125.9600       2.466880    
   381.2849       126.1205       2.466897    
   386.2799       126.3045       2.466904    
   391.2732       126.5198       2.466917    
   396.2645       126.7639       2.528003    
   401.2549       127.0210       2.776364    
   406.2462       127.2653       3.068839    
   411.2407       127.4575       3.068829    
   416.2387       127.5636       3.068821    
   421.2385       127.5953       3.068808    
   426.2385       127.5986       3.068814    
   431.2385       127.6125       3.068848    
   436.2343       127.7445       3.068909    
   441.2233       128.0178       3.066400    
   446.2118       128.2982       2.486476    
   451.2035       128.5366       2.365973    
   456.1937       128.7948       2.365621    
   461.1783       129.1181       2.365623    
   466.1624       129.4493       2.365669    
   471.1551       129.6459       2.365722    
   476.1545       129.6918       2.365730    
   481.8401       129.6939       2.365743    
   489.3643       129.6939       2.365758    
   507.4286       129.6939       2.365763    
  -33.77417       118.0135       1.640155    
  -15.70986       118.0135       1.640163    
  -8.185690       118.0135       1.904988    
  -2.500000       118.0135       2.700434    
   2.481762       118.2522       2.803378    
   7.434425       118.7923       2.804699    
   12.38829       119.3243       2.804502    
   17.37068       119.5977       2.804360    
   22.36992       119.6640       2.804351    
   27.36889       119.7397       2.804349    
   32.36626       119.8660       2.804219    
   37.36148       120.0378       2.794593    
   42.35468       120.2439       2.634552    
   47.34677       120.4665       2.634539    
   52.33939       120.6811       2.634540    
   57.33461       120.8514       2.634557    
   62.33282       120.9489       2.634587    
   67.33237       120.9520       2.635802    
   72.33087       120.8632       2.639708    
   77.32610       120.6951       2.641915    
   82.31709       120.4589       2.641932    
   87.30524       120.1866       2.641912    
   92.29430       119.9255       2.641806    
   97.28818       119.7367       2.633556    
   102.2866       119.6531       2.441781    
   107.2863       119.6129       2.441784    
   112.2728       119.3835       2.441782    
   117.2255       118.8540       2.441783    
   122.1606       118.2177       2.441835    
   127.1186       117.7218       2.441867    
   132.1048       117.4431       2.441893    
   137.1018       117.3242       2.441920    
   142.1004       117.3613       2.441924    
   147.0855       117.6301       2.441923    
   152.0289       118.2023       2.441948    
   156.9416       118.9394       2.465856    
   161.8866       119.4921       2.466268    
   166.8759       119.7027       2.746095    
   171.8755       119.7078       2.879165    
   176.8751       119.6608       3.257442    
   181.8749       119.6375       3.257807    
   186.8749       119.6367       3.257820    
   191.8749       119.6370       3.257900    
   196.8749       119.6370       3.258567    
   201.8749       119.6370       3.258706    
   206.8749       119.6368       2.742381    
   211.8749       119.6388       2.742150    
   216.8748       119.6580       2.742125    
   221.8745       119.7069       2.742134    
   226.8739       119.7641       2.742233    
   231.8736       119.7666       2.743896    
   236.8703       119.6448       2.745811    
   241.8605       119.4020       2.745963    
   246.8531       119.2101       2.745992    
   251.8497       119.2547       2.746002    
   256.8403       119.4922       2.746020    
   261.8292       119.7551       2.746040    
   266.8226       119.9542       2.746035    
   271.8200       120.0750       2.746055    
   276.8195       120.1131       2.748899    
   281.8193       120.0895       2.853080    
   286.8188       120.0343       3.512671    
   291.8181       119.9648       3.594571    
   296.8170       119.8839       3.602447    
   301.8156       119.7882       3.602429    
   306.8141       119.6961       3.602429    
   311.8136       119.6630       3.602752    
   316.8123       119.6051       3.590354    
   321.7794       119.2268       3.267179    
   326.7076       118.5591       2.808237    
   331.6619       118.3332       2.695100    
   336.6017       118.8746       2.687732    
   341.4941       119.6919       2.685703    
   346.3997       120.4562       2.685890    
   351.3318       121.1031       2.686093    
   356.3008       121.5089       2.686100    
   361.2956       121.6748       2.686115    
   366.2939       121.7775       2.686123    
   371.2916       121.8979       2.681279    
   376.2886       122.0348       2.682046    
   381.2849       122.1877       2.682191    
   386.2799       122.3631       2.682259    
   391.2732       122.5684       2.682509    
   396.2645       122.8010       2.683788    
   401.2549       123.0461       2.764650    
   406.2462       123.2790       3.252684    
   411.2407       123.4621       3.411927    
   416.2387       123.5633       3.411925    
   421.2385       123.5935       3.411927    
   426.2385       123.5967       3.411927    
   431.2385       123.6100       3.411902    
   436.2343       123.7357       3.410939    
   441.2233       123.9963       3.375627    
   446.2118       124.2636       3.047004    
   451.2035       124.4909       2.746557    
   456.1937       124.7369       2.738157    
   461.1783       125.0452       2.738123    
   466.1624       125.3608       2.738114    
   471.1551       125.5482       2.738111    
   476.1545       125.5920       2.738106    
   481.8401       125.5940       2.738101    
   489.3643       125.5940       2.738083    
   507.4286       125.5940       2.738071    
  -33.77417       113.9358       1.664619    
  -15.70986       113.9358       1.664615    
  -8.185690       113.9358       2.168014    
  -2.500000       113.9358       2.752702    
   2.481762       114.1617       2.803677    
   7.434425       114.6728       2.804717    
   12.38829       115.1762       2.804492    
   17.37068       115.4350       2.804226    
   22.36992       115.4978       2.804170    
   27.36889       115.5694       2.804179    
   32.36626       115.6889       2.804244    
   37.36148       115.8514       2.803130    
   42.35468       116.0465       2.733044    
   47.34677       116.2571       2.642483    
   52.33939       116.4603       2.640823    
   57.33461       116.6214       2.640783    
   62.33282       116.7137       2.640746    
   67.33237       116.7167       2.640763    
   72.33087       116.6326       2.641185    
   77.32610       116.4735       2.641936    
   82.31709       116.2499       2.641910    
   87.30524       115.9922       2.641884    
   92.29430       115.7452       2.641866    
   97.28818       115.5665       2.636870    
   102.2866       115.4874       2.464447    
   107.2863       115.4493       2.464208    
   112.2728       115.2323       2.464137    
   117.2255       114.7313       2.463979    
   122.1606       114.1291       2.463425    
   127.1186       113.6599       2.463112    
   132.1048       113.3961       2.463142    
   137.1018       113.2836       2.463159    
   142.1004       113.3186       2.463171    
   147.0855       113.5730       2.463159    
   152.0289       114.1145       2.462970    
   156.9416       114.8120       2.465692    
   161.8866       115.3350       2.466233    
   166.8759       115.5344       2.746038    
   171.8755       115.5392       2.879157    
   176.8751       115.4947       3.257443    
   181.8749       115.4726       3.587277    
   186.8749       115.4719       3.587263    
   191.8749       115.4722       3.587242    
   196.8749       115.4722       3.587180    
   201.8749       115.4722       3.584805    
   206.8749       115.4720       3.420066    
   211.8749       115.4739       3.361690    
   216.8748       115.4921       3.344766    
   221.8745       115.5383       3.329060    
   226.8739       115.5924       3.312618    
   231.8736       115.5948       3.276271    
   236.8703       115.4796       3.253860    
   241.8605       115.2498       3.252507    
   246.8531       115.0682       3.252449    
   251.8497       115.1104       3.252417    
   256.8403       115.3352       3.252374    
   261.8292       115.5839       3.252337    
   266.8226       115.7724       3.252326    
   271.8200       115.8866       3.252440    
   276.8195       115.9228       3.271779    
   281.8193       115.9004       3.475084    
   286.8188       115.8482       3.586800    
   291.8181       115.7824       3.589869    
   296.8170       115.7058       3.586882    
   301.8156       115.6153       3.586642    
   306.8141       115.5281       3.586643    
   311.8136       115.4968       3.589555    
   316.8123       115.4420       3.589326    
   321.7794       115.0840       3.398546    
   326.7076       114.4521       3.061039    
   331.6619       114.2384       2.825083    
   336.6017       114.7507       2.720541    
   341.4941       115.5241       2.685453    
   346.3997       116.2474       2.681362    
   351.3318       116.8596       2.680651    
   356.3008       117.2437       2.680609    
   361.2956       117.4006       2.680610    
   366.2939       117.4977       2.680632    
   371.2916       117.6117       2.682883    
   376.2886       117.7412       2.683487    
   381.2849       117.8860       2.683525    
   386.2799       118.0519       2.683547    
   391.2732       118.2462       2.683748    
   396.2645       118.4663       2.683787    
   401.2549       118.6983       2.764431    
   406.2462       118.9186       3.252692    
   411.2407       119.0920       3.412185    
   416.2387       119.1877       3.415815    
   421.2385       119.2163       3.415840    
   426.2385       119.2194       3.415857    
   431.2385       119.2319       3.415872    
   436.2343       119.3509       3.415958    
   441.2233       119.5975       3.416547    
   446.2118       119.8504       3.423062    
   451.2035       120.0655       3.434081    
   456.1937       120.2983       3.434225    
   461.1783       120.5900       3.434200    
   466.1624       120.8887       3.434120    
   471.1551       121.0661       3.434007    
   476.1545       121.1075       3.433874    
   481.8401       121.1095       3.433543    
   489.3643       121.1095       3.433437    
   507.4286       121.1095       3.433394    
  -33.77417       109.4377       1.715462    
  -15.70986       109.4377       1.715460    
  -8.185690       109.4377       2.388570    
  -2.500000       109.4377       2.765604    
   2.481762       109.6495       2.803781    
   7.434425       110.1285       2.804700    
   12.38829       110.6005       2.804564    
   17.37068       110.8431       2.804536    
   22.36992       110.9020       2.804495    
   27.36889       110.9691       2.804457    
   32.36626       111.0811       2.804407    
   37.36148       111.2335       2.804338    
   42.35468       111.4164       2.798864    
   47.34677       111.6138       2.727050    
   52.33939       111.8043       2.645468    
   57.33461       111.9553       2.642214    
   62.33282       112.0418       2.642134    
   67.33237       112.0446       2.642105    
   72.33087       111.9657       2.642068    
   77.32610       111.8166       2.642002    
   82.31709       111.6071       2.641928    
   87.30524       111.3655       2.641874    
   92.29430       111.1339       2.641825    
   97.28818       110.9664       2.636835    
   102.2866       110.8923       2.621703    
   107.2863       110.8566       2.465233    
   112.2728       110.6531       2.464782    
   117.2255       110.1834       2.464725    
   122.1606       109.6189       2.464678    
   127.1186       109.1790       2.464651    
   132.1048       108.9318       2.464632    
   137.1018       108.8263       2.464640    
   142.1004       108.8592       2.464660    
   147.0855       109.0976       2.464683    
   152.0289       109.6052       2.465171    
   156.9416       110.2591       2.465582    
   161.8866       110.7494       2.466190    
   166.8759       110.9363       2.746015    
   171.8755       110.9408       2.879146    
   176.8751       110.8991       3.257443    
   181.8749       110.8784       3.592703    
   186.8749       110.8776       3.592307    
   191.8749       110.8779       3.592196    
   196.8749       110.8779       3.592133    
   201.8749       110.8779       3.592078    
   206.8749       110.8778       3.589939    
   211.8749       110.8796       3.583215    
   216.8748       110.8966       3.571734    
   221.8745       110.9400       3.549067    
   226.8739       110.9907       3.515018    
   231.8736       110.9929       3.446384    
   236.8703       110.8849       3.364772    
   241.8605       110.6695       3.352618    
   246.8531       110.4993       3.352287    
   251.8497       110.5388       3.352270    
   256.8403       110.7495       3.352269    
   261.8292       110.9827       3.352274    
   266.8226       111.1594       3.352328    
   271.8200       111.2665       3.359354    
   276.8195       111.3003       3.462471    
   281.8193       111.2794       3.574982    
   286.8188       111.2305       3.590202    
   291.8181       111.1687       3.590408    
   296.8170       111.0969       3.590430    
   301.8156       111.0121       3.590443    
   306.8141       110.9304       3.590454    
   311.8136       110.9010       3.590443    
   316.8123       110.8497       3.589190    
   321.7794       110.5141       3.558381    
   326.7076       109.9218       3.381651    
   331.6619       109.7214       2.942276    
   336.6017       110.2016       2.737814    
   341.4941       110.9267       2.685636    
   346.3997       111.6047       2.682937    
   351.3318       112.1786       2.682653    
   356.3008       112.5386       2.682536    
   361.2956       112.6857       2.682509    
   366.2939       112.7768       2.682518    
   371.2916       112.8837       2.683253    
   376.2886       113.0050       2.683481    
   381.2849       113.1407       2.683544    
   386.2799       113.2963       2.683549    
   391.2732       113.4784       2.683769    
   396.2645       113.6848       2.683796    
   401.2549       113.9022       2.764432    
   406.2462       114.1088       3.252703    
   411.2407       114.2713       3.412191    
   416.2387       114.3611       3.415820    
   421.2385       114.3878       3.415863    
   426.2385       114.3907       3.415910    
   431.2385       114.4025       3.415937    
   436.2343       114.5140       3.415964    
   441.2233       114.7451       3.415996    
   446.2118       114.9823       3.416226    
   451.2035       115.1839       3.416966    
   456.1937       115.4022       3.417089    
   461.1783       115.6756       3.417149    
   466.1624       115.9556       3.417115    
   471.1551       116.1219       3.417096    
   476.1545       116.1607       3.417091    
   481.8401       116.1625       3.417095    
   489.3643       116.1625       3.417129    
   507.4286       116.1625       3.417159    
  -33.77417       104.4251       1.865016    
  -15.70986       104.4251       1.865018    
  -8.185690       104.4251       2.453869    
  -2.500000       104.4251       2.767346    
   2.481762       104.6212       2.803779    
   7.434425       105.0646       2.804680    
   12.38829       105.5015       2.804575    
   17.37068       105.7260       2.804540    
   22.36992       105.7805       2.804513    
   27.36889       105.8427       2.804467    
   32.36626       105.9463       2.804432    
   37.36148       106.0873       2.804418    
   42.35468       106.2567       2.804030    
   47.34677       106.4394       2.793479    
   52.33939       106.6157       2.701638    
   57.33461       106.7555       2.645817    
   62.33282       106.8356       2.642295    
   67.33237       106.8381       2.642212    
   72.33087       106.7651       2.642149    
   77.32610       106.6271       2.642048    
   82.31709       106.4332       2.641932    
   87.30524       106.2096       2.641839    
   92.29430       105.9952       2.641667    
   97.28818       105.8402       2.636793    
   102.2866       105.7715       2.621693    
   107.2863       105.7385       2.465855    
   112.2728       105.5501       2.464956    
   117.2255       105.1154       2.464954    
   122.1606       104.5929       2.465003    
   127.1186       104.1857       2.465038    
   132.1048       103.9569       2.465060    
   137.1018       103.8593       2.465086    
   142.1004       103.8897       2.465114    
   147.0855       104.1104       2.465172    
   152.0289       104.5803       2.465453    
   156.9416       105.1855       2.465526    
   161.8866       105.6393       2.466118    
   166.8759       105.8122       2.745992    
   171.8755       105.8165       2.849107    
   176.8751       105.7778       3.257438    
   181.8749       105.7587       3.592704    
   186.8749       105.7580       3.592348    
   191.8749       105.7582       3.590943    
   196.8749       105.7583       3.590922    
   201.8749       105.7583       3.590913    
   206.8749       105.7581       3.590865    
   211.8749       105.7598       3.590703    
   216.8748       105.7755       3.590336    
   221.8745       105.8157       3.589746    
   226.8739       105.8626       3.589621    
   231.8736       105.8647       3.589676    
   236.8703       105.7647       3.590994    
   241.8605       105.5654       3.590998    
   246.8531       105.4078       3.591045    
   251.8497       105.4444       3.591048    
   256.8403       105.6394       3.591035    
   261.8292       105.8553       3.591039    
   266.8226       106.0188       3.590985    
   271.8200       106.1179       3.590936    
   276.8195       106.1492       3.588776    
   281.8193       106.1298       3.590331    
   286.8188       106.0846       3.590512    
   291.8181       106.0275       3.590486    
   296.8170       105.9610       3.590456    
   301.8156       105.8824       3.590452    
   306.8141       105.8068       3.590441    
   311.8136       105.7796       3.590393    
   316.8123       105.7321       3.589173    
   321.7794       105.4215       3.558541    
   326.7076       104.8732       3.381649    
   331.6619       104.6877       3.193981    
   336.6017       105.1322       2.748049    
   341.4941       105.8034       2.685844    
   346.3997       106.4309       2.683280    
   351.3318       106.9622       2.683332    
   356.3008       107.2954       2.683350    
   361.2956       107.4315       2.683339    
   366.2939       107.5159       2.683320    
   371.2916       107.6148       2.683328    
   376.2886       107.7271       2.683481    
   381.2849       107.8528       2.683562    
   386.2799       107.9968       2.683571    
   391.2732       108.1653       2.683771    
   396.2645       108.3564       2.683816    
   401.2549       108.5576       2.764432    
   406.2462       108.7488       3.252723    
   411.2407       108.8992       3.412178    
   416.2387       108.9823       3.415795    
   421.2385       109.0071       3.415937    
   426.2385       109.0098       3.415960    
   431.2385       109.0207       3.415989    
   436.2343       109.1239       3.416033    
   441.2233       109.3378       3.416055    
   446.2118       109.5574       3.416120    
   451.2035       109.7439       3.416212    
   456.1937       109.9460       3.416278    
   461.1783       110.1991       3.416272    
   466.1624       110.4583       3.416275    
   471.1551       110.6122       3.416270    
   476.1545       110.6481       3.416265    
   481.8401       110.6497       3.416265    
   489.3643       110.6497       3.416228    
   507.4286       110.6497       3.416179    
  -33.77417       98.76926       2.405631    
  -15.70986       98.76926       2.406443    
  -8.185690       98.76926       2.467923    
  -2.500000       98.76926       2.767235    
   2.481762       98.94752       2.803776    
   7.434425       99.35075       2.804626    
   12.38829       99.74802       2.804559    
   17.37068       99.95215       2.804521    
   22.36992       100.0017       2.804498    
   27.36889       100.0582       2.804469    
   32.36626       100.1525       2.804444    
   37.36148       100.2807       2.804421    
   42.35468       100.4347       2.804324    
   47.34677       100.6009       2.801081    
   52.33939       100.7612       2.739422    
   57.33461       100.8883       2.662885    
   62.33282       100.9611       2.644047    
   67.33237       100.9634       2.642162    
   72.33087       100.8971       2.641911    
   77.32610       100.7716       2.641819    
   82.31709       100.5952       2.641743    
   87.30524       100.3919       2.641596    
   92.29430       100.1970       2.641363    
   97.28818       100.0560       2.636654    
   102.2866       99.99355       2.621992    
   107.2863       99.96349       2.587916    
   112.2728       99.79222       2.465977    
   117.2255       99.39693       2.465324    
   122.1606       98.92178       2.465311    
   127.1186       98.55151       2.465262    
   132.1048       98.34343       2.465260    
   137.1018       98.25465       2.465196    
   142.1004       98.28233       2.465202    
   147.0855       98.48299       2.465306    
   152.0289       98.91029       2.465416    
   156.9416       99.46066       2.465474    
   161.8866       99.87329       2.465967    
   166.8759       100.0306       2.745966    
   171.8755       100.0344       2.834343    
   176.8751       99.99930       3.252401    
   181.8749       99.98188       3.592191    
   186.8749       99.98126       3.592337    
   191.8749       99.98149       3.590945    
   196.8749       99.98150       3.590751    
   201.8749       99.98149       3.590739    
   206.8749       99.98139       3.590700    
   211.8749       99.98287       3.590660    
   216.8748       99.99718       3.590633    
   221.8745       100.0337       3.590604    
   226.8739       100.0764       3.590592    
   231.8736       100.0783       3.590607    
   236.8703       99.98734       3.590677    
   241.8605       99.80609       3.590717    
   246.8531       99.66279       3.590751    
   251.8497       99.69608       3.590734    
   256.8403       99.87341       3.590686    
   261.8292       100.0697       3.590658    
   266.8226       100.2184       3.590629    
   271.8200       100.3085       3.590635    
   276.8195       100.3370       3.590624    
   281.8193       100.3194       3.590605    
   286.8188       100.2782       3.590532    
   291.8181       100.2263       3.590501    
   296.8170       100.1659       3.590469    
   301.8156       100.0944       3.590443    
   306.8141       100.0256       3.590450    
   311.8136       100.0009       3.590395    
   316.8123       99.95772       3.589172    
   321.7794       99.67523       3.558546    
   326.7076       99.17667       3.381654    
   331.6619       99.00801       3.194451    
   336.6017       99.41222       2.777754    
   341.4941       100.0225       2.686137    
   346.3997       100.5932       2.683316    
   351.3318       101.0763       2.683361    
   356.3008       101.3793       2.683361    
   361.2956       101.5031       2.683331    
   366.2939       101.5798       2.683320    
   371.2916       101.6697       2.683347    
   376.2886       101.7719       2.683466    
   381.2849       101.8861       2.683608    
   386.2799       102.0170       2.683609    
   391.2732       102.1703       2.683778    
   396.2645       102.3440       2.683821    
   401.2549       102.5270       2.764435    
   406.2462       102.7009       3.252844    
   411.2407       102.8377       3.412150    
   416.2387       102.9132       3.415794    
   421.2385       102.9358       3.415952    
   426.2385       102.9382       3.415962    
   431.2385       102.9481       3.415982    
   436.2343       103.0419       3.416036    
   441.2233       103.2365       3.416078    
   446.2118       103.4361       3.416118    
   451.2035       103.6058       3.416131    
   456.1937       103.7895       3.416131    
   461.1783       104.0197       3.416103    
   466.1624       104.2553       3.416086    
   471.1551       104.3953       3.416082    
   476.1545       104.4279       3.416080    
   481.8401       104.4295       3.416063    
   489.3643       104.4295       3.416041    
   507.4286       104.4295       3.416015    
  -33.77417       92.28692       2.459598    
  -15.70986       92.28692       2.460675    
  -8.185690       92.28692       2.468240    
  -2.500000       92.28692       2.767195    
   2.481762       92.44483       2.803766    
   7.434425       92.80198       2.804571    
   12.38829       93.15384       2.804536    
   17.37068       93.33465       2.804507    
   22.36992       93.37855       2.804482    
   27.36889       93.42858       2.804458    
   32.36626       93.51208       2.804432    
   37.36148       93.62569       2.804412    
   42.35468       93.76205       2.804364    
   47.34677       93.90923       2.801813    
   52.33939       94.05121       2.745633    
   57.33461       94.16380       2.680392    
   62.33282       94.22831       2.655362    
   67.33237       94.23037       2.644844    
   72.33087       94.17159       2.641923    
   77.32610       94.06042       2.641403    
   82.31709       93.90422       2.641268    
   87.30524       93.72411       2.641235    
   92.29430       93.55146       2.641233    
   97.28818       93.42661       2.636601    
   102.2866       93.37131       2.621990    
   107.2863       93.34469       2.590905    
   112.2728       93.19299       2.550947    
   117.2255       92.84286       2.467523    
   122.1606       92.42202       2.465481    
   127.1186       92.09407       2.465281    
   132.1048       91.90976       2.465280    
   137.1018       91.83113       2.465232    
   142.1004       91.85565       2.465228    
   147.0855       92.03337       2.465314    
   152.0289       92.41184       2.465365    
   156.9416       92.89931       2.465402    
   161.8866       93.26480       2.465792    
   166.8759       93.40413       2.746030    
   171.8755       93.40750       2.826403    
   176.8751       93.37640       3.010544    
   181.8749       93.36098       3.531658    
   186.8749       93.36044       3.591447    
   191.8749       93.36063       3.590919    
   196.8749       93.36064       3.590758    
   201.8749       93.36063       3.590735    
   206.8749       93.36054       3.590698    
   211.8749       93.36186       3.590667    
   216.8748       93.37454       3.590653    
   221.8745       93.40688       3.590660    
   226.8739       93.44470       3.590650    
   231.8736       93.44635       3.590658    
   236.8703       93.36582       3.590627    
   241.8605       93.20527       3.590602    
   246.8531       93.07835       3.590621    
   251.8497       93.10783       3.590639    
   256.8403       93.26490       3.590660    
   261.8292       93.43874       3.590687    
   266.8226       93.57047       3.590680    
   271.8200       93.65030       3.590655    
   276.8195       93.67554       3.590631    
   281.8193       93.65989       3.590595    
   286.8188       93.62345       3.590547    
   291.8181       93.57744       3.590510    
   296.8170       93.52392       3.590474    
   301.8156       93.46066       3.590457    
   306.8141       93.39973       3.590451    
   311.8136       93.37785       3.590407    
   316.8123       93.33959       3.589164    
   321.7794       93.08938       3.558568    
   326.7076       92.64779       3.381647    
   331.6619       92.49840       3.194451    
   336.6017       92.85643       2.777788    
   341.4941       93.39696       2.687023    
   346.3997       93.90244       2.683403    
   351.3318       94.33030       2.683418    
   356.3008       94.59869       2.683382    
   361.2956       94.70834       2.683357    
   366.2939       94.77627       2.683359    
   371.2916       94.85593       2.683369    
   376.2886       94.94642       2.683451    
   381.2849       95.04758       2.683641    
   386.2799       95.16358       2.683664    
   391.2732       95.29931       2.683772    
   396.2645       95.45317       2.683812    
   401.2549       95.61526       2.764516    
   406.2462       95.76926       3.253764    
   411.2407       95.89043       3.412079    
   416.2387       95.95733       3.415822    
   421.2385       95.97731       3.415952    
   426.2385       95.97943       3.415967    
   431.2385       95.98818       3.415986    
   436.2343       96.07135       3.416033    
   441.2233       96.24365       3.416075    
   446.2118       96.42047       3.416112    
   451.2035       96.57073       3.416137    
   456.1937       96.73344       3.416116    
   461.1783       96.93733       3.416086    
   466.1624       97.14609       3.416075    
   471.1551       97.27006       3.416069    
   476.1545       97.29897       3.416058    
   481.8401       97.30029       3.416049    
   489.3643       97.30029       3.416029    
   507.4286       97.30029       3.415999    
  -33.77417       84.70639       2.462545    
  -15.70986       84.70639       2.462611    
  -8.185690       84.70639       2.468252    
  -2.500000       84.70639       2.767172    
   2.481762       84.84047       2.803754    
   7.434425       85.14374       2.804528    
   12.38829       85.44250       2.804518    
   17.37068       85.59602       2.804492    
   22.36992       85.63330       2.804471    
   27.36889       85.67580       2.804445    
   32.36626       85.74669       2.804420    
   37.36148       85.84315       2.804406    
   42.35468       85.95895       2.804377    
   47.34677       86.08392       2.801908    
   52.33939       86.20448       2.745940    
   57.33461       86.30008       2.681866    
   62.33282       86.35486       2.657741    
   67.33237       86.35661       2.646129    
   72.33087       86.30669       2.642011    
   77.32610       86.21230       2.641262    
   82.31709       86.07966       2.641153    
   87.30524       85.92673       2.641197    
   92.29430       85.78013       2.641139    
   97.28818       85.67411       2.636603    
   102.2866       85.62716       2.621999    
   107.2863       85.60456       2.590857    
   112.2728       85.47575       2.551595    
   117.2255       85.17844       2.497570    
   122.1606       84.82110       2.466581    
   127.1186       84.54264       2.465278    
   132.1048       84.38613       2.465293    
   137.1018       84.31937       2.465271    
   142.1004       84.34019       2.465286    
   147.0855       84.49109       2.465322    
   152.0289       84.81246       2.465338    
   156.9416       85.22638       2.465375    
   161.8866       85.53673       2.465666    
   166.8759       85.65503       2.746059    
   171.8755       85.65790       2.826122    
   176.8751       85.63148       3.007965    
   181.8749       85.61840       3.365370    
   186.8749       85.61794       3.588791    
   191.8749       85.61810       3.591383    
   196.8749       85.61810       3.590781    
   201.8749       85.61810       3.590754    
   206.8749       85.61802       3.590697    
   211.8749       85.61914       3.590674    
   216.8748       85.62991       3.590657    
   221.8745       85.65736       3.590652    
   226.8739       85.68948       3.590654    
   231.8736       85.69088       3.590638    
   236.8703       85.62250       3.590618    
   241.8605       85.48617       3.590609    
   246.8531       85.37840       3.590621    
   251.8497       85.40344       3.590639    
   256.8403       85.53680       3.590657    
   261.8292       85.68442       3.590677    
   266.8226       85.79627       3.590673    
   271.8200       85.86406       3.590641    
   276.8195       85.88549       3.590606    
   281.8193       85.87220       3.590581    
   286.8188       85.84126       3.590546    
   291.8181       85.80219       3.590515    
   296.8170       85.75674       3.590492    
   301.8156       85.70303       3.590472    
   306.8141       85.65130       3.590443    
   311.8136       85.63272       3.590412    
   316.8123       85.60023       3.589158    
   321.7794       85.38776       3.558590    
   326.7076       85.01280       3.381630    
   331.6619       84.88596       3.194459    
   336.6017       85.18996       2.777766    
   341.4941       85.64894       2.686993    
   346.3997       86.07815       2.683605    
   351.3318       86.44146       2.683524    
   356.3008       86.66934       2.683531    
   361.2956       86.76245       2.683508    
   366.2939       86.82014       2.683481    
   371.2916       86.88777       2.683468    
   376.2886       86.96461       2.683453    
   381.2849       87.05051       2.683704    
   386.2799       87.14902       2.683720    
   391.2732       87.26426       2.683787    
   396.2645       87.39491       2.683842    
   401.2549       87.53254       2.764529    
   406.2462       87.66331       3.254057    
   411.2407       87.76619       3.412036    
   416.2387       87.82300       3.415853    
   421.2385       87.83997       3.415940    
   426.2385       87.84176       3.415961    
   431.2385       87.84920       3.415986    
   436.2343       87.91981       3.416026    
   441.2233       88.06612       3.416066    
   446.2118       88.21626       3.416105    
   451.2035       88.34385       3.416121    
   456.1937       88.48203       3.416098    
   461.1783       88.65514       3.416077    
   466.1624       88.83239       3.416053    
   471.1551       88.93765       3.416042    
   476.1545       88.96221       3.416047    
   481.8401       88.96335       3.416035    
   489.3643       88.96335       3.416011    
   507.4286       88.96335       3.415987    
  -33.77417       75.60016       2.462569    
  -15.70986       75.60016       2.462586    
  -8.185690       75.60016       2.468258    
  -2.500000       75.60016       2.767161    
   2.481762       75.70561       2.803747    
   7.434425       75.94414       2.804510    
   12.38829       76.17914       2.804512    
   17.37068       76.29989       2.804488    
   22.36992       76.32921       2.804459    
   27.36889       76.36263       2.804437    
   32.36626       76.41840       2.804423    
   37.36148       76.49427       2.804408    
   42.35468       76.58534       2.804376    
   47.34677       76.68364       2.801934    
   52.33939       76.77846       2.745947    
   57.33461       76.85366       2.681918    
   62.33282       76.89674       2.657826    
   67.33237       76.89812       2.646216    
   72.33087       76.85886       2.642035    
   77.32610       76.78461       2.641282    
   82.31709       76.68029       2.641149    
   87.30524       76.56001       2.641191    
   92.29430       76.44469       2.641066    
   97.28818       76.36131       2.636614    
   102.2866       76.32438       2.622012    
   107.2863       76.30660       2.590836    
   112.2728       76.20528       2.551600    
   117.2255       75.97144       2.497734    
   122.1606       75.69038       2.469765    
   127.1186       75.47135       2.465267    
   132.1048       75.34826       2.465340    
   137.1018       75.29574       2.465342    
   142.1004       75.31212       2.465336    
   147.0855       75.43081       2.465346    
   152.0289       75.68358       2.465348    
   156.9416       76.00915       2.465370    
   161.8866       76.25325       2.465553    
   166.8759       76.34630       2.746076    
   171.8755       76.34855       2.826117    
   176.8751       76.32778       3.007952    
   181.8749       76.31749       3.365087    
   186.8749       76.31712       3.588055    
   191.8749       76.31725       3.591703    
   196.8749       76.31725       3.590796    
   201.8749       76.31725       3.590764    
   206.8749       76.31718       3.590695    
   211.8749       76.31807       3.590657    
   216.8748       76.32654       3.590649    
   221.8745       76.34814       3.590642    
   226.8739       76.37340       3.590630    
   231.8736       76.37450       3.590624    
   236.8703       76.32071       3.590619    
   241.8605       76.21349       3.590626    
   246.8531       76.12872       3.590645    
   251.8497       76.14841       3.590655    
   256.8403       76.25331       3.590655    
   261.8292       76.36942       3.590656    
   266.8226       76.45739       3.590648    
   271.8200       76.51070       3.590615    
   276.8195       76.52757       3.590590    
   281.8193       76.51711       3.590570    
   286.8188       76.49277       3.590554    
   291.8181       76.46204       3.590539    
   296.8170       76.42630       3.590519    
   301.8156       76.38405       3.590494    
   306.8141       76.34336       3.590442    
   311.8136       76.32875       3.590409    
   316.8123       76.30320       3.589155    
   321.7794       76.13609       3.558603    
   326.7076       75.84116       3.381629    
   331.6619       75.74139       3.194473    
   336.6017       75.98050       2.777742    
   341.4941       76.34151       2.687016    
   346.3997       76.67910       2.683642    
   351.3318       76.96486       2.683647    
   356.3008       77.14410       2.683770    
   361.2956       77.21733       2.683779    
   366.2939       77.26270       2.683782    
   371.2916       77.31591       2.683795    
   376.2886       77.37634       2.683794    
   381.2849       77.44391       2.683775    
   386.2799       77.52139       2.683783    
   391.2732       77.61202       2.683801    
   396.2645       77.71479       2.683855    
   401.2549       77.82304       2.764534    
   406.2462       77.92590       3.254060    
   411.2407       78.00681       3.412007    
   416.2387       78.05150       3.415865    
   421.2385       78.06484       3.415936    
   426.2385       78.06626       3.415958    
   431.2385       78.07211       3.415982    
   436.2343       78.12765       3.416021    
   441.2233       78.24273       3.416061    
   446.2118       78.36082       3.416090    
   451.2035       78.46117       3.416100    
   456.1937       78.56985       3.416084    
   461.1783       78.70601       3.416055    
   466.1624       78.84543       3.416042    
   471.1551       78.92822       3.416030    
   476.1545       78.94754       3.416022    
   481.8401       78.94843       3.416030    
   489.3643       78.94843       3.416014    
   507.4286       78.94843       3.415983    
  -33.77417       56.32260       2.462575    
  -15.70986       56.32260       2.462590    
  -8.185690       56.32260       2.468245    
  -2.500000       56.32260       2.767161    
   2.481762       56.36747       2.803752    
   7.434425       56.46896       2.804491    
   12.38829       56.56895       2.804490    
   17.37068       56.62033       2.804469    
   22.36992       56.63280       2.804444    
   27.36889       56.64702       2.804435    
   32.36626       56.67075       2.804425    
   37.36148       56.70303       2.804408    
   42.35468       56.74178       2.804365    
   47.34677       56.78361       2.801977    
   52.33939       56.82395       2.745966    
   57.33461       56.85595       2.681929    
   62.33282       56.87428       2.657838    
   67.33237       56.87487       2.646234    
   72.33087       56.85816       2.642057    
   77.32610       56.82657       2.641275    
   82.31709       56.78218       2.641130    
   87.30524       56.73100       2.641184    
   92.29430       56.68194       2.641018    
   97.28818       56.64646       2.636617    
   102.2866       56.63075       2.622005    
   107.2863       56.62318       2.590836    
   112.2728       56.58007       2.551599    
   117.2255       56.48058       2.497759    
   122.1606       56.36099       2.469801    
   127.1186       56.26780       2.465293    
   132.1048       56.21542       2.465350    
   137.1018       56.19307       2.465361    
   142.1004       56.20005       2.465356    
   147.0855       56.25055       2.465361    
   152.0289       56.35809       2.465367    
   156.9416       56.49662       2.465393    
   161.8866       56.60048       2.465514    
   166.8759       56.64007       2.746085    
   171.8755       56.64103       2.826115    
   176.8751       56.63219       3.007951    
   181.8749       56.62782       3.365085    
   186.8749       56.62766       3.588052    
   191.8749       56.62771       3.591702    
   196.8749       56.62772       3.590804    
   201.8749       56.62771       3.590755    
   206.8749       56.62769       3.590677    
   211.8749       56.62806       3.590646    
   216.8748       56.63167       3.590630    
   221.8745       56.64086       3.590622    
   226.8739       56.65160       3.590610    
   231.8736       56.65207       3.590610    
   236.8703       56.62919       3.590623    
   241.8605       56.58356       3.590642    
   246.8531       56.54750       3.590659    
   251.8497       56.55588       3.590656    
   256.8403       56.60051       3.590645    
   261.8292       56.64991       3.590632    
   266.8226       56.68734       3.590611    
   271.8200       56.71003       3.590592    
   276.8195       56.71720       3.590567    
   281.8193       56.71275       3.590559    
   286.8188       56.70240       3.590565    
   291.8181       56.68932       3.590557    
   296.8170       56.67411       3.590543    
   301.8156       56.65614       3.590514    
   306.8141       56.63882       3.590448    
   311.8136       56.63261       3.590400    
   316.8123       56.62173       3.589140    
   321.7794       56.55063       3.558613    
   326.7076       56.42514       3.381631    
   331.6619       56.38269       3.194479    
   336.6017       56.48443       2.777732    
   341.4941       56.63803       2.687052    
   346.3997       56.78168       2.683661    
   351.3318       56.90327       2.683665    
   356.3008       56.97953       2.683769    
   361.2956       57.01069       2.683772    
   366.2939       57.02999       2.683787    
   371.2916       57.05263       2.683791    
   376.2886       57.07835       2.683803    
   381.2849       57.10709       2.683811    
   386.2799       57.14006       2.683822    
   391.2732       57.17862       2.683826    
   396.2645       57.22235       2.683869    
   401.2549       57.26841       2.764532    
   406.2462       57.31217       3.254056    
   411.2407       57.34660       3.412001    
   416.2387       57.36561       3.415884    
   421.2385       57.37129       3.415927    
   426.2385       57.37189       3.415936    
   431.2385       57.37438       3.415978    
   436.2343       57.39801       3.416014    
   441.2233       57.44698       3.416043    
   446.2118       57.49723       3.416072    
   451.2035       57.53992       3.416074    
   456.1937       57.58617       3.416064    
   461.1783       57.64410       3.416048    
   466.1624       57.70342       3.416033    
   471.1551       57.73865       3.416025    
   476.1545       57.74687       3.416023    
   481.8401       57.74725       3.416028    
   489.3643       57.74725       3.416021    
   507.4286       57.74725       3.416013    
