        1545
  -33.77417       136.6885       1.629117    
  -15.70986       136.6885       1.623862    
  -8.185690       136.6885       1.589858    
  -2.500000       136.6885       1.147246    
   2.481762       136.9860       1.145733    
   7.434425       137.6588       1.017514    
   12.38829       138.3216      0.9186704    
   17.37068       138.6622      0.6648242    
   22.36992       138.7449      0.9353626    
   27.36889       138.8391      0.7469169    
   32.36626       138.9964      0.7720513    
   37.36148       139.2104      0.8352053    
   42.35468       139.4673      0.9495597    
   47.34677       139.7446      0.9731264    
   52.33939       140.0120      0.9458317    
   57.33461       140.2241      0.9170047    
   62.33282       140.3456      0.8042943    
   67.33237       140.3495      0.9246701    
   72.33087       140.2388      0.7523946    
   77.32610       140.0294      0.9249956    
   82.31709       139.7351      0.9259036    
   87.30524       139.3958       1.026671    
   92.29430       139.0706      0.9588148    
   97.28818       138.8354      0.7315874    
   102.2866       138.7312      0.7980214    
   107.2863       138.6811      0.8296309    
   112.2728       138.3953      0.9961261    
   117.2255       137.7357      0.9678500    
   122.1606       136.9430       1.136103    
   127.1186       136.3252       1.130091    
   132.1048       135.9780       1.560024    
   137.1018       135.8299       1.511805    
   142.1004       135.8761       1.367584    
   147.0855       136.2108      0.7826857    
   152.0289       136.9238       1.076375    
   156.9416       137.8421      0.9141400    
   161.8866       138.5306      0.9560025    
   166.8759       138.7930      0.8840089    
   171.8755       138.7994      0.7540551    
   176.8751       138.7408      0.6041190    
   181.8749       138.7118      0.6035147    
   186.8749       138.7108      0.6146313    
   191.8749       138.7111      0.6924714    
   196.8749       138.7112      0.6988630    
   201.8749       138.7111      0.7938167    
   206.8749       138.7109      0.8829702    
   211.8749       138.7134      0.8859149    
   216.8748       138.7373      0.9182108    
   221.8745       138.7983      0.6833375    
   226.8739       138.8695      0.7608384    
   231.8736       138.8726      0.4795360    
   236.8703       138.7209      0.5838537    
   241.8605       138.4185      0.5569981    
   246.8531       138.1794      0.5632954    
   251.8497       138.2349      0.6381432    
   256.8403       138.5308      0.7477217    
   261.8292       138.8582      0.7616856    
   266.8226       139.1064      0.7123650    
   271.8200       139.2568      0.9807986    
   276.8195       139.3043       1.027626    
   281.8193       139.2749       1.038556    
   286.8188       139.2062      0.7458713    
   291.8181       139.1195      0.7019454    
   296.8170       139.0187      0.6365667    
   301.8156       138.8996      0.5546467    
   306.8141       138.7848      0.6435390    
   311.8136       138.7435      0.6203765    
   316.8123       138.6715      0.7728113    
   321.7794       138.2001      0.9127299    
   326.7076       137.3683      0.9378549    
   331.6619       137.0869       1.029174    
   336.6017       137.7613      0.9946317    
   341.4941       138.7795      0.9547864    
   346.3997       139.7317       1.052582    
   351.3318       140.5377      0.7868622    
   356.3008       141.0433       1.110506    
   361.2956       141.2499      0.9946607    
   366.2939       141.3779      0.7363307    
   371.2916       141.5279      0.6635497    
   376.2886       141.6984      0.8201339    
   381.2849       141.8889      0.9032608    
   386.2799       142.1075      0.8548962    
   391.2732       142.3631      0.9562491    
   396.2645       142.6530      0.9708911    
   401.2549       142.9583      0.7360356    
   406.2462       143.2484      0.5921389    
   411.2407       143.4767      0.5893782    
   416.2387       143.6027      0.6370312    
   421.2385       143.6403      0.5542527    
   426.2385       143.6443      0.6579213    
   431.2385       143.6608      0.6687869    
   436.2343       143.8174      0.9555737    
   441.2233       144.1421      0.9471365    
   446.2118       144.4751      0.7465574    
   451.2035       144.7582      0.7052394    
   456.1937       145.0647      0.7743422    
   461.1783       145.4488       1.006366    
   466.1624       145.8420       1.005099    
   471.1551       146.0755      0.9309146    
   476.1545       146.1300      0.9522595    
   481.8401       146.1326       1.763752    
   489.3643       146.1326       1.879962    
   507.4286       146.1326       2.044650    
  -33.77417       134.0858       1.633734    
  -15.70986       134.0858       1.637475    
  -8.185690       134.0858       1.629583    
  -2.500000       134.0858       1.611711    
   2.481762       134.3752       1.603561    
   7.434425       135.0294       1.558688    
   12.38829       135.6740       1.573914    
   17.37068       136.0052       1.580646    
   22.36992       136.0857       1.629907    
   27.36889       136.1774       1.612272    
   32.36626       136.3303       1.648788    
   37.36148       136.5384       1.518175    
   42.35468       136.7882       1.518738    
   47.34677       137.0579       1.770725    
   52.33939       137.3180       1.841595    
   57.33461       137.5242       1.604159    
   62.33282       137.6424       1.583754    
   67.33237       137.6462       1.763549    
   72.33087       137.5385       1.700859    
   77.32610       137.3349       1.729001    
   82.31709       137.0487       1.799149    
   87.30524       136.7188       1.797620    
   92.29430       136.4025       1.815033    
   97.28818       136.1738       2.378191    
   102.2866       136.0724       2.372353    
   107.2863       136.0237       1.699305    
   112.2728       135.7457       1.110963    
   117.2255       135.1043       1.458466    
   122.1606       134.3334       1.456733    
   127.1186       133.7326       1.448721    
   132.1048       133.3949       1.576654    
   137.1018       133.2509       1.532498    
   142.1004       133.2958       1.442055    
   147.0855       133.6214       1.372417    
   152.0289       134.3147       1.428956    
   156.9416       135.2077       1.417243    
   161.8866       135.8773       1.645658    
   166.8759       136.1325       1.496396    
   171.8755       136.1387       1.421682    
   176.8751       136.0817       2.296644    
   181.8749       136.0535       2.247432    
   186.8749       136.0525       1.535068    
   191.8749       136.0529       1.527557    
   196.8749       136.0529       1.301460    
   201.8749       136.0529       1.620693    
   206.8749       136.0527      0.9291571    
   211.8749       136.0551       1.704185    
   216.8748       136.0783       1.183204    
   221.8745       136.1376       1.197727    
   226.8739       136.2069       1.737217    
   231.8736       136.2099       1.390979    
   236.8703       136.0623       1.803522    
   241.8605       135.7682       2.201603    
   246.8531       135.5358       2.238645    
   251.8497       135.5898       2.082446    
   256.8403       135.8775       1.981433    
   261.8292       136.1960       1.778026    
   266.8226       136.4373       1.777628    
   271.8200       136.5835       1.358099    
   276.8195       136.6297       1.358925    
   281.8193       136.6011       1.190616    
   286.8188       136.5343       1.311158    
   291.8181       136.4500       1.595402    
   296.8170       136.3520       1.804735    
   301.8156       136.2361       1.825423    
   306.8141       136.1245       1.830440    
   311.8136       136.0844       1.835668    
   316.8123       136.0143       1.702105    
   321.7794       135.5559       1.679589    
   326.7076       134.7469       1.438635    
   331.6619       134.4733       1.436773    
   336.6017       135.1292       1.496845    
   341.4941       136.1194       1.432683    
   346.3997       137.0454       1.656318    
   351.3318       137.8293       1.523176    
   356.3008       138.3209       1.409370    
   361.2956       138.5218       1.381015    
   366.2939       138.6463       1.435631    
   371.2916       138.7922       2.100035    
   376.2886       138.9579       2.063603    
   381.2849       139.1433       1.656728    
   386.2799       139.3558       1.515476    
   391.2732       139.6044       1.507831    
   396.2645       139.8863       1.462151    
   401.2549       140.1832       1.784522    
   406.2462       140.4654       1.815763    
   411.2407       140.6873       1.727382    
   416.2387       140.8099       1.735836    
   421.2385       140.8465       1.660042    
   426.2385       140.8504       1.501048    
   431.2385       140.8664       1.596275    
   436.2343       141.0188       1.569620    
   441.2233       141.3345       1.427472    
   446.2118       141.6584       1.153375    
   451.2035       141.9337       1.184125    
   456.1937       142.2318       1.206093    
   461.1783       142.6053       1.326050    
   466.1624       142.9877       1.562677    
   471.1551       143.2148       1.668147    
   476.1545       143.2677       1.733419    
   481.8401       143.2702       1.812268    
   489.3643       143.2702       1.898442    
   507.4286       143.2702       2.055098    
  -33.77417       131.3152       1.644656    
  -15.70986       131.3152       1.666514    
  -8.185690       131.3152       1.716532    
  -2.500000       131.3152       1.710904    
   2.481762       131.5958       1.706148    
   7.434425       132.2304       1.681474    
   12.38829       132.8556       1.679806    
   17.37068       133.1768       1.768252    
   22.36992       133.2549       1.784113    
   27.36889       133.3438       1.781685    
   32.36626       133.4921       1.785299    
   37.36148       133.6940       1.673816    
   42.35468       133.9363       1.527603    
   47.34677       134.1978       1.589052    
   52.33939       134.4500       1.834013    
   57.33461       134.6501       1.826901    
   62.33282       134.7647       1.839285    
   67.33237       134.7684       1.908209    
   72.33087       134.6640       1.847231    
   77.32610       134.4664       1.832053    
   82.31709       134.1889       1.811949    
   87.30524       133.8689       1.806969    
   92.29430       133.5621       1.814682    
   97.28818       133.3403       1.868150    
   102.2866       133.2420       1.810247    
   107.2863       133.1947       1.765719    
   112.2728       132.9252       1.595698    
   117.2255       132.3031       1.612934    
   122.1606       131.5553       1.612597    
   127.1186       130.9726       1.615864    
   132.1048       130.6451       1.627648    
   137.1018       130.5054       1.595817    
   142.1004       130.5490       1.558051    
   147.0855       130.8647       1.546107    
   152.0289       131.5372       1.627005    
   156.9416       132.4034       1.590672    
   161.8866       133.0527       1.650792    
   166.8759       133.3003       1.635810    
   171.8755       133.3063       1.641066    
   176.8751       133.2510       1.786666    
   181.8749       133.2236       1.731175    
   186.8749       133.2227       1.457372    
   191.8749       133.2231       1.446773    
   196.8749       133.2231       1.439047    
   201.8749       133.2231       1.710582    
   206.8749       133.2229      0.9310701    
   211.8749       133.2252       1.536147    
   216.8748       133.2477       1.410655    
   221.8745       133.3052       1.412200    
   226.8739       133.3724       1.744524    
   231.8736       133.3753       1.621033    
   236.8703       133.2322       1.648546    
   241.8605       132.9470       1.866698    
   246.8531       132.7215       1.959111    
   251.8497       132.7738       1.926459    
   256.8403       133.0529       1.920101    
   261.8292       133.3618       1.928450    
   266.8226       133.5959       1.993459    
   271.8200       133.7377       1.517246    
   276.8195       133.7825       1.372885    
   281.8193       133.7548       1.366083    
   286.8188       133.6900       1.465979    
   291.8181       133.6082       1.454278    
   296.8170       133.5132       1.703933    
   301.8156       133.4008       1.884091    
   306.8141       133.2925       1.892727    
   311.8136       133.2536       1.899265    
   316.8123       133.1856       1.866581    
   321.7794       132.7410       1.739954    
   326.7076       131.9564       1.705522    
   331.6619       131.6910       1.724616    
   336.6017       132.3271       1.759247    
   341.4941       133.2876       1.743691    
   346.3997       134.1857       1.816571    
   351.3318       134.9460       1.784939    
   356.3008       135.4228       1.711473    
   361.2956       135.6176       1.682939    
   366.2939       135.7384       1.689345    
   371.2916       135.8799       1.962973    
   376.2886       136.0407       1.990466    
   381.2849       136.2204       1.788479    
   386.2799       136.4265       1.603318    
   391.2732       136.6677       1.468467    
   396.2645       136.9411       1.477006    
   401.2549       137.2291       1.791346    
   406.2462       137.5027       1.849254    
   411.2407       137.7180       1.805269    
   416.2387       137.8369       1.770655    
   421.2385       137.8724       1.688286    
   426.2385       137.8761       1.628332    
   431.2385       137.8917       1.647430    
   436.2343       138.0394       1.662928    
   441.2233       138.3456       1.593429    
   446.2118       138.6598       1.440650    
   451.2035       138.9268       1.421736    
   456.1937       139.2159       1.436463    
   461.1783       139.5782       1.469739    
   466.1624       139.9491       1.619412    
   471.1551       140.1694       1.770885    
   476.1545       140.2207       1.827737    
   481.8401       140.2231       1.890049    
   489.3643       140.2231       1.941670    
   507.4286       140.2231       2.085316    
  -33.77417       128.3538       1.664294    
  -15.70986       128.3538       1.712031    
  -8.185690       128.3538       1.913476    
  -2.500000       128.3538       1.971936    
   2.481762       128.6251       2.003447    
   7.434425       129.2386       2.003811    
   12.38829       129.8431       2.001533    
   17.37068       130.1537       2.068774    
   22.36992       130.2291       2.094224    
   27.36889       130.3151       2.096622    
   32.36626       130.4585       2.087096    
   37.36148       130.6536       1.969913    
   42.35468       130.8879       1.813623    
   47.34677       131.1408       1.811250    
   52.33939       131.3846       1.866352    
   57.33461       131.5780       1.888375    
   62.33282       131.6889       1.940572    
   67.33237       131.6924       2.129358    
   72.33087       131.5914       2.141316    
   77.32610       131.4005       2.167983    
   82.31709       131.1322       2.182557    
   87.30524       130.8228       2.166876    
   92.29430       130.5262       2.044295    
   97.28818       130.3116       1.994712    
   102.2866       130.2167       1.811313    
   107.2863       130.1709       1.722571    
   112.2728       129.9104       1.676848    
   117.2255       129.3089       1.697116    
   122.1606       128.5859       1.708568    
   127.1186       128.0226       1.709958    
   132.1048       127.7059       1.715664    
   137.1018       127.5708       1.689015    
   142.1004       127.6130       1.667346    
   147.0855       127.9183       1.681512    
   152.0289       128.5684       1.799395    
   156.9416       129.4059       1.824034    
   161.8866       130.0337       1.967645    
   166.8759       130.2731       2.050617    
   171.8755       130.2789       2.067334    
   176.8751       130.2254       1.977107    
   181.8749       130.1989       1.946229    
   186.8749       130.1980       1.868466    
   191.8749       130.1983       1.857725    
   196.8749       130.1983       1.850220    
   201.8749       130.1983       1.847842    
   206.8749       130.1982       1.755219    
   211.8749       130.2005       1.713552    
   216.8748       130.2222       1.805082    
   221.8745       130.2778       1.795954    
   226.8739       130.3428       1.741230    
   231.8736       130.3456       1.701205    
   236.8703       130.2072       1.709444    
   241.8605       129.9314       1.777441    
   246.8531       129.7134       1.820401    
   251.8497       129.7641       1.798765    
   256.8403       130.0339       1.789972    
   261.8292       130.3325       1.805154    
   266.8226       130.5588       1.814705    
   271.8200       130.6960       1.654445    
   276.8195       130.7393       1.638662    
   281.8193       130.7124       1.667476    
   286.8188       130.6498       1.886191    
   291.8181       130.5708       2.021044    
   296.8170       130.4788       2.174960    
   301.8156       130.3701       2.281697    
   306.8141       130.2655       2.297573    
   311.8136       130.2279       2.283991    
   316.8123       130.1622       2.165039    
   321.7794       129.7323       1.987089    
   326.7076       128.9738       1.905520    
   331.6619       128.7171       1.896999    
   336.6017       129.3322       1.908690    
   341.4941       130.2607       1.894558    
   346.3997       131.1291       1.897403    
   351.3318       131.8641       1.825449    
   356.3008       132.3251       1.744692    
   361.2956       132.5135       1.729414    
   366.2939       132.6302       1.753282    
   371.2916       132.7671       1.894088    
   376.2886       132.9225       1.923011    
   381.2849       133.0963       1.843139    
   386.2799       133.2955       1.738805    
   391.2732       133.5287       1.690337    
   396.2645       133.7930       1.736211    
   401.2549       134.0715       2.044602    
   406.2462       134.3360       2.125968    
   411.2407       134.5442       2.127445    
   416.2387       134.6591       2.114774    
   421.2385       134.6935       2.086051    
   426.2385       134.6971       2.070478    
   431.2385       134.7121       2.061468    
   436.2343       134.8550       2.037975    
   441.2233       135.1510       1.930608    
   446.2118       135.4547       1.747900    
   451.2035       135.7129       1.691781    
   456.1937       135.9924       1.674319    
   461.1783       136.3427       1.702035    
   466.1624       136.7012       1.775236    
   471.1551       136.9142       1.877468    
   476.1545       136.9639       1.938376    
   481.8401       136.9662       1.989997    
   489.3643       136.9662       2.032332    
   507.4286       136.9662       2.147265    
  -33.77417       125.1739       1.693595    
  -15.70986       125.1739       1.763321    
  -8.185690       125.1739       2.025516    
  -2.500000       125.1739       2.160290    
   2.481762       125.4352       2.231547    
   7.434425       126.0261       2.273695    
   12.38829       126.6083       2.314198    
   17.37068       126.9075       2.376409    
   22.36992       126.9801       2.403239    
   27.36889       127.0629       2.405744    
   32.36626       127.2010       2.381317    
   37.36148       127.3890       2.247643    
   42.35468       127.6146       2.076475    
   47.34677       127.8582       2.048592    
   52.33939       128.0931       2.080320    
   57.33461       128.2793       2.105953    
   62.33282       128.3861       2.161360    
   67.33237       128.3895       2.305795    
   72.33087       128.2923       2.367774    
   77.32610       128.1083       2.409279    
   82.31709       127.8499       2.429247    
   87.30524       127.5519       2.420977    
   92.29430       127.2662       2.356367    
   97.28818       127.0596       2.166499    
   102.2866       126.9681       1.921796    
   107.2863       126.9241       1.841820    
   112.2728       126.6731       1.858734    
   117.2255       126.0938       1.853611    
   122.1606       125.3975       1.849898    
   127.1186       124.8549       1.841323    
   132.1048       124.5499       1.833754    
   137.1018       124.4198       1.821343    
   142.1004       124.4603       1.816221    
   147.0855       124.7544       1.836675    
   152.0289       125.3806       1.907063    
   156.9416       126.1872       1.997896    
   161.8866       126.7919       2.166826    
   166.8759       127.0225       2.359597    
   171.8755       127.0280       2.400532    
   176.8751       126.9765       2.400333    
   181.8749       126.9510       2.389944    
   186.8749       126.9501       2.273904    
   191.8749       126.9505       2.160638    
   196.8749       126.9505       2.128053    
   201.8749       126.9505       2.089208    
   206.8749       126.9503       1.804341    
   211.8749       126.9525       1.837453    
   216.8748       126.9735       1.818078    
   221.8745       127.0270       1.801897    
   226.8739       127.0896       1.814462    
   231.8736       127.0923       1.789529    
   236.8703       126.9591       1.783214    
   241.8605       126.6934       1.792124    
   246.8531       126.4834       1.796754    
   251.8497       126.5322       1.776608    
   256.8403       126.7921       1.772741    
   261.8292       127.0797       1.753827    
   266.8226       127.2977       1.739431    
   271.8200       127.4297       1.728582    
   276.8195       127.4715       1.796304    
   281.8193       127.4456       1.820836    
   286.8188       127.3853       1.978153    
   291.8181       127.3092       2.249292    
   296.8170       127.2206       2.540037    
   301.8156       127.1160       2.691635    
   306.8141       127.0152       2.701432    
   311.8136       126.9790       2.665885    
   316.8123       126.9157       2.529404    
   321.7794       126.5017       2.332506    
   326.7076       125.7710       2.194263    
   331.6619       125.5238       2.151392    
   336.6017       126.1162       2.136688    
   341.4941       127.0106       2.113296    
   346.3997       127.8469       2.091081    
   351.3318       128.5549       2.019063    
   356.3008       128.9989       1.966406    
   361.2956       129.1804       1.957270    
   366.2939       129.2928       1.979929    
   371.2916       129.4245       2.114207    
   376.2886       129.5742       2.187888    
   381.2849       129.7417       2.177589    
   386.2799       129.9336       2.163895    
   391.2732       130.1582       2.158509    
   396.2645       130.4128       2.233367    
   401.2549       130.6809       2.455856    
   406.2462       130.9357       2.591031    
   411.2407       131.1362       2.614207    
   416.2387       131.2469       2.604563    
   421.2385       131.2800       2.575865    
   426.2385       131.2835       2.541288    
   431.2385       131.2979       2.501100    
   436.2343       131.4355       2.434630    
   441.2233       131.7207       2.300593    
   446.2118       132.0132       2.132751    
   451.2035       132.2618       2.049944    
   456.1937       132.5311       2.020779    
   461.1783       132.8684       2.027545    
   466.1624       133.2138       2.047912    
   471.1551       133.4189       2.083891    
   476.1545       133.4668       2.113448    
   481.8401       133.4690       2.145604    
   489.3643       133.4690       2.179366    
   507.4286       133.4690       2.260514    
  -33.77417       121.7413       1.734679    
  -15.70986       121.7413       1.828949    
  -8.185690       121.7413       2.141106    
  -2.500000       121.7413       2.331673    
   2.481762       121.9919       2.446862    
   7.434425       122.5584       2.520473    
   12.38829       123.1165       2.575533    
   17.37068       123.4034       2.617927    
   22.36992       123.4730       2.638829    
   27.36889       123.5524       2.640242    
   32.36626       123.6848       2.606539    
   37.36148       123.8650       2.495384    
   42.35468       124.0813       2.368458    
   47.34677       124.3148       2.326094    
   52.33939       124.5400       2.321563    
   57.33461       124.7186       2.328112    
   62.33282       124.8209       2.357956    
   67.33237       124.8242       2.434989    
   72.33087       124.7309       2.501982    
   77.32610       124.5546       2.549181    
   82.31709       124.3068       2.568435    
   87.30524       124.0211       2.562179    
   92.29430       123.7473       2.507187    
   97.28818       123.5492       2.319124    
   102.2866       123.4615       2.148026    
   107.2863       123.4193       2.075660    
   112.2728       123.1786       2.039186    
   117.2255       122.6232       2.013062    
   122.1606       121.9557       1.985422    
   127.1186       121.4355       1.955954    
   132.1048       121.1431       1.938082    
   137.1018       121.0183       1.928389    
   142.1004       121.0573       1.932835    
   147.0855       121.3392       1.966246    
   152.0289       121.9395       2.052634    
   156.9416       122.7128       2.249957    
   161.8866       123.2925       2.484404    
   166.8759       123.5135       2.663161    
   171.8755       123.5189       2.798014    
   176.8751       123.4696       2.862356    
   181.8749       123.4451       2.868410    
   186.8749       123.4443       2.795040    
   191.8749       123.4446       2.674217    
   196.8749       123.4446       2.600875    
   201.8749       123.4446       2.518700    
   206.8749       123.4444       2.400325    
   211.8749       123.4465       2.401432    
   216.8748       123.4666       2.374366    
   221.8745       123.5179       2.336479    
   226.8739       123.5779       2.318119    
   231.8736       123.5806       2.259656    
   236.8703       123.4528       2.222297    
   241.8605       123.1981       2.210971    
   246.8531       122.9968       2.206193    
   251.8497       123.0435       2.203956    
   256.8403       123.2927       2.281041    
   261.8292       123.5684       2.281367    
   266.8226       123.7774       2.284775    
   271.8200       123.9041       2.292025    
   276.8195       123.9441       2.309181    
   281.8193       123.9193       2.363516    
   286.8188       123.8614       2.510716    
   291.8181       123.7885       2.746918    
   296.8170       123.7036       2.966164    
   301.8156       123.6032       3.062843    
   306.8141       123.5066       3.052451    
   311.8136       123.4719       2.990125    
   316.8123       123.4112       2.857743    
   321.7794       123.0143       2.668766    
   326.7076       122.3138       2.522235    
   331.6619       122.0768       2.446893    
   336.6017       122.6448       2.401035    
   341.4941       123.5022       2.355926    
   346.3997       124.3040       2.301547    
   351.3318       124.9827       2.213404    
   356.3008       125.4084       2.140538    
   361.2956       125.5824       2.131309    
   366.2939       125.6901       2.180149    
   371.2916       125.8165       2.304608    
   376.2886       125.9600       2.381137    
   381.2849       126.1205       2.394303    
   386.2799       126.3045       2.400791    
   391.2732       126.5198       2.428762    
   396.2645       126.7639       2.534601    
   401.2549       127.0210       2.713489    
   406.2462       127.2653       2.888315    
   411.2407       127.4575       2.923096    
   416.2387       127.5636       2.923009    
   421.2385       127.5953       2.908706    
   426.2385       127.5986       2.882314    
   431.2385       127.6125       2.840666    
   436.2343       127.7445       2.768896    
   441.2233       128.0178       2.649018    
   446.2118       128.2982       2.510592    
   451.2035       128.5366       2.412838    
   456.1937       128.7948       2.368244    
   461.1783       129.1181       2.364802    
   466.1624       129.4493       2.377423    
   471.1551       129.6459       2.392383    
   476.1545       129.6918       2.402589    
   481.8401       129.6939       2.413019    
   489.3643       129.6939       2.424552    
   507.4286       129.6939       2.448509    
  -33.77417       118.0135       1.790928    
  -15.70986       118.0135       1.923631    
  -8.185690       118.0135       2.254293    
  -2.500000       118.0135       2.455657    
   2.481762       118.2522       2.582808    
   7.434425       118.7923       2.669576    
   12.38829       119.3243       2.731557    
   17.37068       119.5977       2.770445    
   22.36992       119.6640       2.786667    
   27.36889       119.7397       2.786815    
   32.36626       119.8660       2.755584    
   37.36148       120.0378       2.670416    
   42.35468       120.2439       2.565239    
   47.34677       120.4665       2.504523    
   52.33939       120.6811       2.484343    
   57.33461       120.8514       2.478791    
   62.33282       120.9489       2.487961    
   67.33237       120.9520       2.523340    
   72.33087       120.8632       2.572348    
   77.32610       120.6951       2.612493    
   82.31709       120.4589       2.631076    
   87.30524       120.1866       2.627583    
   92.29430       119.9255       2.588489    
   97.28818       119.7367       2.484009    
   102.2866       119.6531       2.313275    
   107.2863       119.6129       2.239769    
   112.2728       119.3835       2.189428    
   117.2255       118.8540       2.147599    
   122.1606       118.2177       2.104560    
   127.1186       117.7218       2.067441    
   132.1048       117.4431       2.046779    
   137.1018       117.3242       2.038328    
   142.1004       117.3613       2.049206    
   147.0855       117.6301       2.090270    
   152.0289       118.2023       2.192023    
   156.9416       118.9394       2.418207    
   161.8866       119.4921       2.606215    
   166.8759       119.7027       2.818214    
   171.8755       119.7078       3.054783    
   176.8751       119.6608       3.168930    
   181.8749       119.6375       3.197063    
   186.8749       119.6367       3.182859    
   191.8749       119.6370       3.121323    
   196.8749       119.6370       3.042997    
   201.8749       119.6370       2.927134    
   206.8749       119.6368       2.742874    
   211.8749       119.6388       2.695293    
   216.8748       119.6580       2.669207    
   221.8745       119.7069       2.646329    
   226.8739       119.7641       2.624144    
   231.8736       119.7666       2.591707    
   236.8703       119.6448       2.559497    
   241.8605       119.4020       2.539217    
   246.8531       119.2101       2.528414    
   251.8497       119.2547       2.524348    
   256.8403       119.4922       2.527981    
   261.8292       119.7551       2.532821    
   266.8226       119.9542       2.545105    
   271.8200       120.0750       2.576351    
   276.8195       120.1131       2.641376    
   281.8193       120.0895       2.746132    
   286.8188       120.0343       2.906211    
   291.8181       119.9648       3.093525    
   296.8170       119.8839       3.238770    
   301.8156       119.7882       3.296068    
   306.8141       119.6961       3.290123    
   311.8136       119.6630       3.205358    
   316.8123       119.6051       3.086419    
   321.7794       119.2268       2.912743    
   326.7076       118.5591       2.765170    
   331.6619       118.3332       2.659481    
   336.6017       118.8746       2.584584    
   341.4941       119.6919       2.521898    
   346.3997       120.4562       2.459648    
   351.3318       121.1031       2.395344    
   356.3008       121.5089       2.354507    
   361.2956       121.6748       2.343417    
   366.2939       121.7775       2.366997    
   371.2916       121.8979       2.442272    
   376.2886       122.0348       2.514749    
   381.2849       122.1877       2.558447    
   386.2799       122.3631       2.597368    
   391.2732       122.5684       2.654420    
   396.2645       122.8010       2.756285    
   401.2549       123.0461       2.910566    
   406.2462       123.2790       3.125852    
   411.2407       123.4621       3.211974    
   416.2387       123.5633       3.223125    
   421.2385       123.5935       3.209803    
   426.2385       123.5967       3.177689    
   431.2385       123.6100       3.125208    
   436.2343       123.7357       3.043384    
   441.2233       123.9963       2.933257    
   446.2118       124.2636       2.814541    
   451.2035       124.4909       2.716887    
   456.1937       124.7369       2.661446    
   461.1783       125.0452       2.646371    
   466.1624       125.3608       2.648325    
   471.1551       125.5482       2.653535    
   476.1545       125.5920       2.658046    
   481.8401       125.5940       2.657648    
   489.3643       125.5940       2.652464    
   507.4286       125.5940       2.638260    
  -33.77417       113.9358       1.860302    
  -15.70986       113.9358       2.016598    
  -8.185690       113.9358       2.361011    
  -2.500000       113.9358       2.554299    
   2.481762       114.1617       2.676417    
   7.434425       114.6728       2.763048    
   12.38829       115.1762       2.822440    
   17.37068       115.4350       2.858350    
   22.36992       115.4978       2.873318    
   27.36889       115.5694       2.872324    
   32.36626       115.6889       2.846124    
   37.36148       115.8514       2.783748    
   42.35468       116.0465       2.700233    
   47.34677       116.2571       2.628760    
   52.33939       116.4603       2.589948    
   57.33461       116.6214       2.574864    
   62.33282       116.7137       2.572745    
   67.33237       116.7167       2.585338    
   72.33087       116.6326       2.611473    
   77.32610       116.4735       2.637004    
   82.31709       116.2499       2.650451    
   87.30524       115.9922       2.648760    
   92.29430       115.7452       2.624054    
   97.28818       115.5665       2.556031    
   102.2866       115.4874       2.411547    
   107.2863       115.4493       2.334442    
   112.2728       115.2323       2.282831    
   117.2255       114.7313       2.241338    
   122.1606       114.1291       2.199082    
   127.1186       113.6599       2.162694    
   132.1048       113.3961       2.140752    
   137.1018       113.2836       2.134653    
   142.1004       113.3186       2.148853    
   147.0855       113.5730       2.200771    
   152.0289       114.1145       2.312688    
   156.9416       114.8120       2.510144    
   161.8866       115.3350       2.659374    
   166.8759       115.5344       2.865890    
   171.8755       115.5392       3.149109    
   176.8751       115.4947       3.316670    
   181.8749       115.4726       3.429192    
   186.8749       115.4719       3.439798    
   191.8749       115.4722       3.418521    
   196.8749       115.4722       3.366229    
   201.8749       115.4722       3.277640    
   206.8749       115.4720       3.161622    
   211.8749       115.4739       3.090458    
   216.8748       115.4921       3.041500    
   221.8745       115.5383       2.999432    
   226.8739       115.5924       2.960278    
   231.8736       115.5948       2.918689    
   236.8703       115.4796       2.881122    
   241.8605       115.2498       2.855725    
   246.8531       115.0682       2.841758    
   251.8497       115.1104       2.836183    
   256.8403       115.3352       2.837973    
   261.8292       115.5839       2.844558    
   266.8226       115.7724       2.859982    
   271.8200       115.8866       2.893854    
   276.8195       115.9228       2.960695    
   281.8193       115.9004       3.064620    
   286.8188       115.8482       3.197001    
   291.8181       115.7824       3.329132    
   296.8170       115.7058       3.422613    
   301.8156       115.6153       3.459724    
   306.8141       115.5281       3.454711    
   311.8136       115.4968       3.401393    
   316.8123       115.4420       3.299711    
   321.7794       115.0840       3.112441    
   326.7076       114.4521       2.961353    
   331.6619       114.2384       2.827127    
   336.6017       114.7507       2.720520    
   341.4941       115.5241       2.637740    
   346.3997       116.2474       2.564823    
   351.3318       116.8596       2.504297    
   356.3008       117.2437       2.469951    
   361.2956       117.4006       2.458800    
   366.2939       117.4977       2.470622    
   371.2916       117.6117       2.517805    
   376.2886       117.7412       2.578457    
   381.2849       117.8860       2.633997    
   386.2799       118.0519       2.695830    
   391.2732       118.2462       2.772263    
   396.2645       118.4663       2.870604    
   401.2549       118.6983       3.008358    
   406.2462       118.9186       3.210844    
   411.2407       119.0920       3.338541    
   416.2387       119.1877       3.373872    
   421.2385       119.2163       3.369142    
   426.2385       119.2194       3.344502    
   431.2385       119.2319       3.299082    
   436.2343       119.3509       3.232363    
   441.2233       119.5975       3.149005    
   446.2118       119.8504       3.058646    
   451.2035       120.0655       2.979320    
   456.1937       120.2983       2.926251    
   461.1783       120.5900       2.900403    
   466.1624       120.8887       2.891237    
   471.1551       121.0661       2.887791    
   476.1545       121.1075       2.882429    
   481.8401       121.1095       2.869970    
   489.3643       121.1095       2.849993    
   507.4286       121.1095       2.805470    
  -33.77417       109.4377       1.941671    
  -15.70986       109.4377       2.115160    
  -8.185690       109.4377       2.460857    
  -2.500000       109.4377       2.633711    
   2.481762       109.6495       2.742527    
   7.434425       110.1285       2.820750    
   12.38829       110.6005       2.871633    
   17.37068       110.8431       2.901461    
   22.36992       110.9020       2.913844    
   27.36889       110.9691       2.911995    
   32.36626       111.0811       2.892660    
   37.36148       111.2335       2.849965    
   42.35468       111.4164       2.789233    
   47.34677       111.6138       2.724265    
   52.33939       111.8043       2.673697    
   57.33461       111.9553       2.646899    
   62.33282       112.0418       2.637444    
   67.33237       112.0446       2.637132    
   72.33087       111.9657       2.643265    
   77.32610       111.8166       2.653414    
   82.31709       111.6071       2.659673    
   87.30524       111.3655       2.658120    
   92.29430       111.1339       2.643737    
   97.28818       110.9664       2.600223    
   102.2866       110.8923       2.520509    
   107.2863       110.8566       2.397575    
   112.2728       110.6531       2.335192    
   117.2255       110.1834       2.295053    
   122.1606       109.6189       2.258759    
   127.1186       109.1790       2.231029    
   132.1048       108.9318       2.214404    
   137.1018       108.8263       2.211814    
   142.1004       108.8592       2.231101    
   147.0855       109.0976       2.291255    
   152.0289       109.6052       2.400124    
   156.9416       110.2591       2.549623    
   161.8866       110.7494       2.670351    
   166.8759       110.9363       2.852461    
   171.8755       110.9408       3.153241    
   176.8751       110.8991       3.343580    
   181.8749       110.8784       3.531663    
   186.8749       110.8776       3.591117    
   191.8749       110.8779       3.593851    
   196.8749       110.8779       3.570966    
   201.8749       110.8779       3.517267    
   206.8749       110.8778       3.441886    
   211.8749       110.8796       3.372218    
   216.8748       110.8966       3.313965    
   221.8745       110.9400       3.262945    
   226.8739       110.9907       3.216604    
   231.8736       110.9929       3.171621    
   236.8703       110.8849       3.131514    
   241.8605       110.6695       3.103406    
   246.8531       110.4993       3.087474    
   251.8497       110.5388       3.080743    
   256.8403       110.7495       3.081389    
   261.8292       110.9827       3.088560    
   266.8226       111.1594       3.106074    
   271.8200       111.2665       3.142052    
   276.8195       111.3003       3.204930    
   281.8193       111.2794       3.291806    
   286.8188       111.2305       3.390321    
   291.8181       111.1687       3.475759    
   296.8170       111.0969       3.530663    
   301.8156       111.0121       3.550470    
   306.8141       110.9304       3.543151    
   311.8136       110.9010       3.496892    
   316.8123       110.8497       3.417464    
   321.7794       110.5141       3.298907    
   326.7076       109.9218       3.162386    
   331.6619       109.7214       2.975651    
   336.6017       110.2016       2.831119    
   341.4941       110.9267       2.724418    
   346.3997       111.6047       2.638857    
   351.3318       112.1786       2.573789    
   356.3008       112.5386       2.538038    
   361.2956       112.6857       2.525504    
   366.2939       112.7768       2.527495    
   371.2916       112.8837       2.556357    
   376.2886       113.0050       2.603954    
   381.2849       113.1407       2.661618    
   386.2799       113.2963       2.730352    
   391.2732       113.4784       2.815015    
   396.2645       113.6848       2.913420    
   401.2549       113.9022       3.046154    
   406.2462       114.1088       3.240017    
   411.2407       114.2713       3.375018    
   416.2387       114.3611       3.437866    
   421.2385       114.3878       3.442270    
   426.2385       114.3907       3.428213    
   431.2385       114.4025       3.396648    
   436.2343       114.5140       3.352133    
   441.2233       114.7451       3.295533    
   446.2118       114.9823       3.232444    
   451.2035       115.1839       3.175157    
   456.1937       115.4022       3.130861    
   461.1783       115.6756       3.100632    
   466.1624       115.9556       3.081736    
   471.1551       116.1219       3.068681    
   476.1545       116.1607       3.055325    
   481.8401       116.1625       3.034502    
   489.3643       116.1625       3.003593    
   507.4286       116.1625       2.940468    
  -33.77417       104.4251       2.039407    
  -15.70986       104.4251       2.236639    
  -8.185690       104.4251       2.550084    
  -2.500000       104.4251       2.700239    
   2.481762       104.6212       2.791827    
   7.434425       105.0646       2.858165    
   12.38829       105.5015       2.899648    
   17.37068       105.7260       2.922737    
   22.36992       105.7805       2.931993    
   27.36889       105.8427       2.929709    
   32.36626       105.9463       2.915167    
   37.36148       106.0873       2.887155    
   42.35468       106.2567       2.844037    
   47.34677       106.4394       2.792463    
   52.33939       106.6157       2.742926    
   57.33461       106.7555       2.706237    
   62.33282       106.8356       2.685306    
   67.33237       106.8381       2.676691    
   72.33087       106.7651       2.674811    
   77.32610       106.6271       2.675460    
   82.31709       106.4332       2.675761    
   87.30524       106.2096       2.672447    
   92.29430       105.9952       2.661290    
   97.28818       105.8402       2.627970    
   102.2866       105.7715       2.566110    
   107.2863       105.7385       2.445339    
   112.2728       105.5501       2.375038    
   117.2255       105.1154       2.334211    
   122.1606       104.5929       2.303710    
   127.1186       104.1857       2.284559    
   132.1048       103.9569       2.274276    
   137.1018       103.8593       2.273768    
   142.1004       103.8897       2.296790    
   147.0855       104.1104       2.356243    
   152.0289       104.5803       2.450757    
   156.9416       105.1855       2.563070    
   161.8866       105.6393       2.664860    
   166.8759       105.8122       2.826292    
   171.8755       105.8165       3.071742    
   176.8751       105.7778       3.319136    
   181.8749       105.7587       3.532335    
   186.8749       105.7580       3.620222    
   191.8749       105.7582       3.673862    
   196.8749       105.7583       3.673986    
   201.8749       105.7583       3.650721    
   206.8749       105.7581       3.607953    
   211.8749       105.7598       3.557830    
   216.8748       105.7755       3.507272    
   221.8745       105.8157       3.458196    
   226.8739       105.8626       3.411954    
   231.8736       105.8647       3.367217    
   236.8703       105.7647       3.327487    
   241.8605       105.5654       3.297440    
   246.8531       105.4078       3.278585    
   251.8497       105.4444       3.270292    
   256.8403       105.6394       3.270175    
   261.8292       105.8553       3.278264    
   266.8226       106.0188       3.298620    
   271.8200       106.1179       3.334882    
   276.8195       106.1492       3.388137    
   281.8193       106.1298       3.450845    
   286.8188       106.0846       3.512182    
   291.8181       106.0275       3.559084    
   296.8170       105.9610       3.587104    
   301.8156       105.8824       3.595321    
   306.8141       105.8068       3.581719    
   311.8136       105.7796       3.535784    
   316.8123       105.7321       3.470880    
   321.7794       105.4215       3.381541    
   326.7076       104.8732       3.273395    
   331.6619       104.6877       3.127512    
   336.6017       105.1322       2.934137    
   341.4941       105.8034       2.797570    
   346.3997       106.4309       2.696382    
   351.3318       106.9622       2.622536    
   356.3008       107.2954       2.581938    
   361.2956       107.4315       2.563924    
   366.2939       107.5159       2.560108    
   371.2916       107.6148       2.577031    
   376.2886       107.7271       2.614310    
   381.2849       107.8528       2.667949    
   386.2799       107.9968       2.736378    
   391.2732       108.1653       2.820384    
   396.2645       108.3564       2.918739    
   401.2549       108.5576       3.050655    
   406.2462       108.7488       3.243210    
   411.2407       108.8992       3.381547    
   416.2387       108.9823       3.452028    
   421.2385       109.0071       3.475841    
   426.2385       109.0098       3.470038    
   431.2385       109.0207       3.448509    
   436.2343       109.1239       3.418376    
   441.2233       109.3378       3.381401    
   446.2118       109.5574       3.341829    
   451.2035       109.7439       3.302692    
   456.1937       109.9460       3.268926    
   461.1783       110.1991       3.242668    
   466.1624       110.4583       3.221008    
   471.1551       110.6122       3.202404    
   476.1545       110.6481       3.182823    
   481.8401       110.6497       3.157130    
   489.3643       110.6497       3.122697    
   507.4286       110.6497       3.048672    
  -33.77417       98.76926       2.156806    
  -15.70986       98.76926       2.442951    
  -8.185690       98.76926       2.632804    
  -2.500000       98.76926       2.752777    
   2.481762       98.94752       2.827758    
   7.434425       99.35075       2.880999    
   12.38829       99.74802       2.913707    
   17.37068       99.95215       2.932220    
   22.36992       100.0017       2.939448    
   27.36889       100.0582       2.937644    
   32.36626       100.1525       2.926969    
   37.36148       100.2807       2.907176    
   42.35468       100.4347       2.878036    
   47.34677       100.6009       2.839962    
   52.33939       100.7612       2.799009    
   57.33461       100.8883       2.763032    
   62.33282       100.9611       2.737567    
   67.33237       100.9634       2.721838    
   72.33087       100.8971       2.712747    
   77.32610       100.7716       2.707581    
   82.31709       100.5952       2.703281    
   87.30524       100.3919       2.696896    
   92.29430       100.1970       2.685359    
   97.28818       100.0560       2.659095    
   102.2866       99.99355       2.615468    
   107.2863       99.96349       2.543309    
   112.2728       99.79222       2.435854    
   117.2255       99.39693       2.381557    
   122.1606       98.92178       2.349901    
   127.1186       98.55151       2.333072    
   132.1048       98.34343       2.325137    
   137.1018       98.25465       2.324891    
   142.1004       98.28233       2.347181    
   147.0855       98.48299       2.399186    
   152.0289       98.91029       2.473314    
   156.9416       99.46066       2.564597    
   161.8866       99.87329       2.650017    
   166.8759       100.0306       2.793182    
   171.8755       100.0344       2.992327    
   176.8751       99.99930       3.241507    
   181.8749       99.98188       3.468418    
   186.8749       99.98126       3.595536    
   191.8749       99.98149       3.675447    
   196.8749       99.98150       3.702732    
   201.8749       99.98149       3.704470    
   206.8749       99.98139       3.688968    
   211.8749       99.98287       3.662996    
   216.8748       99.99718       3.631190    
   221.8745       100.0337       3.595868    
   226.8739       100.0764       3.559021    
   231.8736       100.0783       3.522042    
   236.8703       99.98734       3.489252    
   241.8605       99.80609       3.464489    
   246.8531       99.66279       3.449015    
   251.8497       99.69608       3.441169    
   256.8403       99.87341       3.439805    
   261.8292       100.0697       3.444158    
   266.8226       100.2184       3.457190    
   271.8200       100.3085       3.479984    
   276.8195       100.3370       3.510783    
   281.8193       100.3194       3.544567    
   286.8188       100.2782       3.575168    
   291.8181       100.2263       3.596474    
   296.8170       100.1659       3.607488    
   301.8156       100.0944       3.608395    
   306.8141       100.0256       3.589442    
   311.8136       100.0009       3.545575    
   316.8123       99.95772       3.488960    
   321.7794       99.67523       3.413993    
   326.7076       99.17667       3.323468    
   331.6619       99.00801       3.206454    
   336.6017       99.41222       3.052918    
   341.4941       100.0225       2.875982    
   346.3997       100.5932       2.752466    
   351.3318       101.0763       2.665541    
   356.3008       101.3793       2.617102    
   361.2956       101.5031       2.594830    
   366.2939       101.5798       2.586573    
   371.2916       101.6697       2.592872    
   376.2886       101.7719       2.619894    
   381.2849       101.8861       2.667511    
   386.2799       102.0170       2.732527    
   391.2732       102.1703       2.813119    
   396.2645       102.3440       2.909629    
   401.2549       102.5270       3.038152    
   406.2462       102.7009       3.224676    
   411.2407       102.8377       3.364165    
   416.2387       102.9132       3.442194    
   421.2385       102.9358       3.475532    
   426.2385       102.9382       3.478045    
   431.2385       102.9481       3.468616    
   436.2343       103.0419       3.451184    
   441.2233       103.2365       3.429297    
   446.2118       103.4361       3.404656    
   451.2035       103.6058       3.379388    
   456.1937       103.7895       3.356106    
   461.1783       104.0197       3.335872    
   466.1624       104.2553       3.317233    
   471.1551       104.3953       3.297882    
   476.1545       104.4279       3.276270    
   481.8401       104.4295       3.249097    
   489.3643       104.4295       3.211509    
   507.4286       104.4295       3.135990    
  -33.77417       92.28692       2.276883    
  -15.70986       92.28692       2.563450    
  -8.185690       92.28692       2.697252    
  -2.500000       92.28692       2.791074    
   2.481762       92.44483       2.852576    
   7.434425       92.80198       2.895212    
   12.38829       93.15384       2.920618    
   17.37068       93.33465       2.935709    
   22.36992       93.37855       2.941628    
   27.36889       93.42858       2.940547    
   32.36626       93.51208       2.933128    
   37.36148       93.62569       2.919317    
   42.35468       93.76205       2.899503    
   47.34677       93.90923       2.873408    
   52.33939       94.05121       2.843122    
   57.33461       94.16380       2.814452    
   62.33282       94.22831       2.790996    
   67.33237       94.23037       2.773259    
   72.33087       94.17159       2.760181    
   77.32610       94.06042       2.750203    
   82.31709       93.90422       2.741161    
   87.30524       93.72411       2.730596    
   92.29430       93.55146       2.716462    
   97.28818       93.42661       2.695083    
   102.2866       93.37131       2.663573    
   107.2863       93.34469       2.616011    
   112.2728       93.19299       2.549725    
   117.2255       92.84286       2.455663    
   122.1606       92.42202       2.408391    
   127.1186       92.09407       2.385166    
   132.1048       91.90976       2.375560    
   137.1018       91.83113       2.373391    
   142.1004       91.85565       2.386976    
   147.0855       92.03337       2.426020    
   152.0289       92.41184       2.481854    
   156.9416       92.89931       2.560225    
   161.8866       93.26480       2.633615    
   166.8759       93.40413       2.756107    
   171.8755       93.40750       2.903937    
   176.8751       93.37640       3.091795    
   181.8749       93.36098       3.331954    
   186.8749       93.36044       3.501312    
   191.8749       93.36063       3.614916    
   196.8749       93.36064       3.679043    
   201.8749       93.36063       3.705602    
   206.8749       93.36054       3.709680    
   211.8749       93.36186       3.703681    
   216.8748       93.37454       3.689610    
   221.8745       93.40688       3.669012    
   226.8739       93.44470       3.644593    
   231.8736       93.44635       3.617175    
   236.8703       93.36582       3.591575    
   241.8605       93.20527       3.571265    
   246.8531       93.07835       3.556337    
   251.8497       93.10783       3.546999    
   256.8403       93.26490       3.543193    
   261.8292       93.43874       3.544118    
   266.8226       93.57047       3.550125    
   271.8200       93.65030       3.560202    
   276.8195       93.67554       3.572884    
   281.8193       93.65989       3.586545    
   286.8188       93.62345       3.597502    
   291.8181       93.57744       3.603992    
   296.8170       93.52392       3.605800    
   301.8156       93.46066       3.600206    
   306.8141       93.39973       3.578967    
   311.8136       93.37785       3.538141    
   316.8123       93.33959       3.487079    
   321.7794       93.08938       3.419872    
   326.7076       92.64779       3.342408    
   331.6619       92.49840       3.242585    
   336.6017       92.85643       3.112121    
   341.4941       93.39696       2.970468    
   346.3997       93.90244       2.814820    
   351.3318       94.33030       2.713334    
   356.3008       94.59869       2.656762    
   361.2956       94.70834       2.626822    
   366.2939       94.77627       2.613472    
   371.2916       94.85593       2.612119    
   376.2886       94.94642       2.627326    
   381.2849       95.04758       2.667273    
   386.2799       95.16358       2.728102    
   391.2732       95.29931       2.802400    
   396.2645       95.45317       2.895603    
   401.2549       95.61526       3.018586    
   406.2462       95.76926       3.192963    
   411.2407       95.89043       3.328209    
   416.2387       95.95733       3.410746    
   421.2385       95.97731       3.453129    
   426.2385       95.97943       3.467408    
   431.2385       95.98818       3.469420    
   436.2343       96.07135       3.461440    
   441.2233       96.24365       3.450132    
   446.2118       96.42047       3.436252    
   451.2035       96.57073       3.421222    
   456.1937       96.73344       3.405254    
   461.1783       96.93733       3.389456    
   466.1624       97.14609       3.373170    
   471.1551       97.27006       3.356401    
   476.1545       97.29897       3.336997    
   481.8401       97.30029       3.310737    
   489.3643       97.30029       3.275278    
   507.4286       97.30029       3.200508    
  -33.77417       84.70639       2.399533    
  -15.70986       84.70639       2.636950    
  -8.185690       84.70639       2.740225    
  -2.500000       84.70639       2.816407    
   2.481762       84.84047       2.868023    
   7.434425       85.14374       2.902928    
   12.38829       85.44250       2.923423    
   17.37068       85.59602       2.936335    
   22.36992       85.63330       2.941608    
   27.36889       85.67580       2.941421    
   32.36626       85.74669       2.936750    
   37.36148       85.84315       2.927433    
   42.35468       85.95895       2.914550    
   47.34677       86.08392       2.896961    
   52.33939       86.20448       2.875454    
   57.33461       86.30008       2.853730    
   62.33282       86.35486       2.834859    
   67.33237       86.35661       2.818278    
   72.33087       86.30669       2.804188    
   77.32610       86.21230       2.792252    
   82.31709       86.07966       2.780885    
   87.30524       85.92673       2.768609    
   92.29430       85.78013       2.753710    
   97.28818       85.67411       2.733801    
   102.2866       85.62716       2.707358    
   107.2863       85.60456       2.672420    
   112.2728       85.47575       2.626099    
   117.2255       85.17844       2.564068    
   122.1606       84.82110       2.482810    
   127.1186       84.54264       2.442631    
   132.1048       84.38613       2.422564    
   137.1018       84.31937       2.415842    
   142.1004       84.34019       2.421014    
   147.0855       84.49109       2.446953    
   152.0289       84.81246       2.487797    
   156.9416       85.22638       2.555200    
   161.8866       85.53673       2.619448    
   166.8759       85.65503       2.724216    
   171.8755       85.65790       2.834482    
   176.8751       85.63148       2.979201    
   181.8749       85.61840       3.152126    
   186.8749       85.61794       3.355452    
   191.8749       85.61810       3.500947    
   196.8749       85.61810       3.599102    
   201.8749       85.61810       3.657115    
   206.8749       85.61802       3.686733    
   211.8749       85.61914       3.699167    
   216.8748       85.62991       3.699761    
   221.8745       85.65736       3.691439    
   226.8739       85.68948       3.680202    
   231.8736       85.69088       3.663270    
   236.8703       85.62250       3.645230    
   241.8605       85.48617       3.630267    
   246.8531       85.37840       3.616767    
   251.8497       85.40344       3.604198    
   256.8403       85.53680       3.595646    
   261.8292       85.68442       3.592608    
   266.8226       85.79627       3.592816    
   271.8200       85.86406       3.594205    
   276.8195       85.88549       3.596339    
   281.8193       85.87220       3.598325    
   286.8188       85.84126       3.598790    
   291.8181       85.80219       3.598991    
   296.8170       85.75674       3.594138    
   301.8156       85.70303       3.581490    
   306.8141       85.65130       3.558204    
   311.8136       85.63272       3.520510    
   316.8123       85.60023       3.474098    
   321.7794       85.38776       3.414731    
   326.7076       85.01280       3.344933    
   331.6619       84.88596       3.257390    
   336.6017       85.18996       3.143505    
   341.4941       85.64894       3.025888    
   346.3997       86.07815       2.901646    
   351.3318       86.44146       2.775642    
   356.3008       86.66934       2.706543    
   361.2956       86.76245       2.668457    
   366.2939       86.82014       2.650219    
   371.2916       86.88777       2.643000    
   376.2886       86.96461       2.649339    
   381.2849       87.05051       2.677176    
   386.2799       87.14902       2.730978    
   391.2732       87.26426       2.799287    
   396.2645       87.39491       2.886624    
   401.2549       87.53254       3.002011    
   406.2462       87.66331       3.161832    
   411.2407       87.76619       3.289339    
   416.2387       87.82300       3.370981    
   421.2385       87.83997       3.420817    
   426.2385       87.84176       3.445513    
   431.2385       87.84920       3.455244    
   436.2343       87.91981       3.457266    
   441.2233       88.06612       3.454263    
   446.2118       88.21626       3.448318    
   451.2035       88.34385       3.440314    
   456.1937       88.48203       3.431298    
   461.1783       88.65514       3.420837    
   466.1624       88.83239       3.408960    
   471.1551       88.93765       3.395233    
   476.1545       88.96221       3.378836    
   481.8401       88.96335       3.356975    
   489.3643       88.96335       3.323502    
   507.4286       88.96335       3.245903    
  -33.77417       75.60016       2.532991    
  -15.70986       75.60016       2.686535    
  -8.185690       75.60016       2.766581    
  -2.500000       75.60016       2.830246    
   2.481762       75.70561       2.873868    
   7.434425       75.94414       2.903528    
   12.38829       76.17914       2.921190    
   17.37068       76.29989       2.932541    
   22.36992       76.32921       2.937756    
   27.36889       76.36263       2.938890    
   32.36626       76.41840       2.936933    
   37.36148       76.49427       2.931101    
   42.35468       76.58534       2.923423    
   47.34677       76.68364       2.911979    
   52.33939       76.77846       2.896857    
   57.33461       76.85366       2.880956    
   62.33282       76.89674       2.865420    
   67.33237       76.89812       2.850948    
   72.33087       76.85886       2.837418    
   77.32610       76.78461       2.824734    
   82.31709       76.68029       2.812609    
   87.30524       76.56001       2.799493    
   92.29430       76.44469       2.784130    
   97.28818       76.36131       2.765412    
   102.2866       76.32438       2.742321    
   107.2863       76.30660       2.714019    
   112.2728       76.20528       2.677595    
   117.2255       75.97144       2.632017    
   122.1606       75.69038       2.576926    
   127.1186       75.47135       2.512945    
   132.1048       75.34826       2.480102    
   137.1018       75.29574       2.468510    
   142.1004       75.31212       2.467026    
   147.0855       75.43081       2.476447    
   152.0289       75.68358       2.501568    
   156.9416       76.00915       2.556643    
   161.8866       76.25325       2.611006    
   166.8759       76.34630       2.702904    
   171.8755       76.34855       2.788713    
   176.8751       76.32778       2.907687    
   181.8749       76.31749       3.038719    
   186.8749       76.31712       3.193186    
   191.8749       76.31725       3.362578    
   196.8749       76.31725       3.487832    
   201.8749       76.31725       3.569525    
   206.8749       76.31718       3.625598    
   211.8749       76.31807       3.658764    
   216.8748       76.32654       3.676310    
   221.8745       76.34814       3.683039    
   226.8739       76.37340       3.683167    
   231.8736       76.37450       3.675030    
   236.8703       76.32071       3.664651    
   241.8605       76.21349       3.656225    
   246.8531       76.12872       3.646437    
   251.8497       76.14841       3.635401    
   256.8403       76.25331       3.624675    
   261.8292       76.36942       3.616218    
   266.8226       76.45739       3.610041    
   271.8200       76.51070       3.605243    
   276.8195       76.52757       3.601133    
   281.8193       76.51711       3.596668    
   286.8188       76.49277       3.591764    
   291.8181       76.46204       3.585039    
   296.8170       76.42630       3.574719    
   301.8156       76.38405       3.558076    
   306.8141       76.34336       3.532932    
   311.8136       76.32875       3.499408    
   316.8123       76.30320       3.457689    
   321.7794       76.13609       3.404861    
   326.7076       75.84116       3.342068    
   331.6619       75.74139       3.263861    
   336.6017       75.98050       3.162371    
   341.4941       76.34151       3.060794    
   346.3997       76.67910       2.959880    
   351.3318       76.96486       2.865025    
   356.3008       77.14410       2.775819    
   361.2956       77.21733       2.730064    
   366.2939       77.26270       2.711490    
   371.2916       77.31591       2.704878    
   376.2886       77.37634       2.705052    
   381.2849       77.44391       2.715400    
   386.2799       77.52139       2.751844    
   391.2732       77.61202       2.810842    
   396.2645       77.71479       2.890947    
   401.2549       77.82304       2.996902    
   406.2462       77.92590       3.141752    
   411.2407       78.00681       3.259272    
   416.2387       78.05150       3.338373    
   421.2385       78.06484       3.389553    
   426.2385       78.06626       3.418854    
   431.2385       78.07211       3.436951    
   436.2343       78.12765       3.445138    
   441.2233       78.24273       3.449158    
   446.2118       78.36082       3.449494    
   451.2035       78.46117       3.447135    
   456.1937       78.56985       3.442946    
   461.1783       78.70601       3.437392    
   466.1624       78.84543       3.430014    
   471.1551       78.92822       3.420441    
   476.1545       78.94754       3.408796    
   481.8401       78.94843       3.391925    
   489.3643       78.94843       3.363118    
   507.4286       78.94843       3.271354    
  -33.77417       56.32260       2.639051    
  -15.70986       56.32260       2.726501    
  -8.185690       56.32260       2.783842    
  -2.500000       56.32260       2.834979    
   2.481762       56.36747       2.871154    
   7.434425       56.46896       2.894864    
   12.38829       56.56895       2.908738    
   17.37068       56.62033       2.917621    
   22.36992       56.63280       2.922500    
   27.36889       56.64702       2.924584    
   32.36626       56.67075       2.925207    
   37.36148       56.70303       2.924531    
   42.35468       56.74178       2.921717    
   47.34677       56.78361       2.915530    
   52.33939       56.82395       2.905700    
   57.33461       56.85595       2.894322    
   62.33282       56.87428       2.883184    
   67.33237       56.87487       2.871889    
   72.33087       56.85816       2.860312    
   77.32610       56.82657       2.848511    
   82.31709       56.78218       2.836335    
   87.30524       56.73100       2.823639    
   92.29430       56.68194       2.809256    
   97.28818       56.64646       2.791975    
   102.2866       56.63075       2.771641    
   107.2863       56.62318       2.748025    
   112.2728       56.58007       2.719703    
   117.2255       56.48058       2.686612    
   122.1606       56.36099       2.649940    
   127.1186       56.26780       2.612747    
   132.1048       56.21542       2.578216    
   137.1018       56.19307       2.561532    
   142.1004       56.20005       2.553904    
   147.0855       56.25055       2.552654    
   152.0289       56.35809       2.560606    
   156.9416       56.49662       2.586900    
   161.8866       56.60048       2.628626    
   166.8759       56.64007       2.703017    
   171.8755       56.64103       2.770132    
   176.8751       56.63219       2.865110    
   181.8749       56.62782       2.970844    
   186.8749       56.62766       3.095185    
   191.8749       56.62771       3.217172    
   196.8749       56.62772       3.327533    
   201.8749       56.62771       3.424600    
   206.8749       56.62769       3.510060    
   211.8749       56.62806       3.566854    
   216.8748       56.63167       3.606896    
   221.8745       56.64086       3.632434    
   226.8739       56.65160       3.646474    
   231.8736       56.65207       3.653561    
   236.8703       56.62919       3.656550    
   241.8605       56.58356       3.656691    
   246.8531       56.54750       3.653144    
   251.8497       56.55588       3.646187    
   256.8403       56.60051       3.637634    
   261.8292       56.64991       3.628329    
   266.8226       56.68734       3.619133    
   271.8200       56.71003       3.610298    
   276.8195       56.71720       3.601464    
   281.8193       56.71275       3.591742    
   286.8188       56.70240       3.581783    
   291.8181       56.68932       3.569812    
   296.8170       56.67411       3.554348    
   301.8156       56.65614       3.534907    
   306.8141       56.63882       3.509456    
   311.8136       56.63261       3.476940    
   316.8123       56.62173       3.438007    
   321.7794       56.55063       3.391465    
   326.7076       56.42514       3.336754    
   331.6619       56.38269       3.268751    
   336.6017       56.48443       3.180868    
   341.4941       56.63803       3.097118    
   346.3997       56.78168       3.018761    
   351.3318       56.90327       2.953059    
   356.3008       56.97953       2.902675    
   361.2956       57.01069       2.865124    
   366.2939       57.02999       2.838810    
   371.2916       57.05263       2.824287    
   376.2886       57.07835       2.817675    
   381.2849       57.10709       2.820202    
   386.2799       57.14006       2.836688    
   391.2732       57.17862       2.873779    
   396.2645       57.22235       2.936138    
   401.2549       57.26841       3.023041    
   406.2462       57.31217       3.139025    
   411.2407       57.34660       3.238051    
   416.2387       57.36561       3.306988    
   421.2385       57.37129       3.356007    
   426.2385       57.37189       3.388267    
   431.2385       57.37438       3.410205    
   436.2343       57.39801       3.424777    
   441.2233       57.44698       3.435799    
   446.2118       57.49723       3.443129    
   451.2035       57.53992       3.447040    
   456.1937       57.58617       3.448930    
   461.1783       57.64410       3.448997    
   466.1624       57.70342       3.447546    
   471.1551       57.73865       3.445106    
   476.1545       57.74687       3.441776    
   481.8401       57.74725       3.437976    
   489.3643       57.74725       3.434349    
   507.4286       57.74725       3.372923    
