   214666098.842432     
  -33.77417       136.6885      -4.318102    
  -15.70986       136.6885      -3.971339    
  -8.185690       136.6885      -3.108021    
  -2.500000       136.6885      -2.091200    
   2.481762       136.9860      -1.911842    
   7.434425       137.6588      -1.222044    
   12.38829       138.3216     -0.8346223    
   17.37068       138.6622     -0.5578119    
   22.36992       138.7449     -0.5103485    
   27.36889       138.8391     -0.4657951    
   32.36626       138.9964     -0.3310501    
   37.36148       139.2104     -0.1916965    
   42.35468       139.4673     -0.2556116    
   47.34677       139.7446     -0.1960101    
   52.33939       140.0120     -0.3398970    
   57.33461       140.2241     -0.6872560    
   62.33282       140.3456      -1.106957    
   67.33237       140.3495     -0.3564793    
   72.33087       140.2388     -0.6336097    
   77.32610       140.0294     -0.8865136    
   82.31709       139.7351     -0.3221065    
   87.30524       139.3958     -0.1413791    
   92.29430       139.0706     -0.1165080    
   97.28818       138.8354     -0.1830968    
   102.2866       138.7312     -0.1929074    
   107.2863       138.6811     -0.2243943    
   112.2728       138.3953     -0.3346981    
   117.2255       137.7357     -0.3699473    
   122.1606       136.9430     -0.5431434    
   127.1186       136.3252      -1.546098    
   132.1048       135.9780      -2.303904    
   137.1018       135.8299      -2.345445    
   142.1004       135.8761      -2.377172    
   147.0855       136.2108      -1.564095    
   152.0289       136.9238     -0.3897945    
   156.9416       137.8421     -0.4049848    
   161.8866       138.5306     -0.2386057    
   166.8759       138.7930     -0.2506709    
   171.8755       138.7994     -0.3790652    
   176.8751       138.7408     -0.5126718    
   181.8749       138.7118     -0.4892131    
   186.8749       138.7108     -0.2107275    
   191.8749       138.7111     -0.1315842    
   196.8749       138.7112     -0.1656928    
   201.8749       138.7111     -1.0348941E-02
   206.8749       138.7109     -0.3480998    
   211.8749       138.7134     -0.5156147    
   216.8748       138.7373     -0.5479685    
   221.8745       138.7983     -0.1401091    
   226.8739       138.8695     -5.2312009E-02
   231.8736       138.8726     -0.3263585    
   236.8703       138.7209     -0.1625702    
   241.8605       138.4185     -0.3952482    
   246.8531       138.1794     -0.5294208    
   251.8497       138.2349     -0.1206612    
   256.8403       138.5308     -0.1091523    
   261.8292       138.8582     -0.1958701    
   266.8226       139.1064     -0.2616365    
   271.8200       139.2568     -0.1021944    
   276.8195       139.3043     -0.2111260    
   281.8193       139.2749     -0.6313997    
   286.8188       139.2062     -0.5602558    
   291.8181       139.1195     -7.0671797E-02
   296.8170       139.0187     -6.3996099E-02
   301.8156       138.8996     -0.1532041    
   306.8141       138.7848     -0.2709359    
   311.8136       138.7435     -2.3138421E-02
   316.8123       138.6715     -1.7516786E-02
   321.7794       138.2001     -1.8860802E-02
   326.7076       137.3683     -0.1839670    
   331.6619       137.0869     -0.1757663    
   336.6017       137.7613     -0.1935524    
   341.4941       138.7795     -0.6820774    
   346.3997       139.7317     -0.3950290    
   351.3318       140.5377     -0.1640301    
   356.3008       141.0433     -0.2029230    
   361.2956       141.2499     -0.3396516    
   366.2939       141.3779     -0.8977084    
   371.2916       141.5279     -0.7273130    
   376.2886       141.6984     -0.2371690    
   381.2849       141.8889     -0.1113286    
   386.2799       142.1075     -0.1422342    
   391.2732       142.3631     -0.1242486    
   396.2645       142.6530     -5.1278114E-02
   401.2549       142.9583      0.0000000E+00
   406.2462       143.2484     -0.1027607    
   411.2407       143.4767     -2.4015952E-02
   416.2387       143.6027     -0.2090410    
   421.2385       143.6403     -0.3051299    
   426.2385       143.6443     -0.1335745    
   431.2385       143.6608     -0.4671167    
   436.2343       143.8174     -0.4529333    
   441.2233       144.1421     -0.6604627    
   446.2118       144.4751      -1.420360    
   451.2035       144.7582     -0.8234950    
   456.1937       145.0647     -0.6528937    
   461.1783       145.4488     -0.8439736    
   466.1624       145.8420     -0.9963151    
   471.1551       146.0755      -1.912132    
   476.1545       146.1300      -2.036901    
   481.8401       146.1326      -3.482973    
   489.3643       146.1326      -4.029531    
   507.4286       146.1326      -3.620956    
  -33.77417       134.0858      -4.276344    
  -15.70986       134.0858      -3.966214    
  -8.185690       134.0858      -3.085358    
  -2.500000       134.0858      -3.133321    
   2.481762       134.3752      -3.001276    
   7.434425       135.0294      -2.843374    
   12.38829       135.6740      -2.768521    
   17.37068       136.0052      -2.928880    
   22.36992       136.0857      -3.650828    
   27.36889       136.1774      -3.759787    
   32.36626       136.3303      -3.536129    
   37.36148       136.5384      -2.607263    
   42.35468       136.7882      -2.583727    
   47.34677       137.0579      -2.805528    
   52.33939       137.3180      -2.972833    
   57.33461       137.5242      -3.148022    
   62.33282       137.6424      -3.164871    
   67.33237       137.6462      -3.217145    
   72.33087       137.5385      -3.410771    
   77.32610       137.3349      -3.307145    
   82.31709       137.0487      -3.066690    
   87.30524       136.7188      -2.781116    
   92.29430       136.4025      -2.574292    
   97.28818       136.1738      -4.473048    
   102.2866       136.0724      -4.517774    
   107.2863       136.0237      -1.828332    
   112.2728       135.7457      -1.781173    
   117.2255       135.1043      -1.884284    
   122.1606       134.3334      -2.016031    
   127.1186       133.7326      -2.591935    
   132.1048       133.3949      -2.461412    
   137.1018       133.2509      -2.510508    
   142.1004       133.2958      -3.296094    
   147.0855       133.6214      -3.081353    
   152.0289       134.3147      -3.150674    
   156.9416       135.2077      -3.069251    
   161.8866       135.8773      -2.926071    
   166.8759       136.1325      -2.956008    
   171.8755       136.1387      -3.273992    
   176.8751       136.0817      -3.564990    
   181.8749       136.0535      -3.412813    
   186.8749       136.0525      -2.900818    
   191.8749       136.0529      -2.721684    
   196.8749       136.0529      -1.986859    
   201.8749       136.0529      -2.297499    
   206.8749       136.0527      -1.227131    
   211.8749       136.0551      -2.592205    
   216.8748       136.0783      -2.149409    
   221.8745       136.1376      -2.257762    
   226.8739       136.2069      -2.497305    
   231.8736       136.2099      -1.927994    
   236.8703       136.0623      -2.688361    
   241.8605       135.7682      -2.936360    
   246.8531       135.5358      -2.914908    
   251.8497       135.5898      -2.644041    
   256.8403       135.8775      -2.471608    
   261.8292       136.1960      -2.307827    
   266.8226       136.4373      -2.306414    
   271.8200       136.5835      -1.637177    
   276.8195       136.6297      -1.701200    
   281.8193       136.6011      -1.354175    
   286.8188       136.5343      -2.544660    
   291.8181       136.4500      -2.436190    
   296.8170       136.3520      -4.425280    
   301.8156       136.2361      -4.886386    
   306.8141       136.1245      -4.816510    
   311.8136       136.0844      -4.598418    
   316.8123       136.0143      -2.734424    
   321.7794       135.5559      -2.709429    
   326.7076       134.7469      -2.760232    
   331.6619       134.4733      -2.709558    
   336.6017       135.1292      -2.745359    
   341.4941       136.1194      -3.029264    
   346.3997       137.0454      -2.701485    
   351.3318       137.8293      -2.698946    
   356.3008       138.3209      -1.730271    
   361.2956       138.5218      -2.018422    
   366.2939       138.6463      -2.298645    
   371.2916       138.7922      -4.388794    
   376.2886       138.9579      -4.120285    
   381.2849       139.1433      -2.778327    
   386.2799       139.3558      -2.049360    
   391.2732       139.6044      -2.014172    
   396.2645       139.8863      -1.725266    
   401.2549       140.1832      -3.515341    
   406.2462       140.4654      -4.059237    
   411.2407       140.6873      -4.243255    
   416.2387       140.8099      -4.288699    
   421.2385       140.8465      -4.064301    
   426.2385       140.8504      -3.412904    
   431.2385       140.8664      -3.709887    
   436.2343       141.0188      -3.248678    
   441.2233       141.3345      -2.490373    
   446.2118       141.6584      -3.270842    
   451.2035       141.9337      -3.107401    
   456.1937       142.2318      -2.827788    
   461.1783       142.6053      -2.451840    
   466.1624       142.9877      -3.066999    
   471.1551       143.2148      -3.269827    
   476.1545       143.2677      -3.501345    
   481.8401       143.2702      -3.457082    
   489.3643       143.2702      -4.017772    
   507.4286       143.2702      -3.572326    
  -33.77417       131.3152      -4.246266    
  -15.70986       131.3152      -3.991943    
  -8.185690       131.3152      -3.445469    
  -2.500000       131.3152      -3.467865    
   2.481762       131.5958      -3.633487    
   7.434425       132.2304      -3.488658    
   12.38829       132.8556      -3.444758    
   17.37068       133.1768      -4.168139    
   22.36992       133.2549      -3.974094    
   27.36889       133.3438      -4.126330    
   32.36626       133.4921      -3.898772    
   37.36148       133.6940      -3.473957    
   42.35468       133.9363      -3.126888    
   47.34677       134.1978      -3.173579    
   52.33939       134.4500      -3.458545    
   57.33461       134.6501      -3.614623    
   62.33282       134.7647      -3.685197    
   67.33237       134.7684      -3.736881    
   72.33087       134.6640      -3.769676    
   77.32610       134.4664      -3.665893    
   82.31709       134.1889      -3.449786    
   87.30524       133.8689      -3.226397    
   92.29430       133.5621      -3.017311    
   97.28818       133.3403      -2.807949    
   102.2866       133.2420      -3.271497    
   107.2863       133.1947      -2.893606    
   112.2728       132.9252      -2.492800    
   117.2255       132.3031      -2.484439    
   122.1606       131.5553      -2.699000    
   127.1186       130.9726      -3.185924    
   132.1048       130.6451      -3.015780    
   137.1018       130.5054      -3.096050    
   142.1004       130.5490      -3.595692    
   147.0855       130.8647      -3.649462    
   152.0289       131.5372      -3.672536    
   156.9416       132.4034      -3.531475    
   161.8866       133.0527      -3.216445    
   166.8759       133.3003      -3.257917    
   171.8755       133.3063      -3.559959    
   176.8751       133.2510      -3.901357    
   181.8749       133.2236      -3.743859    
   186.8749       133.2227      -3.350937    
   191.8749       133.2231      -3.006212    
   196.8749       133.2231      -3.154443    
   201.8749       133.2231      -2.329843    
   206.8749       133.2229      -2.132148    
   211.8749       133.2252      -2.512666    
   216.8748       133.2477      -2.681433    
   221.8745       133.3052      -2.723720    
   226.8739       133.3724      -2.604657    
   231.8736       133.3753      -3.278959    
   236.8703       133.2322      -2.890844    
   241.8605       132.9470      -3.107613    
   246.8531       132.7215      -3.093679    
   251.8497       132.7738      -2.911271    
   256.8403       133.0529      -2.734626    
   261.8292       133.3618      -2.717234    
   266.8226       133.5959      -2.549554    
   271.8200       133.7377      -2.377035    
   276.8195       133.7825      -2.152957    
   281.8193       133.7548      -2.577159    
   286.8188       133.6900      -2.676022    
   291.8181       133.6082      -3.273478    
   296.8170       133.5132      -4.573754    
   301.8156       133.4008      -4.975825    
   306.8141       133.2925      -4.964474    
   311.8136       133.2536      -4.686218    
   316.8123       133.1856      -4.192354    
   321.7794       132.7410      -3.022322    
   326.7076       131.9564      -3.308916    
   331.6619       131.6910      -3.251442    
   336.6017       132.3271      -3.237072    
   341.4941       133.2876      -3.238867    
   346.3997       134.1857      -3.030721    
   351.3318       134.9460      -2.864345    
   356.3008       135.4228      -2.674006    
   361.2956       135.6176      -2.655842    
   366.2939       135.7384      -3.016432    
   371.2916       135.8799      -3.483977    
   376.2886       136.0407      -3.436417    
   381.2849       136.2204      -3.319975    
   386.2799       136.4265      -2.964329    
   391.2732       136.6677      -2.702111    
   396.2645       136.9411      -2.805764    
   401.2549       137.2291      -3.780654    
   406.2462       137.5027      -4.207547    
   411.2407       137.7180      -4.450274    
   416.2387       137.8369      -4.472613    
   421.2385       137.8724      -4.306767    
   426.2385       137.8761      -4.019871    
   431.2385       137.8917      -3.893595    
   436.2343       138.0394      -3.573458    
   441.2233       138.3456      -3.711767    
   446.2118       138.6598      -3.536698    
   451.2035       138.9268      -3.537729    
   456.1937       139.2159      -3.406708    
   461.1783       139.5782      -3.294355    
   466.1624       139.9491      -3.764689    
   471.1551       140.1694      -3.901320    
   476.1545       140.2207      -4.038305    
   481.8401       140.2231      -3.917462    
   489.3643       140.2231      -4.025542    
   507.4286       140.2231      -3.524600    
  -33.77417       128.3538      -4.227455    
  -15.70986       128.3538      -4.117355    
  -8.185690       128.3538      -3.603374    
  -2.500000       128.3538      -3.606183    
   2.481762       128.6251      -4.293115    
   7.434425       129.2386      -4.152164    
   12.38829       129.8431      -4.116676    
   17.37068       130.1537      -4.373077    
   22.36992       130.2291      -4.425911    
   27.36889       130.3151      -4.419614    
   32.36626       130.4585      -4.259611    
   37.36148       130.6536      -4.013228    
   42.35468       130.8879      -3.780863    
   47.34677       131.1408      -3.712886    
   52.33939       131.3846      -3.771961    
   57.33461       131.5780      -3.921022    
   62.33282       131.6889      -4.015331    
   67.33237       131.6924      -4.026508    
   72.33087       131.5914      -4.015203    
   77.32610       131.4005      -3.904464    
   82.31709       131.1322      -3.699821    
   87.30524       130.8228      -3.471775    
   92.29430       130.5262      -3.191795    
   97.28818       130.3116      -3.252295    
   102.2866       130.2167      -3.534682    
   107.2863       130.1709      -3.268281    
   112.2728       129.9104      -2.957983    
   117.2255       129.3089      -2.884594    
   122.1606       128.5859      -3.081906    
   127.1186       128.0226      -3.427929    
   132.1048       127.7059      -3.388764    
   137.1018       127.5708      -3.487095    
   142.1004       127.6130      -3.887169    
   147.0855       127.9183      -4.050611    
   152.0289       128.5684      -3.971835    
   156.9416       129.4059      -3.775005    
   161.8866       130.0337      -3.669894    
   166.8759       130.2731      -3.677624    
   171.8755       130.2789      -4.023030    
   176.8751       130.2254      -3.920294    
   181.8749       130.1989      -3.800249    
   186.8749       130.1980      -4.058980    
   191.8749       130.1983      -3.915686    
   196.8749       130.1983      -3.749832    
   201.8749       130.1983      -3.265938    
   206.8749       130.1982      -3.794497    
   211.8749       130.2005      -2.777009    
   216.8748       130.2222      -3.532801    
   221.8745       130.2778      -3.522897    
   226.8739       130.3428      -2.931843    
   231.8736       130.3456      -3.378795    
   236.8703       130.2072      -3.231142    
   241.8605       129.9314      -3.241769    
   246.8531       129.7134      -3.218184    
   251.8497       129.7641      -3.089440    
   256.8403       130.0339      -2.947337    
   261.8292       130.3325      -2.861145    
   266.8226       130.5588      -2.708893    
   271.8200       130.6960      -2.670014    
   276.8195       130.7393      -2.625009    
   281.8193       130.7124      -2.984869    
   286.8188       130.6498      -3.368659    
   291.8181       130.5708      -5.055453    
   296.8170       130.4788      -4.809603    
   301.8156       130.3701      -5.060779    
   306.8141       130.2655      -5.062425    
   311.8136       130.2279      -4.810284    
   316.8123       130.1622      -4.267436    
   321.7794       129.7323      -3.798880    
   326.7076       128.9738      -3.679434    
   331.6619       128.7171      -3.600487    
   336.6017       129.3322      -3.515814    
   341.4941       130.2607      -3.395896    
   346.3997       131.1291      -3.225999    
   351.3318       131.8641      -3.013019    
   356.3008       132.3251      -3.008838    
   361.2956       132.5135      -3.033834    
   366.2939       132.6302      -3.372802    
   371.2916       132.7671      -3.504602    
   376.2886       132.9225      -3.539850    
   381.2849       133.0963      -3.364319    
   386.2799       133.2955      -3.329957    
   391.2732       133.5287      -3.168571    
   396.2645       133.7930      -3.511536    
   401.2549       134.0715      -4.042545    
   406.2462       134.3360      -4.165317    
   411.2407       134.5442      -4.480761    
   416.2387       134.6591      -4.553153    
   421.2385       134.6935      -4.680783    
   426.2385       134.6971      -5.042768    
   431.2385       134.7121      -4.976803    
   436.2343       134.8550      -4.786773    
   441.2233       135.1510      -4.654551    
   446.2118       135.4547      -3.728440    
   451.2035       135.7129      -3.698567    
   456.1937       135.9924      -3.661022    
   461.1783       136.3427      -3.684374    
   466.1624       136.7012      -4.255014    
   471.1551       136.9142      -4.345989    
   476.1545       136.9639      -4.385944    
   481.8401       136.9662      -4.175684    
   489.3643       136.9662      -4.062355    
   507.4286       136.9662      -3.476054    
  -33.77417       125.1739      -4.226433    
  -15.70986       125.1739      -4.296464    
  -8.185690       125.1739      -3.756316    
  -2.500000       125.1739      -4.220512    
   2.481762       125.4352      -5.178952    
   7.434425       126.0261      -5.186177    
   12.38829       126.6083      -5.087603    
   17.37068       126.9075      -4.958640    
   22.36992       126.9801      -5.049504    
   27.36889       127.0629      -5.012886    
   32.36626       127.2010      -4.913545    
   37.36148       127.3890      -4.716857    
   42.35468       127.6146      -4.272657    
   47.34677       127.8582      -4.049355    
   52.33939       128.0931      -4.014407    
   57.33461       128.2793      -4.119926    
   62.33282       128.3861      -4.232878    
   67.33237       128.3895      -4.159522    
   72.33087       128.2923      -4.148593    
   77.32610       128.1083      -4.035078    
   82.31709       127.8499      -3.831656    
   87.30524       127.5519      -3.582626    
   92.29430       127.2662      -3.261765    
   97.28818       127.0596      -3.608469    
   102.2866       126.9681      -3.656250    
   107.2863       126.9241      -3.455216    
   112.2728       126.6731      -3.383061    
   117.2255       126.0938      -3.334721    
   122.1606       125.3975      -3.506828    
   127.1186       124.8549      -3.761634    
   132.1048       124.5499      -3.839709    
   137.1018       124.4198      -3.967094    
   142.1004       124.4603      -4.265692    
   147.0855       124.7544      -4.358076    
   152.0289       125.3806      -4.257581    
   156.9416       126.1872      -4.084090    
   161.8866       126.7919      -4.116385    
   166.8759       127.0225      -4.322774    
   171.8755       127.0280      -4.489265    
   176.8751       126.9765      -4.703435    
   181.8749       126.9510      -4.734188    
   186.8749       126.9501      -4.918879    
   191.8749       126.9505      -4.428613    
   196.8749       126.9505      -4.126993    
   201.8749       126.9505      -3.807039    
   206.8749       126.9503      -3.990177    
   211.8749       126.9525      -3.398717    
   216.8748       126.9735      -3.493105    
   221.8745       127.0270      -3.468453    
   226.8739       127.0896      -3.176539    
   231.8736       127.0923      -3.406886    
   236.8703       126.9591      -3.328768    
   241.8605       126.6934      -3.302858    
   246.8531       126.4834      -3.272939    
   251.8497       126.5322      -3.165290    
   256.8403       126.7921      -3.025081    
   261.8292       127.0797      -2.912072    
   266.8226       127.2977      -2.833241    
   271.8200       127.4297      -3.158253    
   276.8195       127.4715      -3.302999    
   281.8193       127.4456      -3.751241    
   286.8188       127.3853      -4.258003    
   291.8181       127.3092      -4.972581    
   296.8170       127.2206      -5.308139    
   301.8156       127.1160      -5.441669    
   306.8141       127.0152      -5.421411    
   311.8136       126.9790      -5.164074    
   316.8123       126.9157      -4.848638    
   321.7794       126.5017      -4.192970    
   326.7076       125.7710      -3.931209    
   331.6619       125.5238      -3.856056    
   336.6017       126.1162      -3.711508    
   341.4941       127.0106      -3.516993    
   346.3997       127.8469      -3.331319    
   351.3318       128.5549      -3.216223    
   356.3008       128.9989      -3.744260    
   361.2956       129.1804      -3.963130    
   366.2939       129.2928      -4.145547    
   371.2916       129.4245      -3.621295    
   376.2886       129.5742      -3.619210    
   381.2849       129.7417      -3.505886    
   386.2799       129.9336      -4.164658    
   391.2732       130.1582      -4.353878    
   396.2645       130.4128      -4.549782    
   401.2549       130.6809      -4.659938    
   406.2462       130.9357      -4.887069    
   411.2407       131.1362      -5.173187    
   416.2387       131.2469      -5.355093    
   421.2385       131.2800      -5.515303    
   426.2385       131.2835      -5.725582    
   431.2385       131.2979      -5.823294    
   436.2343       131.4355      -5.743226    
   441.2233       131.7207      -5.383360    
   446.2118       132.0132      -4.540488    
   451.2035       132.2618      -4.537116    
   456.1937       132.5311      -4.522158    
   461.1783       132.8684      -4.537015    
   466.1624       133.2138      -4.468178    
   471.1551       133.4189      -4.541196    
   476.1545       133.4668      -4.536254    
   481.8401       133.4690      -4.287399    
   489.3643       133.4690      -4.078921    
   507.4286       133.4690      -3.424525    
  -33.77417       121.7413      -4.248006    
  -15.70986       121.7413      -4.472944    
  -8.185690       121.7413      -4.649582    
  -2.500000       121.7413      -5.106278    
   2.481762       121.9919      -5.440078    
   7.434425       122.5584      -5.408693    
   12.38829       123.1165      -5.339262    
   17.37068       123.4034      -5.298550    
   22.36992       123.4730      -5.306675    
   27.36889       123.5524      -5.290141    
   32.36626       123.6848      -5.250918    
   37.36148       123.8650      -5.169055    
   42.35468       124.0813      -4.946129    
   47.34677       124.3148      -4.784816    
   52.33939       124.5400      -4.732490    
   57.33461       124.7186      -4.762520    
   62.33282       124.8209      -4.735753    
   67.33237       124.8242      -4.801478    
   72.33087       124.7309      -4.843956    
   77.32610       124.5546      -4.729676    
   82.31709       124.3068      -4.625249    
   87.30524       124.0211      -4.506339    
   92.29430       123.7473      -4.294059    
   97.28818       123.5492      -4.000386    
   102.2866       123.4615      -4.143458    
   107.2863       123.4193      -4.006488    
   112.2728       123.1786      -3.922403    
   117.2255       122.6232      -3.942347    
   122.1606       121.9557      -4.107261    
   127.1186       121.4355      -4.318376    
   132.1048       121.1431      -4.449625    
   137.1018       121.0183      -4.591252    
   142.1004       121.0573      -4.776494    
   147.0855       121.3392      -4.758881    
   152.0289       121.9395      -4.571398    
   156.9416       122.7128      -4.902266    
   161.8866       123.2925      -4.692297    
   166.8759       123.5135      -4.572913    
   171.8755       123.5189      -4.786197    
   176.8751       123.4696      -4.785901    
   181.8749       123.4451      -5.171582    
   186.8749       123.4443      -5.315426    
   191.8749       123.4446      -5.618922    
   196.8749       123.4446      -5.417532    
   201.8749       123.4446      -5.139791    
   206.8749       123.4444      -5.248955    
   211.8749       123.4465      -4.912339    
   216.8748       123.4666      -4.838025    
   221.8745       123.5179      -4.766347    
   226.8739       123.5779      -4.590118    
   231.8736       123.5806      -4.595009    
   236.8703       123.4528      -4.529055    
   241.8605       123.1981      -4.512873    
   246.8531       122.9968      -4.487942    
   251.8497       123.0435      -4.388237    
   256.8403       123.2927      -4.248920    
   261.8292       123.5684      -4.142181    
   266.8226       123.7774      -4.139169    
   271.8200       123.9041      -4.336793    
   276.8195       123.9441      -4.584679    
   281.8193       123.9193      -4.977366    
   286.8188       123.8614      -5.529987    
   291.8181       123.7885      -6.027810    
   296.8170       123.7036      -6.105091    
   301.8156       123.6032      -6.173110    
   306.8141       123.5066      -6.094474    
   311.8136       123.4719      -5.860198    
   316.8123       123.4112      -5.362245    
   321.7794       123.0143      -5.245849    
   326.7076       122.3138      -4.743850    
   331.6619       122.0768      -4.664399    
   336.6017       122.6448      -4.513828    
   341.4941       123.5022      -4.333892    
   346.3997       124.3040      -4.152407    
   351.3318       124.9827      -4.035172    
   356.3008       125.4084      -4.267141    
   361.2956       125.5824      -4.520965    
   366.2939       125.6901      -4.596415    
   371.2916       125.8165      -4.443468    
   376.2886       125.9600      -4.385846    
   381.2849       126.1205      -4.408605    
   386.2799       126.3045      -4.648734    
   391.2732       126.5198      -4.820778    
   396.2645       126.7639      -4.994178    
   401.2549       127.0210      -5.208135    
   406.2462       127.2653      -5.006021    
   411.2407       127.4575      -5.195263    
   416.2387       127.5636      -5.457546    
   421.2385       127.5953      -5.655767    
   426.2385       127.5986      -5.828522    
   431.2385       127.6125      -5.909043    
   436.2343       127.7445      -5.816058    
   441.2233       128.0178      -5.644097    
   446.2118       128.2982      -5.325439    
   451.2035       128.5366      -5.318475    
   456.1937       128.7948      -5.320301    
   461.1783       129.1181      -5.324865    
   466.1624       129.4493      -5.312251    
   471.1551       129.6459      -5.325058    
   476.1545       129.6918      -5.322376    
   481.8401       129.6939      -5.095551    
   489.3643       129.6939      -4.876400    
   507.4286       129.6939      -4.185640    
  -33.77417       118.0135      -4.287980    
  -15.70986       118.0135      -4.694390    
  -8.185690       118.0135      -5.013069    
  -2.500000       118.0135      -5.928110    
   2.481762       118.2522      -5.825630    
   7.434425       118.7923      -5.716955    
   12.38829       119.3243      -5.631835    
   17.37068       119.5977      -5.580220    
   22.36992       119.6640      -5.562020    
   27.36889       119.7397      -5.541741    
   32.36626       119.8660      -5.512581    
   37.36148       120.0378      -5.433646    
   42.35468       120.2439      -5.267995    
   47.34677       120.4665      -5.163109    
   52.33939       120.6811      -5.104109    
   57.33461       120.8514      -5.044569    
   62.33282       120.9489      -4.961380    
   67.33237       120.9520      -4.893213    
   72.33087       120.8632      -4.938156    
   77.32610       120.6951      -4.908606    
   82.31709       120.4589      -4.837667    
   87.30524       120.1866      -4.756864    
   92.29430       119.9255      -4.601071    
   97.28818       119.7367      -5.121711    
   102.2866       119.6531      -4.931177    
   107.2863       119.6129      -4.881716    
   112.2728       119.3835      -4.862919    
   117.2255       118.8540      -4.910319    
   122.1606       118.2177      -4.999784    
   127.1186       117.7218      -5.097435    
   132.1048       117.4431      -5.181209    
   137.1018       117.3242      -5.221820    
   142.1004       117.3613      -5.213788    
   147.0855       117.6301      -5.196447    
   152.0289       118.2023      -5.174589    
   156.9416       118.9394      -5.095464    
   161.8866       119.4921      -5.079928    
   166.8759       119.7027      -5.103901    
   171.8755       119.7078      -4.903067    
   176.8751       119.6608      -5.049642    
   181.8749       119.6375      -5.204487    
   186.8749       119.6367      -5.614753    
   191.8749       119.6370      -5.814215    
   196.8749       119.6370      -5.750340    
   201.8749       119.6370      -5.509970    
   206.8749       119.6368      -5.601650    
   211.8749       119.6388      -5.316872    
   216.8748       119.6580      -5.148252    
   221.8745       119.7069      -5.041384    
   226.8739       119.7641      -4.951578    
   231.8736       119.7666      -5.240779    
   236.8703       119.6448      -5.242343    
   241.8605       119.4020      -5.238813    
   246.8531       119.2101      -5.217594    
   251.8497       119.2547      -5.128029    
   256.8403       119.4922      -4.999290    
   261.8292       119.7551      -4.910793    
   266.8226       119.9542      -4.932110    
   271.8200       120.0750      -5.095071    
   276.8195       120.1131      -5.377118    
   281.8193       120.0895      -5.757241    
   286.8188       120.0343      -6.525943    
   291.8181       119.9648      -5.955992    
   296.8170       119.8839      -6.220313    
   301.8156       119.7882      -6.248768    
   306.8141       119.6961      -6.177482    
   311.8136       119.6630      -5.976453    
   316.8123       119.6051      -5.624912    
   321.7794       119.2268      -4.878300    
   326.7076       118.5591      -4.836355    
   331.6619       118.3332      -4.876575    
   336.6017       118.8746      -4.934455    
   341.4941       119.6919      -4.906231    
   346.3997       120.4562      -4.863967    
   351.3318       121.1031      -4.919854    
   356.3008       121.5089      -4.939778    
   361.2956       121.6748      -4.996469    
   366.2939       121.7775      -5.048858    
   371.2916       121.8979      -4.960752    
   376.2886       122.0348      -4.957303    
   381.2849       122.1877      -4.937808    
   386.2799       122.3631      -4.969779    
   391.2732       122.5684      -5.041817    
   396.2645       122.8010      -5.168007    
   401.2549       123.0461      -5.314909    
   406.2462       123.2790      -5.520301    
   411.2407       123.4621      -5.686850    
   416.2387       123.5633      -5.855475    
   421.2385       123.5935      -5.986057    
   426.2385       123.5967      -6.101388    
   431.2385       123.6100      -6.194885    
   436.2343       123.7357      -6.233941    
   441.2233       123.9963      -6.128294    
   446.2118       124.2636      -6.060031    
   451.2035       124.4909      -5.845526    
   456.1937       124.7369      -5.953629    
   461.1783       125.0452      -5.975790    
   466.1624       125.3608      -5.981246    
   471.1551       125.5482      -5.982900    
   476.1545       125.5920      -5.981359    
   481.8401       125.5940      -5.771327    
   489.3643       125.5940      -5.553012    
   507.4286       125.5940      -4.837268    
  -33.77417       113.9358      -4.348021    
  -15.70986       113.9358      -4.867824    
  -8.185690       113.9358      -5.683109    
  -2.500000       113.9358      -6.439625    
   2.481762       114.1617      -6.190915    
   7.434425       114.6728      -6.025270    
   12.38829       115.1762      -5.908005    
   17.37068       115.4350      -5.837974    
   22.36992       115.4978      -5.803262    
   27.36889       115.5694      -5.773125    
   32.36626       115.6889      -5.734019    
   37.36148       115.8514      -5.662468    
   42.35468       116.0465      -5.572998    
   47.34677       116.2571      -5.334807    
   52.33939       116.4603      -5.281690    
   57.33461       116.6214      -5.215623    
   62.33282       116.7137      -5.156917    
   67.33237       116.7167      -5.116536    
   72.33087       116.6326      -5.104740    
   77.32610       116.4735      -5.084736    
   82.31709       116.2499      -5.048846    
   87.30524       115.9922      -5.013271    
   92.29430       115.7452      -5.035507    
   97.28818       115.5665      -5.145603    
   102.2866       115.4874      -5.117383    
   107.2863       115.4493      -5.121916    
   112.2728       115.2323      -5.107751    
   117.2255       114.7313      -5.150204    
   122.1606       114.1291      -5.213730    
   127.1186       113.6599      -5.273606    
   132.1048       113.3961      -5.322553    
   137.1018       113.2836      -5.349343    
   142.1004       113.3186      -5.356486    
   147.0855       113.5730      -5.362751    
   152.0289       114.1145      -5.374588    
   156.9416       114.8120      -5.364677    
   161.8866       115.3350      -5.343281    
   166.8759       115.5344      -5.396283    
   171.8755       115.5392      -5.378466    
   176.8751       115.4947      -5.305369    
   181.8749       115.4726      -5.588418    
   186.8749       115.4719      -5.870724    
   191.8749       115.4722      -6.067440    
   196.8749       115.4722      -6.159888    
   201.8749       115.4722      -6.072354    
   206.8749       115.4720      -6.218118    
   211.8749       115.4739      -6.325905    
   216.8748       115.4921      -6.304310    
   221.8745       115.5383      -6.251171    
   226.8739       115.5924      -6.226266    
   231.8736       115.5948      -6.239938    
   236.8703       115.4796      -6.264401    
   241.8605       115.2498      -6.266275    
   246.8531       115.0682      -6.256947    
   251.8497       115.1104      -6.215622    
   256.8403       115.3352      -6.160927    
   261.8292       115.5839      -6.131575    
   266.8226       115.7724      -6.156356    
   271.8200       115.8866      -6.233607    
   276.8195       115.9228      -6.281193    
   281.8193       115.9004      -6.502669    
   286.8188       115.8482      -6.182616    
   291.8181       115.7824      -6.287934    
   296.8170       115.7058      -6.319114    
   301.8156       115.6153      -6.337857    
   306.8141       115.5281      -6.285205    
   311.8136       115.4968      -6.153645    
   316.8123       115.4420      -5.384381    
   321.7794       115.0840      -5.390002    
   326.7076       114.4521      -5.548960    
   331.6619       114.2384      -5.317217    
   336.6017       114.7507      -5.201933    
   341.4941       115.5241      -5.191215    
   346.3997       116.2474      -5.176263    
   351.3318       116.8596      -5.176573    
   356.3008       117.2437      -5.188338    
   361.2956       117.4006      -5.221755    
   366.2939       117.4977      -5.252106    
   371.2916       117.6117      -5.247650    
   376.2886       117.7412      -5.230552    
   381.2849       117.8860      -5.220525    
   386.2799       118.0519      -5.232364    
   391.2732       118.2462      -5.272972    
   396.2645       118.4663      -5.334959    
   401.2549       118.6983      -5.451857    
   406.2462       118.9186      -5.891442    
   411.2407       119.0920      -5.888949    
   416.2387       119.1877      -6.013013    
   421.2385       119.2163      -6.120435    
   426.2385       119.2194      -6.209820    
   431.2385       119.2319      -6.271230    
   436.2343       119.3509      -6.270382    
   441.2233       119.5975      -6.096206    
   446.2118       119.8504      -6.035464    
   451.2035       120.0655      -6.099513    
   456.1937       120.2983      -6.212935    
   461.1783       120.5900      -6.308175    
   466.1624       120.8887      -6.391859    
   471.1551       121.0661      -6.476852    
   476.1545       121.1075      -6.568495    
   481.8401       121.1095      -6.484550    
   489.3643       121.1095      -6.422067    
   507.4286       121.1095      -5.897371    
  -33.77417       109.4377      -4.400375    
  -15.70986       109.4377      -5.176514    
  -8.185690       109.4377      -6.394763    
  -2.500000       109.4377      -6.707056    
   2.481762       109.6495      -6.485947    
   7.434425       110.1285      -6.303072    
   12.38829       110.6005      -6.164819    
   17.37068       110.8431      -6.075686    
   22.36992       110.9020      -6.023675    
   27.36889       110.9691      -5.977829    
   32.36626       111.0811      -5.923496    
   37.36148       111.2335      -5.846117    
   42.35468       111.4164      -5.765941    
   47.34677       111.6138      -5.609818    
   52.33939       111.8043      -5.405564    
   57.33461       111.9553      -5.375730    
   62.33282       112.0418      -5.335486    
   67.33237       112.0446      -5.306823    
   72.33087       111.9657      -5.288683    
   77.32610       111.8166      -5.273981    
   82.31709       111.6071      -5.260523    
   87.30524       111.3655      -5.257892    
   92.29430       111.1339      -5.279206    
   97.28818       110.9664      -5.295909    
   102.2866       110.8923      -5.416494    
   107.2863       110.8566      -5.302197    
   112.2728       110.6531      -5.320030    
   117.2255       110.1834      -5.356213    
   122.1606       109.6189      -5.398336    
   127.1186       109.1790      -5.432621    
   132.1048       108.9318      -5.460225    
   137.1018       108.8263      -5.478736    
   142.1004       108.8592      -5.491159    
   147.0855       109.0976      -5.505327    
   152.0289       109.6052      -5.522995    
   156.9416       110.2591      -5.525311    
   161.8866       110.7494      -5.510056    
   166.8759       110.9363      -5.732171    
   171.8755       110.9408      -5.757259    
   176.8751       110.8991      -5.885566    
   181.8749       110.8784      -5.822141    
   186.8749       110.8776      -6.012132    
   191.8749       110.8779      -6.156685    
   196.8749       110.8779      -6.231560    
   201.8749       110.8779      -6.219281    
   206.8749       110.8778      -6.314464    
   211.8749       110.8796      -6.412982    
   216.8748       110.8966      -6.468619    
   221.8745       110.9400      -6.489783    
   226.8739       110.9907      -6.502385    
   231.8736       110.9929      -6.485615    
   236.8703       110.8849      -6.419706    
   241.8605       110.6695      -6.438512    
   246.8531       110.4993      -6.425944    
   251.8497       110.5388      -6.393796    
   256.8403       110.7495      -6.352685    
   261.8292       110.9827      -6.335183    
   266.8226       111.1594      -6.371153    
   271.8200       111.2665      -6.428394    
   276.8195       111.3003      -6.559231    
   281.8193       111.2794      -6.519468    
   286.8188       111.2305      -6.452676    
   291.8181       111.1687      -6.441019    
   296.8170       111.0969      -6.451511    
   301.8156       111.0121      -6.448541    
   306.8141       110.9304      -6.422598    
   311.8136       110.9010      -6.387343    
   316.8123       110.8497      -6.818330    
   321.7794       110.5141      -5.503969    
   326.7076       109.9218      -6.608460    
   331.6619       109.7214      -5.705099    
   336.6017       110.2016      -5.456783    
   341.4941       110.9267      -5.441391    
   346.3997       111.6047      -5.430930    
   351.3318       112.1786      -5.415451    
   356.3008       112.5386      -5.409334    
   361.2956       112.6857      -5.424445    
   366.2939       112.7768      -5.443915    
   371.2916       112.8837      -5.454433    
   376.2886       113.0050      -5.454043    
   381.2849       113.1407      -5.450947    
   386.2799       113.2963      -5.455548    
   391.2732       113.4784      -5.473836    
   396.2645       113.6848      -5.502464    
   401.2549       113.9022      -5.595945    
   406.2462       114.1088      -6.156248    
   411.2407       114.2713      -6.099739    
   416.2387       114.3611      -6.181836    
   421.2385       114.3878      -6.260721    
   426.2385       114.3907      -6.325544    
   431.2385       114.4025      -6.365526    
   436.2343       114.5140      -6.361830    
   441.2233       114.7451      -6.318638    
   446.2118       114.9823      -6.295233    
   451.2035       115.1839      -6.322389    
   456.1937       115.4022      -6.384676    
   461.1783       115.6756      -6.457981    
   466.1624       115.9556      -6.531830    
   471.1551       116.1219      -6.612455    
   476.1545       116.1607      -6.706635    
   481.8401       116.1625      -6.617877    
   489.3643       116.1625      -6.534138    
   507.4286       116.1625      -5.958462    
  -33.77417       104.4251      -4.465008    
  -15.70986       104.4251      -5.504752    
  -8.185690       104.4251      -6.762950    
  -2.500000       104.4251      -6.930364    
   2.481762       104.6212      -6.714746    
   7.434425       105.0646      -6.537779    
   12.38829       105.5015      -6.393071    
   17.37068       105.7260      -6.290195    
   22.36992       105.7805      -6.221710    
   27.36889       105.8427      -6.160233    
   32.36626       105.9463      -6.094078    
   37.36148       106.0873      -6.017708    
   42.35468       106.2567      -5.926829    
   47.34677       106.4394      -5.840645    
   52.33939       106.6157      -5.622162    
   57.33461       106.7555      -5.519032    
   62.33282       106.8356      -5.509830    
   67.33237       106.8381      -5.492094    
   72.33087       106.7651      -5.478691    
   77.32610       106.6271      -5.470760    
   82.31709       106.4332      -5.469046    
   87.30524       106.2096      -5.475549    
   92.29430       105.9952      -5.489329    
   97.28818       105.8402      -5.509756    
   102.2866       105.7715      -5.521207    
   107.2863       105.7385      -5.483557    
   112.2728       105.5501      -5.520753    
   117.2255       105.1154      -5.533484    
   122.1606       104.5929      -5.560535    
   127.1186       104.1857      -5.577737    
   132.1048       103.9569      -5.593019    
   137.1018       103.8593      -5.606019    
   142.1004       103.8897      -5.618155    
   147.0855       104.1104      -5.631841    
   152.0289       104.5803      -5.645624    
   156.9416       105.1855      -5.643738    
   161.8866       105.6393      -5.627405    
   166.8759       105.8122      -6.008659    
   171.8755       105.8165      -6.068511    
   176.8751       105.7778      -6.289154    
   181.8749       105.7587      -6.050425    
   186.8749       105.7580      -6.160121    
   191.8749       105.7582      -6.262924    
   196.8749       105.7583      -6.337174    
   201.8749       105.7583      -6.396071    
   206.8749       105.7581      -6.465664    
   211.8749       105.7598      -6.535198    
   216.8748       105.7755      -6.582827    
   221.8745       105.8157      -6.605392    
   226.8739       105.8626      -6.602885    
   231.8736       105.8647      -6.595562    
   236.8703       105.7647      -6.623112    
   241.8605       105.5654      -6.637864    
   246.8531       105.4078      -6.652452    
   251.8497       105.4444      -6.658100    
   256.8403       105.6394      -6.657872    
   261.8292       105.8553      -6.657058    
   266.8226       106.0188      -6.656041    
   271.8200       106.1179      -6.649587    
   276.8195       106.1492      -6.608375    
   281.8193       106.1298      -6.596287    
   286.8188       106.0846      -6.600467    
   291.8181       106.0275      -6.587208    
   296.8170       105.9610      -6.578074    
   301.8156       105.8824      -6.568340    
   306.8141       105.8068      -6.558617    
   311.8136       105.7796      -6.577240    
   316.8123       105.7321      -6.546755    
   321.7794       105.4215      -6.437470    
   326.7076       104.8732      -6.529142    
   331.6619       104.6877      -6.337987    
   336.6017       105.1322      -5.575195    
   341.4941       105.8034      -5.643875    
   346.3997       106.4309      -5.641772    
   351.3318       106.9622      -5.623507    
   356.3008       107.2954      -5.608737    
   361.2956       107.4315      -5.613139    
   366.2939       107.5159      -5.624368    
   371.2916       107.6148      -5.634145    
   376.2886       107.7271      -5.639165    
   381.2849       107.8528      -5.640493    
   386.2799       107.9968      -5.642548    
   391.2732       108.1653      -5.649416    
   396.2645       108.3564      -5.661172    
   401.2549       108.5576      -5.742009    
   406.2462       108.7488      -6.368036    
   411.2407       108.8992      -6.300188    
   416.2387       108.9823      -6.356258    
   421.2385       109.0071      -6.411982    
   426.2385       109.0098      -6.458566    
   431.2385       109.0207      -6.489466    
   436.2343       109.1239      -6.500036    
   441.2233       109.3378      -6.495494    
   446.2118       109.5574      -6.496612    
   451.2035       109.7439      -6.519504    
   456.1937       109.9460      -6.562665    
   461.1783       110.1991      -6.617947    
   466.1624       110.4583      -6.680243    
   471.1551       110.6122      -6.753822    
   476.1545       110.6481      -6.842815    
   481.8401       110.6497      -6.745876    
   489.3643       110.6497      -6.643898    
   507.4286       110.6497      -6.026609    
  -33.77417       98.76926      -5.522964    
  -15.70986       98.76926      -6.213967    
  -8.185690       98.76926      -6.482875    
  -2.500000       98.76926      -7.060412    
   2.481762       98.94752      -6.885307    
   7.434425       99.35075      -6.728022    
   12.38829       99.74802      -6.588558    
   17.37068       99.95215      -6.479944    
   22.36992       100.0017      -6.400319    
   27.36889       100.0582      -6.328204    
   32.36626       100.1525      -6.255857    
   37.36148       100.2807      -6.180059    
   42.35468       100.4347      -6.101458    
   47.34677       100.6009      -6.022922    
   52.33939       100.7612      -5.855849    
   57.33461       100.8883      -5.720080    
   62.33282       100.9611      -5.695870    
   67.33237       100.9634      -5.682473    
   72.33087       100.8971      -5.673288    
   77.32610       100.7716      -5.669652    
   82.31709       100.5952      -5.671869    
   87.30524       100.3919      -5.678616    
   92.29430       100.1970      -5.686714    
   97.28818       100.0560      -5.689499    
   102.2866       99.99355      -5.672456    
   107.2863       99.96349      -5.751870    
   112.2728       99.79222      -5.640873    
   117.2255       99.39693      -5.692820    
   122.1606       98.92178      -5.699600    
   127.1186       98.55151      -5.708038    
   132.1048       98.34343      -5.717148    
   137.1018       98.25465      -5.726332    
   142.1004       98.28233      -5.735693    
   147.0855       98.48299      -5.745397    
   152.0289       98.91029      -5.753302    
   156.9416       99.46066      -5.745403    
   161.8866       99.87329      -5.726107    
   166.8759       100.0306      -6.201475    
   171.8755       100.0344      -6.262780    
   176.8751       99.99930      -6.652925    
   181.8749       99.98188      -6.231785    
   186.8749       99.98126      -6.302822    
   191.8749       99.98149      -6.379891    
   196.8749       99.98150      -6.455622    
   201.8749       99.98149      -6.524766    
   206.8749       99.98139      -6.589373    
   211.8749       99.98287      -6.646218    
   216.8748       99.99718      -6.688733    
   221.8745       100.0337      -6.714311    
   226.8739       100.0764      -6.727199    
   231.8736       100.0783      -6.738809    
   236.8703       99.98734      -6.756580    
   241.8605       99.80609      -6.777558    
   246.8531       99.66279      -6.791256    
   251.8497       99.69608      -6.797646    
   256.8403       99.87341      -6.796809    
   261.8292       100.0697      -6.792610    
   266.8226       100.2184      -6.788274    
   271.8200       100.3085      -6.777899    
   276.8195       100.3370      -6.760678    
   281.8193       100.3194      -6.743199    
   286.8188       100.2782      -6.728657    
   291.8181       100.2263      -6.713576    
   296.8170       100.1659      -6.697290    
   301.8156       100.0944      -6.681356    
   306.8141       100.0256      -6.665850    
   311.8136       100.0009      -6.643220    
   316.8123       99.95772      -6.603875    
   321.7794       99.67523      -6.573439    
   326.7076       99.17667      -6.721465    
   331.6619       99.00801      -6.601368    
   336.6017       99.41222      -5.829147    
   341.4941       100.0225      -5.815443    
   346.3997       100.5932      -5.811836    
   351.3318       101.0763      -5.796660    
   356.3008       101.3793      -5.781559    
   361.2956       101.5031      -5.781532    
   366.2939       101.5798      -5.786765    
   371.2916       101.6697      -5.791878    
   376.2886       101.7719      -5.795111    
   381.2849       101.8861      -5.796143    
   386.2799       102.0170      -5.796224    
   391.2732       102.1703      -5.797486    
   396.2645       102.3440      -5.800992    
   401.2549       102.5270      -5.875680    
   406.2462       102.7009      -6.554987    
   411.2407       102.8377      -6.491827    
   416.2387       102.9132      -6.533426    
   421.2385       102.9358      -6.574140    
   426.2385       102.9382      -6.609316    
   431.2385       102.9481      -6.636445    
   436.2343       103.0419      -6.654003    
   441.2233       103.2365      -6.663827    
   446.2118       103.4361      -6.676045    
   451.2035       103.6058      -6.700179    
   456.1937       103.7895      -6.736453    
   461.1783       104.0197      -6.781736    
   466.1624       104.2553      -6.834571    
   471.1551       104.3953      -6.899783    
   476.1545       104.4279      -6.980631    
   481.8401       104.4295      -6.873468    
   489.3643       104.4295      -6.754559    
   507.4286       104.4295      -6.102516    
  -33.77417       92.28692      -5.665329    
  -15.70986       92.28692      -6.357603    
  -8.185690       92.28692      -6.550983    
  -2.500000       92.28692      -7.128561    
   2.481762       92.44483      -7.006732    
   7.434425       92.80198      -6.878249    
   12.38829       93.15384      -6.752287    
   17.37068       93.33465      -6.645885    
   22.36992       93.37855      -6.562406    
   27.36889       93.42858      -6.486021    
   32.36626       93.51208      -6.412201    
   37.36148       93.62569      -6.339594    
   42.35468       93.76205      -6.268287    
   47.34677       93.90923      -6.200226    
   52.33939       94.05121      -6.057264    
   57.33461       94.16380      -5.935338    
   62.33282       94.22831      -5.897661    
   67.33237       94.23037      -5.880398    
   72.33087       94.17159      -5.870798    
   77.32610       94.06042      -5.867407    
   82.31709       93.90422      -5.868698    
   87.30524       93.72411      -5.872172    
   92.29430       93.55146      -5.874259    
   97.28818       93.42661      -5.871632    
   102.2866       93.37131      -5.869194    
   107.2863       93.34469      -5.849287    
   112.2728       93.19299      -5.880508    
   117.2255       92.84286      -5.781447    
   122.1606       92.42202      -5.813671    
   127.1186       92.09407      -5.821777    
   132.1048       91.90976      -5.829111    
   137.1018       91.83113      -5.835875    
   142.1004       91.85565      -5.841935    
   147.0855       92.03337      -5.847335    
   152.0289       92.41184      -5.850676    
   156.9416       92.89931      -5.839426    
   161.8866       93.26480      -5.820459    
   166.8759       93.40413      -6.346664    
   171.8755       93.40750      -6.475132    
   176.8751       93.37640      -6.698167    
   181.8749       93.36098      -6.483554    
   186.8749       93.36044      -6.402718    
   191.8749       93.36063      -6.490677    
   196.8749       93.36064      -6.569095    
   201.8749       93.36063      -6.638358    
   206.8749       93.36054      -6.699060    
   211.8749       93.36186      -6.750435    
   216.8748       93.37454      -6.790884    
   221.8745       93.40688      -6.820289    
   226.8739       93.44470      -6.841383    
   231.8736       93.44635      -6.859439    
   236.8703       93.36582      -6.879566    
   241.8605       93.20527      -6.901099    
   246.8531       93.07835      -6.915064    
   251.8497       93.10783      -6.921415    
   256.8403       93.26490      -6.920062    
   261.8292       93.43874      -6.913752    
   266.8226       93.57047      -6.906229    
   271.8200       93.65030      -6.896077    
   276.8195       93.67554      -6.882600    
   281.8193       93.65989      -6.866309    
   286.8188       93.62345      -6.847947    
   291.8181       93.57744      -6.827958    
   296.8170       93.52392      -6.806599    
   301.8156       93.46066      -6.784080    
   306.8141       93.39973      -6.758636    
   311.8136       93.37785      -6.726278    
   316.8123       93.33959      -6.688991    
   321.7794       93.08938      -6.666814    
   326.7076       92.64779      -6.838559    
   331.6619       92.49840      -6.756563    
   336.6017       92.85643      -5.983685    
   341.4941       93.39696      -5.956433    
   346.3997       93.90244      -5.944284    
   351.3318       94.33030      -5.931221    
   356.3008       94.59869      -5.918907    
   361.2956       94.70834      -5.918314    
   366.2939       94.77627      -5.920352    
   371.2916       94.85593      -5.921364    
   376.2886       94.94642      -5.921070    
   381.2849       95.04758      -5.919557    
   386.2799       95.16358      -5.917276    
   391.2732       95.29931      -5.915370    
   396.2645       95.45317      -5.914785    
   401.2549       95.61526      -5.986928    
   406.2462       95.76926      -6.727348    
   411.2407       95.89043      -6.680306    
   416.2387       95.95733      -6.713270    
   421.2385       95.97731      -6.744747    
   426.2385       95.97943      -6.772775    
   431.2385       95.98818      -6.796822    
   436.2343       96.07135      -6.816195    
   441.2233       96.24365      -6.831085    
   446.2118       96.42047      -6.847643    
   451.2035       96.57073      -6.872554    
   456.1937       96.73344      -6.905851    
   461.1783       96.93733      -6.945717    
   466.1624       97.14609      -6.991826    
   471.1551       97.27006      -7.049250    
   476.1545       97.29897      -7.121336    
   481.8401       97.30029      -7.003417    
   489.3643       97.30029      -6.868674    
   507.4286       97.30029      -6.186843    
  -33.77417       84.70639      -5.786999    
  -15.70986       84.70639      -6.475717    
  -8.185690       84.70639      -6.649014    
  -2.500000       84.70639      -7.208178    
   2.481762       84.84047      -7.105310    
   7.434425       85.14374      -6.998187    
   12.38829       85.44250      -6.887484    
   17.37068       85.59602      -6.788604    
   22.36992       85.63330      -6.707521    
   27.36889       85.67580      -6.632393    
   32.36626       85.74669      -6.560827    
   37.36148       85.84315      -6.492438    
   42.35468       85.95895      -6.427249    
   47.34677       86.08392      -6.366108    
   52.33939       86.20448      -6.246337    
   57.33461       86.30008      -6.137273    
   62.33282       86.35486      -6.099625    
   67.33237       86.35661      -6.078513    
   72.33087       86.30669      -6.066070    
   77.32610       86.21230      -6.059826    
   82.31709       86.07966      -6.057420    
   87.30524       85.92673      -6.056031    
   92.29430       85.78013      -6.052701    
   97.28818       85.67411      -6.045527    
   102.2866       85.62716      -6.034815    
   107.2863       85.60456      -6.020630    
   112.2728       85.47575      -5.999982    
   117.2255       85.17844      -5.919471    
   122.1606       84.82110      -5.911532    
   127.1186       84.54264      -5.920586    
   132.1048       84.38613      -5.927054    
   137.1018       84.31937      -5.931798    
   142.1004       84.34019      -5.934862    
   147.0855       84.49109      -5.936925    
   152.0289       84.81246      -5.937699    
   156.9416       85.22638      -5.925468    
   161.8866       85.53673      -5.907281    
   166.8759       85.65503      -6.449456    
   171.8755       85.65790      -6.558017    
   176.8751       85.63148      -6.837855    
   181.8749       85.61840      -6.591193    
   186.8749       85.61794      -6.511507    
   191.8749       85.61810      -6.605323    
   196.8749       85.61810      -6.681507    
   201.8749       85.61810      -6.746572    
   206.8749       85.61802      -6.802779    
   211.8749       85.61914      -6.850762    
   216.8748       85.62991      -6.890453    
   221.8745       85.65736      -6.922164    
   226.8739       85.68948      -6.947302    
   231.8736       85.69088      -6.968981    
   236.8703       85.62250      -6.991060    
   241.8605       85.48617      -7.012998    
   246.8531       85.37840      -7.026770    
   251.8497       85.40344      -7.033199    
   256.8403       85.53680      -7.031683    
   261.8292       85.68442      -7.024171    
   266.8226       85.79627      -7.014843    
   271.8200       85.86406      -7.003552    
   276.8195       85.88549      -6.990016    
   281.8193       85.87220      -6.973644    
   286.8188       85.84126      -6.954086    
   291.8181       85.80219      -6.931633    
   296.8170       85.75674      -6.906802    
   301.8156       85.70303      -6.879803    
   306.8141       85.65130      -6.849595    
   311.8136       85.63272      -6.814169    
   316.8123       85.60023      -6.776135    
   321.7794       85.38776      -6.752030    
   326.7076       85.01280      -6.933682    
   331.6619       84.88596      -6.860728    
   336.6017       85.18996      -6.086350    
   341.4941       85.64894      -6.054313    
   346.3997       86.07815      -6.038730    
   351.3318       86.44146      -6.025731    
   356.3008       86.66934      -6.015023    
   361.2956       86.76245      -6.014803    
   366.2939       86.82014      -6.015790    
   371.2916       86.88777      -6.014843    
   376.2886       86.96461      -6.012291    
   381.2849       87.05051      -6.008775    
   386.2799       87.14902      -6.004746    
   391.2732       87.26426      -6.001105    
   396.2645       87.39491      -5.998590    
   401.2549       87.53254      -6.070119    
   406.2462       87.66331      -6.884890    
   411.2407       87.76619      -6.869310    
   416.2387       87.82300      -6.895577    
   421.2385       87.83997      -6.920232    
   426.2385       87.84176      -6.942703    
   431.2385       87.84920      -6.963325    
   436.2343       87.91981      -6.981844    
   441.2233       88.06612      -6.997917    
   446.2118       88.21626      -7.015660    
   451.2035       88.34385      -7.040322    
   456.1937       88.48203      -7.071732    
   461.1783       88.65514      -7.108340    
   466.1624       88.83239      -7.149871    
   471.1551       88.93765      -7.200921    
   476.1545       88.96221      -7.264944    
   481.8401       88.96335      -7.136655    
   489.3643       88.96335      -6.987229    
   507.4286       88.96335      -6.280002    
  -33.77417       75.60016      -5.887134    
  -15.70986       75.60016      -6.584079    
  -8.185690       75.60016      -6.757402    
  -2.500000       75.60016      -7.270746    
   2.481762       75.70561      -7.183240    
   7.434425       75.94414      -7.090714    
   12.38829       76.17914      -6.993117    
   17.37068       76.29989      -6.904204    
   22.36992       76.32921      -6.829962    
   27.36889       76.36263      -6.760137    
   32.36626       76.41840      -6.693597    
   37.36148       76.49427      -6.630564    
   42.35468       76.58534      -6.571172    
   47.34677       76.68364      -6.515946    
   52.33939       76.77846      -6.418968    
   57.33461       76.85366      -6.323092    
   62.33282       76.89674      -6.286538    
   67.33237       76.89812      -6.264317    
   72.33087       76.85886      -6.249298    
   77.32610       76.78461      -6.239498    
   82.31709       76.68029      -6.232512    
   87.30524       76.56001      -6.225760    
   92.29430       76.44469      -6.216924    
   97.28818       76.36131      -6.204458    
   102.2866       76.32438      -6.188397    
   107.2863       76.30660      -6.158161    
   112.2728       76.20528      -6.127883    
   117.2255       75.97144      -6.024645    
   122.1606       75.69038      -6.006845    
   127.1186       75.47135      -6.007338    
   132.1048       75.34826      -6.009326    
   137.1018       75.29574      -6.010718    
   142.1004       75.31212      -6.010888    
   147.0855       75.43081      -6.010633    
   152.0289       75.68358      -6.009988    
   156.9416       76.00915      -5.996893    
   161.8866       76.25325      -5.977475    
   166.8759       76.34630      -6.523401    
   171.8755       76.34855      -6.624876    
   176.8751       76.32778      -6.906429    
   181.8749       76.31749      -6.909271    
   186.8749       76.31712      -6.668656    
   191.8749       76.31725      -6.738605    
   196.8749       76.31725      -6.799580    
   201.8749       76.31725      -6.853953    
   206.8749       76.31718      -6.902964    
   211.8749       76.31807      -6.946850    
   216.8748       76.32654      -6.985278    
   221.8745       76.34814      -7.017900    
   226.8739       76.37340      -7.044986    
   231.8736       76.37450      -7.068532    
   236.8703       76.32071      -7.091767    
   241.8605       76.21349      -7.114221    
   246.8531       76.12872      -7.128230    
   251.8497       76.14841      -7.134584    
   256.8403       76.25331      -7.132638    
   261.8292       76.36942      -7.124152    
   266.8226       76.45739      -7.113351    
   271.8200       76.51070      -7.100598    
   276.8195       76.52757      -7.085886    
   281.8193       76.51711      -7.068586    
   286.8188       76.49277      -7.048100    
   291.8181       76.46204      -7.024443    
   296.8170       76.42630      -6.998092    
   301.8156       76.38405      -6.969447    
   306.8141       76.34336      -6.937918    
   311.8136       76.32875      -6.902262    
   316.8123       76.30320      -6.864949    
   321.7794       76.13609      -6.840587    
   326.7076       75.84116      -7.011511    
   331.6619       75.74139      -6.928657    
   336.6017       75.98050      -6.146132    
   341.4941       76.34151      -6.111673    
   346.3997       76.67910      -6.093923    
   351.3318       76.96486      -6.079732    
   356.3008       77.14410      -6.068695    
   361.2956       77.21733      -6.068223    
   366.2939       77.26270      -6.068950    
   371.2916       77.31591      -6.067749    
   376.2886       77.37634      -6.064977    
   381.2849       77.44391      -6.061321    
   386.2799       77.52139      -6.057271    
   391.2732       77.61202      -6.053559    
   396.2645       77.71479      -6.050709    
   401.2549       77.82304      -6.122535    
   406.2462       77.92590      -7.018852    
   411.2407       78.00681      -7.057079    
   416.2387       78.05150      -7.076288    
   421.2385       78.06484      -7.093959    
   426.2385       78.06626      -7.110741    
   431.2385       78.07211      -7.127547    
   436.2343       78.12765      -7.144706    
   441.2233       78.24273      -7.160526    
   446.2118       78.36082      -7.178125    
   451.2035       78.46117      -7.202462    
   456.1937       78.56985      -7.233053    
   461.1783       78.70601      -7.267861    
   466.1624       78.84543      -7.306224    
   471.1551       78.92822      -7.352736    
   476.1545       78.94754      -7.410872    
   481.8401       78.94843      -7.273884    
   489.3643       78.94843      -7.107726    
   507.4286       78.94843      -6.381182    
  -33.77417       56.32260      -5.362746    
  -15.70986       56.32260      -6.153667    
  -8.185690       56.32260      -6.329266    
  -2.500000       56.32260      -6.681880    
   2.481762       56.36747      -6.624048    
   7.434425       56.46896      -6.560213    
   12.38829       56.56895      -6.489517    
   17.37068       56.62033      -6.421781    
   22.36992       56.63280      -6.364086    
   27.36889       56.64702      -6.308736    
   32.36626       56.67075      -6.255118    
   37.36148       56.70303      -6.203647    
   42.35468       56.74178      -6.154416    
   47.34677       56.78361      -6.107924    
   52.33939       56.82395      -6.048142    
   57.33461       56.85595      -5.971174    
   62.33282       56.87428      -5.931663    
   67.33237       56.87487      -5.901740    
   72.33087       56.85816      -5.876749    
   77.32610       56.82657      -5.856046    
   82.31709       56.78218      -5.838446    
   87.30524       56.73100      -5.822370    
   92.29430       56.68194      -5.806111    
   97.28818       56.64646      -5.788332    
   102.2866       56.63075      -5.767035    
   107.2863       56.62318      -5.721198    
   112.2728       56.58007      -5.676200    
   117.2255       56.48058      -5.544242    
   122.1606       56.36099      -5.512384    
   127.1186       56.26780      -5.501346    
   132.1048       56.21542      -5.494115    
   137.1018       56.19307      -5.488082    
   142.1004       56.20005      -5.482439    
   147.0855       56.25055      -5.478776    
   152.0289       56.35809      -5.478242    
   156.9416       56.49662      -5.467727    
   161.8866       56.60048      -5.449602    
   166.8759       56.64007      -5.998135    
   171.8755       56.64103      -6.092473    
   176.8751       56.63219      -6.385806    
   181.8749       56.62782      -6.524308    
   186.8749       56.62766      -6.287322    
   191.8749       56.62771      -6.322947    
   196.8749       56.62772      -6.364789    
   201.8749       56.62771      -6.409348    
   206.8749       56.62769      -6.454421    
   211.8749       56.62806      -6.498161    
   216.8748       56.63167      -6.538924    
   221.8745       56.64086      -6.575606    
   226.8739       56.65160      -6.607613    
   231.8736       56.65207      -6.635557    
   236.8703       56.62919      -6.661008    
   241.8605       56.58356      -6.682647    
   246.8531       56.54750      -6.694501    
   251.8497       56.55588      -6.700018    
   256.8403       56.60051      -6.697836    
   261.8292       56.64991      -6.687497    
   266.8226       56.68734      -6.672631    
   271.8200       56.71003      -6.654018    
   276.8195       56.71720      -6.632265    
   281.8193       56.71275      -6.607535    
   286.8188       56.70240      -6.579839    
   291.8181       56.68932      -6.549665    
   296.8170       56.67411      -6.517830    
   301.8156       56.65614      -6.485255    
   306.8141       56.63882      -6.452255    
   311.8136       56.63261      -6.418696    
   316.8123       56.62173      -6.387058    
   321.7794       56.55063      -6.371515    
   326.7076       56.42514      -6.499569    
   331.6619       56.38269      -6.374571    
   336.6017       56.48443      -5.561765    
   341.4941       56.63803      -5.528615    
   346.3997       56.78168      -5.509959    
   351.3318       56.90327      -5.493914    
   356.3008       56.97953      -5.480422    
   361.2956       57.01069      -5.477715    
   366.2939       57.02999      -5.478261    
   371.2916       57.05263      -5.479445    
   376.2886       57.07835      -5.481224    
   381.2849       57.10709      -5.483811    
   386.2799       57.14006      -5.487197    
   391.2732       57.17862      -5.491522    
   396.2645       57.22235      -5.496515    
   401.2549       57.26841      -5.575353    
   406.2462       57.31217      -6.551073    
   411.2407       57.34660      -6.682208    
   416.2387       57.36561      -6.695756    
   421.2385       57.37129      -6.710810    
   426.2385       57.37189      -6.727955    
   431.2385       57.37438      -6.747577    
   436.2343       57.39801      -6.769928    
   441.2233       57.44698      -6.794011    
   446.2118       57.49723      -6.820425    
   451.2035       57.53992      -6.852037    
   456.1937       57.58617      -6.888481    
   461.1783       57.64410      -6.928248    
   466.1624       57.70342      -6.969760    
   471.1551       57.73865      -7.015158    
   476.1545       57.74687      -7.067320    
   481.8401       57.74725      -6.920286    
   489.3643       57.74725      -6.738410    
   507.4286       57.74725      -5.885331    
