        1545
  -33.77417       136.6885       2.255569    
  -15.70986       136.6885       1.990156    
  -8.185690       136.6885       1.844979    
  -2.500000       136.6885       1.879144    
   2.481762       136.9860       1.832554    
   7.434425       137.6588       1.600707    
   12.38829       138.3216       1.503405    
   17.37068       138.6622       1.331664    
   22.36992       138.7449       1.585298    
   27.36889       138.8391       1.460577    
   32.36626       138.9964       1.446505    
   37.36148       139.2104       1.441911    
   42.35468       139.4673       1.644264    
   47.34677       139.7446       1.701814    
   52.33939       140.0120       1.683488    
   57.33461       140.2241       1.723163    
   62.33282       140.3456       1.450634    
   67.33237       140.3495       1.535695    
   72.33087       140.2388       1.488736    
   77.32610       140.0294       1.637619    
   82.31709       139.7351       1.563136    
   87.30524       139.3958       1.672390    
   92.29430       139.0706       1.685596    
   97.28818       138.8354       1.530015    
   102.2866       138.7312       1.572124    
   107.2863       138.6811       1.564100    
   112.2728       138.3953       1.591822    
   117.2255       137.7357       1.579002    
   122.1606       136.9430       1.474959    
   127.1186       136.3252       1.424479    
   132.1048       135.9780       1.317264    
   137.1018       135.8299       1.282130    
   142.1004       135.8761       1.266450    
   147.0855       136.2108       1.341318    
   152.0289       136.9238       1.532050    
   156.9416       137.8421       1.654927    
   161.8866       138.5306       1.639157    
   166.8759       138.7930       1.606929    
   171.8755       138.7994       1.491740    
   176.8751       138.7408       1.415521    
   181.8749       138.7118       1.445755    
   186.8749       138.7108       1.367267    
   191.8749       138.7111       1.414260    
   196.8749       138.7112       1.374271    
   201.8749       138.7111       1.488964    
   206.8749       138.7109       1.391198    
   211.8749       138.7134       1.448935    
   216.8748       138.7373       1.521612    
   221.8745       138.7983       1.336916    
   226.8739       138.8695       1.562398    
   231.8736       138.8726       1.292966    
   236.8703       138.7209       1.339929    
   241.8605       138.4185       1.274136    
   246.8531       138.1794       1.327071    
   251.8497       138.2349       1.389385    
   256.8403       138.5308       1.584105    
   261.8292       138.8582       1.539723    
   266.8226       139.1064       1.452926    
   271.8200       139.2568       1.576708    
   276.8195       139.3043       1.514490    
   281.8193       139.2749       1.610898    
   286.8188       139.2062       1.486108    
   291.8181       139.1195       1.401261    
   296.8170       139.0187       1.345027    
   301.8156       138.8996       1.365880    
   306.8141       138.7848       1.605790    
   311.8136       138.7435       1.563732    
   316.8123       138.6715       1.334337    
   321.7794       138.2001       1.304581    
   326.7076       137.3683       1.409592    
   331.6619       137.0869       1.565911    
   336.6017       137.7613       1.445633    
   341.4941       138.7795       1.315523    
   346.3997       139.7317       1.631916    
   351.3318       140.5377       1.412900    
   356.3008       141.0433       1.765954    
   361.2956       141.2499       1.591931    
   366.2939       141.3779       1.350170    
   371.2916       141.5279       1.264537    
   376.2886       141.6984       1.249945    
   381.2849       141.8889       1.203527    
   386.2799       142.1075       1.000540    
   391.2732       142.3631       1.292293    
   396.2645       142.6530       1.383213    
   401.2549       142.9583       1.195448    
   406.2462       143.2484      0.9000881    
   411.2407       143.4767      0.8162323    
   416.2387       143.6027      0.8447161    
   421.2385       143.6403      0.7752571    
   426.2385       143.6443      0.8676235    
   431.2385       143.6608      0.8598519    
   436.2343       143.8174       1.119197    
   441.2233       144.1421       1.048155    
   446.2118       144.4751      0.7857151    
   451.2035       144.7582      0.6373118    
   456.1937       145.0647      0.7251052    
   461.1783       145.4488       1.054466    
   466.1624       145.8420       1.278322    
   471.1551       146.0755       1.392998    
   476.1545       146.1300       1.473797    
   481.8401       146.1326       1.902296    
   489.3643       146.1326       2.242448    
   507.4286       146.1326       2.706208    
  -33.77417       134.0858       2.257254    
  -15.70986       134.0858       1.995663    
  -8.185690       134.0858       1.835181    
  -2.500000       134.0858       1.710556    
   2.481762       134.3752       1.569035    
   7.434425       135.0294       1.187117    
   12.38829       135.6740       1.021791    
   17.37068       136.0052       1.039076    
   22.36992       136.0857       1.133816    
   27.36889       136.1774      0.9939812    
   32.36626       136.3303       1.044220    
   37.36148       136.5384       1.111701    
   42.35468       136.7882       1.085509    
   47.34677       137.0579       1.217863    
   52.33939       137.3180       1.228124    
   57.33461       137.5242       1.099046    
   62.33282       137.6424       1.061644    
   67.33237       137.6462       1.188945    
   72.33087       137.5385      0.9990227    
   77.32610       137.3349       1.166947    
   82.31709       137.0487       1.232827    
   87.30524       136.7188       1.295294    
   92.29430       136.4025       1.168222    
   97.28818       136.1738      0.9860945    
   102.2866       136.0724       1.100967    
   107.2863       136.0237       1.072493    
   112.2728       135.7457      0.9722567    
   117.2255       135.1043       1.010482    
   122.1606       134.3334       1.246473    
   127.1186       133.7326       1.299120    
   132.1048       133.3949       1.340026    
   137.1018       133.2509       1.323497    
   142.1004       133.2958       1.291173    
   147.0855       133.6214       1.213021    
   152.0289       134.3147       1.254177    
   156.9416       135.2077       1.015248    
   161.8866       135.8773       1.120413    
   166.8759       136.1325       1.077973    
   171.8755       136.1387      0.9820543    
   176.8751       136.0817      0.9400421    
   181.8749       136.0535      0.9419533    
   186.8749       136.0525      0.8954122    
   191.8749       136.0529      0.8550061    
   196.8749       136.0529      0.8786429    
   201.8749       136.0529      0.8817143    
   206.8749       136.0527      0.8994389    
   211.8749       136.0551       1.031032    
   216.8748       136.0783      0.8967498    
   221.8745       136.1376      0.8591521    
   226.8739       136.2069      0.9718721    
   231.8736       136.2099      0.7373790    
   236.8703       136.0623      0.8893765    
   241.8605       135.7682      0.8676930    
   246.8531       135.5358      0.8551590    
   251.8497       135.5898      0.9280335    
   256.8403       135.8775      0.9601953    
   261.8292       136.1960      0.9801393    
   266.8226       136.4373      0.9331704    
   271.8200       136.5835       1.006094    
   276.8195       136.6297       1.090711    
   281.8193       136.6011      0.9475046    
   286.8188       136.5343      0.8904716    
   291.8181       136.4500      0.9138194    
   296.8170       136.3520      0.9360790    
   301.8156       136.2361      0.8961282    
   306.8141       136.1245      0.8926655    
   311.8136       136.0844      0.7401242    
   316.8123       136.0143       1.282936    
   321.7794       135.5559       1.345327    
   326.7076       134.7469       1.233220    
   331.6619       134.4733       1.124792    
   336.6017       135.1292       1.130955    
   341.4941       136.1194       1.299134    
   346.3997       137.0454       1.294215    
   351.3318       137.8293       1.078325    
   356.3008       138.3209       1.225809    
   361.2956       138.5218       1.076129    
   366.2939       138.6463       1.067470    
   371.2916       138.7922      0.9006623    
   376.2886       138.9579       1.205063    
   381.2849       139.1433       1.252735    
   386.2799       139.3558       1.456884    
   391.2732       139.6044       1.080863    
   396.2645       139.8863       1.174797    
   401.2549       140.1832      0.9813412    
   406.2462       140.4654       1.209939    
   411.2407       140.6873       1.148921    
   416.2387       140.8099       1.201520    
   421.2385       140.8465       1.183794    
   426.2385       140.8504       1.197736    
   431.2385       140.8664       1.232965    
   436.2343       141.0188       1.285015    
   441.2233       141.3345       1.268644    
   446.2118       141.6584       1.127301    
   451.2035       141.9337       1.122170    
   456.1937       142.2318       1.216337    
   461.1783       142.6053       1.374751    
   466.1624       142.9877       1.453202    
   471.1551       143.2148       1.510931    
   476.1545       143.2677       1.605568    
   481.8401       143.2702       1.939768    
   489.3643       143.2702       2.257103    
   507.4286       143.2702       2.708397    
  -33.77417       131.3152       2.262963    
  -15.70986       131.3152       2.009005    
  -8.185690       131.3152       1.847675    
  -2.500000       131.3152       1.695616    
   2.481762       131.5958       1.536998    
   7.434425       132.2304       1.261455    
   12.38829       132.8556       1.148068    
   17.37068       133.1768       1.222680    
   22.36992       133.2549       1.301083    
   27.36889       133.3438       1.251051    
   32.36626       133.4921       1.288453    
   37.36148       133.6940       1.344716    
   42.35468       133.9363       1.329504    
   47.34677       134.1978       1.401977    
   52.33939       134.4500       1.408199    
   57.33461       134.6501       1.303429    
   62.33282       134.7647       1.309338    
   67.33237       134.7684       1.400322    
   72.33087       134.6640       1.306907    
   77.32610       134.4664       1.392064    
   82.31709       134.1889       1.446819    
   87.30524       133.8689       1.485584    
   92.29430       133.5621       1.417112    
   97.28818       133.3403       1.296250    
   102.2866       133.2420       1.335791    
   107.2863       133.1947       1.278202    
   112.2728       132.9252       1.142874    
   117.2255       132.3031       1.155222    
   122.1606       131.5553       1.322938    
   127.1186       130.9726       1.411175    
   132.1048       130.6451       1.426737    
   137.1018       130.5054       1.414760    
   142.1004       130.5490       1.393723    
   147.0855       130.8647       1.359139    
   152.0289       131.5372       1.326749    
   156.9416       132.4034       1.185632    
   161.8866       133.0527       1.280206    
   166.8759       133.3003       1.306940    
   171.8755       133.3063       1.279833    
   176.8751       133.2510       1.259249    
   181.8749       133.2236       1.260942    
   186.8749       133.2227       1.212625    
   191.8749       133.2231       1.187215    
   196.8749       133.2231       1.183973    
   201.8749       133.2231       1.152491    
   206.8749       133.2229       1.177442    
   211.8749       133.2252       1.230679    
   216.8748       133.2477       1.084094    
   221.8745       133.3052       1.127442    
   226.8739       133.3724       1.189031    
   231.8736       133.3753       1.089029    
   236.8703       133.2322       1.095762    
   241.8605       132.9470       1.176084    
   246.8531       132.7215       1.148538    
   251.8497       132.7738       1.295025    
   256.8403       133.0529       1.210983    
   261.8292       133.3618       1.202008    
   266.8226       133.5959       1.219123    
   271.8200       133.7377       1.266962    
   276.8195       133.7825       1.305010    
   281.8193       133.7548       1.125620    
   286.8188       133.6900       1.138695    
   291.8181       133.6082       1.235293    
   296.8170       133.5132       1.284871    
   301.8156       133.4008       1.252633    
   306.8141       133.2925       1.167895    
   311.8136       133.2536       1.172202    
   316.8123       133.1856       1.442978    
   321.7794       132.7410       1.490098    
   326.7076       131.9564       1.357340    
   331.6619       131.6910       1.272172    
   336.6017       132.3271       1.332965    
   341.4941       133.2876       1.455731    
   346.3997       134.1857       1.404866    
   351.3318       134.9460       1.275293    
   356.3008       135.4228       1.286104    
   361.2956       135.6176       1.220101    
   366.2939       135.7384       1.267463    
   371.2916       135.8799       1.285165    
   376.2886       136.0407       1.457739    
   381.2849       136.2204       1.492540    
   386.2799       136.4265       1.579204    
   391.2732       136.6677       1.350785    
   396.2645       136.9411       1.406679    
   401.2549       137.2291       1.387177    
   406.2462       137.5027       1.518668    
   411.2407       137.7180       1.507893    
   416.2387       137.8369       1.523485    
   421.2385       137.8724       1.502603    
   426.2385       137.8761       1.508597    
   431.2385       137.8917       1.533566    
   436.2343       138.0394       1.523469    
   441.2233       138.3456       1.500981    
   446.2118       138.6598       1.431493    
   451.2035       138.9268       1.424664    
   456.1937       139.2159       1.454057    
   461.1783       139.5782       1.510833    
   466.1624       139.9491       1.556859    
   471.1551       140.1694       1.632096    
   476.1545       140.2207       1.753838    
   481.8401       140.2231       2.009187    
   489.3643       140.2231       2.283938    
   507.4286       140.2231       2.714650    
  -33.77417       128.3538       2.272824    
  -15.70986       128.3538       2.031509    
  -8.185690       128.3538       1.886217    
  -2.500000       128.3538       1.756096    
   2.481762       128.6251       1.640940    
   7.434425       129.2386       1.495807    
   12.38829       129.8431       1.453576    
   17.37068       130.1537       1.533071    
   22.36992       130.2291       1.610883    
   27.36889       130.3151       1.620281    
   32.36626       130.4585       1.651138    
   37.36148       130.6536       1.691638    
   42.35468       130.8879       1.703877    
   47.34677       131.1408       1.742238    
   52.33939       131.3846       1.746853    
   57.33461       131.5780       1.698090    
   62.33282       131.6889       1.705898    
   67.33237       131.6924       1.753062    
   72.33087       131.5914       1.726326    
   77.32610       131.4005       1.767520    
   82.31709       131.1322       1.797694    
   87.30524       130.8228       1.824581    
   92.29430       130.5262       1.804544    
   97.28818       130.3116       1.743537    
   102.2866       130.2167       1.731469    
   107.2863       130.1709       1.660372    
   112.2728       129.9104       1.536741    
   117.2255       129.3089       1.493428    
   122.1606       128.5859       1.535111    
   127.1186       128.0226       1.567179    
   132.1048       127.7059       1.556210    
   137.1018       127.5708       1.548243    
   142.1004       127.6130       1.541790    
   147.0855       127.9183       1.552913    
   152.0289       128.5684       1.561593    
   156.9416       129.4059       1.565611    
   161.8866       130.0337       1.680902    
   166.8759       130.2731       1.749168    
   171.8755       130.2789       1.754431    
   176.8751       130.2254       1.740068    
   181.8749       130.1989       1.728483    
   186.8749       130.1980       1.695005    
   191.8749       130.1983       1.675307    
   196.8749       130.1983       1.659875    
   201.8749       130.1983       1.630430    
   206.8749       130.1982       1.638086    
   211.8749       130.2005       1.642404    
   216.8748       130.2222       1.555374    
   221.8745       130.2778       1.592130    
   226.8739       130.3428       1.615237    
   231.8736       130.3456       1.556742    
   236.8703       130.2072       1.532620    
   241.8605       129.9314       1.610347    
   246.8531       129.7134       1.634826    
   251.8497       129.7641       1.727986    
   256.8403       130.0339       1.663375    
   261.8292       130.3325       1.645862    
   266.8226       130.5588       1.671517    
   271.8200       130.6960       1.709379    
   276.8195       130.7393       1.714193    
   281.8193       130.7124       1.598897    
   286.8188       130.6498       1.621174    
   291.8181       130.5708       1.706636    
   296.8170       130.4788       1.757959    
   301.8156       130.3701       1.752347    
   306.8141       130.2655       1.698904    
   311.8136       130.2279       1.695382    
   316.8123       130.1622       1.783155    
   321.7794       129.7323       1.774862    
   326.7076       128.9738       1.673121    
   331.6619       128.7171       1.619252    
   336.6017       129.3322       1.652670    
   341.4941       130.2607       1.711413    
   346.3997       131.1291       1.678967    
   351.3318       131.8641       1.610049    
   356.3008       132.3251       1.590609    
   361.2956       132.5135       1.565094    
   366.2939       132.6302       1.608593    
   371.2916       132.7671       1.664244    
   376.2886       132.9225       1.764760    
   381.2849       133.0963       1.785986    
   386.2799       133.2955       1.798132    
   391.2732       133.5287       1.700871    
   396.2645       133.7930       1.733052    
   401.2549       134.0715       1.762640    
   406.2462       134.3360       1.833600    
   411.2407       134.5442       1.842499    
   416.2387       134.6591       1.839640    
   421.2385       134.6935       1.815161    
   426.2385       134.6971       1.804380    
   431.2385       134.7121       1.796223    
   436.2343       134.8550       1.763999    
   441.2233       135.1510       1.727954    
   446.2118       135.4547       1.680116    
   451.2035       135.7129       1.658273    
   456.1937       135.9924       1.653086    
   461.1783       136.3427       1.669396    
   466.1624       136.7012       1.706413    
   471.1551       136.9142       1.779273    
   476.1545       136.9639       1.896834    
   481.8401       136.9662       2.087520    
   489.3643       136.9662       2.321379    
   507.4286       136.9662       2.724627    
  -33.77417       125.1739       2.286525    
  -15.70986       125.1739       2.060891    
  -8.185690       125.1739       1.936861    
  -2.500000       125.1739       1.839268    
   2.481762       125.4352       1.769561    
   7.434425       126.0261       1.708087    
   12.38829       126.6083       1.714500    
   17.37068       126.9075       1.788998    
   22.36992       126.9801       1.863918    
   27.36889       127.0629       1.902141    
   32.36626       127.2010       1.936912    
   37.36148       127.3890       1.972012    
   42.35468       127.6146       1.995254    
   47.34677       127.8582       2.020934    
   52.33939       128.0931       2.028110    
   57.33461       128.2793       2.012061    
   62.33282       128.3861       2.019053    
   67.33237       128.3895       2.044508    
   72.33087       128.2923       2.047066    
   77.32610       128.1083       2.072834    
   82.31709       127.8499       2.094791    
   87.30524       127.5519       2.114754    
   92.29430       127.2662       2.111296    
   97.28818       127.0596       2.078226    
   102.2866       126.9681       2.044883    
   107.2863       126.9241       1.971425    
   112.2728       126.6731       1.862523    
   117.2255       126.0938       1.786916    
   122.1606       125.3975       1.754426    
   127.1186       124.8549       1.732572    
   132.1048       124.5499       1.713439    
   137.1018       124.4198       1.709292    
   142.1004       124.4603       1.712826    
   147.0855       124.7544       1.746747    
   152.0289       125.3806       1.806784    
   156.9416       126.1872       1.891355    
   161.8866       126.7919       2.021980    
   166.8759       127.0225       2.109602    
   171.8755       127.0280       2.134752    
   176.8751       126.9765       2.128273    
   181.8749       126.9510       2.111928    
   186.8749       126.9501       2.086957    
   191.8749       126.9505       2.067394    
   196.8749       126.9505       2.048270    
   201.8749       126.9505       2.024641    
   206.8749       126.9503       2.018465    
   211.8749       126.9525       2.005348    
   216.8748       126.9735       1.959947    
   221.8745       127.0270       1.974857    
   226.8739       127.0896       1.980029    
   231.8736       127.0923       1.946549    
   236.8703       126.9591       1.931850    
   241.8605       126.6934       1.981576    
   246.8531       126.4834       2.020148    
   251.8497       126.5322       2.067319    
   256.8403       126.7921       2.039775    
   261.8292       127.0797       2.028391    
   266.8226       127.2977       2.044499    
   271.8200       127.4297       2.068041    
   276.8195       127.4715       2.063824    
   281.8193       127.4456       2.007087    
   286.8188       127.3853       2.025025    
   291.8181       127.3092       2.086913    
   296.8170       127.2206       2.132728    
   301.8156       127.1160       2.142723    
   306.8141       127.0152       2.116856    
   311.8136       126.9790       2.102448    
   316.8123       126.9157       2.115398    
   321.7794       126.5017       2.074085    
   326.7076       125.7710       1.992098    
   331.6619       125.5238       1.943052    
   336.6017       126.1162       1.947215    
   341.4941       127.0106       1.969154    
   346.3997       127.8469       1.951613    
   351.3318       128.5549       1.914797    
   356.3008       128.9989       1.895083    
   361.2956       129.1804       1.887204    
   366.2939       129.2928       1.918492    
   371.2916       129.4245       1.968254    
   376.2886       129.5742       2.027866    
   381.2849       129.7417       2.043364    
   386.2799       129.9336       2.038005    
   391.2732       130.1582       2.001984    
   396.2645       130.4128       2.024440    
   401.2549       130.6809       2.058246    
   406.2462       130.9357       2.099970    
   411.2407       131.1362       2.110157    
   416.2387       131.2469       2.099889    
   421.2385       131.2800       2.071517    
   426.2385       131.2835       2.044267    
   431.2385       131.2979       2.013695    
   436.2343       131.4355       1.972101    
   441.2233       131.7207       1.927855    
   446.2118       132.0132       1.882437    
   451.2035       132.2618       1.850999    
   456.1937       132.5311       1.831958    
   461.1783       132.8684       1.833310    
   466.1624       133.2138       1.862544    
   471.1551       133.4189       1.925276    
   476.1545       133.4668       2.022623    
   481.8401       133.4690       2.170503    
   489.3643       133.4690       2.366141    
   507.4286       133.4690       2.737687    
  -33.77417       121.7413       2.303741    
  -15.70986       121.7413       2.095734    
  -8.185690       121.7413       1.992333    
  -2.500000       121.7413       1.920735    
   2.481762       121.9919       1.881060    
   7.434425       122.5584       1.867681    
   12.38829       123.1165       1.899660    
   17.37068       123.4034       1.967214    
   22.36992       123.4730       2.036937    
   27.36889       123.5524       2.086830    
   32.36626       123.6848       2.127223    
   37.36148       123.8650       2.162709    
   42.35468       124.0813       2.190055    
   47.34677       124.3148       2.212231    
   52.33939       124.5400       2.223240    
   57.33461       124.7186       2.224325    
   62.33282       124.8209       2.233053    
   67.33237       124.8242       2.250786    
   72.33087       124.7309       2.264186    
   77.32610       124.5546       2.284326    
   82.31709       124.3068       2.303057    
   87.30524       124.0211       2.318247    
   92.29430       123.7473       2.317787    
   97.28818       123.5492       2.293690    
   102.2866       123.4615       2.252743    
   107.2863       123.4193       2.181978    
   112.2728       123.1786       2.086564    
   117.2255       122.6232       2.002999    
   122.1606       121.9557       1.943349    
   127.1186       121.4355       1.898940    
   132.1048       121.1431       1.876050    
   137.1018       121.0183       1.873047    
   142.1004       121.0573       1.887070    
   147.0855       121.3392       1.934564    
   152.0289       121.9395       2.019221    
   156.9416       122.7128       2.131976    
   161.8866       123.2925       2.263038    
   166.8759       123.5135       2.359156    
   171.8755       123.5189       2.400825    
   176.8751       123.4696       2.405660    
   181.8749       123.4451       2.393052    
   186.8749       123.4443       2.372990    
   191.8749       123.4446       2.353320    
   196.8749       123.4446       2.333096    
   201.8749       123.4446       2.312173    
   206.8749       123.4444       2.298405    
   211.8749       123.4465       2.281218    
   216.8748       123.4666       2.256224    
   221.8745       123.5179       2.257097    
   226.8739       123.5779       2.256226    
   231.8736       123.5806       2.240848    
   236.8703       123.4528       2.236338    
   241.8605       123.1981       2.263961    
   246.8531       122.9968       2.293256    
   251.8497       123.0435       2.318929    
   256.8403       123.2927       2.313522    
   261.8292       123.5684       2.310423    
   266.8226       123.7774       2.318766    
   271.8200       123.9041       2.329871    
   276.8195       123.9441       2.326056    
   281.8193       123.9193       2.304734    
   286.8188       123.8614       2.320876    
   291.8181       123.7885       2.365223    
   296.8170       123.7036       2.403383    
   301.8156       123.6032       2.418374    
   306.8141       123.5066       2.408314    
   311.8136       123.4719       2.393147    
   316.8123       123.4112       2.376171    
   321.7794       123.0143       2.323302    
   326.7076       122.3138       2.251911    
   331.6619       122.0768       2.203533    
   336.6017       122.6448       2.189538    
   341.4941       123.5022       2.191742    
   346.3997       124.3040       2.180361    
   351.3318       124.9827       2.159133    
   356.3008       125.4084       2.144877    
   361.2956       125.5824       2.143383    
   366.2939       125.6901       2.164084    
   371.2916       125.8165       2.199547    
   376.2886       125.9600       2.234709    
   381.2849       126.1205       2.247634    
   386.2799       126.3045       2.244658    
   391.2732       126.5198       2.235171    
   396.2645       126.7639       2.252374    
   401.2549       127.0210       2.278390    
   406.2462       127.2653       2.303149    
   411.2407       127.4575       2.309054    
   416.2387       127.5636       2.295096    
   421.2385       127.5953       2.263813    
   426.2385       127.5986       2.228074    
   431.2385       127.6125       2.187177    
   436.2343       127.7445       2.141100    
   441.2233       128.0178       2.093906    
   446.2118       128.2982       2.048798    
   451.2035       128.5366       2.014051    
   456.1937       128.7948       1.991360    
   461.1783       129.1181       1.985853    
   466.1624       129.4493       2.004743    
   471.1551       129.6459       2.054733    
   476.1545       129.6918       2.131988    
   481.8401       129.6939       2.249434    
   489.3643       129.6939       2.414232    
   507.4286       129.6939       2.753008    
  -33.77417       118.0135       2.324039    
  -15.70986       118.0135       2.133657    
  -8.185690       118.0135       2.049336    
  -2.500000       118.0135       1.997061    
   2.481762       118.2522       1.975477    
   7.434425       118.7923       1.983541    
   12.38829       119.3243       2.022400    
   17.37068       119.5977       2.082472    
   22.36992       119.6640       2.146029    
   27.36889       119.7397       2.199171    
   32.36626       119.8660       2.243255    
   37.36148       120.0378       2.280415    
   42.35468       120.2439       2.310058    
   47.34677       120.4665       2.332667    
   52.33939       120.6811       2.347451    
   57.33461       120.8514       2.357089    
   62.33282       120.9489       2.368464    
   67.33237       120.9520       2.384255    
   72.33087       120.8632       2.400429    
   77.32610       120.6951       2.417725    
   82.31709       120.4589       2.433911    
   87.30524       120.1866       2.445076    
   92.29430       119.9255       2.442997    
   97.28818       119.7367       2.420887    
   102.2866       119.6531       2.379278    
   107.2863       119.6129       2.314948    
   112.2728       119.3835       2.233213    
   117.2255       118.8540       2.155083    
   122.1606       118.2177       2.092488    
   127.1186       117.7218       2.046134    
   132.1048       117.4431       2.022647    
   137.1018       117.3242       2.021778    
   142.1004       117.3613       2.044802    
   147.0855       117.6301       2.100095    
   152.0289       118.2023       2.189534    
   156.9416       118.9394       2.303681    
   161.8866       119.4921       2.426162    
   166.8759       119.7027       2.523085    
   171.8755       119.7078       2.576329    
   176.8751       119.6608       2.593391    
   181.8749       119.6375       2.589220    
   186.8749       119.6367       2.574409    
   191.8749       119.6370       2.556129    
   196.8749       119.6370       2.536444    
   201.8749       119.6370       2.516897    
   206.8749       119.6368       2.500400    
   211.8749       119.6388       2.484068    
   216.8748       119.6580       2.468106    
   221.8745       119.7069       2.462748    
   226.8739       119.7641       2.459701    
   231.8736       119.7666       2.453953    
   236.8703       119.6448       2.454623    
   241.8605       119.4020       2.469729    
   246.8531       119.2101       2.487707    
   251.8497       119.2547       2.503993    
   256.8403       119.4922       2.508102    
   261.8292       119.7551       2.510035    
   266.8226       119.9542       2.514745    
   271.8200       120.0750       2.519825    
   276.8195       120.1131       2.519289    
   281.8193       120.0895       2.516102    
   286.8188       120.0343       2.531991    
   291.8181       119.9648       2.564404    
   296.8170       119.8839       2.594517    
   301.8156       119.7882       2.609422    
   306.8141       119.6961       2.606650    
   311.8136       119.6630       2.592430    
   316.8123       119.6051       2.564831    
   321.7794       119.2268       2.512295    
   326.7076       118.5591       2.449809    
   331.6619       118.3332       2.403631    
   336.6017       118.8746       2.380804    
   341.4941       119.6919       2.372343    
   346.3997       120.4562       2.362232    
   351.3318       121.1031       2.348625    
   356.3008       121.5089       2.339009    
   361.2956       121.6748       2.338875    
   366.2939       121.7775       2.351123    
   371.2916       121.8979       2.372435    
   376.2886       122.0348       2.393015    
   381.2849       122.1877       2.404568    
   386.2799       122.3631       2.407475    
   391.2732       122.5684       2.409396    
   396.2645       122.8010       2.421683    
   401.2549       123.0461       2.438153    
   406.2462       123.2790       2.451301    
   411.2407       123.4621       2.451745    
   416.2387       123.5633       2.435114    
   421.2385       123.5935       2.403360    
   426.2385       123.5967       2.365485    
   431.2385       123.6100       2.322283    
   436.2343       123.7357       2.275540    
   441.2233       123.9963       2.228610    
   446.2118       124.2636       2.184970    
   451.2035       124.4909       2.150818    
   456.1937       124.7369       2.129184    
   461.1783       125.0452       2.122256    
   466.1624       125.3608       2.134526    
   471.1551       125.5482       2.171397    
   476.1545       125.5920       2.231818    
   481.8401       125.5940       2.325774    
   489.3643       125.5940       2.464077    
   507.4286       125.5940       2.769282    
  -33.77417       113.9358       2.345594    
  -15.70986       113.9358       2.171015    
  -8.185690       113.9358       2.102295    
  -2.500000       113.9358       2.064548    
   2.481762       114.1617       2.053984    
   7.434425       114.6728       2.068324    
   12.38829       115.1762       2.105054    
   17.37068       115.4350       2.156925    
   22.36992       115.4978       2.212810    
   27.36889       115.5694       2.263910    
   32.36626       115.6889       2.308201    
   37.36148       115.8514       2.345721    
   42.35468       116.0465       2.376444    
   47.34677       116.2571       2.400669    
   52.33939       116.4603       2.418896    
   57.33461       116.6214       2.433200    
   62.33282       116.7137       2.447072    
   67.33237       116.7167       2.462404    
   72.33087       116.6326       2.477925    
   77.32610       116.4735       2.492756    
   82.31709       116.2499       2.505517    
   87.30524       115.9922       2.512624    
   92.29430       115.7452       2.508282    
   97.28818       115.5665       2.487568    
   102.2866       115.4874       2.449735    
   107.2863       115.4493       2.394794    
   112.2728       115.2323       2.327750    
   117.2255       114.7313       2.261436    
   122.1606       114.1291       2.206211    
   127.1186       113.6599       2.166183    
   132.1048       113.3961       2.146322    
   137.1018       113.2836       2.149279    
   142.1004       113.3186       2.177853    
   147.0855       113.5730       2.235105    
   152.0289       114.1145       2.320055    
   156.9416       114.8120       2.424751    
   161.8866       115.3350       2.534314    
   166.8759       115.5344       2.625970    
   171.8755       115.5392       2.684670    
   176.8751       115.4947       2.711830    
   181.8749       115.4726       2.717042    
   186.8749       115.4719       2.709003    
   191.8749       115.4722       2.694613    
   196.8749       115.4722       2.677521    
   201.8749       115.4722       2.659997    
   206.8749       115.4720       2.643938    
   211.8749       115.4739       2.629845    
   216.8748       115.4921       2.618100    
   221.8745       115.5383       2.611142    
   226.8739       115.5924       2.607164    
   231.8736       115.5948       2.604763    
   236.8703       115.4796       2.606792    
   241.8605       115.2498       2.615802    
   246.8531       115.0682       2.627164    
   251.8497       115.1104       2.638530    
   256.8403       115.3352       2.644817    
   261.8292       115.5839       2.648623    
   266.8226       115.7724       2.652654    
   271.8200       115.8866       2.656790    
   276.8195       115.9228       2.659843    
   281.8193       115.9004       2.664932    
   286.8188       115.8482       2.679854    
   291.8181       115.7824       2.703591    
   296.8170       115.7058       2.726341    
   301.8156       115.6153       2.738740    
   306.8141       115.5281       2.737612    
   311.8136       115.4968       2.723686    
   316.8123       115.4420       2.694354    
   321.7794       115.0840       2.647453    
   326.7076       114.4521       2.594197    
   331.6619       114.2384       2.552036    
   336.6017       114.7507       2.526296    
   341.4941       115.5241       2.512346    
   346.3997       116.2474       2.501212    
   351.3318       116.8596       2.491066    
   356.3008       117.2437       2.484215    
   361.2956       117.4006       2.483361    
   366.2939       117.4977       2.489452    
   371.2916       117.6117       2.500414    
   376.2886       117.7412       2.511988    
   381.2849       117.8860       2.520829    
   386.2799       118.0519       2.526696    
   391.2732       118.2462       2.532377    
   396.2645       118.4663       2.540621    
   401.2549       118.6983       2.549829    
   406.2462       118.9186       2.555103    
   411.2407       119.0920       2.550303    
   416.2387       119.1877       2.531959    
   421.2385       119.2163       2.502321    
   426.2385       119.2194       2.466344    
   431.2385       119.2319       2.425520    
   436.2343       119.3509       2.381576    
   441.2233       119.5975       2.337225    
   446.2118       119.8504       2.296393    
   451.2035       120.0655       2.264332    
   456.1937       120.2983       2.244249    
   461.1783       120.5900       2.237623    
   466.1624       120.8887       2.246806    
   471.1551       121.0661       2.274356    
   476.1545       121.1075       2.320992    
   481.8401       121.1095       2.396114    
   489.3643       121.1095       2.511033    
   507.4286       121.1095       2.784714    
  -33.77417       109.4377       2.366304    
  -15.70986       109.4377       2.205784    
  -8.185690       109.4377       2.148110    
  -2.500000       109.4377       2.119756    
   2.481762       109.6495       2.115310    
   7.434425       110.1285       2.130361    
   12.38829       110.6005       2.162069    
   17.37068       110.8431       2.204816    
   22.36992       110.9020       2.251547    
   27.36889       110.9691       2.296905    
   32.36626       111.0811       2.338128    
   37.36148       111.2335       2.374122    
   42.35468       111.4164       2.404728    
   47.34677       111.6138       2.430214    
   52.33939       111.8043       2.451040    
   57.33461       111.9553       2.468388    
   62.33282       112.0418       2.484091    
   67.33237       112.0446       2.498986    
   72.33087       111.9657       2.512686    
   77.32610       111.8166       2.524653    
   82.31709       111.6071       2.533616    
   87.30524       111.3655       2.537105    
   92.29430       111.1339       2.531476    
   97.28818       110.9664       2.513506    
   102.2866       110.8923       2.482235    
   107.2863       110.8566       2.438805    
   112.2728       110.6531       2.387371    
   117.2255       110.1834       2.335821    
   122.1606       109.6189       2.292253    
   127.1186       109.1790       2.261706    
   132.1048       108.9318       2.248253    
   137.1018       108.8263       2.255515    
   142.1004       108.8592       2.286413    
   147.0855       109.0976       2.341276    
   152.0289       109.6052       2.417684    
   156.9416       110.2591       2.509069    
   161.8866       110.7494       2.603852    
   166.8759       110.9363       2.686101    
   171.8755       110.9408       2.744658    
   176.8751       110.8991       2.778140    
   181.8749       110.8784       2.791503    
   186.8749       110.8776       2.791103    
   191.8749       110.8779       2.782652    
   196.8749       110.8779       2.770006    
   201.8749       110.8779       2.755858    
   206.8749       110.8778       2.742198    
   211.8749       110.8796       2.730466    
   216.8748       110.8966       2.721297    
   221.8745       110.9400       2.715025    
   226.8739       110.9907       2.710969    
   231.8736       110.9929       2.709055    
   236.8703       110.8849       2.710561    
   241.8605       110.6695       2.716195    
   246.8531       110.4993       2.723812    
   251.8497       110.5388       2.731577    
   256.8403       110.7495       2.737303    
   261.8292       110.9827       2.741902    
   266.8226       111.1594       2.746744    
   271.8200       111.2665       2.752062    
   276.8195       111.3003       2.757810    
   281.8193       111.2794       2.765882    
   286.8188       111.2305       2.779057    
   291.8181       111.1687       2.796395    
   296.8170       111.0969       2.812590    
   301.8156       111.0121       2.821299    
   306.8141       110.9304       2.819051    
   311.8136       110.9010       2.804981    
   316.8123       110.8497       2.777655    
   321.7794       110.5141       2.737793    
   326.7076       109.9218       2.693626    
   331.6619       109.7214       2.656499    
   336.6017       110.2016       2.630594    
   341.4941       110.9267       2.614444    
   346.3997       111.6047       2.602287    
   351.3318       112.1786       2.592804    
   356.3008       112.5386       2.586621    
   361.2956       112.6857       2.584221    
   366.2939       112.7768       2.585544    
   371.2916       112.8837       2.589733    
   376.2886       113.0050       2.595258    
   381.2849       113.1407       2.600784    
   386.2799       113.2963       2.606024    
   391.2732       113.4784       2.610825    
   396.2645       113.6848       2.615611    
   401.2549       113.9022       2.619875    
   406.2462       114.1088       2.620109    
   411.2407       114.2713       2.612053    
   416.2387       114.3611       2.593790    
   421.2385       114.3878       2.567661    
   426.2385       114.3907       2.536062    
   431.2385       114.4025       2.500160    
   436.2343       114.5140       2.461324    
   441.2233       114.7451       2.422096    
   446.2118       114.9823       2.386024    
   451.2035       115.1839       2.357107    
   456.1937       115.4022       2.338228    
   461.1783       115.6756       2.331152    
   466.1624       115.9556       2.337375    
   471.1551       116.1219       2.358067    
   476.1545       116.1607       2.394250    
   481.8401       116.1625       2.455317    
   489.3643       116.1625       2.552331    
   507.4286       116.1625       2.798063    
  -33.77417       104.4251       2.385968    
  -15.70986       104.4251       2.237285    
  -8.185690       104.4251       2.186611    
  -2.500000       104.4251       2.162778    
   2.481762       104.6212       2.159993    
   7.434425       105.0646       2.172920    
   12.38829       105.5015       2.198461    
   17.37068       105.7260       2.232205    
   22.36992       105.7805       2.269763    
   27.36889       105.8427       2.307812    
   32.36626       105.9463       2.344069    
   37.36148       106.0873       2.377127    
   42.35468       106.2567       2.406443    
   47.34677       106.4394       2.431979    
   52.33939       106.6157       2.453851    
   57.33461       106.7555       2.472596    
   62.33282       106.8356       2.488975    
   67.33237       106.8381       2.503335    
   72.33087       106.7651       2.515534    
   77.32610       106.6271       2.525147    
   82.31709       106.4332       2.531323    
   87.30524       106.2096       2.532590    
   92.29430       105.9952       2.526957    
   97.28818       105.8402       2.512653    
   102.2866       105.7715       2.489254    
   107.2863       105.7385       2.458064    
   112.2728       105.5501       2.422004    
   117.2255       105.1154       2.386004    
   122.1606       104.5929       2.355759    
   127.1186       104.1857       2.335887    
   132.1048       103.9569       2.330061    
   137.1018       103.8593       2.341492    
   142.1004       103.8897       2.372283    
   147.0855       104.1104       2.422155    
   152.0289       104.5803       2.488323    
   156.9416       105.1855       2.565281    
   161.8866       105.6393       2.644603    
   166.8759       105.8122       2.715375    
   171.8755       105.8165       2.769876    
   176.8751       105.7778       2.805850    
   181.8749       105.7587       2.825219    
   186.8749       105.7580       2.831939    
   191.8749       105.7582       2.830118    
   196.8749       105.7583       2.823093    
   201.8749       105.7583       2.813533    
   206.8749       105.7581       2.803460    
   211.8749       105.7598       2.794350    
   216.8748       105.7755       2.787094    
   221.8745       105.8157       2.781882    
   226.8739       105.8626       2.778337    
   231.8736       105.8647       2.776520    
   236.8703       105.7647       2.776996    
   241.8605       105.5654       2.780010    
   246.8531       105.4078       2.784754    
   251.8497       105.4444       2.790022    
   256.8403       105.6394       2.795157    
   261.8292       105.8553       2.800543    
   266.8226       106.0188       2.806504    
   271.8200       106.1179       2.812986    
   276.8195       106.1492       2.819954    
   281.8193       106.1298       2.828321    
   286.8188       106.0846       2.839123    
   291.8181       106.0275       2.851317    
   296.8170       105.9610       2.861749    
   301.8156       105.8824       2.866435    
   306.8141       105.8068       2.862475    
   311.8136       105.7796       2.848641    
   316.8123       105.7321       2.824475    
   321.7794       105.4215       2.791317    
   326.7076       104.8732       2.755128    
   331.6619       104.6877       2.723071    
   336.6017       105.1322       2.698069    
   341.4941       105.8034       2.680938    
   346.3997       106.4309       2.668324    
   351.3318       106.9622       2.658530    
   356.3008       107.2954       2.651314    
   361.2956       107.4315       2.646587    
   366.2939       107.5159       2.644016    
   371.2916       107.6148       2.643556    
   376.2886       107.7271       2.644404    
   381.2849       107.8528       2.646224    
   386.2799       107.9968       2.648435    
   391.2732       108.1653       2.650523    
   396.2645       108.3564       2.652536    
   401.2549       108.5576       2.653481    
   406.2462       108.7488       2.650580    
   411.2407       108.8992       2.641285    
   416.2387       108.9823       2.624877    
   421.2385       109.0071       2.603114    
   426.2385       109.0098       2.577081    
   431.2385       109.0207       2.547269    
   436.2343       109.1239       2.514871    
   441.2233       109.3378       2.482472    
   446.2118       109.5574       2.452761    
   451.2035       109.7439       2.428432    
   456.1937       109.9460       2.411785    
   461.1783       110.1991       2.404676    
   466.1624       110.4583       2.408549    
   471.1551       110.6122       2.424343    
   476.1545       110.6481       2.453299    
   481.8401       110.6497       2.504349    
   489.3643       110.6497       2.588123    
   507.4286       110.6497       2.808894    
  -33.77417       98.76926       2.405984    
  -15.70986       98.76926       2.266253    
  -8.185690       98.76926       2.219395    
  -2.500000       98.76926       2.197110    
   2.481762       98.94752       2.193042    
   7.434425       99.35075       2.201907    
   12.38829       99.74802       2.220860    
   17.37068       99.95215       2.246466    
   22.36992       100.0017       2.275805    
   27.36889       100.0582       2.306682    
   32.36626       100.1525       2.337408    
   37.36148       100.2807       2.366631    
   42.35468       100.4347       2.393557    
   47.34677       100.6009       2.417881    
   52.33939       100.7612       2.439404    
   57.33461       100.8883       2.458175    
   62.33282       100.9611       2.474398    
   67.33237       100.9634       2.488193    
   72.33087       100.8971       2.499431    
   77.32610       100.7716       2.507705    
   82.31709       100.5952       2.512520    
   87.30524       100.3919       2.513140    
   92.29430       100.1970       2.508760    
   97.28818       100.0560       2.498783    
   102.2866       99.99355       2.483411    
   107.2863       99.96349       2.463680    
   112.2728       99.79222       2.441421    
   117.2255       99.39693       2.419836    
   122.1606       98.92178       2.402792    
   127.1186       98.55151       2.393723    
   132.1048       98.34343       2.395440    
   137.1018       98.25465       2.410353    
   142.1004       98.28233       2.439699    
   147.0855       98.48299       2.483241    
   152.0289       98.91029       2.538465    
   156.9416       99.46066       2.601340    
   161.8866       99.87329       2.666100    
   166.8759       100.0306       2.725387    
   171.8755       100.0344       2.773829    
   176.8751       99.99930       2.809314    
   181.8749       99.98188       2.832326    
   186.8749       99.98126       2.844793    
   191.8749       99.98149       2.849164    
   196.8749       99.98150       2.847940    
   201.8749       99.98149       2.843386    
   206.8749       99.98139       2.837322    
   211.8749       99.98287       2.831120    
   216.8748       99.99718       2.825706    
   221.8745       100.0337       2.821482    
   226.8739       100.0764       2.818457    
   231.8736       100.0783       2.816671    
   236.8703       99.98734       2.816238    
   241.8605       99.80609       2.817368    
   246.8531       99.66279       2.820142    
   251.8497       99.69608       2.824143    
   256.8403       99.87341       2.829207    
   261.8292       100.0697       2.835229    
   266.8226       100.2184       2.841860    
   271.8200       100.3085       2.848762    
   276.8195       100.3370       2.855803    
   281.8193       100.3194       2.863299    
   286.8188       100.2782       2.871443    
   291.8181       100.2263       2.879291    
   296.8170       100.1659       2.884872    
   301.8156       100.0944       2.885747    
   306.8141       100.0256       2.879932    
   311.8136       100.0009       2.866436    
   316.8123       99.95772       2.845218    
   321.7794       99.67523       2.817509    
   326.7076       99.17667       2.787383    
   331.6619       99.00801       2.759633    
   336.6017       99.41222       2.736386    
   341.4941       100.0225       2.718978    
   346.3997       100.5932       2.705721    
   351.3318       101.0763       2.695112    
   356.3008       101.3793       2.686158    
   361.2956       101.5031       2.678658    
   366.2939       101.5798       2.672753    
   371.2916       101.6697       2.668678    
   376.2886       101.7719       2.665845    
   381.2849       101.8861       2.664142    
   386.2799       102.0170       2.663067    
   391.2732       102.1703       2.662433    
   396.2645       102.3440       2.661753    
   401.2549       102.5270       2.659891    
   406.2462       102.7009       2.655141    
   411.2407       102.8377       2.646205    
   416.2387       102.9132       2.632796    
   421.2385       102.9358       2.615578    
   426.2385       102.9382       2.594934    
   431.2385       102.9481       2.571328    
   436.2343       103.0419       2.545993    
   441.2233       103.2365       2.521040    
   446.2118       103.4361       2.498286    
   451.2035       103.6058       2.479440    
   456.1937       103.7895       2.466320    
   461.1783       104.0197       2.460676    
   466.1624       104.2553       2.463908    
   471.1551       104.3953       2.476934    
   476.1545       104.4279       2.501166    
   481.8401       104.4295       2.545040    
   489.3643       104.4295       2.618684    
   507.4286       104.4295       2.816699    
  -33.77417       92.28692       2.426702    
  -15.70986       92.28692       2.295011    
  -8.185690       92.28692       2.249791    
  -2.500000       92.28692       2.227642    
   2.481762       92.44483       2.221632    
   7.434425       92.80198       2.226031    
   12.38829       93.15384       2.238627    
   17.37068       93.33465       2.257118    
   22.36992       93.37855       2.279428    
   27.36889       93.42858       2.303971    
   32.36626       93.51208       2.329379    
   37.36148       93.62569       2.354475    
   42.35468       93.76205       2.378432    
   47.34677       93.90923       2.400745    
   52.33939       94.05121       2.421050    
   57.33461       94.16380       2.439124    
   62.33282       94.22831       2.454871    
   67.33237       94.23037       2.468202    
   72.33087       94.17159       2.478953    
   77.32610       94.06042       2.486825    
   82.31709       93.90422       2.491590    
   87.30524       93.72411       2.493088    
   92.29430       93.55146       2.491247    
   97.28818       93.42661       2.486105    
   102.2866       93.37131       2.478125    
   107.2863       93.34469       2.468139    
   112.2728       93.19299       2.457312    
   117.2255       92.84286       2.447622    
   122.1606       92.42202       2.441687    
   127.1186       92.09407       2.441846    
   132.1048       91.90976       2.449840    
   137.1018       91.83113       2.467175    
   142.1004       91.85565       2.494562    
   147.0855       92.03337       2.531756    
   152.0289       92.41184       2.576954    
   156.9416       92.89931       2.627529    
   161.8866       93.26480       2.679658    
   166.8759       93.40413       2.728473    
   171.8755       93.40750       2.770412    
   176.8751       93.37640       2.803784    
   181.8749       93.36098       2.828260    
   186.8749       93.36044       2.844464    
   191.8749       93.36063       2.853705    
   196.8749       93.36064       2.857605    
   201.8749       93.36063       2.857779    
   206.8749       93.36054       2.855664    
   211.8749       93.36186       2.852445    
   216.8748       93.37454       2.848988    
   221.8745       93.40688       2.845858    
   226.8739       93.44470       2.843340    
   231.8736       93.44635       2.841601    
   236.8703       93.36582       2.840746    
   241.8605       93.20527       2.841046    
   246.8531       93.07835       2.842939    
   251.8497       93.10783       2.846434    
   256.8403       93.26490       2.851436    
   261.8292       93.43874       2.857566    
   266.8226       93.57047       2.864223    
   271.8200       93.65030       2.870921    
   276.8195       93.67554       2.877394    
   281.8193       93.65989       2.883551    
   286.8188       93.62345       2.889135    
   291.8181       93.57744       2.893367    
   296.8170       93.52392       2.894987    
   301.8156       93.46066       2.892533    
   306.8141       93.39973       2.884816    
   311.8136       93.37785       2.871267    
   316.8123       93.33959       2.852073    
   321.7794       93.08938       2.828293    
   326.7076       92.64779       2.802650    
   331.6619       92.49840       2.778249    
   336.6017       92.85643       2.756774    
   341.4941       93.39696       2.739604    
   346.3997       93.90244       2.725603    
   351.3318       94.33030       2.713783    
   356.3008       94.59869       2.703228    
   361.2956       94.70834       2.693578    
   366.2939       94.77627       2.685118    
   371.2916       94.85593       2.678130    
   376.2886       94.94642       2.672484    
   381.2849       95.04758       2.668067    
   386.2799       95.16358       2.664468    
   391.2732       95.29931       2.661373    
   396.2645       95.45317       2.658045    
   401.2549       95.61526       2.653790    
   406.2462       95.76926       2.647810    
   411.2407       95.89043       2.639423    
   416.2387       95.95733       2.628419    
   421.2385       95.97731       2.614871    
   426.2385       95.97943       2.598890    
   431.2385       95.98818       2.580983    
   436.2343       96.07135       2.562258    
   441.2233       96.24365       2.544166    
   446.2118       96.42047       2.527868    
   451.2035       96.57073       2.514520    
   456.1937       96.73344       2.505596    
   461.1783       96.93733       2.502560    
   466.1624       97.14609       2.506484    
   471.1551       97.27006       2.518255    
   476.1545       97.29897       2.539565    
   481.8401       97.30029       2.578386    
   489.3643       97.30029       2.643927    
   507.4286       97.30029       2.821097    
  -33.77417       84.70639       2.449002    
  -15.70986       84.70639       2.326544    
  -8.185690       84.70639       2.283068    
  -2.500000       84.70639       2.260438    
   2.481762       84.84047       2.252674    
   7.434425       85.14374       2.253731    
   12.38829       85.44250       2.261194    
   17.37068       85.59602       2.273701    
   22.36992       85.63330       2.290105    
   27.36889       85.67580       2.309296    
   32.36626       85.74669       2.330084    
   37.36148       85.84315       2.351353    
   42.35468       85.95895       2.372293    
   47.34677       86.08392       2.392341    
   52.33939       86.20448       2.411068    
   57.33461       86.30008       2.428175    
   62.33282       86.35486       2.443414    
   67.33237       86.35661       2.456536    
   72.33087       86.30669       2.467345    
   77.32610       86.21230       2.475685    
   82.31709       86.07966       2.481536    
   87.30524       85.92673       2.485071    
   92.29430       85.78013       2.486555    
   97.28818       85.67411       2.486264    
   102.2866       85.62716       2.484634    
   107.2863       85.60456       2.482306    
   112.2728       85.47575       2.480081    
   117.2255       85.17844       2.479208    
   122.1606       84.82110       2.481392    
   127.1186       84.54264       2.488113    
   132.1048       84.38613       2.500337    
   137.1018       84.31937       2.518869    
   142.1004       84.34019       2.544085    
   147.0855       84.49109       2.575723    
   152.0289       84.81246       2.612626    
   156.9416       85.22638       2.653168    
   161.8866       85.53673       2.695010    
   166.8759       85.65503       2.735029    
   171.8755       85.65790       2.770850    
   176.8751       85.63148       2.801112    
   181.8749       85.61840       2.825227    
   186.8749       85.61794       2.843247    
   191.8749       85.61810       2.855690    
   196.8749       85.61810       2.863401    
   201.8749       85.61810       2.867436    
   206.8749       85.61802       2.868880    
   211.8749       85.61914       2.868667    
   216.8748       85.62991       2.867520    
   221.8745       85.65736       2.865998    
   226.8739       85.68948       2.864495    
   231.8736       85.69088       2.863307    
   236.8703       85.62250       2.862689    
   241.8605       85.48617       2.863006    
   246.8531       85.37840       2.864729    
   251.8497       85.40344       2.867961    
   256.8403       85.53680       2.872580    
   261.8292       85.68442       2.878188    
   266.8226       85.79627       2.884205    
   271.8200       85.86406       2.890109    
   276.8195       85.88549       2.895490    
   281.8193       85.87220       2.899985    
   286.8188       85.84126       2.903136    
   291.8181       85.80219       2.904285    
   296.8170       85.75674       2.902644    
   301.8156       85.70303       2.897454    
   306.8141       85.65130       2.888127    
   311.8136       85.63272       2.874410    
   316.8123       85.60023       2.856535    
   321.7794       85.38776       2.835400    
   326.7076       85.01280       2.813056    
   331.6619       84.88596       2.791415    
   336.6017       85.18996       2.771506    
   341.4941       85.64894       2.754713    
   346.3997       86.07815       2.740288    
   351.3318       86.44146       2.727565    
   356.3008       86.66934       2.715926    
   361.2956       86.76245       2.704970    
   366.2939       86.82014       2.694913    
   371.2916       86.88777       2.685983    
   376.2886       86.96461       2.678277    
   381.2849       87.05051       2.671723    
   386.2799       87.14902       2.666024    
   391.2732       87.26426       2.660770    
   396.2645       87.39491       2.655372    
   401.2549       87.53254       2.649412    
   406.2462       87.66331       2.642527    
   411.2407       87.76619       2.634420    
   416.2387       87.82300       2.624935    
   421.2385       87.83997       2.613985    
   426.2385       87.84176       2.601670    
   431.2385       87.84920       2.588483    
   436.2343       87.91981       2.575195    
   441.2233       88.06612       2.562611    
   446.2118       88.21626       2.551473    
   451.2035       88.34385       2.542736    
   456.1937       88.48203       2.537607    
   461.1783       88.65514       2.537075    
   466.1624       88.83239       2.541847    
   471.1551       88.93765       2.552940    
   476.1545       88.96221       2.572200    
   481.8401       88.96335       2.606670    
   489.3643       88.96335       2.664686    
   507.4286       88.96335       2.822440    
  -33.77417       75.60016       2.476150    
  -15.70986       75.60016       2.365756    
  -8.185690       75.60016       2.325550    
  -2.500000       75.60016       2.303575    
   2.481762       75.70561       2.294522    
   7.434425       75.94414       2.293647    
   12.38829       76.17914       2.298239    
   17.37068       76.29989       2.306694    
   22.36992       76.32921       2.318630    
   27.36889       76.36263       2.333656    
   32.36626       76.41840       2.350857    
   37.36148       76.49427       2.369148    
   42.35468       76.58534       2.387641    
   47.34677       76.68364       2.405754    
   52.33939       76.77846       2.423071    
   57.33461       76.85366       2.439259    
   62.33282       76.89674       2.454054    
   67.33237       76.89812       2.467199    
   72.33087       76.85886       2.478505    
   77.32610       76.78461       2.487914    
   82.31709       76.68029       2.495513    
   87.30524       76.56001       2.501546    
   92.29430       76.44469       2.506351    
   97.28818       76.36131       2.510268    
   102.2866       76.32438       2.513654    
   107.2863       76.30660       2.516940    
   112.2728       76.20528       2.520640    
   117.2255       75.97144       2.525571    
   122.1606       75.69038       2.532853    
   127.1186       75.47135       2.543406    
   132.1048       75.34826       2.557744    
   137.1018       75.29574       2.576258    
   142.1004       75.31212       2.599105    
   147.0855       75.43081       2.626031    
   152.0289       75.68358       2.656257    
   156.9416       76.00915       2.688825    
   161.8866       76.25325       2.722404    
   166.8759       76.34630       2.755001    
   171.8755       76.34855       2.785032    
   176.8751       76.32778       2.811563    
   181.8749       76.31749       2.834085    
   186.8749       76.31712       2.852400    
   191.8749       76.31725       2.866580    
   196.8749       76.31725       2.876984    
   201.8749       76.31725       2.884184    
   206.8749       76.31718       2.888864    
   211.8749       76.31807       2.891720    
   216.8748       76.32654       2.893341    
   221.8745       76.34814       2.894189    
   226.8739       76.37340       2.894631    
   231.8736       76.37450       2.894966    
   236.8703       76.32071       2.895464    
   241.8605       76.21349       2.896482    
   246.8531       76.12872       2.898426    
   251.8497       76.14841       2.901382    
   256.8403       76.25331       2.905249    
   261.8292       76.36942       2.909726    
   266.8226       76.45739       2.914350    
   271.8200       76.51070       2.918655    
   276.8195       76.52757       2.922186    
   281.8193       76.51711       2.924490    
   286.8188       76.49277       2.925106    
   291.8181       76.46204       2.923546    
   296.8170       76.42630       2.919348    
   301.8156       76.38405       2.912142    
   306.8141       76.34336       2.901705    
   311.8136       76.32875       2.888026    
   316.8123       76.30320       2.871339    
   321.7794       76.13609       2.852306    
   326.7076       75.84116       2.832467    
   331.6619       75.74139       2.813058    
   336.6017       75.98050       2.794639    
   341.4941       76.34151       2.778397    
   346.3997       76.67910       2.763923    
   351.3318       76.96486       2.750843    
   356.3008       77.14410       2.738775    
   361.2956       77.21733       2.727357    
   366.2939       77.26270       2.716693    
   371.2916       77.31591       2.706908    
   376.2886       77.37634       2.698054    
   381.2849       77.44391       2.690077    
   386.2799       77.52139       2.682817    
   391.2732       77.61202       2.676018    
   396.2645       77.71479       2.669370    
   401.2549       77.82304       2.662601    
   406.2462       77.92590       2.655476    
   411.2407       78.00681       2.647809    
   416.2387       78.05150       2.639459    
   421.2385       78.06484       2.630386    
   426.2385       78.06626       2.620736    
   431.2385       78.07211       2.610809    
   436.2343       78.12765       2.600972    
   441.2233       78.24273       2.591747    
   446.2118       78.36082       2.583820    
   451.2035       78.46117       2.578003    
   456.1937       78.56985       2.575027    
   461.1783       78.70601       2.575404    
   466.1624       78.84543       2.579774    
   471.1551       78.92822       2.589254    
   476.1545       78.94754       2.605465    
   481.8401       78.94843       2.634343    
   489.3643       78.94843       2.682884    
   507.4286       78.94843       2.821628    
  -33.77417       56.32260       2.535251    
  -15.70986       56.32260       2.460741    
  -8.185690       56.32260       2.433641    
  -2.500000       56.32260       2.419396    
   2.481762       56.36747       2.413023    
   7.434425       56.46896       2.412200    
   12.38829       56.56895       2.416049    
   17.37068       56.62033       2.422360    
   22.36992       56.63280       2.430455    
   27.36889       56.64702       2.441219    
   32.36626       56.67075       2.454792    
   37.36148       56.70303       2.470268    
   42.35468       56.74178       2.486561    
   47.34677       56.78361       2.502910    
   52.33939       56.82395       2.518928    
   57.33461       56.85595       2.534379    
   62.33282       56.87428       2.549119    
   67.33237       56.87487       2.563071    
   72.33087       56.85816       2.576138    
   77.32610       56.82657       2.588234    
   82.31709       56.78218       2.599378    
   87.30524       56.73100       2.609692    
   92.29430       56.68194       2.619375    
   97.28818       56.64646       2.628670    
   102.2866       56.63075       2.637788    
   107.2863       56.62318       2.646909    
   112.2728       56.58007       2.656229    
   117.2255       56.48058       2.666158    
   122.1606       56.36099       2.677307    
   127.1186       56.26780       2.690193    
   132.1048       56.21542       2.705036    
   137.1018       56.19307       2.721910    
   142.1004       56.20005       2.740798    
   147.0855       56.25055       2.761496    
   152.0289       56.35809       2.783543    
   156.9416       56.49662       2.806479    
   161.8866       56.60048       2.829884    
   166.8759       56.64007       2.853047    
   171.8755       56.64103       2.875295    
   176.8751       56.63219       2.896196    
   181.8749       56.62782       2.915433    
   186.8749       56.62766       2.932770    
   191.8749       56.62771       2.948089    
   196.8749       56.62772       2.961382    
   201.8749       56.62771       2.972745    
   206.8749       56.62769       2.982359    
   211.8749       56.62806       2.990457    
   216.8748       56.63167       2.997280    
   221.8745       56.64086       3.003044    
   226.8739       56.65160       3.007930    
   231.8736       56.65207       3.012075    
   236.8703       56.62919       3.015607    
   241.8605       56.58356       3.018698    
   246.8531       56.54750       3.021545    
   251.8497       56.55588       3.024202    
   256.8403       56.60051       3.026611    
   261.8292       56.64991       3.028606    
   266.8226       56.68734       3.029936    
   271.8200       56.71003       3.030335    
   276.8195       56.71720       3.029547    
   281.8193       56.71275       3.027333    
   286.8188       56.70240       3.023482    
   291.8181       56.68932       3.017819    
   296.8170       56.67411       3.010221    
   301.8156       56.65614       3.000628    
   306.8141       56.63882       2.989076    
   311.8136       56.63261       2.975713    
   316.8123       56.62173       2.960776    
   321.7794       56.55063       2.944665    
   326.7076       56.42514       2.928068    
   331.6619       56.38269       2.911515    
   336.6017       56.48443       2.895591    
   341.4941       56.63803       2.880981    
   346.3997       56.78168       2.867449    
   351.3318       56.90327       2.854823    
   356.3008       56.97953       2.842917    
   361.2956       57.01069       2.831563    
   366.2939       57.02999       2.820833    
   371.2916       57.05263       2.810807    
   376.2886       57.07835       2.801510    
   381.2849       57.10709       2.792902    
   386.2799       57.14006       2.784894    
   391.2732       57.17862       2.777380    
   396.2645       57.22235       2.770240    
   401.2549       57.26841       2.763348    
   406.2462       57.31217       2.756587    
   411.2407       57.34660       2.749829    
   416.2387       57.36561       2.742929    
   421.2385       57.37129       2.735800    
   426.2385       57.37189       2.728444    
   431.2385       57.37438       2.720930    
   436.2343       57.39801       2.713479    
   441.2233       57.44698       2.706524    
   446.2118       57.49723       2.700506    
   451.2035       57.53992       2.695595    
   456.1937       57.58617       2.691738    
   461.1783       57.64410       2.689078    
   466.1624       57.70342       2.688067    
   471.1551       57.73865       2.689121    
   476.1545       57.74687       2.692627    
   481.8401       57.74725       2.699790    
   489.3643       57.74725       2.708884    
   507.4286       57.74725       2.835956    
