        1545
  -33.77417       136.6885       2.201829    
  -15.70986       136.6885       1.804981    
  -8.185690       136.6885       1.691813    
  -2.500000       136.6885       1.857667    
   2.481762       136.9860       1.819381    
   7.434425       137.6588       1.596195    
   12.38829       138.3216       1.508128    
   17.37068       138.6622       1.295230    
   22.36992       138.7449       1.567240    
   27.36889       138.8391       1.464206    
   32.36626       138.9964       1.462337    
   37.36148       139.2104       1.457630    
   42.35468       139.4673       1.646199    
   47.34677       139.7446       1.693153    
   52.33939       140.0120       1.732442    
   57.33461       140.2241       1.819150    
   62.33282       140.3456       1.466367    
   67.33237       140.3495       1.502195    
   72.33087       140.2388       1.495666    
   77.32610       140.0294       1.657860    
   82.31709       139.7351       1.550662    
   87.30524       139.3958       1.638201    
   92.29430       139.0706       1.670543    
   97.28818       138.8354       1.459202    
   102.2866       138.7312       1.528546    
   107.2863       138.6811       1.560281    
   112.2728       138.3953       1.621905    
   117.2255       137.7357       1.616671    
   122.1606       136.9430       1.482325    
   127.1186       136.3252       1.391534    
   132.1048       135.9780       1.361519    
   137.1018       135.8299       1.377346    
   142.1004       135.8761       1.303027    
   147.0855       136.2108       1.317113    
   152.0289       136.9238       1.564877    
   156.9416       137.8421       1.686466    
   161.8866       138.5306       1.677967    
   166.8759       138.7930       1.623227    
   171.8755       138.7994       1.488058    
   176.8751       138.7408       1.381765    
   181.8749       138.7118       1.373987    
   186.8749       138.7108       1.288901    
   191.8749       138.7111       1.387511    
   196.8749       138.7112       1.395702    
   201.8749       138.7111       1.533542    
   206.8749       138.7109       1.419356    
   211.8749       138.7134       1.452081    
   216.8748       138.7373       1.536977    
   221.8745       138.7983       1.336704    
   226.8739       138.8695       1.542265    
   231.8736       138.8726       1.293784    
   236.8703       138.7209       1.363676    
   241.8605       138.4185       1.305869    
   246.8531       138.1794       1.274862    
   251.8497       138.2349       1.358670    
   256.8403       138.5308       1.543820    
   261.8292       138.8582       1.563203    
   266.8226       139.1064       1.484196    
   271.8200       139.2568       1.579406    
   276.8195       139.3043       1.492684    
   281.8193       139.2749       1.680702    
   286.8188       139.2062       1.569802    
   291.8181       139.1195       1.375401    
   296.8170       139.0187       1.319802    
   301.8156       138.8996       1.395420    
   306.8141       138.7848       1.690590    
   311.8136       138.7435       1.576442    
   316.8123       138.6715       1.275476    
   321.7794       138.2001       1.248800    
   326.7076       137.3683       1.352764    
   331.6619       137.0869       1.548102    
   336.6017       137.7613       1.426687    
   341.4941       138.7795       1.235862    
   346.3997       139.7317       1.473008    
   351.3318       140.5377       1.359464    
   356.3008       141.0433       1.783176    
   361.2956       141.2499       1.691610    
   366.2939       141.3779       1.475456    
   371.2916       141.5279       1.263625    
   376.2886       141.6984       1.168266    
   381.2849       141.8889       1.037811    
   386.2799       142.1075      0.8941325    
   391.2732       142.3631       1.062088    
   396.2645       142.6530       1.116854    
   401.2549       142.9583      0.8736253    
   406.2462       143.2484      0.7420052    
   411.2407       143.4767      0.7337724    
   416.2387       143.6027      0.8028106    
   421.2385       143.6403      0.7107960    
   426.2385       143.6443      0.7995762    
   431.2385       143.6608      0.7813514    
   436.2343       143.8174       1.033441    
   441.2233       144.1421      0.9832187    
   446.2118       144.4751      0.7617741    
   451.2035       144.7582      0.6538482    
   456.1937       145.0647      0.7784461    
   461.1783       145.4488       1.134804    
   466.1624       145.8420       1.263568    
   471.1551       146.0755       1.177375    
   476.1545       146.1300       1.262536    
   481.8401       146.1326       1.786129    
   489.3643       146.1326       2.168391    
   507.4286       146.1326       2.780340    
  -33.77417       134.0858       2.204871    
  -15.70986       134.0858       1.810707    
  -8.185690       134.0858       1.675935    
  -2.500000       134.0858       1.625625    
   2.481762       134.3752       1.488349    
   7.434425       135.0294       1.108477    
   12.38829       135.6740      0.9203963    
   17.37068       136.0052      0.9953025    
   22.36992       136.0857       1.070463    
   27.36889       136.1774      0.9069157    
   32.36626       136.3303      0.9553152    
   37.36148       136.5384       1.061049    
   42.35468       136.7882       1.042422    
   47.34677       137.0579       1.221172    
   52.33939       137.3180       1.219324    
   57.33461       137.5242       1.012058    
   62.33282       137.6424       1.030361    
   67.33237       137.6462       1.178901    
   72.33087       137.5385      0.8974136    
   77.32610       137.3349       1.053197    
   82.31709       137.0487       1.137470    
   87.30524       136.7188       1.212367    
   92.29430       136.4025       1.037126    
   97.28818       136.1738      0.9510545    
   102.2866       136.0724       1.003392    
   107.2863       136.0237      0.9792714    
   112.2728       135.7457      0.8878586    
   117.2255       135.1043      0.9425440    
   122.1606       134.3334       1.197098    
   127.1186       133.7326       1.257509    
   132.1048       133.3949       1.385790    
   137.1018       133.2509       1.415615    
   142.1004       133.2958       1.329763    
   147.0855       133.6214       1.169991    
   152.0289       134.3147       1.239259    
   156.9416       135.2077      0.9707127    
   161.8866       135.8773       1.087040    
   166.8759       136.1325      0.9797645    
   171.8755       136.1387      0.8863816    
   176.8751       136.0817      0.8712091    
   181.8749       136.0535      0.8868272    
   186.8749       136.0525      0.8818552    
   191.8749       136.0529      0.8108570    
   196.8749       136.0529      0.8405918    
   201.8749       136.0529      0.8590059    
   206.8749       136.0527      0.8746248    
   211.8749       136.0551       1.027954    
   216.8748       136.0783      0.8829696    
   221.8745       136.1376      0.8378790    
   226.8739       136.2069      0.9461184    
   231.8736       136.2099      0.6357263    
   236.8703       136.0623      0.7755136    
   241.8605       135.7682      0.7116556    
   246.8531       135.5358      0.7720003    
   251.8497       135.5898      0.8428595    
   256.8403       135.8775      0.9306984    
   261.8292       136.1960      0.8917623    
   266.8226       136.4373      0.8508484    
   271.8200       136.5835      0.9776058    
   276.8195       136.6297       1.137091    
   281.8193       136.6011      0.9353887    
   286.8188       136.5343      0.8089045    
   291.8181       136.4500      0.9592323    
   296.8170       136.3520      0.9180086    
   301.8156       136.2361      0.8176250    
   306.8141       136.1245      0.8026629    
   311.8136       136.0844      0.6676512    
   316.8123       136.0143       1.199175    
   321.7794       135.5559       1.328647    
   326.7076       134.7469       1.153539    
   331.6619       134.4733       1.041048    
   336.6017       135.1292       1.045575    
   341.4941       136.1194       1.290858    
   346.3997       137.0454       1.244802    
   351.3318       137.8293       1.025003    
   356.3008       138.3209       1.148907    
   361.2956       138.5218       1.049571    
   366.2939       138.6463      0.7901061    
   371.2916       138.7922      0.9098208    
   376.2886       138.9579       1.134287    
   381.2849       139.1433       1.387336    
   386.2799       139.3558       1.428544    
   391.2732       139.6044       1.159895    
   396.2645       139.8863       1.189094    
   401.2549       140.1832       1.195916    
   406.2462       140.4654       1.264867    
   411.2407       140.6873       1.274476    
   416.2387       140.8099       1.238005    
   421.2385       140.8465       1.223446    
   426.2385       140.8504       1.180475    
   431.2385       140.8664       1.226932    
   436.2343       141.0188       1.314705    
   441.2233       141.3345       1.274183    
   446.2118       141.6584       1.140848    
   451.2035       141.9337       1.105691    
   456.1937       142.2318       1.225147    
   461.1783       142.6053       1.396186    
   466.1624       142.9877       1.456359    
   471.1551       143.2148       1.441332    
   476.1545       143.2677       1.496003    
   481.8401       143.2702       1.844143    
   489.3643       143.2702       2.186781    
   507.4286       143.2702       2.784348    
  -33.77417       131.3152       2.210428    
  -15.70986       131.3152       1.826064    
  -8.185690       131.3152       1.685252    
  -2.500000       131.3152       1.592720    
   2.481762       131.5958       1.469188    
   7.434425       132.2304       1.227275    
   12.38829       132.8556       1.160468    
   17.37068       133.1768       1.322658    
   22.36992       133.2549       1.390999    
   27.36889       133.3438       1.311867    
   32.36626       133.4921       1.320344    
   37.36148       133.6940       1.367814    
   42.35468       133.9363       1.358121    
   47.34677       134.1978       1.412517    
   52.33939       134.4500       1.396770    
   57.33461       134.6501       1.278999    
   62.33282       134.7647       1.347772    
   67.33237       134.7684       1.457084    
   72.33087       134.6640       1.349539    
   77.32610       134.4664       1.408994    
   82.31709       134.1889       1.515600    
   87.30524       133.8689       1.524186    
   92.29430       133.5621       1.424657    
   97.28818       133.3403       1.430008    
   102.2866       133.2420       1.408863    
   107.2863       133.1947       1.322252    
   112.2728       132.9252       1.154173    
   117.2255       132.3031       1.156456    
   122.1606       131.5553       1.328614    
   127.1186       130.9726       1.394464    
   132.1048       130.6451       1.479050    
   137.1018       130.5054       1.499461    
   142.1004       130.5490       1.433738    
   147.0855       130.8647       1.321257    
   152.0289       131.5372       1.314436    
   156.9416       132.4034       1.169256    
   161.8866       133.0527       1.305859    
   166.8759       133.3003       1.360283    
   171.8755       133.3063       1.370961    
   176.8751       133.2510       1.355875    
   181.8749       133.2236       1.321778    
   186.8749       133.2227       1.293088    
   191.8749       133.2231       1.242894    
   196.8749       133.2231       1.235166    
   201.8749       133.2231       1.174915    
   206.8749       133.2229       1.178747    
   211.8749       133.2252       1.286658    
   216.8748       133.2477       1.080975    
   221.8745       133.3052       1.140728    
   226.8739       133.3724       1.199762    
   231.8736       133.3753       1.157105    
   236.8703       133.2322       1.227876    
   241.8605       132.9470       1.249863    
   246.8531       132.7215       1.362851    
   251.8497       132.7738       1.265918    
   256.8403       133.0529       1.341687    
   261.8292       133.3618       1.286458    
   266.8226       133.5959       1.248286    
   271.8200       133.7377       1.288038    
   276.8195       133.7825       1.353186    
   281.8193       133.7548       1.106055    
   286.8188       133.6900       1.101099    
   291.8181       133.6082       1.294453    
   296.8170       133.5132       1.346884    
   301.8156       133.4008       1.313419    
   306.8141       133.2925       1.260854    
   311.8136       133.2536       1.298742    
   316.8123       133.1856       1.447360    
   321.7794       132.7410       1.507331    
   326.7076       131.9564       1.376161    
   331.6619       131.6910       1.283732    
   336.6017       132.3271       1.349510    
   341.4941       133.2876       1.524603    
   346.3997       134.1857       1.470339    
   351.3318       134.9460       1.305253    
   356.3008       135.4228       1.283917    
   361.2956       135.6176       1.260157    
   366.2939       135.7384       1.207766    
   371.2916       135.8799       1.362003    
   376.2886       136.0407       1.516846    
   381.2849       136.2204       1.663366    
   386.2799       136.4265       1.694367    
   391.2732       136.6677       1.429191    
   396.2645       136.9411       1.483886    
   401.2549       137.2291       1.574660    
   406.2462       137.5027       1.657898    
   411.2407       137.7180       1.675372    
   416.2387       137.8369       1.628738    
   421.2385       137.8724       1.616718    
   426.2385       137.8761       1.594054    
   431.2385       137.8917       1.622965    
   436.2343       138.0394       1.645480    
   441.2233       138.3456       1.577381    
   446.2118       138.6598       1.460280    
   451.2035       138.9268       1.392090    
   456.1937       139.2159       1.408504    
   461.1783       139.5782       1.461002    
   466.1624       139.9491       1.515992    
   471.1551       140.1694       1.579310    
   476.1545       140.2207       1.681959    
   481.8401       140.2231       1.928866    
   489.3643       140.2231       2.220522    
   507.4286       140.2231       2.791161    
  -33.77417       128.3538       2.218196    
  -15.70986       128.3538       1.851949    
  -8.185690       128.3538       1.721952    
  -2.500000       128.3538       1.646039    
   2.481762       128.6251       1.579821    
   7.434425       129.2386       1.501589    
   12.38829       129.8431       1.554282    
   17.37068       130.1537       1.730101    
   22.36992       130.2291       1.819125    
   27.36889       130.3151       1.796932    
   32.36626       130.4585       1.785526    
   37.36148       130.6536       1.788713    
   42.35468       130.8879       1.774104    
   47.34677       131.1408       1.778273    
   52.33939       131.3846       1.766913    
   57.33461       131.5780       1.730835    
   62.33282       131.6889       1.787519    
   67.33237       131.6924       1.866945    
   72.33087       131.5914       1.861125    
   77.32610       131.4005       1.901440    
   82.31709       131.1322       1.968875    
   87.30524       130.8228       1.967021    
   92.29430       130.5262       1.926149    
   97.28818       130.3116       1.938506    
   102.2866       130.2167       1.904682    
   107.2863       130.1709       1.808501    
   112.2728       129.9104       1.652145    
   117.2255       129.3089       1.575884    
   122.1606       128.5859       1.593492    
   127.1186       128.0226       1.595316    
   132.1048       127.7059       1.616269    
   137.1018       127.5708       1.618717    
   142.1004       127.6130       1.581922    
   147.0855       127.9183       1.542132    
   152.0289       128.5684       1.567864    
   156.9416       129.4059       1.594790    
   161.8866       130.0337       1.763655    
   166.8759       130.2731       1.883775    
   171.8755       130.2789       1.922225    
   176.8751       130.2254       1.904451    
   181.8749       130.1989       1.862952    
   186.8749       130.1980       1.821082    
   191.8749       130.1983       1.775860    
   196.8749       130.1983       1.737812    
   201.8749       130.1983       1.667985    
   206.8749       130.1982       1.652342    
   211.8749       130.2005       1.688639    
   216.8748       130.2222       1.568874    
   221.8745       130.2778       1.620818    
   226.8739       130.3428       1.691101    
   231.8736       130.3456       1.734511    
   236.8703       130.2072       1.800699    
   241.8605       129.9314       1.822137    
   246.8531       129.7134       1.884804    
   251.8497       129.7641       1.805019    
   256.8403       130.0339       1.849672    
   261.8292       130.3325       1.819713    
   266.8226       130.5588       1.772564    
   271.8200       130.6960       1.758168    
   276.8195       130.7393       1.739582    
   281.8193       130.7124       1.584561    
   286.8188       130.6498       1.608950    
   291.8181       130.5708       1.763503    
   296.8170       130.4788       1.855313    
   301.8156       130.3701       1.878228    
   306.8141       130.2655       1.880253    
   311.8136       130.2279       1.906436    
   316.8123       130.1622       1.918201    
   321.7794       129.7323       1.881943    
   326.7076       128.9738       1.774454    
   331.6619       128.7171       1.702315    
   336.6017       129.3322       1.733304    
   341.4941       130.2607       1.816086    
   346.3997       131.1291       1.787327    
   351.3318       131.8641       1.699411    
   356.3008       132.3251       1.678213    
   361.2956       132.5135       1.686600    
   366.2939       132.6302       1.710585    
   371.2916       132.7671       1.810000    
   376.2886       132.9225       1.902512    
   381.2849       133.0963       1.964520    
   386.2799       133.2955       1.957952    
   391.2732       133.5287       1.802420    
   396.2645       133.7930       1.839488    
   401.2549       134.0715       1.926255    
   406.2462       134.3360       2.002890    
   411.2407       134.5442       2.028579    
   416.2387       134.6591       2.002943    
   421.2385       134.6935       1.987989    
   426.2385       134.6971       1.968841    
   431.2385       134.7121       1.964838    
   436.2343       134.8550       1.941939    
   441.2233       135.1510       1.856287    
   446.2118       135.4547       1.739237    
   451.2035       135.7129       1.651142    
   456.1937       135.9924       1.611257    
   461.1783       136.3427       1.610255    
   466.1624       136.7012       1.647716    
   471.1551       136.9142       1.727518    
   476.1545       136.9639       1.834073    
   481.8401       136.9662       2.022914    
   489.3643       136.9662       2.268518    
   507.4286       136.9662       2.799732    
  -33.77417       125.1739       2.227516    
  -15.70986       125.1739       1.887749    
  -8.185690       125.1739       1.776125    
  -2.500000       125.1739       1.727515    
   2.481762       125.4352       1.708542    
   7.434425       126.0261       1.726450    
   12.38829       126.6083       1.836621    
   17.37068       126.9075       2.004582    
   22.36992       126.9801       2.108706    
   27.36889       127.0629       2.127000    
   32.36626       127.2010       2.120657    
   37.36148       127.3890       2.109501    
   42.35468       127.6146       2.090000    
   47.34677       127.8582       2.079125    
   52.33939       128.0931       2.073191    
   57.33461       128.2793       2.073544    
   62.33282       128.3861       2.121676    
   67.33237       128.3895       2.186879    
   72.33087       128.2923       2.220761    
   77.32610       128.1083       2.263024    
   82.31709       127.8499       2.307693    
   87.30524       127.5519       2.312483    
   92.29430       127.2662       2.296068    
   97.28818       127.0596       2.292571    
   102.2866       126.9681       2.251865    
   107.2863       126.9241       2.155053    
   112.2728       126.6731       2.012647    
   117.2255       126.0938       1.898491    
   122.1606       125.3975       1.831985    
   127.1186       124.8549       1.784563    
   132.1048       124.5499       1.764773    
   137.1018       124.4198       1.755585    
   142.1004       124.4603       1.742140    
   147.0855       124.7544       1.755305    
   152.0289       125.3806       1.823712    
   156.9416       126.1872       1.939943    
   161.8866       126.7919       2.124659    
   166.8759       127.0225       2.266323    
   171.8755       127.0280       2.322190    
   176.8751       126.9765       2.314666    
   181.8749       126.9510       2.279420    
   186.8749       126.9501       2.235215    
   191.8749       126.9505       2.186843    
   196.8749       126.9505       2.134218    
   201.8749       126.9505       2.069350    
   206.8749       126.9503       2.040175    
   211.8749       126.9525       2.036982    
   216.8748       126.9735       1.982255    
   221.8745       127.0270       2.021184    
   226.8739       127.0896       2.090709    
   231.8736       127.0923       2.151383    
   236.8703       126.9591       2.206615    
   241.8605       126.6934       2.229258    
   246.8531       126.4834       2.252669    
   251.8497       126.5322       2.214720    
   256.8403       126.7921       2.227303    
   261.8292       127.0797       2.205522    
   266.8226       127.2977       2.163213    
   271.8200       127.4297       2.128160    
   276.8195       127.4715       2.084622    
   281.8193       127.4456       2.004006    
   286.8188       127.3853       2.036674    
   291.8181       127.3092       2.154901    
   296.8170       127.2206       2.253477    
   301.8156       127.1160       2.304150    
   306.8141       127.0152       2.326764    
   311.8136       126.9790       2.338417    
   316.8123       126.9157       2.312641    
   321.7794       126.5017       2.237782    
   326.7076       125.7710       2.132322    
   331.6619       125.5238       2.060804    
   336.6017       126.1162       2.054199    
   341.4941       127.0106       2.079790    
   346.3997       127.8469       2.061254    
   351.3318       128.5549       2.016911    
   356.3008       128.9989       2.006033    
   361.2956       129.1804       2.023039    
   366.2939       129.2928       2.058563    
   371.2916       129.4245       2.122153    
   376.2886       129.5742       2.177303    
   381.2849       129.7417       2.200366    
   386.2799       129.9336       2.181402    
   391.2732       130.1582       2.108670    
   396.2645       130.4128       2.133126    
   401.2549       130.6809       2.203814    
   406.2462       130.9357       2.272762    
   411.2407       131.1362       2.306475    
   416.2387       131.2469       2.301214    
   421.2385       131.2800       2.287660    
   426.2385       131.2835       2.264671    
   431.2385       131.2979       2.236692    
   436.2343       131.4355       2.187231    
   441.2233       131.7207       2.096877    
   446.2118       132.0132       1.984819    
   451.2035       132.2618       1.894373    
   456.1937       132.5311       1.835866    
   461.1783       132.8684       1.808818    
   466.1624       133.2138       1.823005    
   471.1551       133.4189       1.888464    
   476.1545       133.4668       1.976649    
   481.8401       133.4690       2.126172    
   489.3643       133.4690       2.324525    
   507.4286       133.4690       2.808433    
  -33.77417       121.7413       2.237514    
  -15.70986       121.7413       1.929928    
  -8.185690       121.7413       1.836790    
  -2.500000       121.7413       1.810214    
   2.481762       121.9919       1.821219    
   7.434425       122.5584       1.884814    
   12.38829       123.1165       2.008957    
   17.37068       123.4034       2.158026    
   22.36992       123.4730       2.265290    
   27.36889       123.5524       2.310184    
   32.36626       123.6848       2.319605    
   37.36148       123.8650       2.312801    
   42.35468       124.0813       2.297747    
   47.34677       124.3148       2.287643    
   52.33939       124.5400       2.287770    
   57.33461       124.7186       2.302287    
   62.33282       124.8209       2.344514    
   67.33237       124.8242       2.400050    
   72.33087       124.7309       2.445795    
   77.32610       124.5546       2.488768    
   82.31709       124.3068       2.522817    
   87.30524       124.0211       2.531297    
   92.29430       123.7473       2.521660    
   97.28818       123.5492       2.503506    
   102.2866       123.4615       2.453706    
   107.2863       123.4193       2.358904    
   112.2728       123.1786       2.230231    
   117.2255       122.6232       2.107903    
   122.1606       121.9557       2.011209    
   127.1186       121.4355       1.941680    
   132.1048       121.1431       1.905351    
   137.1018       121.0183       1.893991    
   142.1004       121.0573       1.897502    
   147.0855       121.3392       1.940838    
   152.0289       121.9395       2.037892    
   156.9416       122.7128       2.187905    
   161.8866       123.2925       2.371824    
   166.8759       123.5135       2.518557    
   171.8755       123.5189       2.590469    
   176.8751       123.4696       2.600089    
   181.8749       123.4451       2.576414    
   186.8749       123.4443       2.536796    
   191.8749       123.4446       2.488748    
   196.8749       123.4446       2.433574    
   201.8749       123.4446       2.375775    
   206.8749       123.4444       2.340163    
   211.8749       123.4465       2.321780    
   216.8748       123.4666       2.299373    
   221.8745       123.5179       2.328765    
   226.8739       123.5779       2.385809    
   231.8736       123.5806       2.440157    
   236.8703       123.4528       2.483140    
   241.8605       123.1981       2.505062    
   246.8531       122.9968       2.514035    
   251.8497       123.0435       2.498677    
   256.8403       123.2927       2.493902    
   261.8292       123.5684       2.472580    
   266.8226       123.7774       2.437864    
   271.8200       123.9041       2.402646    
   276.8195       123.9441       2.364493    
   281.8193       123.9193       2.330090    
   286.8188       123.8614       2.366066    
   291.8181       123.7885       2.458065    
   296.8170       123.7036       2.547847    
   301.8156       123.6032       2.604944    
   306.8141       123.5066       2.631140    
   311.8136       123.4719       2.632339    
   316.8123       123.4112       2.593626    
   321.7794       123.0143       2.509841    
   326.7076       122.3138       2.407578    
   331.6619       122.0768       2.332591    
   336.6017       122.6448       2.299725    
   341.4941       123.5022       2.291414    
   346.3997       124.3040       2.272008    
   351.3318       124.9827       2.245810    
   356.3008       125.4084       2.238584    
   361.2956       125.5824       2.253276    
   366.2939       125.6901       2.282238    
   371.2916       125.8165       2.323458    
   376.2886       125.9600       2.356764    
   381.2849       126.1205       2.367513    
   386.2799       126.3045       2.355346    
   391.2732       126.5198       2.329987    
   396.2645       126.7639       2.352543    
   401.2549       127.0210       2.410254    
   406.2462       127.2653       2.471698    
   411.2407       127.4575       2.510301    
   416.2387       127.5636       2.518904    
   421.2385       127.5953       2.509404    
   426.2385       127.5986       2.483532    
   431.2385       127.6125       2.443278    
   436.2343       127.7445       2.383594    
   441.2233       128.0178       2.297252    
   446.2118       128.2982       2.195894    
   451.2035       128.5366       2.111213    
   456.1937       128.7948       2.052620    
   461.1783       129.1181       2.016442    
   466.1624       129.4493       2.013501    
   471.1551       129.6459       2.051174    
   476.1545       129.6918       2.115858    
   481.8401       129.6939       2.225145    
   489.3643       129.6939       2.382942    
   507.4286       129.6939       2.817074    
  -33.77417       118.0135       2.249035    
  -15.70986       118.0135       1.976689    
  -8.185690       118.0135       1.904591    
  -2.500000       118.0135       1.893447    
   2.481762       118.2522       1.919898    
   7.434425       118.7923       1.994494    
   12.38829       119.3243       2.106703    
   17.37068       119.5977       2.231660    
   22.36992       119.6640       2.332108    
   27.36889       119.7397       2.390033    
   32.36626       119.8660       2.415127    
   37.36148       120.0378       2.421021    
   42.35468       120.2439       2.417660    
   47.34677       120.4665       2.416062    
   52.33939       120.6811       2.423058    
   57.33461       120.8514       2.443043    
   62.33282       120.9489       2.480037    
   67.33237       120.9520       2.526750    
   72.33087       120.8632       2.571193    
   77.32610       120.6951       2.610195    
   82.31709       120.4589       2.636989    
   87.30524       120.1866       2.643865    
   92.29430       119.9255       2.632459    
   97.28818       119.7367       2.603924    
   102.2866       119.6531       2.548215    
   107.2863       119.6129       2.458997    
   112.2728       119.3835       2.345965    
   117.2255       118.8540       2.232953    
   122.1606       118.2177       2.136430    
   127.1186       117.7218       2.065745    
   132.1048       117.4431       2.028249    
   137.1018       117.3242       2.021179    
   142.1004       117.3613       2.039142    
   147.0855       117.6301       2.098812    
   152.0289       118.2023       2.208848    
   156.9416       118.9394       2.363127    
   161.8866       119.4921       2.535512    
   166.8759       119.7027       2.678603    
   171.8755       119.7078       2.762284    
   176.8751       119.6608       2.790063    
   181.8749       119.6375       2.781149    
   186.8749       119.6367       2.751275    
   191.8749       119.6370       2.708946    
   196.8749       119.6370       2.658623    
   201.8749       119.6370       2.608559    
   206.8749       119.6368       2.572434    
   211.8749       119.6388       2.550423    
   216.8748       119.6580       2.540470    
   221.8745       119.7069       2.561581    
   226.8739       119.7641       2.603353    
   231.8736       119.7666       2.644859    
   236.8703       119.6448       2.676927    
   241.8605       119.4020       2.695695    
   246.8531       119.2101       2.700957    
   251.8497       119.2547       2.693789    
   256.8403       119.4922       2.682410    
   261.8292       119.7551       2.661868    
   266.8226       119.9542       2.634765    
   271.8200       120.0750       2.607903    
   276.8195       120.1131       2.584332    
   281.8193       120.0895       2.576435    
   286.8188       120.0343       2.612748    
   291.8181       119.9648       2.685039    
   296.8170       119.8839       2.759421    
   301.8156       119.7882       2.809979    
   306.8141       119.6961       2.831677    
   311.8136       119.6630       2.824791    
   316.8123       119.6051       2.781684    
   321.7794       119.2268       2.701267    
   326.7076       118.5591       2.606610    
   331.6619       118.3332       2.530580    
   336.6017       118.8746       2.482202    
   341.4941       119.6919       2.454153    
   346.3997       120.4562       2.429323    
   351.3318       121.1031       2.407379    
   356.3008       121.5089       2.398687    
   361.2956       121.6748       2.406647    
   366.2939       121.7775       2.425903    
   371.2916       121.8979       2.451717    
   376.2886       122.0348       2.472917    
   381.2849       122.1877       2.483097    
   386.2799       122.3631       2.482861    
   391.2732       122.5684       2.482604    
   396.2645       122.8010       2.507551    
   401.2549       123.0461       2.556299    
   406.2462       123.2790       2.609934    
   411.2407       123.4621       2.649418    
   416.2387       123.5633       2.665669    
   421.2385       123.5935       2.660621    
   426.2385       123.5967       2.635296    
   431.2385       123.6100       2.592735    
   436.2343       123.7357       2.533324    
   441.2233       123.9963       2.456149    
   446.2118       124.2636       2.367672    
   451.2035       124.4909       2.289098    
   456.1937       124.7369       2.232687    
   461.1783       125.0452       2.195407    
   466.1624       125.3608       2.183099    
   471.1551       125.5482       2.197284    
   476.1545       125.5920       2.238497    
   481.8401       125.5940       2.314420    
   489.3643       125.5940       2.442314    
   507.4286       125.5940       2.827582    
  -33.77417       113.9358       2.264739    
  -15.70986       113.9358       2.023187    
  -8.185690       113.9358       1.969719    
  -2.500000       113.9358       1.967677    
   2.481762       114.1617       1.998870    
   7.434425       114.6728       2.065498    
   12.38829       115.1762       2.157132    
   17.37068       115.4350       2.258204    
   22.36992       115.4978       2.346199    
   27.36889       115.5694       2.407114    
   32.36626       115.6889       2.443262    
   37.36148       115.8514       2.462299    
   42.35468       116.0465       2.472136    
   47.34677       116.2571       2.481008    
   52.33939       116.4603       2.494448    
   57.33461       116.6214       2.516477    
   62.33282       116.7137       2.548560    
   67.33237       116.7167       2.586584    
   72.33087       116.6326       2.623677    
   77.32610       116.4735       2.654887    
   82.31709       116.2499       2.674069    
   87.30524       115.9922       2.676200    
   92.29430       115.7452       2.660508    
   97.28818       115.5665       2.626424    
   102.2866       115.4874       2.570341    
   107.2863       115.4493       2.490809    
   112.2728       115.2323       2.395887    
   117.2255       114.7313       2.301028    
   122.1606       114.1291       2.219051    
   127.1186       113.6599       2.159083    
   132.1048       113.3961       2.128595    
   137.1018       113.2836       2.129193    
   142.1004       113.3186       2.160041    
   147.0855       113.5730       2.229630    
   152.0289       114.1145       2.341184    
   156.9416       114.8120       2.485687    
   161.8866       115.3350       2.641054    
   166.8759       115.5344       2.775367    
   171.8755       115.5392       2.865020    
   176.8751       115.4947       2.907918    
   181.8749       115.4726       2.914777    
   186.8749       115.4719       2.897690    
   191.8749       115.4722       2.865248    
   196.8749       115.4722       2.823949    
   201.8749       115.4722       2.782386    
   206.8749       115.4720       2.749717    
   211.8749       115.4739       2.728673    
   216.8748       115.4921       2.722019    
   221.8745       115.5383       2.735640    
   226.8739       115.5924       2.763733    
   231.8736       115.5948       2.792561    
   236.8703       115.4796       2.815054    
   241.8605       115.2498       2.829048    
   246.8531       115.0682       2.832642    
   251.8497       115.1104       2.827113    
   256.8403       115.3352       2.814867    
   261.8292       115.5839       2.797347    
   266.8226       115.7724       2.777468    
   271.8200       115.8866       2.760352    
   276.8195       115.9228       2.750498    
   281.8193       115.9004       2.756749    
   286.8188       115.8482       2.790578    
   291.8181       115.7824       2.846229    
   296.8170       115.7058       2.903089    
   301.8156       115.6153       2.941533    
   306.8141       115.5281       2.955313    
   311.8136       115.4968       2.942390    
   316.8123       115.4420       2.898975    
   321.7794       115.0840       2.826317    
   326.7076       114.4521       2.742282    
   331.6619       114.2384       2.669206    
   336.6017       114.7507       2.613922    
   341.4941       115.5241       2.575063    
   346.3997       116.2474       2.544537    
   351.3318       116.8596       2.521252    
   356.3008       117.2437       2.509073    
   361.2956       117.4006       2.509593    
   366.2939       117.4977       2.520091    
   371.2916       117.6117       2.535745    
   376.2886       117.7412       2.550774    
   381.2849       117.8860       2.563175    
   386.2799       118.0519       2.572205    
   391.2732       118.2462       2.584881    
   396.2645       118.4663       2.612015    
   401.2549       118.6983       2.653904    
   406.2462       118.9186       2.699331    
   411.2407       119.0920       2.735525    
   416.2387       119.1877       2.753971    
   421.2385       119.2163       2.752280    
   426.2385       119.2194       2.730519    
   431.2385       119.2319       2.691591    
   436.2343       119.3509       2.637835    
   441.2233       119.5975       2.571718    
   446.2118       119.8504       2.496962    
   451.2035       120.0655       2.425461    
   456.1937       120.2983       2.369007    
   461.1783       120.5900       2.329812    
   466.1624       120.8887       2.310970    
   471.1551       121.0661       2.312636    
   476.1545       121.1075       2.337247    
   481.8401       121.1095       2.393493    
   489.3643       121.1095       2.501565    
   507.4286       121.1095       2.840874    
  -33.77417       109.4377       2.285804    
  -15.70986       109.4377       2.067405    
  -8.185690       109.4377       2.023111    
  -2.500000       109.4377       2.024279    
   2.481762       109.6495       2.054399    
   7.434425       110.1285       2.109048    
   12.38829       110.6005       2.181453    
   17.37068       110.8431       2.261164    
   22.36992       110.9020       2.334334    
   27.36889       110.9691       2.391963    
   32.36626       111.0811       2.433263    
   37.36148       111.2335       2.461299    
   42.35468       111.4164       2.481136    
   47.34677       111.6138       2.498231    
   52.33939       111.8043       2.516454    
   57.33461       111.9553       2.538839    
   62.33282       112.0418       2.566191    
   67.33237       112.0446       2.595885    
   72.33087       111.9657       2.623687    
   77.32610       111.8166       2.645599    
   82.31709       111.6071       2.656774    
   87.30524       111.3655       2.653605    
   92.29430       111.1339       2.634792    
   97.28818       110.9664       2.599973    
   102.2866       110.8923       2.548734    
   107.2863       110.8566       2.482207    
   112.2728       110.6531       2.406974    
   117.2255       110.1834       2.333520    
   122.1606       109.6189       2.271119    
   127.1186       109.1790       2.226930    
   132.1048       108.9318       2.207750    
   137.1018       108.8263       2.217736    
   142.1004       108.8592       2.258604    
   147.0855       109.0976       2.333344    
   152.0289       109.6052       2.440032    
   156.9416       110.2591       2.569712    
   161.8866       110.7494       2.706612    
   166.8759       110.9363       2.829048    
   171.8755       110.9408       2.919074    
   176.8751       110.8991       2.971913    
   181.8749       110.8784       2.992472    
   186.8749       110.8776       2.988845    
   191.8749       110.8779       2.968817    
   196.8749       110.8779       2.939099    
   201.8749       110.8779       2.907138    
   206.8749       110.8778       2.880372    
   211.8749       110.8796       2.862497    
   216.8748       110.8966       2.856152    
   221.8745       110.9400       2.863206    
   226.8739       110.9907       2.879917    
   231.8736       110.9929       2.898076    
   236.8703       110.8849       2.912450    
   241.8605       110.6695       2.920883    
   246.8531       110.4993       2.921926    
   251.8497       110.5388       2.916434    
   256.8403       110.7495       2.906138    
   261.8292       110.9827       2.893112    
   266.8226       111.1594       2.879718    
   271.8200       111.2665       2.870575    
   276.8195       111.3003       2.869987    
   281.8193       111.2794       2.882107    
   286.8188       111.2305       2.910397    
   291.8181       111.1687       2.950194    
   296.8170       111.0969       2.989293    
   301.8156       111.0121       3.014948    
   306.8141       110.9304       3.020919    
   311.8136       110.9010       3.004242    
   316.8123       110.8497       2.962690    
   321.7794       110.5141       2.899262    
   326.7076       109.9218       2.827178    
   331.6619       109.7214       2.760484    
   336.6017       110.2016       2.704466    
   341.4941       110.9267       2.661173    
   346.3997       111.6047       2.627229    
   351.3318       112.1786       2.601908    
   356.3008       112.5386       2.586337    
   361.2956       112.6857       2.580554    
   366.2939       112.7768       2.583576    
   371.2916       112.8837       2.592340    
   376.2886       113.0050       2.603746    
   381.2849       113.1407       2.616926    
   386.2799       113.2963       2.631383    
   391.2732       113.4784       2.650421    
   396.2645       113.6848       2.677854    
   401.2549       113.9022       2.713240    
   406.2462       114.1088       2.750257    
   411.2407       114.2713       2.780583    
   416.2387       114.3611       2.797618    
   421.2385       114.3878       2.797818    
   426.2385       114.3907       2.780672    
   431.2385       114.4025       2.748104    
   436.2343       114.5140       2.702667    
   441.2233       114.7451       2.647707    
   446.2118       114.9823       2.586496    
   451.2035       115.1839       2.525290    
   456.1937       115.4022       2.472162    
   461.1783       115.6756       2.432568    
   466.1624       115.9556       2.409914    
   471.1551       116.1219       2.405436    
   476.1545       116.1607       2.421371    
   481.8401       116.1625       2.467602    
   489.3643       116.1625       2.561653    
   507.4286       116.1625       2.856408    
  -33.77417       104.4251       2.311624    
  -15.70986       104.4251       2.113764    
  -8.185690       104.4251       2.070901    
  -2.500000       104.4251       2.069460    
   2.481762       104.6212       2.094544    
   7.434425       105.0646       2.138544    
   12.38829       105.5015       2.195099    
   17.37068       105.7260       2.256710    
   22.36992       105.7805       2.315411    
   27.36889       105.8427       2.365970    
   32.36626       105.9463       2.406540    
   37.36148       106.0873       2.437904    
   42.35468       106.2567       2.462754    
   47.34677       106.4394       2.484306    
   52.33939       106.6157       2.505133    
   57.33461       106.7555       2.526913    
   62.33282       106.8356       2.549836    
   67.33237       106.8381       2.572282    
   72.33087       106.7651       2.591688    
   77.32610       106.6271       2.605236    
   82.31709       106.4332       2.609550    
   87.30524       106.2096       2.602383    
   92.29430       105.9952       2.582924    
   97.28818       105.8402       2.551377    
   102.2866       105.7715       2.508703    
   107.2863       105.7385       2.457070    
   112.2728       105.5501       2.401537    
   117.2255       105.1154       2.349278    
   122.1606       104.5929       2.307073    
   127.1186       104.1857       2.280377    
   132.1048       103.9569       2.274558    
   137.1018       103.8593       2.294012    
   142.1004       103.8897       2.340885    
   147.0855       104.1104       2.415283    
   152.0289       104.5803       2.513203    
   156.9416       105.1855       2.627091    
   161.8866       105.6393       2.746001    
   166.8759       105.8122       2.854817    
   171.8755       105.8165       2.940541    
   176.8751       105.7778       2.997951    
   181.8749       105.7587       3.028525    
   186.8749       105.7580       3.037174    
   191.8749       105.7582       3.029900    
   196.8749       105.7583       3.012469    
   201.8749       105.7583       2.990884    
   206.8749       105.7581       2.971238    
   211.8749       105.7598       2.957462    
   216.8748       105.7755       2.951338    
   221.8745       105.8157       2.953325    
   226.8739       105.8626       2.961214    
   231.8736       105.8647       2.970849    
   236.8703       105.7647       2.978554    
   241.8605       105.5654       2.982078    
   246.8531       105.4078       2.980671    
   251.8497       105.4444       2.975350    
   256.8403       105.6394       2.967382    
   261.8292       105.8553       2.958318    
   266.8226       106.0188       2.950058    
   271.8200       106.1179       2.946301    
   276.8195       106.1492       2.949995    
   281.8193       106.1298       2.962217    
   286.8188       106.0846       2.982819    
   291.8181       106.0275       3.008126    
   296.8170       105.9610       3.031368    
   301.8156       105.8824       3.045381    
   306.8141       105.8068       3.044743    
   311.8136       105.7796       3.026184    
   316.8123       105.7321       2.988468    
   321.7794       105.4215       2.934821    
   326.7076       104.8732       2.874245    
   331.6619       104.6877       2.815509    
   336.6017       105.1322       2.763048    
   341.4941       105.8034       2.720352    
   346.3997       106.4309       2.686301    
   351.3318       106.9622       2.660337    
   356.3008       107.2954       2.642379    
   361.2956       107.4315       2.631998    
   366.2939       107.5159       2.629155    
   371.2916       107.6148       2.632706    
   376.2886       107.7271       2.641179    
   381.2849       107.8528       2.653689    
   386.2799       107.9968       2.669987    
   391.2732       108.1653       2.690636    
   396.2645       108.3564       2.716168    
   401.2549       108.5576       2.745190    
   406.2462       108.7488       2.774147    
   411.2407       108.8992       2.797888    
   416.2387       108.9823       2.811683    
   421.2385       109.0071       2.812501    
   426.2385       109.0098       2.799711    
   431.2385       109.0207       2.774339    
   436.2343       109.1239       2.738195    
   441.2233       109.3378       2.694158    
   446.2118       109.5574       2.645547    
   451.2035       109.7439       2.596301    
   456.1937       109.9460       2.551374    
   461.1783       110.1991       2.515836    
   466.1624       110.4583       2.493438    
   471.1551       110.6122       2.486790    
   476.1545       110.6481       2.498895    
   481.8401       110.6497       2.538556    
   489.3643       110.6497       2.620128    
   507.4286       110.6497       2.873145    
  -33.77417       98.76926       2.341352    
  -15.70986       98.76926       2.164743    
  -8.185690       98.76926       2.120796    
  -2.500000       98.76926       2.112948    
   2.481762       98.94752       2.129430    
   7.434425       99.35075       2.162934    
   12.38829       99.74802       2.206585    
   17.37068       99.95215       2.253984    
   22.36992       100.0017       2.300210    
   27.36889       100.0582       2.342133    
   32.36626       100.1525       2.378171    
   37.36148       100.2807       2.408419    
   42.35468       100.4347       2.434144    
   47.34677       100.6009       2.457019    
   52.33939       100.7612       2.478439    
   57.33461       100.8883       2.498979    
   62.33282       100.9611       2.518312    
   67.33237       100.9634       2.535350    
   72.33087       100.8971       2.548515    
   77.32610       100.7716       2.555997    
   82.31709       100.5952       2.555939    
   87.30524       100.3919       2.547267    
   92.29430       100.1970       2.529823    
   97.28818       100.0560       2.504293    
   102.2866       99.99355       2.472078    
   107.2863       99.96349       2.435448    
   112.2728       99.79222       2.398071    
   117.2255       99.39693       2.364908    
   122.1606       98.92178       2.341111    
   127.1186       98.55151       2.330873    
   132.1048       98.34343       2.337856    
   137.1018       98.25465       2.365102    
   142.1004       98.28233       2.414028    
   147.0855       98.48299       2.483722    
   152.0289       98.91029       2.570496    
   156.9416       99.46066       2.668645    
   161.8866       99.87329       2.770327    
   166.8759       100.0306       2.864959    
   171.8755       100.0344       2.943471    
   176.8751       99.99930       3.001345    
   181.8749       99.98188       3.038219    
   186.8749       99.98126       3.056546    
   191.8749       99.98149       3.060282    
   196.8749       99.98150       3.053917    
   201.8749       99.98149       3.042154    
   206.8749       99.98139       3.029623    
   211.8749       99.98287       3.019844    
   216.8748       99.99718       3.014476    
   221.8745       100.0337       3.013669    
   226.8739       100.0764       3.016178    
   231.8736       100.0783       3.019920    
   236.8703       99.98734       3.022581    
   241.8605       99.80609       3.022592    
   246.8531       99.66279       3.019670    
   251.8497       99.69608       3.014471    
   256.8403       99.87341       3.007988    
   261.8292       100.0697       3.001528    
   266.8226       100.2184       2.996668    
   271.8200       100.3085       2.995596    
   276.8195       100.3370       2.999585    
   281.8193       100.3194       3.008497    
   286.8188       100.2782       3.021275    
   291.8181       100.2263       3.035326    
   296.8170       100.1659       3.046721    
   301.8156       100.0944       3.051253    
   306.8141       100.0256       3.045100    
   311.8136       100.0009       3.025737    
   316.8123       99.95772       2.992543    
   321.7794       99.67523       2.947750    
   326.7076       99.17667       2.897202    
   331.6619       99.00801       2.846946    
   336.6017       99.41222       2.800775    
   341.4941       100.0225       2.762109    
   346.3997       100.5932       2.730534    
   351.3318       101.0763       2.705600    
   356.3008       101.3793       2.686996    
   361.2956       101.5031       2.674462    
   366.2939       101.5798       2.668337    
   371.2916       101.6697       2.668389    
   376.2886       101.7719       2.673946    
   381.2849       101.8861       2.684181    
   386.2799       102.0170       2.698653    
   391.2732       102.1703       2.716924    
   396.2645       102.3440       2.738356    
   401.2549       102.5270       2.761201    
   406.2462       102.7009       2.782877    
   411.2407       102.8377       2.800081    
   416.2387       102.9132       2.809703    
   421.2385       102.9358       2.809779    
   426.2385       102.9382       2.799806    
   431.2385       102.9481       2.780350    
   436.2343       103.0419       2.752820    
   441.2233       103.2365       2.719538    
   446.2118       103.4361       2.683018    
   451.2035       103.6058       2.645664    
   456.1937       103.7895       2.610553    
   461.1783       104.0197       2.581586    
   466.1624       104.2553       2.562727    
   471.1551       104.3953       2.557295    
   476.1545       104.4279       2.567866    
   481.8401       104.4295       2.602244    
   489.3643       104.4295       2.672915    
   507.4286       104.4295       2.888712    
  -33.77417       92.28692       2.374499    
  -15.70986       92.28692       2.219945    
  -8.185690       92.28692       2.176037    
  -2.500000       92.28692       2.162165    
   2.481762       92.44483       2.169145    
   7.434425       92.80198       2.191264    
   12.38829       93.15384       2.223270    
   17.37068       93.33465       2.259395    
   22.36992       93.37855       2.295354    
   27.36889       93.42858       2.328960    
   32.36626       93.51208       2.359360    
   37.36148       93.62569       2.386511    
   42.35468       93.76205       2.410834    
   47.34677       93.90923       2.432939    
   52.33939       94.05121       2.453296    
   57.33461       94.16380       2.471876    
   62.33282       94.22831       2.488162    
   67.33237       94.23037       2.501341    
   72.33087       94.17159       2.510462    
   77.32610       94.06042       2.514592    
   82.31709       93.90422       2.513021    
   87.30524       93.72411       2.505481    
   92.29430       93.55146       2.492236    
   97.28818       93.42661       2.474138    
   102.2866       93.37131       2.452574    
   107.2863       93.34469       2.429529    
   112.2728       93.19299       2.407669    
   117.2255       92.84286       2.390453    
   122.1606       92.42202       2.381639    
   127.1186       92.09407       2.384336    
   132.1048       91.90976       2.400908    
   137.1018       91.83113       2.433009    
   142.1004       91.85565       2.481154    
   147.0855       92.03337       2.544204    
   152.0289       92.41184       2.619198    
   156.9416       92.89931       2.701960    
   161.8866       93.26480       2.787043    
   166.8759       93.40413       2.867310    
   171.8755       93.40750       2.936632    
   176.8751       93.37640       2.991526    
   181.8749       93.36098       3.030905    
   186.8749       93.36044       3.055613    
   191.8749       93.36063       3.067926    
   196.8749       93.36064       3.070950    
   201.8749       93.36063       3.068047    
   206.8749       93.36054       3.062458    
   211.8749       93.36186       3.056886    
   216.8748       93.37454       3.052981    
   221.8745       93.40688       3.051185    
   226.8739       93.44470       3.050934    
   231.8736       93.44635       3.051096    
   236.8703       93.36582       3.050415    
   241.8605       93.20527       3.048189    
   246.8531       93.07835       3.044487    
   251.8497       93.10783       3.039676    
   256.8403       93.26490       3.034525    
   261.8292       93.43874       3.029966    
   266.8226       93.57047       3.026912    
   271.8200       93.65030       3.026235    
   276.8195       93.67554       3.028258    
   281.8193       93.65989       3.032674    
   286.8188       93.62345       3.038586    
   291.8181       93.57744       3.044251    
   296.8170       93.52392       3.047169    
   301.8156       93.46066       3.044676    
   306.8141       93.39973       3.034472    
   311.8136       93.37785       3.015100    
   316.8123       93.33959       2.986269    
   321.7794       93.08938       2.949289    
   326.7076       92.64779       2.907957    
   331.6619       92.49840       2.866480    
   336.6017       92.85643       2.827713    
   341.4941       93.39696       2.794452    
   346.3997       93.90244       2.766500    
   351.3318       94.33030       2.743667    
   356.3008       94.59869       2.725795    
   361.2956       94.70834       2.712782    
   366.2939       94.77627       2.705025    
   371.2916       94.85593       2.702538    
   376.2886       94.94642       2.704931    
   381.2849       95.04758       2.711601    
   386.2799       95.16358       2.721995    
   391.2732       95.29931       2.735436    
   396.2645       95.45317       2.750968    
   401.2549       95.61526       2.767003    
   406.2462       95.76926       2.781539    
   411.2407       95.89043       2.792421    
   416.2387       95.95733       2.797748    
   421.2385       95.97731       2.796376    
   426.2385       95.97943       2.788026    
   431.2385       95.98818       2.773228    
   436.2343       96.07135       2.753306    
   441.2233       96.24365       2.729989    
   446.2118       96.42047       2.704496    
   451.2035       96.57073       2.677761    
   456.1937       96.73344       2.651888    
   461.1783       96.93733       2.630601    
   466.1624       97.14609       2.617739    
   471.1551       97.27006       2.615552    
   476.1545       97.29897       2.626042    
   481.8401       97.30029       2.656944    
   489.3643       97.30029       2.718334    
   507.4286       97.30029       2.901822    
  -33.77417       84.70639       2.411866    
  -15.70986       84.70639       2.279946    
  -8.185690       84.70639       2.238895    
  -2.500000       84.70639       2.222008    
   2.481762       84.84047       2.222114    
   7.434425       85.14374       2.234433    
   12.38829       85.44250       2.256017    
   17.37068       85.59602       2.282990    
   22.36992       85.63330       2.311157    
   27.36889       85.67580       2.338035    
   32.36626       85.74669       2.363051    
   37.36148       85.84315       2.386378    
   42.35468       85.95895       2.408154    
   47.34677       86.08392       2.428336    
   52.33939       86.20448       2.446757    
   57.33461       86.30008       2.463080    
   62.33282       86.35486       2.476796    
   67.33237       86.35661       2.487341    
   72.33087       86.30669       2.494239    
   77.32610       86.21230       2.497191    
   82.31709       86.07966       2.496141    
   87.30524       85.92673       2.491288    
   92.29430       85.78013       2.483123    
   97.28818       85.67411       2.472476    
   102.2866       85.62716       2.460535    
   107.2863       85.60456       2.448875    
   112.2728       85.47575       2.439409    
   117.2255       85.17844       2.434472    
   122.1606       84.82110       2.436600    
   127.1186       84.54264       2.447907    
   132.1048       84.38613       2.469831    
   137.1018       84.31937       2.503171    
   142.1004       84.34019       2.547891    
   147.0855       84.49109       2.602843    
   152.0289       84.81246       2.665644    
   156.9416       85.22638       2.733329    
   161.8866       85.53673       2.802386    
   166.8759       85.65503       2.868223    
   171.8755       85.65790       2.926869    
   176.8751       85.63148       2.975916    
   181.8749       85.61840       3.014264    
   186.8749       85.61794       3.041974    
   191.8749       85.61810       3.060139    
   196.8749       85.61810       3.070561    
   201.8749       85.61810       3.075313    
   206.8749       85.61802       3.076429    
   211.8749       85.61914       3.075694    
   216.8748       85.62991       3.074422    
   221.8745       85.65736       3.073265    
   226.8739       85.68948       3.072224    
   231.8736       85.69088       3.070878    
   236.8703       85.62250       3.068745    
   241.8605       85.48617       3.065706    
   246.8531       85.37840       3.062051    
   251.8497       85.40344       3.058069    
   256.8403       85.53680       3.054221    
   261.8292       85.68442       3.050932    
   266.8226       85.79627       3.048469    
   271.8200       85.86406       3.047017    
   276.8195       85.88549       3.046558    
   281.8193       85.87220       3.046812    
   286.8188       85.84126       3.047131    
   291.8181       85.80219       3.046399    
   296.8170       85.75674       3.043140    
   301.8156       85.70303       3.035853    
   306.8141       85.65130       3.023313    
   311.8136       85.63272       3.004780    
   316.8123       85.60023       2.980160    
   321.7794       85.38776       2.950271    
   326.7076       85.01280       2.917532    
   331.6619       84.88596       2.884514    
   336.6017       85.18996       2.853057    
   341.4941       85.64894       2.825401    
   346.3997       86.07815       2.801484    
   351.3318       86.44146       2.781296    
   356.3008       86.66934       2.764790    
   361.2956       86.76245       2.751906    
   366.2939       86.82014       2.743019    
   371.2916       86.88777       2.738252    
   376.2886       86.96461       2.737381    
   381.2849       87.05051       2.739983    
   386.2799       87.14902       2.745514    
   391.2732       87.26426       2.753262    
   396.2645       87.39491       2.762300    
   401.2549       87.53254       2.771416    
   406.2462       87.66331       2.779255    
   411.2407       87.76619       2.784500    
   416.2387       87.82300       2.786077    
   421.2385       87.83997       2.783383    
   426.2385       87.84176       2.776385    
   431.2385       87.84920       2.765687    
   436.2343       87.91981       2.752343    
   441.2233       88.06612       2.737172    
   446.2118       88.21626       2.720154    
   451.2035       88.34385       2.701567    
   456.1937       88.48203       2.683783    
   461.1783       88.65514       2.670388    
   466.1624       88.83239       2.663676    
   471.1551       88.93765       2.664958    
   476.1545       88.96221       2.676524    
   481.8401       88.96335       2.704863    
   489.3643       88.96335       2.758255    
   507.4286       88.96335       2.912865    
  -33.77417       75.60016       2.455013    
  -15.70986       75.60016       2.348200    
  -8.185690       75.60016       2.313392    
  -2.500000       75.60016       2.297765    
   2.481762       75.70561       2.295552    
   7.434425       75.94414       2.302790    
   12.38829       76.17914       2.317520    
   17.37068       76.29989       2.337894    
   22.36992       76.32921       2.361123    
   27.36889       76.36263       2.384153    
   32.36626       76.41840       2.405578    
   37.36148       76.49427       2.425608    
   42.35468       76.58534       2.444704    
   47.34677       76.68364       2.462811    
   52.33939       76.77846       2.479477    
   57.33461       76.85366       2.494175    
   62.33282       76.89674       2.506430    
   67.33237       76.89812       2.515869    
   72.33087       76.85886       2.522290    
   77.32610       76.78461       2.525718    
   82.31709       76.68029       2.526388    
   87.30524       76.56001       2.524714    
   92.29430       76.44469       2.521270    
   97.28818       76.36131       2.516809    
   102.2866       76.32438       2.512284    
   107.2863       76.30660       2.508867    
   112.2728       76.20528       2.507861    
   117.2255       75.97144       2.510757    
   122.1606       75.69038       2.519164    
   127.1186       75.47135       2.534393    
   132.1048       75.34826       2.557220    
   137.1018       75.29574       2.587971    
   142.1004       75.31212       2.626413    
   147.0855       75.43081       2.671565    
   152.0289       75.68358       2.721641    
   156.9416       76.00915       2.774703    
   161.8866       76.25325       2.828676    
   166.8759       76.34630       2.880718    
   171.8755       76.34855       2.928359    
   176.8751       76.32778       2.970063    
   181.8749       76.31749       3.004975    
   186.8749       76.31712       3.032851    
   191.8749       76.31725       3.054052    
   196.8749       76.31725       3.069412    
   201.8749       76.31725       3.080019    
   206.8749       76.31718       3.087001    
   211.8749       76.31807       3.091393    
   216.8748       76.32654       3.094052    
   221.8745       76.34814       3.095559    
   226.8739       76.37340       3.096175    
   231.8736       76.37450       3.095912    
   236.8703       76.32071       3.094734    
   241.8605       76.21349       3.092795    
   246.8531       76.12872       3.090429    
   251.8497       76.14841       3.087829    
   256.8403       76.25331       3.085222    
   261.8292       76.36942       3.082739    
   266.8226       76.45739       3.080343    
   271.8200       76.51070       3.077958    
   276.8195       76.52757       3.075438    
   281.8193       76.51711       3.072536    
   286.8188       76.49277       3.068841    
   291.8181       76.46204       3.063745    
   296.8170       76.42630       3.056517    
   301.8156       76.38405       3.046452    
   306.8141       76.34336       3.032983    
   311.8136       76.32875       3.015782    
   316.8123       76.30320       2.994858    
   321.7794       76.13609       2.970756    
   326.7076       75.84116       2.945021    
   331.6619       75.74139       2.919043    
   336.6017       75.98050       2.893869    
   341.4941       76.34151       2.871265    
   346.3997       76.67910       2.851202    
   351.3318       76.96486       2.833696    
   356.3008       77.14410       2.818726    
   361.2956       77.21733       2.806234    
   366.2939       77.26270       2.796529    
   371.2916       77.31591       2.789777    
   376.2886       77.37634       2.785885    
   381.2849       77.44391       2.784579    
   386.2799       77.52139       2.785444    
   391.2732       77.61202       2.787907    
   396.2645       77.71479       2.791248    
   401.2549       77.82304       2.794625    
   406.2462       77.92590       2.797178    
   411.2407       78.00681       2.798134    
   416.2387       78.05150       2.796912    
   421.2385       78.06484       2.793276    
   426.2385       78.06626       2.787446    
   431.2385       78.07211       2.780018    
   436.2343       78.12765       2.771458    
   441.2233       78.24273       2.761516    
   446.2118       78.36082       2.749652    
   451.2035       78.46117       2.736820    
   456.1937       78.56985       2.725667    
   461.1783       78.70601       2.718186    
   466.1624       78.84543       2.715426    
   471.1551       78.92822       2.718761    
   476.1545       78.94754       2.729629    
   481.8401       78.94843       2.753853    
   489.3643       78.94843       2.797535    
   507.4286       78.94843       2.920178    
  -33.77417       56.32260       2.540722    
  -15.70986       56.32260       2.489924    
  -8.185690       56.32260       2.475998    
  -2.500000       56.32260       2.472616    
   2.481762       56.36747       2.476184    
   7.434425       56.46896       2.484816    
   12.38829       56.56895       2.497584    
   17.37068       56.62033       2.514247    
   22.36992       56.63280       2.534759    
   27.36889       56.64702       2.557061    
   32.36626       56.67075       2.578068    
   37.36148       56.70303       2.596718    
   42.35468       56.74178       2.613931    
   47.34677       56.78361       2.630576    
   52.33939       56.82395       2.646554    
   57.33461       56.85595       2.661251    
   62.33282       56.87428       2.674138    
   67.33237       56.87487       2.684943    
   72.33087       56.85816       2.693600    
   77.32610       56.82657       2.700217    
   82.31709       56.78218       2.705075    
   87.30524       56.73100       2.708592    
   92.29430       56.68194       2.711262    
   97.28818       56.64646       2.713612    
   102.2866       56.63075       2.716193    
   107.2863       56.62318       2.719577    
   112.2728       56.58007       2.724317    
   117.2255       56.48058       2.731055    
   122.1606       56.36099       2.740549    
   127.1186       56.26780       2.753469    
   132.1048       56.21542       2.770170    
   137.1018       56.19307       2.790746    
   142.1004       56.20005       2.815064    
   147.0855       56.25055       2.842669    
   152.0289       56.35809       2.872723    
   156.9416       56.49662       2.904410    
   161.8866       56.60048       2.937081    
   166.8759       56.64007       2.969744    
   171.8755       56.64103       3.001376    
   176.8751       56.63219       3.031275    
   181.8749       56.62782       3.058920    
   186.8749       56.62766       3.083950    
   191.8749       56.62771       3.106217    
   196.8749       56.62772       3.125765    
   201.8749       56.62771       3.142782    
   206.8749       56.62769       3.157519    
   211.8749       56.62806       3.170233    
   216.8748       56.63167       3.181153    
   221.8745       56.64086       3.190458    
   226.8739       56.65160       3.198265    
   231.8736       56.65207       3.204629    
   236.8703       56.62919       3.209596    
   241.8605       56.58356       3.213279    
   246.8531       56.54750       3.215847    
   251.8497       56.55588       3.217351    
   256.8403       56.60051       3.217816    
   261.8292       56.64991       3.217210    
   266.8226       56.68734       3.215418    
   271.8200       56.71003       3.212344    
   276.8195       56.71720       3.207917    
   281.8193       56.71275       3.202082    
   286.8188       56.70240       3.194780    
   291.8181       56.68932       3.185950    
   296.8170       56.67411       3.175535    
   301.8156       56.65614       3.163479    
   306.8141       56.63882       3.149751    
   311.8136       56.63261       3.134384    
   316.8123       56.62173       3.117497    
   321.7794       56.55063       3.099411    
   326.7076       56.42514       3.080779    
   331.6619       56.38269       3.062085    
   336.6017       56.48443       3.043975    
   341.4941       56.63803       3.027243    
   346.3997       56.78168       3.011718    
   351.3318       56.90327       2.997331    
   356.3008       56.97953       2.984028    
   361.2956       57.01069       2.971802    
   366.2939       57.02999       2.960875    
   371.2916       57.05263       2.951431    
   376.2886       57.07835       2.943527    
   381.2849       57.10709       2.937105    
   386.2799       57.14006       2.932017    
   391.2732       57.17862       2.928026    
   396.2645       57.22235       2.924803    
   401.2549       57.26841       2.921953    
   406.2462       57.31217       2.919079    
   411.2407       57.34660       2.915854    
   416.2387       57.36561       2.912111    
   421.2385       57.37129       2.907974    
   426.2385       57.37189       2.903822    
   431.2385       57.37438       2.899792    
   436.2343       57.39801       2.895095    
   441.2233       57.44698       2.888505    
   446.2118       57.49723       2.880356    
   451.2035       57.53992       2.872834    
   456.1937       57.58617       2.867093    
   461.1783       57.64410       2.862847    
   466.1624       57.70342       2.860340    
   471.1551       57.73865       2.859338    
   476.1545       57.74687       2.860463    
   481.8401       57.74725       2.865633    
   489.3643       57.74725       2.873226    
   507.4286       57.74725       2.992974    
