        1545
  -33.77417       136.6885       1.881103    
  -15.70986       136.6885       1.825218    
  -8.185690       136.6885       1.827577    
  -2.500000       136.6885       1.875775    
   2.481762       136.9860       1.827771    
   7.434425       137.6588       1.589306    
   12.38829       138.3216       1.506059    
   17.37068       138.6622       1.450199    
   22.36992       138.7449       1.497060    
   27.36889       138.8391       1.460987    
   32.36626       138.9964       1.468290    
   37.36148       139.2104       1.505723    
   42.35468       139.4673       1.596530    
   47.34677       139.7446       1.664805    
   52.33939       140.0120       1.650102    
   57.33461       140.2241       1.626472    
   62.33282       140.3456       1.557034    
   67.33237       140.3495       1.541662    
   72.33087       140.2388       1.524293    
   77.32610       140.0294       1.598830    
   82.31709       139.7351       1.598645    
   87.30524       139.3958       1.610240    
   92.29430       139.0706       1.624709    
   97.28818       138.8354       1.647046    
   102.2866       138.7312       1.658895    
   107.2863       138.6811       1.511401    
   112.2728       138.3953       1.516954    
   117.2255       137.7357       1.498703    
   122.1606       136.9430       1.578352    
   127.1186       136.3252       1.505726    
   132.1048       135.9780       1.320830    
   137.1018       135.8299       1.230293    
   142.1004       135.8761       1.209080    
   147.0855       136.2108       1.367063    
   152.0289       136.9238       1.612549    
   156.9416       137.8421       1.596901    
   161.8866       138.5306       1.624957    
   166.8759       138.7930       1.594632    
   171.8755       138.7994       1.570763    
   176.8751       138.7408       1.472264    
   181.8749       138.7118       1.394713    
   186.8749       138.7108       1.356234    
   191.8749       138.7111       1.356562    
   196.8749       138.7112       1.331717    
   201.8749       138.7111       1.365924    
   206.8749       138.7109       1.392233    
   211.8749       138.7134       1.442374    
   216.8748       138.7373       1.470177    
   221.8745       138.7983       1.443428    
   226.8739       138.8695       1.393163    
   231.8736       138.8726       1.241003    
   236.8703       138.7209       1.199121    
   241.8605       138.4185       1.227887    
   246.8531       138.1794       1.405786    
   251.8497       138.2349       1.429716    
   256.8403       138.5308       1.428184    
   261.8292       138.8582       1.421547    
   266.8226       139.1064       1.484560    
   271.8200       139.2568       1.473408    
   276.8195       139.3043       1.500743    
   281.8193       139.2749       1.477054    
   286.8188       139.2062       1.459859    
   291.8181       139.1195       1.398689    
   296.8170       139.0187       1.429760    
   301.8156       138.8996       1.382431    
   306.8141       138.7848       1.493192    
   311.8136       138.7435       1.475578    
   316.8123       138.6715       1.525184    
   321.7794       138.2001       1.468776    
   326.7076       137.3683       1.618937    
   331.6619       137.0869       1.572098    
   336.6017       137.7613       1.289568    
   341.4941       138.7795       1.282147    
   346.3997       139.7317       1.647183    
   351.3318       140.5377       1.339200    
   356.3008       141.0433       1.218702    
   361.2956       141.2499       1.075149    
   366.2939       141.3779       1.069818    
   371.2916       141.5279       1.014081    
   376.2886       141.6984       1.039052    
   381.2849       141.8889       1.091840    
   386.2799       142.1075       1.118808    
   391.2732       142.3631       1.104338    
   396.2645       142.6530       1.030754    
   401.2549       142.9583       1.029685    
   406.2462       143.2484       1.004604    
   411.2407       143.4767       1.069688    
   416.2387       143.6027       1.173374    
   421.2385       143.6403       1.267692    
   426.2385       143.6443       1.167076    
   431.2385       143.6608       1.139033    
   436.2343       143.8174       1.377751    
   441.2233       144.1421       1.332946    
   446.2118       144.4751       1.313111    
   451.2035       144.7582       1.209477    
   456.1937       145.0647       1.211177    
   461.1783       145.4488       1.394478    
   466.1624       145.8420       1.566181    
   471.1551       146.0755       1.761443    
   476.1545       146.1300       1.834081    
   481.8401       146.1326       1.870953    
   489.3643       146.1326       1.912565    
   507.4286       146.1326       1.994304    
  -33.77417       134.0858       1.882667    
  -15.70986       134.0858       1.824158    
  -8.185690       134.0858       1.815889    
  -2.500000       134.0858       1.796127    
   2.481762       134.3752       1.693736    
   7.434425       135.0294       1.499956    
   12.38829       135.6740       1.371542    
   17.37068       136.0052       1.341014    
   22.36992       136.0857       1.365970    
   27.36889       136.1774       1.417675    
   32.36626       136.3303       1.393254    
   37.36148       136.5384       1.409421    
   42.35468       136.7882       1.487713    
   47.34677       137.0579       1.521868    
   52.33939       137.3180       1.553697    
   57.33461       137.5242       1.512149    
   62.33282       137.6424       1.495532    
   67.33237       137.6462       1.430853    
   72.33087       137.5385       1.434065    
   77.32610       137.3349       1.503184    
   82.31709       137.0487       1.482759    
   87.30524       136.7188       1.469192    
   92.29430       136.4025       1.555346    
   97.28818       136.1738       1.576079    
   102.2866       136.0724       1.567314    
   107.2863       136.0237       1.411775    
   112.2728       135.7457       1.383446    
   117.2255       135.1043       1.379454    
   122.1606       134.3334       1.446064    
   127.1186       133.7326       1.466197    
   132.1048       133.3949       1.318734    
   137.1018       133.2509       1.242195    
   142.1004       133.2958       1.216387    
   147.0855       133.6214       1.287458    
   152.0289       134.3147       1.453501    
   156.9416       135.2077       1.468879    
   161.8866       135.8773       1.487943    
   166.8759       136.1325       1.439341    
   171.8755       136.1387       1.438412    
   176.8751       136.0817       1.356587    
   181.8749       136.0535       1.219176    
   186.8749       136.0525       1.179263    
   191.8749       136.0529       1.178930    
   196.8749       136.0529       1.238827    
   201.8749       136.0529       1.199487    
   206.8749       136.0527       1.286692    
   211.8749       136.0551       1.341962    
   216.8748       136.0783       1.294324    
   221.8745       136.1376       1.334702    
   226.8739       136.2069       1.144437    
   231.8736       136.2099       1.115182    
   236.8703       136.0623       1.043077    
   241.8605       135.7682       1.146585    
   246.8531       135.5358       1.254014    
   251.8497       135.5898       1.278071    
   256.8403       135.8775       1.337456    
   261.8292       136.1960       1.320577    
   266.8226       136.4373       1.272533    
   271.8200       136.5835       1.344185    
   276.8195       136.6297       1.389824    
   281.8193       136.6011       1.307300    
   286.8188       136.5343       1.348593    
   291.8181       136.4500       1.326987    
   296.8170       136.3520       1.233572    
   301.8156       136.2361       1.299299    
   306.8141       136.1245       1.379576    
   311.8136       136.0844       1.254427    
   316.8123       136.0143       1.402032    
   321.7794       135.5559       1.464823    
   326.7076       134.7469       1.610721    
   331.6619       134.4733       1.349307    
   336.6017       135.1292       1.275463    
   341.4941       136.1194       1.316837    
   346.3997       137.0454       1.370565    
   351.3318       137.8293       1.127438    
   356.3008       138.3209       1.094623    
   361.2956       138.5218      0.9113404    
   366.2939       138.6463      0.9346039    
   371.2916       138.7922      0.9129598    
   376.2886       138.9579      0.9322191    
   381.2849       139.1433      0.9268130    
   386.2799       139.3558      0.9948227    
   391.2732       139.6044      0.9310754    
   396.2645       139.8863      0.9061701    
   401.2549       140.1832      0.7928107    
   406.2462       140.4654      0.8644632    
   411.2407       140.6873      0.9536196    
   416.2387       140.8099       1.037065    
   421.2385       140.8465       1.131781    
   426.2385       140.8504       1.315983    
   431.2385       140.8664       1.278723    
   436.2343       141.0188       1.401749    
   441.2233       141.3345       1.331709    
   446.2118       141.6584       1.259575    
   451.2035       141.9337       1.184088    
   456.1937       142.2318       1.263135    
   461.1783       142.6053       1.424828    
   466.1624       142.9877       1.573512    
   471.1551       143.2148       1.703584    
   476.1545       143.2677       1.793509    
   481.8401       143.2702       1.866142    
   489.3643       143.2702       1.912936    
   507.4286       143.2702       1.994336    
  -33.77417       131.3152       1.883301    
  -15.70986       131.3152       1.821676    
  -8.185690       131.3152       1.803491    
  -2.500000       131.3152       1.761549    
   2.481762       131.5958       1.666610    
   7.434425       132.2304       1.523245    
   12.38829       132.8556       1.418505    
   17.37068       133.1768       1.388943    
   22.36992       133.2549       1.405553    
   27.36889       133.3438       1.444754    
   32.36626       133.4921       1.446956    
   37.36148       133.6940       1.478406    
   42.35468       133.9363       1.537924    
   47.34677       134.1978       1.560660    
   52.33939       134.4500       1.561218    
   57.33461       134.6501       1.541260    
   62.33282       134.7647       1.519864    
   67.33237       134.7684       1.488218    
   72.33087       134.6640       1.489085    
   77.32610       134.4664       1.549427    
   82.31709       134.1889       1.565601    
   87.30524       133.8689       1.556946    
   92.29430       133.5621       1.583012    
   97.28818       133.3403       1.564307    
   102.2866       133.2420       1.541897    
   107.2863       133.1947       1.445525    
   112.2728       132.9252       1.434997    
   117.2255       132.3031       1.445283    
   122.1606       131.5553       1.465781    
   127.1186       130.9726       1.457197    
   132.1048       130.6451       1.357803    
   137.1018       130.5054       1.297568    
   142.1004       130.5490       1.278502    
   147.0855       130.8647       1.321331    
   152.0289       131.5372       1.437282    
   156.9416       132.4034       1.481008    
   161.8866       133.0527       1.519338    
   166.8759       133.3003       1.492441    
   171.8755       133.3063       1.469850    
   176.8751       133.2510       1.411185    
   181.8749       133.2236       1.311837    
   186.8749       133.2227       1.272537    
   191.8749       133.2231       1.266199    
   196.8749       133.2231       1.289691    
   201.8749       133.2231       1.261771    
   206.8749       133.2229       1.295974    
   211.8749       133.2252       1.339108    
   216.8748       133.2477       1.313931    
   221.8745       133.3052       1.353646    
   226.8739       133.3724       1.296610    
   231.8736       133.3753       1.251202    
   236.8703       133.2322       1.218459    
   241.8605       132.9470       1.247331    
   246.8531       132.7215       1.257036    
   251.8497       132.7738       1.287998    
   256.8403       133.0529       1.345954    
   261.8292       133.3618       1.373610    
   266.8226       133.5959       1.367946    
   271.8200       133.7377       1.413529    
   276.8195       133.7825       1.425388    
   281.8193       133.7548       1.359803    
   286.8188       133.6900       1.337492    
   291.8181       133.6082       1.343646    
   296.8170       133.5132       1.281775    
   301.8156       133.4008       1.355309    
   306.8141       133.2925       1.418197    
   311.8136       133.2536       1.377930    
   316.8123       133.1856       1.476847    
   321.7794       132.7410       1.524887    
   326.7076       131.9564       1.570623    
   331.6619       131.6910       1.397405    
   336.6017       132.3271       1.376600    
   341.4941       133.2876       1.419466    
   346.3997       134.1857       1.409565    
   351.3318       134.9460       1.276266    
   356.3008       135.4228       1.242885    
   361.2956       135.6176       1.021914    
   366.2939       135.7384      0.9013997    
   371.2916       135.8799      0.8547832    
   376.2886       136.0407      0.9451402    
   381.2849       136.2204      0.9912685    
   386.2799       136.4265       1.107589    
   391.2732       136.6677       1.218095    
   396.2645       136.9411       1.249248    
   401.2549       137.2291       1.249348    
   406.2462       137.5027       1.272505    
   411.2407       137.7180       1.225565    
   416.2387       137.8369       1.259828    
   421.2385       137.8724       1.294590    
   426.2385       137.8761       1.399831    
   431.2385       137.8917       1.418319    
   436.2343       138.0394       1.483726    
   441.2233       138.3456       1.438558    
   446.2118       138.6598       1.363211    
   451.2035       138.9268       1.312294    
   456.1937       139.2159       1.367511    
   461.1783       139.5782       1.479036    
   466.1624       139.9491       1.596871    
   471.1551       140.1694       1.701588    
   476.1545       140.2207       1.789555    
   481.8401       140.2231       1.864683    
   489.3643       140.2231       1.911760    
   507.4286       140.2231       1.995562    
  -33.77417       128.3538       1.883119    
  -15.70986       128.3538       1.818727    
  -8.185690       128.3538       1.794086    
  -2.500000       128.3538       1.749597    
   2.481762       128.6251       1.680997    
   7.434425       129.2386       1.585368    
   12.38829       129.8431       1.514838    
   17.37068       130.1537       1.494875    
   22.36992       130.2291       1.506813    
   27.36889       130.3151       1.535087    
   32.36626       130.4585       1.553295    
   37.36148       130.6536       1.589152    
   42.35468       130.8879       1.635539    
   47.34677       131.1408       1.654307    
   52.33939       131.3846       1.653509    
   57.33461       131.5780       1.639662    
   62.33282       131.6889       1.621601    
   67.33237       131.6924       1.608030    
   72.33087       131.5914       1.618896    
   77.32610       131.4005       1.665043    
   82.31709       131.1322       1.687329    
   87.30524       130.8228       1.686115    
   92.29430       130.5262       1.674042    
   97.28818       130.3116       1.640175    
   102.2866       130.2167       1.604327    
   107.2863       130.1709       1.549488    
   112.2728       129.9104       1.534183    
   117.2255       129.3089       1.529750    
   122.1606       128.5859       1.517980    
   127.1186       128.0226       1.483131    
   132.1048       127.7059       1.408136    
   137.1018       127.5708       1.355843    
   142.1004       127.6130       1.350862    
   147.0855       127.9183       1.405876    
   152.0289       128.5684       1.499574    
   156.9416       129.4059       1.558475    
   161.8866       130.0337       1.606994    
   166.8759       130.2731       1.610946    
   171.8755       130.2789       1.590708    
   176.8751       130.2254       1.550742    
   181.8749       130.1989       1.487145    
   186.8749       130.1980       1.450777    
   191.8749       130.1983       1.426108    
   196.8749       130.1983       1.418153    
   201.8749       130.1983       1.395755    
   206.8749       130.1982       1.405143    
   211.8749       130.2005       1.428159    
   216.8748       130.2222       1.428552    
   221.8745       130.2778       1.463755    
   226.8739       130.3428       1.461375    
   231.8736       130.3456       1.436633    
   236.8703       130.2072       1.406396    
   241.8605       129.9314       1.395717    
   246.8531       129.7134       1.374619    
   251.8497       129.7641       1.396821    
   256.8403       130.0339       1.451964    
   261.8292       130.3325       1.495536    
   266.8226       130.5588       1.508909    
   271.8200       130.6960       1.534512    
   276.8195       130.7393       1.532164    
   281.8193       130.7124       1.484565    
   286.8188       130.6498       1.449855    
   291.8181       130.5708       1.449673    
   296.8170       130.4788       1.438260    
   301.8156       130.3701       1.495847    
   306.8141       130.2655       1.546113    
   311.8136       130.2279       1.554653    
   316.8123       130.1622       1.610299    
   321.7794       129.7323       1.631902    
   326.7076       128.9738       1.627974    
   331.6619       128.7171       1.539320    
   336.6017       129.3322       1.533816    
   341.4941       130.2607       1.560170    
   346.3997       131.1291       1.561635    
   351.3318       131.8641       1.509646    
   356.3008       132.3251       1.477783    
   361.2956       132.5135       1.445226    
   366.2939       132.6302       1.460070    
   371.2916       132.7671       1.467063    
   376.2886       132.9225       1.506845    
   381.2849       133.0963       1.489145    
   386.2799       133.2955       1.460369    
   391.2732       133.5287       1.544169    
   396.2645       133.7930       1.582664    
   401.2549       134.0715       1.604706    
   406.2462       134.3360       1.604018    
   411.2407       134.5442       1.546568    
   416.2387       134.6591       1.514814    
   421.2385       134.6935       1.512091    
   426.2385       134.6971       1.549949    
   431.2385       134.7121       1.569347    
   436.2343       134.8550       1.598448    
   441.2233       135.1510       1.568227    
   446.2118       135.4547       1.508990    
   451.2035       135.7129       1.468523    
   456.1937       135.9924       1.495302    
   461.1783       136.3427       1.565277    
   466.1624       136.7012       1.651122    
   471.1551       136.9142       1.730861    
   476.1545       136.9639       1.801172    
   481.8401       136.9662       1.864371    
   489.3643       136.9662       1.910587    
   507.4286       136.9662       1.997095    
  -33.77417       125.1739       1.883344    
  -15.70986       125.1739       1.814793    
  -8.185690       125.1739       1.787694    
  -2.500000       125.1739       1.751835    
   2.481762       125.4352       1.703270    
   7.434425       126.0261       1.648194    
   12.38829       126.6083       1.612370    
   17.37068       126.9075       1.603404    
   22.36992       126.9801       1.615946    
   27.36889       127.0629       1.639317    
   32.36626       127.2010       1.661462    
   37.36148       127.3890       1.697281    
   42.35468       127.6146       1.737312    
   47.34677       127.8582       1.757383    
   52.33939       128.0931       1.760507    
   57.33461       128.2793       1.755141    
   62.33282       128.3861       1.744672    
   67.33237       128.3895       1.740283    
   72.33087       128.2923       1.753773    
   77.32610       128.1083       1.787268    
   82.31709       127.8499       1.809671    
   87.30524       127.5519       1.807461    
   92.29430       127.2662       1.785371    
   97.28818       127.0596       1.745660    
   102.2866       126.9681       1.705064    
   107.2863       126.9241       1.662536    
   112.2728       126.6731       1.635174    
   117.2255       126.0938       1.612225    
   122.1606       125.3975       1.582751    
   127.1186       124.8549       1.541174    
   132.1048       124.5499       1.476939    
   137.1018       124.4198       1.444401    
   142.1004       124.4603       1.459188    
   147.0855       124.7544       1.508607    
   152.0289       125.3806       1.587906    
   156.9416       126.1872       1.659045    
   161.8866       126.7919       1.716941    
   166.8759       127.0225       1.743842    
   171.8755       127.0280       1.738174    
   176.8751       126.9765       1.715540    
   181.8749       126.9510       1.674724    
   186.8749       126.9501       1.643060    
   191.8749       126.9505       1.605465    
   196.8749       126.9505       1.581498    
   201.8749       126.9505       1.559299    
   206.8749       126.9503       1.558536    
   211.8749       126.9525       1.569239    
   216.8748       126.9735       1.575632    
   221.8745       127.0270       1.600648    
   226.8739       127.0896       1.613086    
   231.8736       127.0923       1.603417    
   236.8703       126.9591       1.582556    
   241.8605       126.6934       1.562066    
   246.8531       126.4834       1.538069    
   251.8497       126.5322       1.556945    
   256.8403       126.7921       1.598150    
   261.8292       127.0797       1.639798    
   266.8226       127.2977       1.657494    
   271.8200       127.4297       1.673437    
   276.8195       127.4715       1.668930    
   281.8193       127.4456       1.634602    
   286.8188       127.3853       1.605442    
   291.8181       127.3092       1.608500    
   296.8170       127.2206       1.619984    
   301.8156       127.1160       1.658908    
   306.8141       127.0152       1.698230    
   311.8136       126.9790       1.723056    
   316.8123       126.9157       1.752212    
   321.7794       126.5017       1.756157    
   326.7076       125.7710       1.740588    
   331.6619       125.5238       1.699543    
   336.6017       126.1162       1.698613    
   341.4941       127.0106       1.720602    
   346.3997       127.8469       1.727929    
   351.3318       128.5549       1.720551    
   356.3008       128.9989       1.721465    
   361.2956       129.1804       1.738751    
   366.2939       129.2928       1.848139    
   371.2916       129.4245       1.864952    
   376.2886       129.5742       1.844773    
   381.2849       129.7417       1.816949    
   386.2799       129.9336       1.785204    
   391.2732       130.1582       1.815988    
   396.2645       130.4128       1.842014    
   401.2549       130.6809       1.861741    
   406.2462       130.9357       1.852926    
   411.2407       131.1362       1.801665    
   416.2387       131.2469       1.751296    
   421.2385       131.2800       1.724129    
   426.2385       131.2835       1.720735    
   431.2385       131.2979       1.718288    
   436.2343       131.4355       1.722205    
   441.2233       131.7207       1.696468    
   446.2118       132.0132       1.650012    
   451.2035       132.2618       1.615489    
   456.1937       132.5311       1.621772    
   461.1783       132.8684       1.658839    
   466.1624       133.2138       1.713272    
   471.1551       133.4189       1.767226    
   476.1545       133.4668       1.816104    
   481.8401       133.4690       1.867690    
   489.3643       133.4690       1.909683    
   507.4286       133.4690       1.997918    
  -33.77417       121.7413       1.882151    
  -15.70986       121.7413       1.811676    
  -8.185690       121.7413       1.784051    
  -2.500000       121.7413       1.754975    
   2.481762       121.9919       1.729817    
   7.434425       122.5584       1.703180    
   12.38829       123.1165       1.690279    
   17.37068       123.4034       1.694352    
   22.36992       123.4730       1.708350    
   27.36889       123.5524       1.729338    
   32.36626       123.6848       1.754007    
   37.36148       123.8650       1.789131    
   42.35468       124.0813       1.824444    
   47.34677       124.3148       1.846745    
   52.33939       124.5400       1.858001    
   57.33461       124.7186       1.862363    
   62.33282       124.8209       1.859313    
   67.33237       124.8242       1.858036    
   72.33087       124.7309       1.867841    
   77.32610       124.5546       1.889845    
   82.31709       124.3068       1.908612    
   87.30524       124.0211       1.904403    
   92.29430       123.7473       1.882161    
   97.28818       123.5492       1.844588    
   102.2866       123.4615       1.803332    
   107.2863       123.4193       1.761220    
   112.2728       123.1786       1.724205    
   117.2255       122.6232       1.690406    
   122.1606       121.9557       1.649666    
   127.1186       121.4355       1.611971    
   132.1048       121.1431       1.568038    
   137.1018       121.0183       1.547243    
   142.1004       121.0573       1.556933    
   147.0855       121.3392       1.617597    
   152.0289       121.9395       1.698763    
   156.9416       122.7128       1.767171    
   161.8866       123.2925       1.826493    
   166.8759       123.5135       1.865900    
   171.8755       123.5189       1.876405    
   176.8751       123.4696       1.869009    
   181.8749       123.4451       1.843871    
   186.8749       123.4443       1.816733    
   191.8749       123.4446       1.777807    
   196.8749       123.4446       1.747939    
   201.8749       123.4446       1.725545    
   206.8749       123.4444       1.721838    
   211.8749       123.4465       1.726462    
   216.8748       123.4666       1.728548    
   221.8745       123.5179       1.741030    
   226.8739       123.5779       1.754590    
   231.8736       123.5806       1.754230    
   236.8703       123.4528       1.743428    
   241.8605       123.1981       1.726320    
   246.8531       122.9968       1.707847    
   251.8497       123.0435       1.719205    
   256.8403       123.2927       1.757967    
   261.8292       123.5684       1.790322    
   266.8226       123.7774       1.800811    
   271.8200       123.9041       1.810479    
   276.8195       123.9441       1.810433    
   281.8193       123.9193       1.789899    
   286.8188       123.8614       1.767636    
   291.8181       123.7885       1.771822    
   296.8170       123.7036       1.793265    
   301.8156       123.6032       1.821927    
   306.8141       123.5066       1.850645    
   311.8136       123.4719       1.869481    
   316.8123       123.4112       1.882608    
   321.7794       123.0143       1.878870    
   326.7076       122.3138       1.863932    
   331.6619       122.0768       1.849512    
   336.6017       122.6448       1.853155    
   341.4941       123.5022       1.869439    
   346.3997       124.3040       1.879506    
   351.3318       124.9827       1.895116    
   356.3008       125.4084       1.920276    
   361.2956       125.5824       1.957832    
   366.2939       125.6901       2.040151    
   371.2916       125.8165       2.070162    
   376.2886       125.9600       2.060995    
   381.2849       126.1205       2.036124    
   386.2799       126.3045       2.015906    
   391.2732       126.5198       2.021817    
   396.2645       126.7639       2.033647    
   401.2549       127.0210       2.043799    
   406.2462       127.2653       2.030368    
   411.2407       127.4575       1.988868    
   416.2387       127.5636       1.939407    
   421.2385       127.5953       1.901243    
   426.2385       127.5986       1.875178    
   431.2385       127.6125       1.853377    
   436.2343       127.7445       1.838044    
   441.2233       128.0178       1.809832    
   446.2118       128.2982       1.770759    
   451.2035       128.5366       1.735755    
   456.1937       128.7948       1.727279    
   461.1783       129.1181       1.740643    
   466.1624       129.4493       1.767457    
   471.1551       129.6459       1.799945    
   476.1545       129.6918       1.830956    
   481.8401       129.6939       1.869063    
   489.3643       129.6939       1.908949    
   507.4286       129.6939       1.999536    
  -33.77417       118.0135       1.880817    
  -15.70986       118.0135       1.808006    
  -8.185690       118.0135       1.782821    
  -2.500000       118.0135       1.761917    
   2.481762       118.2522       1.749218    
   7.434425       118.7923       1.743165    
   12.38829       119.3243       1.748830    
   17.37068       119.5977       1.762424    
   22.36992       119.6640       1.780889    
   27.36889       119.7397       1.801486    
   32.36626       119.8660       1.827040    
   37.36148       120.0378       1.861499    
   42.35468       120.2439       1.894753    
   47.34677       120.4665       1.919070    
   52.33939       120.6811       1.936894    
   57.33461       120.8514       1.948061    
   62.33282       120.9489       1.950636    
   67.33237       120.9520       1.951157    
   72.33087       120.8632       1.957742    
   77.32610       120.6951       1.972892    
   82.31709       120.4589       1.985595    
   87.30524       120.1866       1.981081    
   92.29430       119.9255       1.959320    
   97.28818       119.7367       1.925283    
   102.2866       119.6531       1.887475    
   107.2863       119.6129       1.847048    
   112.2728       119.3835       1.802730    
   117.2255       118.8540       1.761930    
   122.1606       118.2177       1.720373    
   127.1186       117.7218       1.687015    
   132.1048       117.4431       1.655367    
   137.1018       117.3242       1.647758    
   142.1004       117.3613       1.673162    
   147.0855       117.6301       1.730807    
   152.0289       118.2023       1.790976    
   156.9416       118.9394       1.862578    
   161.8866       119.4921       1.930099    
   166.8759       119.7027       1.977104    
   171.8755       119.7078       2.001055    
   176.8751       119.6608       2.005897    
   181.8749       119.6375       1.991476    
   186.8749       119.6367       1.967154    
   191.8749       119.6370       1.934820    
   196.8749       119.6370       1.905530    
   201.8749       119.6370       1.886026    
   206.8749       119.6368       1.881238    
   211.8749       119.6388       1.882185    
   216.8748       119.6580       1.878707    
   221.8745       119.7069       1.880815    
   226.8739       119.7641       1.890323    
   231.8736       119.7666       1.893391    
   236.8703       119.6448       1.889666    
   241.8605       119.4020       1.875713    
   246.8531       119.2101       1.868751    
   251.8497       119.2547       1.878200    
   256.8403       119.4922       1.910812    
   261.8292       119.7551       1.931422    
   266.8226       119.9542       1.941728    
   271.8200       120.0750       1.949432    
   276.8195       120.1131       1.949802    
   281.8193       120.0895       1.937330    
   286.8188       120.0343       1.923912    
   291.8181       119.9648       1.931131    
   296.8170       119.8839       1.952070    
   301.8156       119.7882       1.969112    
   306.8141       119.6961       1.988789    
   311.8136       119.6630       2.000587    
   316.8123       119.6051       2.005245    
   321.7794       119.2268       1.996091    
   326.7076       118.5591       1.981045    
   331.6619       118.3332       1.978224    
   336.6017       118.8746       1.986358    
   341.4941       119.6919       1.993865    
   346.3997       120.4562       2.009021    
   351.3318       121.1031       2.027766    
   356.3008       121.5089       2.060258    
   361.2956       121.6748       2.100838    
   366.2939       121.7775       2.157238    
   371.2916       121.8979       2.188859    
   376.2886       122.0348       2.189654    
   381.2849       122.1877       2.175705    
   386.2799       122.3631       2.164629    
   391.2732       122.5684       2.162661    
   396.2645       122.8010       2.166016    
   401.2549       123.0461       2.167614    
   406.2462       123.2790       2.151383    
   411.2407       123.4621       2.118350    
   416.2387       123.5633       2.074064    
   421.2385       123.5935       2.032897    
   426.2385       123.5967       1.999383    
   431.2385       123.6100       1.967823    
   436.2343       123.7357       1.938353    
   441.2233       123.9963       1.905416    
   446.2118       124.2636       1.864264    
   451.2035       124.4909       1.827457    
   456.1937       124.7369       1.809060    
   461.1783       125.0452       1.806058    
   466.1624       125.3608       1.813296    
   471.1551       125.5482       1.827155    
   476.1545       125.5920       1.844798    
   481.8401       125.5940       1.871990    
   489.3643       125.5940       1.909920    
   507.4286       125.5940       2.000129    
  -33.77417       113.9358       1.878268    
  -15.70986       113.9358       1.807279    
  -8.185690       113.9358       1.780967    
  -2.500000       113.9358       1.768470    
   2.481762       114.1617       1.767200    
   7.434425       114.6728       1.774595    
   12.38829       115.1762       1.790116    
   17.37068       115.4350       1.810496    
   22.36992       115.4978       1.833382    
   27.36889       115.5694       1.855313    
   32.36626       115.6889       1.881176    
   37.36148       115.8514       1.913112    
   42.35468       116.0465       1.944892    
   47.34677       116.2571       1.972256    
   52.33939       116.4603       1.995822    
   57.33461       116.6214       2.012995    
   62.33282       116.7137       2.019767    
   67.33237       116.7167       2.020030    
   72.33087       116.6326       2.023757    
   77.32610       116.4735       2.034038    
   82.31709       116.2499       2.040101    
   87.30524       115.9922       2.032205    
   92.29430       115.7452       2.014341    
   97.28818       115.5665       1.986103    
   102.2866       115.4874       1.953408    
   107.2863       115.4493       1.914010    
   112.2728       115.2323       1.870982    
   117.2255       114.7313       1.828997    
   122.1606       114.1291       1.792173    
   127.1186       113.6599       1.772142    
   132.1048       113.3961       1.751379    
   137.1018       113.2836       1.758944    
   142.1004       113.3186       1.782282    
   147.0855       113.5730       1.826378    
   152.0289       114.1145       1.895804    
   156.9416       114.8120       1.963566    
   161.8866       115.3350       2.019655    
   166.8759       115.5344       2.068159    
   171.8755       115.5392       2.101249    
   176.8751       115.4947       2.115019    
   181.8749       115.4726       2.110764    
   186.8749       115.4719       2.091413    
   191.8749       115.4722       2.066337    
   196.8749       115.4722       2.041677    
   201.8749       115.4722       2.027310    
   206.8749       115.4720       2.023431    
   211.8749       115.4739       2.021768    
   216.8748       115.4921       2.012756    
   221.8745       115.5383       2.008319    
   226.8739       115.5924       2.015214    
   231.8736       115.5948       2.019706    
   236.8703       115.4796       2.020486    
   241.8605       115.2498       2.007347    
   246.8531       115.0682       2.004404    
   251.8497       115.1104       2.021276    
   256.8403       115.3352       2.044944    
   261.8292       115.5839       2.059903    
   266.8226       115.7724       2.068666    
   271.8200       115.8866       2.073715    
   276.8195       115.9228       2.075557    
   281.8193       115.9004       2.070323    
   286.8188       115.8482       2.065216    
   291.8181       115.7824       2.073795    
   296.8170       115.7058       2.088478    
   301.8156       115.6153       2.098179    
   306.8141       115.5281       2.112012    
   311.8136       115.4968       2.116577    
   316.8123       115.4420       2.110266    
   321.7794       115.0840       2.095862    
   326.7076       114.4521       2.083956    
   331.6619       114.2384       2.083701    
   336.6017       114.7507       2.089164    
   341.4941       115.5241       2.096175    
   346.3997       116.2474       2.108706    
   351.3318       116.8596       2.126719    
   356.3008       117.2437       2.158177    
   361.2956       117.4006       2.193019    
   366.2939       117.4977       2.231989    
   371.2916       117.6117       2.257483    
   376.2886       117.7412       2.262938    
   381.2849       117.8860       2.258545    
   386.2799       118.0519       2.253956    
   391.2732       118.2462       2.250385    
   396.2645       118.4663       2.249034    
   401.2549       118.6983       2.244588    
   406.2462       118.9186       2.227124    
   411.2407       119.0920       2.199546    
   416.2387       119.1877       2.161316    
   421.2385       119.2163       2.120455    
   426.2385       119.2194       2.084561    
   431.2385       119.2319       2.049264    
   436.2343       119.3509       2.013236    
   441.2233       119.5975       1.974298    
   446.2118       119.8504       1.931715    
   451.2035       120.0655       1.896624    
   456.1937       120.2983       1.872266    
   461.1783       120.5900       1.856534    
   466.1624       120.8887       1.849523    
   471.1551       121.0661       1.850952    
   476.1545       121.1075       1.857049    
   481.8401       121.1095       1.876565    
   489.3643       121.1095       1.911997    
   507.4286       121.1095       2.001345    
  -33.77417       109.4377       1.876399    
  -15.70986       109.4377       1.805910    
  -8.185690       109.4377       1.784111    
  -2.500000       109.4377       1.775553    
   2.481762       109.6495       1.779004    
   7.434425       110.1285       1.793248    
   12.38829       110.6005       1.817092    
   17.37068       110.8431       1.844681    
   22.36992       110.9020       1.868572    
   27.36889       110.9691       1.891954    
   32.36626       111.0811       1.918567    
   37.36148       111.2335       1.948020    
   42.35468       111.4164       1.977555    
   47.34677       111.6138       2.005727    
   52.33939       111.8043       2.030989    
   57.33461       111.9553       2.052168    
   62.33282       112.0418       2.061639    
   67.33237       112.0446       2.061368    
   72.33087       111.9657       2.064402    
   77.32610       111.8166       2.072444    
   82.31709       111.6071       2.075078    
   87.30524       111.3655       2.064514    
   92.29430       111.1339       2.046466    
   97.28818       110.9664       2.022616    
   102.2866       110.8923       2.000400    
   107.2863       110.8566       1.970236    
   112.2728       110.6531       1.932069    
   117.2255       110.1834       1.893125    
   122.1606       109.6189       1.859163    
   127.1186       109.1790       1.845864    
   132.1048       108.9318       1.842847    
   137.1018       108.8263       1.854945    
   142.1004       108.8592       1.876315    
   147.0855       109.0976       1.924971    
   152.0289       109.6052       1.978103    
   156.9416       110.2591       2.027626    
   161.8866       110.7494       2.089875    
   166.8759       110.9363       2.144681    
   171.8755       110.9408       2.178603    
   176.8751       110.8991       2.195162    
   181.8749       110.8784       2.197369    
   186.8749       110.8776       2.182318    
   191.8749       110.8779       2.164516    
   196.8749       110.8779       2.146740    
   201.8749       110.8779       2.134938    
   206.8749       110.8778       2.132447    
   211.8749       110.8796       2.131675    
   216.8748       110.8966       2.123926    
   221.8745       110.9400       2.119458    
   226.8739       110.9907       2.123793    
   231.8736       110.9929       2.126345    
   236.8703       110.8849       2.129048    
   241.8605       110.6695       2.122106    
   246.8531       110.4993       2.117218    
   251.8497       110.5388       2.132590    
   256.8403       110.7495       2.151926    
   261.8292       110.9827       2.165684    
   266.8226       111.1594       2.168913    
   271.8200       111.2665       2.170770    
   276.8195       111.3003       2.177270    
   281.8193       111.2794       2.179584    
   286.8188       111.2305       2.177369    
   291.8181       111.1687       2.181904    
   296.8170       111.0969       2.192460    
   301.8156       111.0121       2.201482    
   306.8141       110.9304       2.208685    
   311.8136       110.9010       2.205801    
   316.8123       110.8497       2.196186    
   321.7794       110.5141       2.180310    
   326.7076       109.9218       2.165910    
   331.6619       109.7214       2.163240    
   336.6017       110.2016       2.163871    
   341.4941       110.9267       2.173241    
   346.3997       111.6047       2.182370    
   351.3318       112.1786       2.200705    
   356.3008       112.5386       2.226383    
   361.2956       112.6857       2.253344    
   366.2939       112.7768       2.279102    
   371.2916       112.8837       2.296558    
   376.2886       113.0050       2.302119    
   381.2849       113.1407       2.302513    
   386.2799       113.2963       2.300386    
   391.2732       113.4784       2.296773    
   396.2645       113.6848       2.293735    
   401.2549       113.9022       2.285042    
   406.2462       114.1088       2.267159    
   411.2407       114.2713       2.242327    
   416.2387       114.3611       2.208465    
   421.2385       114.3878       2.171100    
   426.2385       114.3907       2.134820    
   431.2385       114.4025       2.097837    
   436.2343       114.5140       2.059752    
   441.2233       114.7451       2.018251    
   446.2118       114.9823       1.980527    
   451.2035       115.1839       1.945962    
   456.1937       115.4022       1.916867    
   461.1783       115.6756       1.894879    
   466.1624       115.9556       1.878246    
   471.1551       116.1219       1.869932    
   476.1545       116.1607       1.869973    
   481.8401       116.1625       1.883668    
   489.3643       116.1625       1.917979    
   507.4286       116.1625       2.004337    
  -33.77417       104.4251       1.872820    
  -15.70986       104.4251       1.807122    
  -8.185690       104.4251       1.786817    
  -2.500000       104.4251       1.781227    
   2.481762       104.6212       1.788645    
   7.434425       105.0646       1.807857    
   12.38829       105.5015       1.834199    
   17.37068       105.7260       1.864321    
   22.36992       105.7805       1.892785    
   27.36889       105.8427       1.917563    
   32.36626       105.9463       1.941929    
   37.36148       106.0873       1.969014    
   42.35468       106.2567       1.995702    
   47.34677       106.4394       2.023572    
   52.33939       106.6157       2.049508    
   57.33461       106.7555       2.070949    
   62.33282       106.8356       2.082078    
   67.33237       106.8381       2.085425    
   72.33087       106.7651       2.088530    
   77.32610       106.6271       2.092646    
   82.31709       106.4332       2.092153    
   87.30524       106.2096       2.083333    
   92.29430       105.9952       2.069611    
   97.28818       105.8402       2.050332    
   102.2866       105.7715       2.032589    
   107.2863       105.7385       2.011727    
   112.2728       105.5501       1.984289    
   117.2255       105.1154       1.953918    
   122.1606       104.5929       1.933562    
   127.1186       104.1857       1.920420    
   132.1048       103.9569       1.926406    
   137.1018       103.8593       1.937308    
   142.1004       103.8897       1.967227    
   147.0855       104.1104       2.001263    
   152.0289       104.5803       2.041551    
   156.9416       105.1855       2.095749    
   161.8866       105.6393       2.147443    
   166.8759       105.8122       2.189727    
   171.8755       105.8165       2.227607    
   176.8751       105.7778       2.251368    
   181.8749       105.7587       2.259310    
   186.8749       105.7580       2.247698    
   191.8749       105.7582       2.236256    
   196.8749       105.7583       2.224683    
   201.8749       105.7583       2.216152    
   206.8749       105.7581       2.216139    
   211.8749       105.7598       2.218153    
   216.8748       105.7755       2.213911    
   221.8745       105.8157       2.210653    
   226.8739       105.8626       2.215223    
   231.8736       105.8647       2.218256    
   236.8703       105.7647       2.215165    
   241.8605       105.5654       2.210331    
   246.8531       105.4078       2.208378    
   251.8497       105.4444       2.219963    
   256.8403       105.6394       2.233365    
   261.8292       105.8553       2.243428    
   266.8226       106.0188       2.247583    
   271.8200       106.1179       2.251793    
   276.8195       106.1492       2.254066    
   281.8193       106.1298       2.255774    
   286.8188       106.0846       2.257932    
   291.8181       106.0275       2.262325    
   296.8170       105.9610       2.268440    
   301.8156       105.8824       2.274324    
   306.8141       105.8068       2.277040    
   311.8136       105.7796       2.270594    
   316.8123       105.7321       2.259176    
   321.7794       105.4215       2.245116    
   326.7076       104.8732       2.230395    
   331.6619       104.6877       2.226175    
   336.6017       105.1322       2.225961    
   341.4941       105.8034       2.229768    
   346.3997       106.4309       2.238469    
   351.3318       106.9622       2.253540    
   356.3008       107.2954       2.271581    
   361.2956       107.4315       2.289606    
   366.2939       107.5159       2.305334    
   371.2916       107.6148       2.316788    
   376.2886       107.7271       2.321079    
   381.2849       107.8528       2.322819    
   386.2799       107.9968       2.320650    
   391.2732       108.1653       2.315057    
   396.2645       108.3564       2.310175    
   401.2549       108.5576       2.299236    
   406.2462       108.7488       2.280316    
   411.2407       108.8992       2.257393    
   416.2387       108.9823       2.228086    
   421.2385       109.0071       2.194049    
   426.2385       109.0098       2.159666    
   431.2385       109.0207       2.125360    
   436.2343       109.1239       2.088461    
   441.2233       109.3378       2.052005    
   446.2118       109.5574       2.018151    
   451.2035       109.7439       1.984000    
   456.1937       109.9460       1.953651    
   461.1783       110.1991       1.925428    
   466.1624       110.4583       1.904253    
   471.1551       110.6122       1.890902    
   476.1545       110.6481       1.886083    
   481.8401       110.6497       1.895147    
   489.3643       110.6497       1.924873    
   507.4286       110.6497       2.006401    
  -33.77417       98.76926       1.869040    
  -15.70986       98.76926       1.808040    
  -8.185690       98.76926       1.790752    
  -2.500000       98.76926       1.786305    
   2.481762       98.94752       1.795711    
   7.434425       99.35075       1.815173    
   12.38829       99.74802       1.844364    
   17.37068       99.95215       1.874958    
   22.36992       100.0017       1.902158    
   27.36889       100.0582       1.927849    
   32.36626       100.1525       1.951086    
   37.36148       100.2807       1.976674    
   42.35468       100.4347       2.002124    
   47.34677       100.6009       2.027884    
   52.33939       100.7612       2.054317    
   57.33461       100.8883       2.075828    
   62.33282       100.9611       2.086133    
   67.33237       100.9634       2.090050    
   72.33087       100.8971       2.093216    
   77.32610       100.7716       2.097049    
   82.31709       100.5952       2.097705    
   87.30524       100.3919       2.089593    
   92.29430       100.1970       2.076472    
   97.28818       100.0560       2.060802    
   102.2866       99.99355       2.051888    
   107.2863       99.96349       2.040524    
   112.2728       99.79222       2.028406    
   117.2255       99.39693       2.007083    
   122.1606       98.92178       1.993951    
   127.1186       98.55151       1.988494    
   132.1048       98.34343       1.994236    
   137.1018       98.25465       2.008922    
   142.1004       98.28233       2.036160    
   147.0855       98.48299       2.060893    
   152.0289       98.91029       2.100324    
   156.9416       99.46066       2.138947    
   161.8866       99.87329       2.174612    
   166.8759       100.0306       2.214775    
   171.8755       100.0344       2.251884    
   176.8751       99.99930       2.272344    
   181.8749       99.98188       2.284448    
   186.8749       99.98126       2.282420    
   191.8749       99.98149       2.277637    
   196.8749       99.98150       2.270577    
   201.8749       99.98149       2.266515    
   206.8749       99.98139       2.269886    
   211.8749       99.98287       2.276014    
   216.8748       99.99718       2.276105    
   221.8745       100.0337       2.273963    
   226.8739       100.0764       2.275918    
   231.8736       100.0783       2.280207    
   236.8703       99.98734       2.276762    
   241.8605       99.80609       2.271185    
   246.8531       99.66279       2.271195    
   251.8497       99.69608       2.278509    
   256.8403       99.87341       2.289340    
   261.8292       100.0697       2.294997    
   266.8226       100.2184       2.297158    
   271.8200       100.3085       2.297670    
   276.8195       100.3370       2.296377    
   281.8193       100.3194       2.300679    
   286.8188       100.2782       2.304907    
   291.8181       100.2263       2.307919    
   296.8170       100.1659       2.310882    
   301.8156       100.0944       2.313125    
   306.8141       100.0256       2.312223    
   311.8136       100.0009       2.302873    
   316.8123       99.95772       2.288346    
   321.7794       99.67523       2.277265    
   326.7076       99.17667       2.270022    
   331.6619       99.00801       2.265384    
   336.6017       99.41222       2.264953    
   341.4941       100.0225       2.266291    
   346.3997       100.5932       2.274610    
   351.3318       101.0763       2.282702    
   356.3008       101.3793       2.293898    
   361.2956       101.5031       2.306757    
   366.2939       101.5798       2.318973    
   371.2916       101.6697       2.327060    
   376.2886       101.7719       2.328632    
   381.2849       101.8861       2.328198    
   386.2799       102.0170       2.324896    
   391.2732       102.1703       2.316839    
   396.2645       102.3440       2.306888    
   401.2549       102.5270       2.292281    
   406.2462       102.7009       2.271765    
   411.2407       102.8377       2.247675    
   416.2387       102.9132       2.221167    
   421.2385       102.9358       2.192437    
   426.2385       102.9382       2.162272    
   431.2385       102.9481       2.133079    
   436.2343       103.0419       2.101763    
   441.2233       103.2365       2.072705    
   446.2118       103.4361       2.040796    
   451.2035       103.6058       2.009272    
   456.1937       103.7895       1.979570    
   461.1783       104.0197       1.950377    
   466.1624       104.2553       1.927983    
   471.1551       104.3953       1.911563    
   476.1545       104.4279       1.903807    
   481.8401       104.4295       1.909625    
   489.3643       104.4295       1.934042    
   507.4286       104.4295       2.008082    
  -33.77417       92.28692       1.867485    
  -15.70986       92.28692       1.808653    
  -8.185690       92.28692       1.790550    
  -2.500000       92.28692       1.785161    
   2.481762       92.44483       1.793153    
   7.434425       92.80198       1.810887    
   12.38829       93.15384       1.835803    
   17.37068       93.33465       1.863438    
   22.36992       93.37855       1.891186    
   27.36889       93.42858       1.915714    
   32.36626       93.51208       1.937819    
   37.36148       93.62569       1.960115    
   42.35468       93.76205       1.982771    
   47.34677       93.90923       2.005020    
   52.33939       94.05121       2.026961    
   57.33461       94.16380       2.046592    
   62.33282       94.22831       2.057746    
   67.33237       94.23037       2.062415    
   72.33087       94.17159       2.068398    
   77.32610       94.06042       2.074006    
   82.31709       93.90422       2.074764    
   87.30524       93.72411       2.072958    
   92.29430       93.55146       2.070716    
   97.28818       93.42661       2.061684    
   102.2866       93.37131       2.055391    
   107.2863       93.34469       2.049330    
   112.2728       93.19299       2.048332    
   117.2255       92.84286       2.040645    
   122.1606       92.42202       2.030664    
   127.1186       92.09407       2.031618    
   132.1048       91.90976       2.035386    
   137.1018       91.83113       2.051998    
   142.1004       91.85565       2.073233    
   147.0855       92.03337       2.101931    
   152.0289       92.41184       2.131808    
   156.9416       92.89931       2.158586    
   161.8866       93.26480       2.190973    
   166.8759       93.40413       2.218944    
   171.8755       93.40750       2.245384    
   176.8751       93.37640       2.268497    
   181.8749       93.36098       2.282583    
   186.8749       93.36044       2.283040    
   191.8749       93.36063       2.282892    
   196.8749       93.36064       2.283229    
   201.8749       93.36063       2.284812    
   206.8749       93.36054       2.292649    
   211.8749       93.36186       2.302536    
   216.8748       93.37454       2.305409    
   221.8745       93.40688       2.305784    
   226.8739       93.44470       2.304863    
   231.8736       93.44635       2.303351    
   236.8703       93.36582       2.299608    
   241.8605       93.20527       2.294873    
   246.8531       93.07835       2.296620    
   251.8497       93.10783       2.302297    
   256.8403       93.26490       2.312422    
   261.8292       93.43874       2.318111    
   266.8226       93.57047       2.319463    
   271.8200       93.65030       2.314772    
   276.8195       93.67554       2.309384    
   281.8193       93.65989       2.308538    
   286.8188       93.62345       2.308279    
   291.8181       93.57744       2.308906    
   296.8170       93.52392       2.309693    
   301.8156       93.46066       2.309078    
   306.8141       93.39973       2.306363    
   311.8136       93.37785       2.298789    
   316.8123       93.33959       2.288223    
   321.7794       93.08938       2.278908    
   326.7076       92.64779       2.274549    
   331.6619       92.49840       2.271513    
   336.6017       92.85643       2.271147    
   341.4941       93.39696       2.271679    
   346.3997       93.90244       2.276287    
   351.3318       94.33030       2.282606    
   356.3008       94.59869       2.293490    
   361.2956       94.70834       2.305640    
   366.2939       94.77627       2.316684    
   371.2916       94.85593       2.321881    
   376.2886       94.94642       2.321340    
   381.2849       95.04758       2.319104    
   386.2799       95.16358       2.314044    
   391.2732       95.29931       2.304377    
   396.2645       95.45317       2.291230    
   401.2549       95.61526       2.273134    
   406.2462       95.76926       2.251417    
   411.2407       95.89043       2.227040    
   416.2387       95.95733       2.200783    
   421.2385       95.97731       2.174883    
   426.2385       95.97943       2.148347    
   431.2385       95.98818       2.122946    
   436.2343       96.07135       2.095656    
   441.2233       96.24365       2.069508    
   446.2118       96.42047       2.042351    
   451.2035       96.57073       2.015078    
   456.1937       96.73344       1.987202    
   461.1783       96.93733       1.962638    
   466.1624       97.14609       1.941457    
   471.1551       97.27006       1.924562    
   476.1545       97.29897       1.915789    
   481.8401       97.30029       1.920600    
   489.3643       97.30029       1.940857    
   507.4286       97.30029       2.006186    
  -33.77417       84.70639       1.864320    
  -15.70986       84.70639       1.807295    
  -8.185690       84.70639       1.788494    
  -2.500000       84.70639       1.783888    
   2.481762       84.84047       1.788143    
   7.434425       85.14374       1.800214    
   12.38829       85.44250       1.820732    
   17.37068       85.59602       1.842621    
   22.36992       85.63330       1.866285    
   27.36889       85.67580       1.887766    
   32.36626       85.74669       1.908634    
   37.36148       85.84315       1.930277    
   42.35468       85.95895       1.950209    
   47.34677       86.08392       1.971125    
   52.33939       86.20448       1.993002    
   57.33461       86.30008       2.012153    
   62.33282       86.35486       2.024353    
   67.33237       86.35661       2.029695    
   72.33087       86.30669       2.037736    
   77.32610       86.21230       2.050404    
   82.31709       86.07966       2.057872    
   87.30524       85.92673       2.058378    
   92.29430       85.78013       2.058949    
   97.28818       85.67411       2.058696    
   102.2866       85.62716       2.058789    
   107.2863       85.60456       2.058007    
   112.2728       85.47575       2.058120    
   117.2255       85.17844       2.056587    
   122.1606       84.82110       2.052298    
   127.1186       84.54264       2.054530    
   132.1048       84.38613       2.059505    
   137.1018       84.31937       2.076602    
   142.1004       84.34019       2.100689    
   147.0855       84.49109       2.133410    
   152.0289       84.81246       2.160912    
   156.9416       85.22638       2.186533    
   161.8866       85.53673       2.211195    
   166.8759       85.65503       2.230452    
   171.8755       85.65790       2.253779    
   176.8751       85.63148       2.276963    
   181.8749       85.61840       2.291023    
   186.8749       85.61794       2.299323    
   191.8749       85.61810       2.307635    
   196.8749       85.61810       2.311323    
   201.8749       85.61810       2.313307    
   206.8749       85.61802       2.323645    
   211.8749       85.61914       2.335869    
   216.8748       85.62991       2.337029    
   221.8745       85.65736       2.332195    
   226.8739       85.68948       2.327019    
   231.8736       85.69088       2.321745    
   236.8703       85.62250       2.316880    
   241.8605       85.48617       2.312829    
   246.8531       85.37840       2.314685    
   251.8497       85.40344       2.320771    
   256.8403       85.53680       2.329733    
   261.8292       85.68442       2.336645    
   266.8226       85.79627       2.339388    
   271.8200       85.86406       2.336056    
   276.8195       85.88549       2.331472    
   281.8193       85.87220       2.329504    
   286.8188       85.84126       2.329517    
   291.8181       85.80219       2.329321    
   296.8170       85.75674       2.327106    
   301.8156       85.70303       2.322203    
   306.8141       85.65130       2.313401    
   311.8136       85.63272       2.300193    
   316.8123       85.60023       2.287653    
   321.7794       85.38776       2.279615    
   326.7076       85.01280       2.276731    
   331.6619       84.88596       2.273457    
   336.6017       85.18996       2.267526    
   341.4941       85.64894       2.262005    
   346.3997       86.07815       2.260538    
   351.3318       86.44146       2.263045    
   356.3008       86.66934       2.269055    
   361.2956       86.76245       2.277745    
   366.2939       86.82014       2.287150    
   371.2916       86.88777       2.290923    
   376.2886       86.96461       2.290838    
   381.2849       87.05051       2.291396    
   386.2799       87.14902       2.288731    
   391.2732       87.26426       2.279058    
   396.2645       87.39491       2.264666    
   401.2549       87.53254       2.245084    
   406.2462       87.66331       2.220269    
   411.2407       87.76619       2.193097    
   416.2387       87.82300       2.165426    
   421.2385       87.83997       2.138808    
   426.2385       87.84176       2.113465    
   431.2385       87.84920       2.089650    
   436.2343       87.91981       2.065486    
   441.2233       88.06612       2.041726    
   446.2118       88.21626       2.016961    
   451.2035       88.34385       1.993244    
   456.1937       88.48203       1.971303    
   461.1783       88.65514       1.952301    
   466.1624       88.83239       1.936398    
   471.1551       88.93765       1.924160    
   476.1545       88.96221       1.918589    
   481.8401       88.96335       1.922033    
   489.3643       88.96335       1.938997    
   507.4286       88.96335       2.000825    
  -33.77417       75.60016       1.863238    
  -15.70986       75.60016       1.810467    
  -8.185690       75.60016       1.793707    
  -2.500000       75.60016       1.786293    
   2.481762       75.70561       1.786651    
   7.434425       75.94414       1.795208    
   12.38829       76.17914       1.809144    
   17.37068       76.29989       1.828577    
   22.36992       76.32921       1.849858    
   27.36889       76.36263       1.869898    
   32.36626       76.41840       1.887166    
   37.36148       76.49427       1.904000    
   42.35468       76.58534       1.922586    
   47.34677       76.68364       1.942123    
   52.33939       76.77846       1.964272    
   57.33461       76.85366       1.986442    
   62.33282       76.89674       2.003769    
   67.33237       76.89812       2.014984    
   72.33087       76.85886       2.022709    
   77.32610       76.78461       2.031316    
   82.31709       76.68029       2.040456    
   87.30524       76.56001       2.046109    
   92.29430       76.44469       2.048669    
   97.28818       76.36131       2.050741    
   102.2866       76.32438       2.053600    
   107.2863       76.30660       2.057258    
   112.2728       76.20528       2.062175    
   117.2255       75.97144       2.068896    
   122.1606       75.69038       2.075988    
   127.1186       75.47135       2.084831    
   132.1048       75.34826       2.095950    
   137.1018       75.29574       2.113402    
   142.1004       75.31212       2.136090    
   147.0855       75.43081       2.162662    
   152.0289       75.68358       2.186944    
   156.9416       76.00915       2.209149    
   161.8866       76.25325       2.229220    
   166.8759       76.34630       2.248991    
   171.8755       76.34855       2.270345    
   176.8751       76.32778       2.288309    
   181.8749       76.31749       2.298670    
   186.8749       76.31712       2.302179    
   191.8749       76.31725       2.300529    
   196.8749       76.31725       2.296831    
   201.8749       76.31725       2.297780    
   206.8749       76.31718       2.307747    
   211.8749       76.31807       2.321791    
   216.8748       76.32654       2.333291    
   221.8745       76.34814       2.343164    
   226.8739       76.37340       2.352793    
   231.8736       76.37450       2.360657    
   236.8703       76.32071       2.365933    
   241.8605       76.21349       2.368016    
   246.8531       76.12872       2.368244    
   251.8497       76.14841       2.367596    
   256.8403       76.25331       2.367440    
   261.8292       76.36942       2.367988    
   266.8226       76.45739       2.367834    
   271.8200       76.51070       2.364173    
   276.8195       76.52757       2.356543    
   281.8193       76.51711       2.347360    
   286.8188       76.49277       2.340490    
   291.8181       76.46204       2.337517    
   296.8170       76.42630       2.336167    
   301.8156       76.38405       2.332679    
   306.8141       76.34336       2.325249    
   311.8136       76.32875       2.315874    
   316.8123       76.30320       2.309033    
   321.7794       76.13609       2.305918    
   326.7076       75.84116       2.304094    
   331.6619       75.74139       2.299806    
   336.6017       75.98050       2.292008    
   341.4941       76.34151       2.284103    
   346.3997       76.67910       2.278570    
   351.3318       76.96486       2.275557    
   356.3008       77.14410       2.273630    
   361.2956       77.21733       2.271310    
   366.2939       77.26270       2.267171    
   371.2916       77.31591       2.259403    
   376.2886       77.37634       2.250440    
   381.2849       77.44391       2.242992    
   386.2799       77.52139       2.235605    
   391.2732       77.61202       2.226942    
   396.2645       77.71479       2.217020    
   401.2549       77.82304       2.203142    
   406.2462       77.92590       2.183409    
   411.2407       78.00681       2.159558    
   416.2387       78.05150       2.134099    
   421.2385       78.06484       2.109687    
   426.2385       78.06626       2.086125    
   431.2385       78.07211       2.062296    
   436.2343       78.12765       2.039463    
   441.2233       78.24273       2.017582    
   446.2118       78.36082       1.996050    
   451.2035       78.46117       1.973878    
   456.1937       78.56985       1.951338    
   461.1783       78.70601       1.932114    
   466.1624       78.84543       1.914996    
   471.1551       78.92822       1.902093    
   476.1545       78.94754       1.897345    
   481.8401       78.94843       1.904378    
   489.3643       78.94843       1.926391    
   507.4286       78.94843       1.993920    
  -33.77417       56.32260       1.872045    
  -15.70986       56.32260       1.842572    
  -8.185690       56.32260       1.833765    
  -2.500000       56.32260       1.829708    
   2.481762       56.36747       1.828969    
   7.434425       56.46896       1.832426    
   12.38829       56.56895       1.838541    
   17.37068       56.62033       1.848290    
   22.36992       56.63280       1.863298    
   27.36889       56.64702       1.879182    
   32.36626       56.67075       1.898030    
   37.36148       56.70303       1.917711    
   42.35468       56.74178       1.937403    
   47.34677       56.78361       1.956761    
   52.33939       56.82395       1.974281    
   57.33461       56.85595       1.992570    
   62.33282       56.87428       2.009102    
   67.33237       56.87487       2.021944    
   72.33087       56.85816       2.032318    
   77.32610       56.82657       2.039327    
   82.31709       56.78218       2.045018    
   87.30524       56.73100       2.052295    
   92.29430       56.68194       2.060095    
   97.28818       56.64646       2.068278    
   102.2866       56.63075       2.078834    
   107.2863       56.62318       2.091281    
   112.2728       56.58007       2.103398    
   117.2255       56.48058       2.115339    
   122.1606       56.36099       2.128905    
   127.1186       56.26780       2.144741    
   132.1048       56.21542       2.161878    
   137.1018       56.19307       2.179446    
   142.1004       56.20005       2.197409    
   147.0855       56.25055       2.216198    
   152.0289       56.35809       2.235772    
   156.9416       56.49662       2.255885    
   161.8866       56.60048       2.276318    
   166.8759       56.64007       2.297016    
   171.8755       56.64103       2.317971    
   176.8751       56.63219       2.339132    
   181.8749       56.62782       2.360236    
   186.8749       56.62766       2.380605    
   191.8749       56.62771       2.399380    
   196.8749       56.62772       2.415806    
   201.8749       56.62771       2.428962    
   206.8749       56.62769       2.437957    
   211.8749       56.62806       2.442904    
   216.8748       56.63167       2.445155    
   221.8745       56.64086       2.446286    
   226.8739       56.65160       2.447144    
   231.8736       56.65207       2.447951    
   236.8703       56.62919       2.448682    
   241.8605       56.58356       2.449048    
   246.8531       56.54750       2.448951    
   251.8497       56.55588       2.448697    
   256.8403       56.60051       2.448912    
   261.8292       56.64991       2.450189    
   266.8226       56.68734       2.452413    
   271.8200       56.71003       2.454555    
   276.8195       56.71720       2.455286    
   281.8193       56.71275       2.453638    
   286.8188       56.70240       2.449451    
   291.8181       56.68932       2.442891    
   296.8170       56.67411       2.434213    
   301.8156       56.65614       2.424108    
   306.8141       56.63882       2.413413    
   311.8136       56.63261       2.402763    
   316.8123       56.62173       2.392079    
   321.7794       56.55063       2.380872    
   326.7076       56.42514       2.369060    
   331.6619       56.38269       2.356772    
   336.6017       56.48443       2.344302    
   341.4941       56.63803       2.332142    
   346.3997       56.78168       2.320311    
   351.3318       56.90327       2.308954    
   356.3008       56.97953       2.297676    
   361.2956       57.01069       2.285526    
   366.2939       57.02999       2.272371    
   371.2916       57.05263       2.258900    
   376.2886       57.07835       2.245094    
   381.2849       57.10709       2.230340    
   386.2799       57.14006       2.215060    
   391.2732       57.17862       2.200121    
   396.2645       57.22235       2.185150    
   401.2549       57.26841       2.170292    
   406.2462       57.31217       2.156134    
   411.2407       57.34660       2.141757    
   416.2387       57.36561       2.127424    
   421.2385       57.37129       2.112934    
   426.2385       57.37189       2.096403    
   431.2385       57.37438       2.078037    
   436.2343       57.39801       2.057206    
   441.2233       57.44698       2.034812    
   446.2118       57.49723       2.012397    
   451.2035       57.53992       1.990112    
   456.1937       57.58617       1.970854    
   461.1783       57.64410       1.954804    
   466.1624       57.70342       1.942854    
   471.1551       57.73865       1.934772    
   476.1545       57.74687       1.929924    
   481.8401       57.74725       1.928015    
   489.3643       57.74725       1.928319    
   507.4286       57.74725       1.973534    
