        1545
  -33.77417       136.6885       2.066851    
  -15.70986       136.6885       1.702421    
  -8.185690       136.6885       1.586464    
  -2.500000       136.6885       1.771182    
   2.481762       136.9860       1.821996    
   7.434425       137.6588       1.706222    
   12.38829       138.3216       1.540290    
   17.37068       138.6622       1.237600    
   22.36992       138.7449       1.596901    
   27.36889       138.8391       1.501701    
   32.36626       138.9964       1.517446    
   37.36148       139.2104       1.518396    
   42.35468       139.4673       1.676076    
   47.34677       139.7446       1.735629    
   52.33939       140.0120       1.816483    
   57.33461       140.2241       1.916768    
   62.33282       140.3456       1.476337    
   67.33237       140.3495       1.533149    
   72.33087       140.2388       1.535063    
   77.32610       140.0294       1.715482    
   82.31709       139.7351       1.560208    
   87.30524       139.3958       1.550179    
   92.29430       139.0706       1.573129    
   97.28818       138.8354       1.334612    
   102.2866       138.7312       1.438539    
   107.2863       138.6811       1.540063    
   112.2728       138.3953       1.625962    
   117.2255       137.7357       1.662960    
   122.1606       136.9430       1.521843    
   127.1186       136.3252       1.377893    
   132.1048       135.9780       1.426162    
   137.1018       135.8299       1.400267    
   142.1004       135.8761       1.368965    
   147.0855       136.2108       1.380590    
   152.0289       136.9238       1.568615    
   156.9416       137.8421       1.667648    
   161.8866       138.5306       1.757268    
   166.8759       138.7930       1.632807    
   171.8755       138.7994       1.483822    
   176.8751       138.7408       1.389130    
   181.8749       138.7118       1.315261    
   186.8749       138.7108       1.175842    
   191.8749       138.7111       1.362323    
   196.8749       138.7112       1.441741    
   201.8749       138.7111       1.635898    
   206.8749       138.7109       1.473947    
   211.8749       138.7134       1.463126    
   216.8748       138.7373       1.551324    
   221.8745       138.7983       1.367125    
   226.8739       138.8695       1.595068    
   231.8736       138.8726       1.316132    
   236.8703       138.7209       1.366072    
   241.8605       138.4185       1.306796    
   246.8531       138.1794       1.143246    
   251.8497       138.2349       1.224086    
   256.8403       138.5308       1.532431    
   261.8292       138.8582       1.635646    
   266.8226       139.1064       1.536175    
   271.8200       139.2568       1.550385    
   276.8195       139.3043       1.530446    
   281.8193       139.2749       1.831728    
   286.8188       139.2062       1.631444    
   291.8181       139.1195       1.395753    
   296.8170       139.0187       1.333670    
   301.8156       138.8996       1.449234    
   306.8141       138.7848       1.789949    
   311.8136       138.7435       1.566411    
   316.8123       138.6715       1.269316    
   321.7794       138.2001       1.223640    
   326.7076       137.3683       1.373908    
   331.6619       137.0869       1.525880    
   336.6017       137.7613       1.333718    
   341.4941       138.7795       1.067907    
   346.3997       139.7317       1.417463    
   351.3318       140.5377       1.350355    
   356.3008       141.0433       1.782170    
   361.2956       141.2499       1.756521    
   366.2939       141.3779       1.269362    
   371.2916       141.5279       1.057333    
   376.2886       141.6984      0.9709706    
   381.2849       141.8889      0.9550108    
   386.2799       142.1075      0.8563380    
   391.2732       142.3631       1.032029    
   396.2645       142.6530       1.020193    
   401.2549       142.9583      0.7745316    
   406.2462       143.2484      0.6485006    
   411.2407       143.4767      0.6814170    
   416.2387       143.6027      0.7519342    
   421.2385       143.6403      0.6617184    
   426.2385       143.6443      0.7473062    
   431.2385       143.6608      0.7122096    
   436.2343       143.8174      0.9486027    
   441.2233       144.1421      0.8921531    
   446.2118       144.4751      0.7044342    
   451.2035       144.7582      0.6142226    
   456.1937       145.0647      0.8084504    
   461.1783       145.4488       1.231465    
   466.1624       145.8420       1.176238    
   471.1551       146.0755       1.066852    
   476.1545       146.1300       1.235434    
   481.8401       146.1326       1.812326    
   489.3643       146.1326       2.109346    
   507.4286       146.1326       2.477982    
  -33.77417       134.0858       2.072352    
  -15.70986       134.0858       1.711162    
  -8.185690       134.0858       1.568686    
  -2.500000       134.0858       1.512966    
   2.481762       134.3752       1.395070    
   7.434425       135.0294       1.160444    
   12.38829       135.6740      0.8979593    
   17.37068       136.0052       1.095744    
   22.36992       136.0857       1.069837    
   27.36889       136.1774      0.9200193    
   32.36626       136.3303      0.9653850    
   37.36148       136.5384       1.086566    
   42.35468       136.7882       1.100716    
   47.34677       137.0579       1.285890    
   52.33939       137.3180       1.246351    
   57.33461       137.5242      0.9752457    
   62.33282       137.6424       1.090714    
   67.33237       137.6462       1.173851    
   72.33087       137.5385      0.8770756    
   77.32610       137.3349       1.001942    
   82.31709       137.0487       1.070016    
   87.30524       136.7188       1.233866    
   92.29430       136.4025      0.9977719    
   97.28818       136.1738      0.9767433    
   102.2866       136.0724       1.010961    
   107.2863       136.0237      0.9139732    
   112.2728       135.7457      0.8712878    
   117.2255       135.1043      0.8723528    
   122.1606       134.3334       1.138468    
   127.1186       133.7326       1.323002    
   132.1048       133.3949       1.446310    
   137.1018       133.2509       1.427710    
   142.1004       133.2958       1.377642    
   147.0855       133.6214       1.274336    
   152.0289       134.3147       1.270211    
   156.9416       135.2077      0.9801315    
   161.8866       135.8773       1.034929    
   166.8759       136.1325      0.9683430    
   171.8755       136.1387      0.8816175    
   176.8751       136.0817      0.8653696    
   181.8749       136.0535      0.8979461    
   186.8749       136.0525      0.9950241    
   191.8749       136.0529      0.8101294    
   196.8749       136.0529      0.8565860    
   201.8749       136.0529      0.8842798    
   206.8749       136.0527      0.9699758    
   211.8749       136.0551       1.079586    
   216.8748       136.0783      0.9212663    
   221.8745       136.1376      0.8329434    
   226.8739       136.2069      0.9032268    
   231.8736       136.2099      0.6079565    
   236.8703       136.0623      0.7774750    
   241.8605       135.7682      0.6699849    
   246.8531       135.5358      0.8187949    
   251.8497       135.5898      0.8995007    
   256.8403       135.8775      0.8959860    
   261.8292       136.1960      0.8617371    
   266.8226       136.4373      0.8182504    
   271.8200       136.5835       1.050112    
   276.8195       136.6297       1.200773    
   281.8193       136.6011      0.9155622    
   286.8188       136.5343      0.8357387    
   291.8181       136.4500      0.9748442    
   296.8170       136.3520      0.9292526    
   301.8156       136.2361      0.7672104    
   306.8141       136.1245      0.7143591    
   311.8136       136.0844      0.6893380    
   316.8123       136.0143       1.123771    
   321.7794       135.5559       1.415606    
   326.7076       134.7469       1.064375    
   331.6619       134.4733       1.036356    
   336.6017       135.1292       1.091171    
   341.4941       136.1194       1.326864    
   346.3997       137.0454       1.356580    
   351.3318       137.8293      0.9869338    
   356.3008       138.3209       1.178564    
   361.2956       138.5218      0.8922221    
   366.2939       138.6463      0.9071128    
   371.2916       138.7922      0.9101452    
   376.2886       138.9579       1.354158    
   381.2849       139.1433       1.449042    
   386.2799       139.3558       1.441302    
   391.2732       139.6044       1.121597    
   396.2645       139.8863       1.262137    
   401.2549       140.1832       1.542035    
   406.2462       140.4654       1.483465    
   411.2407       140.6873       1.276371    
   416.2387       140.8099       1.255893    
   421.2385       140.8465       1.245240    
   426.2385       140.8504       1.174110    
   431.2385       140.8664       1.294721    
   436.2343       141.0188       1.380529    
   441.2233       141.3345       1.346033    
   446.2118       141.6584       1.189018    
   451.2035       141.9337       1.148181    
   456.1937       142.2318       1.193692    
   461.1783       142.6053       1.281471    
   466.1624       142.9877       1.455954    
   471.1551       143.2148       1.574530    
   476.1545       143.2677       1.601103    
   481.8401       143.2702       1.876627    
   489.3643       143.2702       2.126881    
   507.4286       143.2702       2.481009    
  -33.77417       131.3152       2.084348    
  -15.70986       131.3152       1.729985    
  -8.185690       131.3152       1.583572    
  -2.500000       131.3152       1.487316    
   2.481762       131.5958       1.387181    
   7.434425       132.2304       1.262659    
   12.38829       132.8556       1.230936    
   17.37068       133.1768       1.488475    
   22.36992       133.2549       1.460045    
   27.36889       133.3438       1.340444    
   32.36626       133.4921       1.320735    
   37.36148       133.6940       1.353589    
   42.35468       133.9363       1.345941    
   47.34677       134.1978       1.374183    
   52.33939       134.4500       1.373445    
   57.33461       134.6501       1.309517    
   62.33282       134.7647       1.377265    
   67.33237       134.7684       1.450355    
   72.33087       134.6640       1.424738    
   77.32610       134.4664       1.461998    
   82.31709       134.1889       1.578029    
   87.30524       133.8689       1.623062    
   92.29430       133.5621       1.533864    
   97.28818       133.3403       1.501925    
   102.2866       133.2420       1.500085    
   107.2863       133.1947       1.389445    
   112.2728       132.9252       1.257931    
   117.2255       132.3031       1.189050    
   122.1606       131.5553       1.328828    
   127.1186       130.9726       1.456013    
   132.1048       130.6451       1.516778    
   137.1018       130.5054       1.487492    
   142.1004       130.5490       1.430232    
   147.0855       130.8647       1.352413    
   152.0289       131.5372       1.317851    
   156.9416       132.4034       1.262197    
   161.8866       133.0527       1.333611    
   166.8759       133.3003       1.426064    
   171.8755       133.3063       1.438174    
   176.8751       133.2510       1.385969    
   181.8749       133.2236       1.297715    
   186.8749       133.2227       1.374216    
   191.8749       133.2231       1.187936    
   196.8749       133.2231       1.297550    
   201.8749       133.2231       1.088948    
   206.8749       133.2229      0.9936044    
   211.8749       133.2252       1.392337    
   216.8748       133.2477       1.003089    
   221.8745       133.3052       1.232235    
   226.8739       133.3724       1.253474    
   231.8736       133.3753       1.233223    
   236.8703       133.2322       1.348823    
   241.8605       132.9470       1.348363    
   246.8531       132.7215       1.478151    
   251.8497       132.7738       1.398004    
   256.8403       133.0529       1.406750    
   261.8292       133.3618       1.313295    
   266.8226       133.5959       1.279000    
   271.8200       133.7377       1.351397    
   276.8195       133.7825       1.311517    
   281.8193       133.7548       1.028628    
   286.8188       133.6900       1.118747    
   291.8181       133.6082       1.261631    
   296.8170       133.5132       1.357615    
   301.8156       133.4008       1.403461    
   306.8141       133.2925       1.412035    
   311.8136       133.2536       1.496907    
   316.8123       133.1856       1.466395    
   321.7794       132.7410       1.527895    
   326.7076       131.9564       1.300609    
   331.6619       131.6910       1.278604    
   336.6017       132.3271       1.419170    
   341.4941       133.2876       1.612810    
   346.3997       134.1857       1.559481    
   351.3318       134.9460       1.277802    
   356.3008       135.4228       1.317742    
   361.2956       135.6176       1.246401    
   366.2939       135.7384       1.403452    
   371.2916       135.8799       1.468970    
   376.2886       136.0407       1.710925    
   381.2849       136.2204       1.843146    
   386.2799       136.4265       1.787384    
   391.2732       136.6677       1.337393    
   396.2645       136.9411       1.586293    
   401.2549       137.2291       1.970063    
   406.2462       137.5027       2.001155    
   411.2407       137.7180       1.849063    
   416.2387       137.8369       1.778655    
   421.2385       137.8724       1.755460    
   426.2385       137.8761       1.730571    
   431.2385       137.8917       1.785096    
   436.2343       138.0394       1.809360    
   441.2233       138.3456       1.730179    
   446.2118       138.6598       1.574585    
   451.2035       138.9268       1.429227    
   456.1937       139.2159       1.303611    
   461.1783       139.5782       1.294551    
   466.1624       139.9491       1.514017    
   471.1551       140.1694       1.722822    
   476.1545       140.2207       1.800873    
   481.8401       140.2231       1.962795    
   489.3643       140.2231       2.159370    
   507.4286       140.2231       2.489779    
  -33.77417       128.3538       2.097787    
  -15.70986       128.3538       1.760961    
  -8.185690       128.3538       1.623901    
  -2.500000       128.3538       1.556793    
   2.481762       128.6251       1.534716    
   7.434425       129.2386       1.557444    
   12.38829       129.8431       1.670459    
   17.37068       130.1537       1.908726    
   22.36992       130.2291       1.935286    
   27.36889       130.3151       1.844729    
   32.36626       130.4585       1.778308    
   37.36148       130.6536       1.732118    
   42.35468       130.8879       1.681097    
   47.34677       131.1408       1.669140    
   52.33939       131.3846       1.699171    
   57.33461       131.5780       1.727357    
   62.33282       131.6889       1.786278    
   67.33237       131.6924       1.869789    
   72.33087       131.5914       1.941988    
   77.32610       131.4005       2.005332    
   82.31709       131.1322       2.092094    
   87.30524       130.8228       2.119655    
   92.29430       130.5262       2.087040    
   97.28818       130.3116       2.066332    
   102.2866       130.2167       2.044468    
   107.2863       130.1709       1.945524    
   112.2728       129.9104       1.791777    
   117.2255       129.3089       1.661261    
   122.1606       128.5859       1.639732    
   127.1186       128.0226       1.647701    
   132.1048       127.7059       1.631831    
   137.1018       127.5708       1.579959    
   142.1004       127.6130       1.528423    
   147.0855       127.9183       1.503354    
   152.0289       128.5684       1.543187    
   156.9416       129.4059       1.656202    
   161.8866       130.0337       1.808437    
   166.8759       130.2731       1.937094    
   171.8755       130.2789       1.972365    
   176.8751       130.2254       1.920779    
   181.8749       130.1989       1.838599    
   186.8749       130.1980       1.842462    
   191.8749       130.1983       1.738791    
   196.8749       130.1983       1.752476    
   201.8749       130.1983       1.520156    
   206.8749       130.1982       1.388682    
   211.8749       130.2005       1.663671    
   216.8748       130.2222       1.457206    
   221.8745       130.2778       1.655888    
   226.8739       130.3428       1.748237    
   231.8736       130.3456       1.806683    
   236.8703       130.2072       1.913632    
   241.8605       129.9314       1.938287    
   246.8531       129.7134       2.018254    
   251.8497       129.7641       1.945735    
   256.8403       130.0339       1.932878    
   261.8292       130.3325       1.853046    
   266.8226       130.5588       1.771645    
   271.8200       130.6960       1.711624    
   276.8195       130.7393       1.598385    
   281.8193       130.7124       1.477933    
   286.8188       130.6498       1.577939    
   291.8181       130.5708       1.728446    
   296.8170       130.4788       1.865790    
   301.8156       130.3701       1.995942    
   306.8141       130.2655       2.078251    
   311.8136       130.2279       2.086180    
   316.8123       130.1622       1.970625    
   321.7794       129.7323       1.890674    
   326.7076       128.9738       1.765066    
   331.6619       128.7171       1.740055    
   336.6017       129.3322       1.806590    
   341.4941       130.2607       1.887493    
   346.3997       131.1291       1.824742    
   351.3318       131.8641       1.659905    
   356.3008       132.3251       1.680138    
   361.2956       132.5135       1.722947    
   366.2939       132.6302       1.859140    
   371.2916       132.7671       1.935774    
   376.2886       132.9225       2.064680    
   381.2849       133.0963       2.152616    
   386.2799       133.2955       2.074001    
   391.2732       133.5287       1.761628    
   396.2645       133.7930       1.952567    
   401.2549       134.0715       2.282898    
   406.2462       134.3360       2.383656    
   411.2407       134.5442       2.322679    
   416.2387       134.6591       2.269025    
   421.2385       134.6935       2.243761    
   426.2385       134.6971       2.222817    
   431.2385       134.7121       2.217187    
   436.2343       134.8550       2.175410    
   441.2233       135.1510       2.055533    
   446.2118       135.4547       1.883721    
   451.2035       135.7129       1.700425    
   456.1937       135.9924       1.541074    
   461.1783       136.3427       1.501161    
   466.1624       136.7012       1.653156    
   471.1551       136.9142       1.832849    
   476.1545       136.9639       1.930022    
   481.8401       136.9662       2.053035    
   489.3643       136.9662       2.203582    
   507.4286       136.9662       2.505740    
  -33.77417       125.1739       2.114520    
  -15.70986       125.1739       1.801121    
  -8.185690       125.1739       1.687658    
  -2.500000       125.1739       1.659330    
   2.481762       125.4352       1.692806    
   7.434425       126.0261       1.796453    
   12.38829       126.6083       1.969337    
   17.37068       126.9075       2.185066    
   22.36992       126.9801       2.258546    
   27.36889       127.0629       2.213120    
   32.36626       127.2010       2.137556    
   37.36148       127.3890       2.057928    
   42.35468       127.6146       1.985505    
   47.34677       127.8582       1.955865    
   52.33939       128.0931       1.982671    
   57.33461       128.2793       2.033846    
   62.33282       128.3861       2.102167    
   67.33237       128.3895       2.195394    
   72.33087       128.2923       2.294959    
   77.32610       128.1083       2.379170    
   82.31709       127.8499       2.451656    
   87.30524       127.5519       2.480503    
   92.29430       127.2662       2.471010    
   97.28818       127.0596       2.452018    
   102.2866       126.9681       2.413464    
   107.2863       126.9241       2.313892    
   112.2728       126.6731       2.160749    
   117.2255       126.0938       2.007492    
   122.1606       125.3975       1.901781    
   127.1186       124.8549       1.825135    
   132.1048       124.5499       1.756657    
   137.1018       124.4198       1.691322    
   142.1004       124.4603       1.653592    
   147.0855       124.7544       1.672525    
   152.0289       125.3806       1.772054    
   156.9416       126.1872       1.949129    
   161.8866       126.7919       2.148239    
   166.8759       127.0225       2.303815    
   171.8755       127.0280       2.364868    
   176.8751       126.9765       2.342067    
   181.8749       126.9510       2.291614    
   186.8749       126.9501       2.268861    
   191.8749       126.9505       2.194724    
   196.8749       126.9505       2.128012    
   201.8749       126.9505       1.927239    
   206.8749       126.9503       1.811936    
   211.8749       126.9525       1.930808    
   216.8748       126.9735       1.865551    
   221.8745       127.0270       1.991554    
   226.8739       127.0896       2.110571    
   231.8736       127.0923       2.203804    
   236.8703       126.9591       2.293214    
   241.8605       126.6934       2.333508    
   246.8531       126.4834       2.374604    
   251.8497       126.5322       2.335223    
   256.8403       126.7921       2.301128    
   261.8292       127.0797       2.223863    
   266.8226       127.2977       2.123499    
   271.8200       127.4297       2.019616    
   276.8195       127.4715       1.924927    
   281.8193       127.4456       1.905531    
   286.8188       127.3853       2.003338    
   291.8181       127.3092       2.149848    
   296.8170       127.2206       2.301344    
   301.8156       127.1160       2.443945    
   306.8141       127.0152       2.529406    
   311.8136       126.9790       2.515777    
   316.8123       126.9157       2.399082    
   321.7794       126.5017       2.276234    
   326.7076       125.7710       2.168813    
   331.6619       125.5238       2.130200    
   336.6017       126.1162       2.136889    
   341.4941       127.0106       2.137361    
   346.3997       127.8469       2.058206    
   351.3318       128.5549       1.959278    
   356.3008       128.9989       1.977357    
   361.2956       129.1804       2.041872    
   366.2939       129.2928       2.145232    
   371.2916       129.4245       2.221480    
   376.2886       129.5742       2.304805    
   381.2849       129.7417       2.357109    
   386.2799       129.9336       2.295807    
   391.2732       130.1582       2.140209    
   396.2645       130.4128       2.273905    
   401.2549       130.6809       2.526049    
   406.2462       130.9357       2.661361    
   411.2407       131.1362       2.674138    
   416.2387       131.2469       2.654688    
   421.2385       131.2800       2.634732    
   426.2385       131.2835       2.606343    
   431.2385       131.2979       2.562771    
   436.2343       131.4355       2.478028    
   441.2233       131.7207       2.335316    
   446.2118       132.0132       2.156403    
   451.2035       132.2618       1.975001    
   456.1937       132.5311       1.827349    
   461.1783       132.8684       1.770802    
   466.1624       133.2138       1.843604    
   471.1551       133.4189       1.959013    
   476.1545       133.4668       2.036089    
   481.8401       133.4690       2.136053    
   489.3643       133.4690       2.253961    
   507.4286       133.4690       2.528139    
  -33.77417       121.7413       2.136219    
  -15.70986       121.7413       1.851299    
  -8.185690       121.7413       1.767343    
  -2.500000       121.7413       1.760858    
   2.481762       121.9919       1.821901    
   7.434425       122.5584       1.953535    
   12.38829       123.1165       2.137994    
   17.37068       123.4034       2.334454    
   22.36992       123.4730       2.438217    
   27.36889       123.5524       2.439162    
   32.36626       123.6848       2.384511    
   37.36148       123.8650       2.308943    
   42.35468       124.0813       2.239178    
   47.34677       124.3148       2.204782    
   52.33939       124.5400       2.217494    
   57.33461       124.7186       2.262125    
   62.33282       124.8209       2.329569    
   67.33237       124.8242       2.420636    
   72.33087       124.7309       2.520867    
   77.32610       124.5546       2.607935    
   82.31709       124.3068       2.671811    
   87.30524       124.0211       2.699564    
   92.29430       123.7473       2.695662    
   97.28818       123.5492       2.670517    
   102.2866       123.4615       2.616270    
   107.2863       123.4193       2.513326    
   112.2728       123.1786       2.366841    
   117.2255       122.6232       2.210418    
   122.1606       121.9557       2.074018    
   127.1186       121.4355       1.959826    
   132.1048       121.1431       1.868786    
   137.1018       121.0183       1.804417    
   142.1004       121.0573       1.785376    
   147.0855       121.3392       1.834576    
   152.0289       121.9395       1.963883    
   156.9416       122.7128       2.160242    
   161.8866       123.2925       2.378435    
   166.8759       123.5135       2.556022    
   171.8755       123.5189       2.648750    
   176.8751       123.4696       2.664687    
   181.8749       123.4451       2.645235    
   186.8749       123.4443       2.617694    
   191.8749       123.4446       2.550804    
   196.8749       123.4446       2.451567    
   201.8749       123.4446       2.287002    
   206.8749       123.4444       2.181322    
   211.8749       123.4465       2.202285    
   216.8748       123.4666       2.189559    
   221.8745       123.5179       2.270015    
   226.8739       123.5779       2.376006    
   231.8736       123.5806       2.470605    
   236.8703       123.4528       2.545958    
   241.8605       123.1981       2.587326    
   246.8531       122.9968       2.609495    
   251.8497       123.0435       2.586754    
   256.8403       123.2927       2.546520    
   261.8292       123.5684       2.475670    
   266.8226       123.7774       2.384465    
   271.8200       123.9041       2.295911    
   276.8195       123.9441       2.242785    
   281.8193       123.9193       2.263771    
   286.8188       123.8614       2.360659    
   291.8181       123.7885       2.498585    
   296.8170       123.7036       2.645696    
   301.8156       123.6032       2.776635    
   306.8141       123.5066       2.849152    
   311.8136       123.4719       2.831286    
   316.8123       123.4112       2.728559    
   321.7794       123.0143       2.601536    
   326.7076       122.3138       2.493374    
   331.6619       122.0768       2.432733    
   336.6017       122.6448       2.392346    
   341.4941       123.5022       2.338517    
   346.3997       124.3040       2.249647    
   351.3318       124.9827       2.178471    
   356.3008       125.4084       2.185773    
   361.2956       125.5824       2.239667    
   366.2939       125.6901       2.317158    
   371.2916       125.8165       2.386313    
   376.2886       125.9600       2.449916    
   381.2849       126.1205       2.488013    
   386.2799       126.3045       2.463879    
   391.2732       126.5198       2.417296    
   396.2645       126.7639       2.524926    
   401.2549       127.0210       2.716084    
   406.2462       127.2653       2.858186    
   411.2407       127.4575       2.917945    
   416.2387       127.5636       2.930926    
   421.2385       127.5953       2.920658    
   426.2385       127.5986       2.886375    
   431.2385       127.6125       2.821610    
   436.2343       127.7445       2.716256    
   441.2233       128.0178       2.567352    
   446.2118       128.2982       2.393616    
   451.2035       128.5366       2.226256    
   456.1937       128.7948       2.094560    
   461.1783       129.1181       2.026891    
   466.1624       129.4493       2.041459    
   471.1551       129.6459       2.096944    
   476.1545       129.6918       2.140339    
   481.8401       129.6939       2.214034    
   489.3643       129.6939       2.306592    
   507.4286       129.6939       2.552095    
  -33.77417       118.0135       2.165478    
  -15.70986       118.0135       1.908870    
  -8.185690       118.0135       1.843761    
  -2.500000       118.0135       1.849236    
   2.481762       118.2522       1.920508    
   7.434425       118.7923       2.048516    
   12.38829       119.3243       2.217018    
   17.37068       119.5977       2.390520    
   22.36992       119.6640       2.506250    
   27.36889       119.7397       2.543929    
   32.36626       119.8660       2.524056    
   37.36148       120.0378       2.474887    
   42.35468       120.2439       2.423443    
   47.34677       120.4665       2.393859    
   52.33939       120.6811       2.397012    
   57.33461       120.8514       2.429379    
   62.33282       120.9489       2.486338    
   67.33237       120.9520       2.564080    
   72.33087       120.8632       2.649505    
   77.32610       120.6951       2.723953    
   82.31709       120.4589       2.774555    
   87.30524       120.1866       2.794006    
   92.29430       119.9255       2.784567    
   97.28818       119.7367       2.749569    
   102.2866       119.6531       2.684669    
   107.2863       119.6129       2.582464    
   112.2728       119.3835       2.447540    
   117.2255       118.8540       2.301218    
   122.1606       118.2177       2.165561    
   127.1186       117.7218       2.048755    
   132.1048       117.4431       1.960250    
   137.1018       117.3242       1.909585    
   142.1004       117.3613       1.911143    
   147.0855       117.6301       1.979538    
   152.0289       118.2023       2.119279    
   156.9416       118.9394       2.316727    
   161.8866       119.4921       2.537220    
   166.8759       119.7027       2.727982    
   171.8755       119.7078       2.849922    
   176.8751       119.6608       2.902899    
   181.8749       119.6375       2.910875    
   186.8749       119.6367       2.889034    
   191.8749       119.6370       2.827029    
   196.8749       119.6370       2.725292    
   201.8749       119.6370       2.590216    
   206.8749       119.6368       2.490413    
   211.8749       119.6388       2.461650    
   216.8748       119.6580       2.453640    
   221.8745       119.7069       2.501660    
   226.8739       119.7641       2.579673    
   231.8736       119.7666       2.657030    
   236.8703       119.6448       2.716866    
   241.8605       119.4020       2.751518    
   246.8531       119.2101       2.764510    
   251.8497       119.2547       2.748899    
   256.8403       119.4922       2.713199    
   261.8292       119.7551       2.657118    
   266.8226       119.9542       2.590156    
   271.8200       120.0750       2.533671    
   276.8195       120.1131       2.515671    
   281.8193       120.0895       2.555977    
   286.8188       120.0343       2.649594    
   291.8181       119.9648       2.774343    
   296.8170       119.8839       2.905107    
   301.8156       119.7882       3.015556    
   306.8141       119.6961       3.072334    
   311.8136       119.6630       3.053012    
   316.8123       119.6051       2.964546    
   321.7794       119.2268       2.847009    
   326.7076       118.5591       2.738293    
   331.6619       118.3332       2.657475    
   336.6017       118.8746       2.583829    
   341.4941       119.6919       2.499647    
   346.3997       120.4562       2.407141    
   351.3318       121.1031       2.344124    
   356.3008       121.5089       2.337095    
   361.2956       121.6748       2.370640    
   366.2939       121.7775       2.425295    
   371.2916       121.8979       2.482637    
   376.2886       122.0348       2.535664    
   381.2849       122.1877       2.573561    
   386.2799       122.3631       2.585594    
   391.2732       122.5684       2.603476    
   396.2645       122.8010       2.702060    
   401.2549       123.0461       2.852709    
   406.2462       123.2790       2.986291    
   411.2407       123.4621       3.068803    
   416.2387       123.5633       3.104930    
   421.2385       123.5935       3.104841    
   426.2385       123.5967       3.069798    
   431.2385       123.6100       2.997700    
   436.2343       123.7357       2.888714    
   441.2233       123.9963       2.746747    
   446.2118       124.2636       2.586866    
   451.2035       124.4909       2.436683    
   456.1937       124.7369       2.318964    
   461.1783       125.0452       2.244804    
   466.1624       125.3608       2.220768    
   471.1551       125.5482       2.231339    
   476.1545       125.5920       2.246623    
   481.8401       125.5940       2.291553    
   489.3643       125.5940       2.363542    
   507.4286       125.5940       2.579043    
  -33.77417       113.9358       2.198264    
  -15.70986       113.9358       1.970821    
  -8.185690       113.9358       1.915240    
  -2.500000       113.9358       1.928289    
   2.481762       114.1617       1.994919    
   7.434425       114.6728       2.103245    
   12.38829       115.1762       2.243334    
   17.37068       115.4350       2.388387    
   22.36992       115.4978       2.500012    
   27.36889       115.5694       2.559347    
   32.36626       115.6889       2.571825    
   37.36148       115.8514       2.554533    
   42.35468       116.0465       2.528033    
   47.34677       116.2571       2.510552    
   52.33939       116.4603       2.511786    
   57.33461       116.6214       2.534155    
   62.33282       116.7137       2.576742    
   67.33237       116.7167       2.634689    
   72.33087       116.6326       2.696655    
   77.32610       116.4735       2.748942    
   82.31709       116.2499       2.780754    
   87.30524       115.9922       2.786573    
   92.29430       115.7452       2.766899    
   97.28818       115.5665       2.723478    
   102.2866       115.4874       2.655243    
   107.2863       115.4493       2.560469    
   112.2728       115.2323       2.442868    
   117.2255       114.7313       2.316806    
   122.1606       114.1291       2.199950    
   127.1186       113.6599       2.101556    
   132.1048       113.3961       2.031911    
   137.1018       113.2836       2.002553    
   142.1004       113.3186       2.024206    
   147.0855       113.5730       2.104581    
   152.0289       114.1145       2.245142    
   156.9416       114.8120       2.434782    
   161.8866       115.3350       2.647272    
   166.8759       115.5344       2.841200    
   171.8755       115.5392       2.983466    
   176.8751       115.4947       3.066152    
   181.8749       115.4726       3.098328    
   186.8749       115.4719       3.088369    
   191.8749       115.4722       3.036063    
   196.8749       115.4722       2.946463    
   201.8749       115.4722       2.835872    
   206.8749       115.4720       2.743547    
   211.8749       115.4739       2.692672    
   216.8748       115.4921       2.673256    
   221.8745       115.5383       2.693801    
   226.8739       115.5924       2.741170    
   231.8736       115.5948       2.794048    
   236.8703       115.4796       2.836141    
   241.8605       115.2498       2.860896    
   246.8531       115.0682       2.868505    
   251.8497       115.1104       2.857360    
   256.8403       115.3352       2.831293    
   261.8292       115.5839       2.794162    
   266.8226       115.7724       2.754670    
   271.8200       115.8866       2.728903    
   276.8195       115.9228       2.735541    
   281.8193       115.9004       2.784416    
   286.8188       115.8482       2.870442    
   291.8181       115.7824       2.977532    
   296.8170       115.7058       3.085258    
   301.8156       115.6153       3.171174    
   306.8141       115.5281       3.210761    
   311.8136       115.4968       3.189312    
   316.8123       115.4420       3.113499    
   321.7794       115.0840       3.009570    
   326.7076       114.4521       2.904504    
   331.6619       114.2384       2.811908    
   336.6017       114.7507       2.720425    
   341.4941       115.5241       2.624659    
   346.3997       116.2474       2.534319    
   351.3318       116.8596       2.473493    
   356.3008       117.2437       2.453654    
   361.2956       117.4006       2.466872    
   366.2939       117.4977       2.500717    
   371.2916       117.6117       2.543864    
   376.2886       117.7412       2.588796    
   381.2849       117.8860       2.630166    
   386.2799       118.0519       2.666993    
   391.2732       118.2462       2.717619    
   396.2645       118.4663       2.811047    
   401.2549       118.6983       2.934722    
   406.2462       118.9186       3.053817    
   411.2407       119.0920       3.141633    
   416.2387       119.1877       3.189607    
   421.2385       119.2163       3.197583    
   426.2385       119.2194       3.166108    
   431.2385       119.2319       3.096894    
   436.2343       119.3509       2.995608    
   441.2233       119.5975       2.869228    
   446.2118       119.8504       2.729584    
   451.2035       120.0655       2.598716    
   456.1937       120.2983       2.493266    
   461.1783       120.5900       2.416422    
   466.1624       120.8887       2.369053    
   471.1551       121.0661       2.349239    
   476.1545       121.1075       2.345932    
   481.8401       121.1095       2.368620    
   489.3643       121.1095       2.423808    
   507.4286       121.1095       2.607504    
  -33.77417       109.4377       2.231798    
  -15.70986       109.4377       2.033875    
  -8.185690       109.4377       1.987154    
  -2.500000       109.4377       1.999481    
   2.481762       109.6495       2.049980    
   7.434425       110.1285       2.134341    
   12.38829       110.6005       2.244858    
   17.37068       110.8431       2.359665    
   22.36992       110.9020       2.455957    
   27.36889       110.9691       2.520760    
   32.36626       111.0811       2.553213    
   37.36148       111.2335       2.561441    
   42.35468       111.4164       2.558038    
   47.34677       111.6138       2.554827    
   52.33939       111.8043       2.558977    
   57.33461       111.9553       2.574797    
   62.33282       112.0418       2.603371    
   67.33237       112.0446       2.640594    
   72.33087       111.9657       2.677673    
   77.32610       111.8166       2.705704    
   82.31709       111.6071       2.717630    
   87.30524       111.3655       2.709404    
   92.29430       111.1339       2.680741    
   97.28818       110.9664       2.633363    
   102.2866       110.8923       2.568320    
   107.2863       110.8566       2.486336    
   112.2728       110.6531       2.390607    
   117.2255       110.1834       2.291276    
   122.1606       109.6189       2.201958    
   127.1186       109.1790       2.131018    
   132.1048       108.9318       2.087272    
   137.1018       108.8263       2.081376    
   142.1004       108.8592       2.121141    
   147.0855       109.0976       2.209682    
   152.0289       109.6052       2.346905    
   156.9416       110.2591       2.524355    
   161.8866       110.7494       2.722357    
   166.8759       110.9363       2.910460    
   171.8755       110.9408       3.062079    
   176.8751       110.8991       3.164376    
   181.8749       110.8784       3.216446    
   186.8749       110.8776       3.221832    
   191.8749       110.8779       3.184686    
   196.8749       110.8779       3.113960    
   201.8749       110.8779       3.025769    
   206.8749       110.8778       2.944196    
   211.8749       110.8796       2.886115    
   216.8748       110.8966       2.854241    
   221.8745       110.9400       2.851614    
   226.8739       110.9907       2.871253    
   231.8736       110.9929       2.899592    
   236.8703       110.8849       2.923821    
   241.8605       110.6695       2.938111    
   246.8531       110.4993       2.941607    
   251.8497       110.5388       2.934021    
   256.8403       110.7495       2.918002    
   261.8292       110.9827       2.898402    
   266.8226       111.1594       2.882166    
   271.8200       111.2665       2.879419    
   276.8195       111.3003       2.900602    
   281.8193       111.2794       2.950094    
   286.8188       111.2305       3.023537    
   291.8181       111.1687       3.108995    
   296.8170       111.0969       3.190438    
   301.8156       111.0121       3.250596    
   306.8141       110.9304       3.272929    
   311.8136       110.9010       3.249085    
   316.8123       110.8497       3.184263    
   321.7794       110.5141       3.094482    
   326.7076       109.9218       2.997315    
   331.6619       109.7214       2.903100    
   336.6017       110.2016       2.808466    
   341.4941       110.9267       2.714998    
   346.3997       111.6047       2.631835    
   351.3318       112.1786       2.573114    
   356.3008       112.5386       2.544218    
   361.2956       112.6857       2.541378    
   366.2939       112.7768       2.557877    
   371.2916       112.8837       2.587062    
   376.2886       113.0050       2.623818    
   381.2849       113.1407       2.665999    
   386.2799       113.2963       2.714547    
   391.2732       113.4784       2.777411    
   396.2645       113.6848       2.864079    
   401.2549       113.9022       2.967533    
   406.2462       114.1088       3.069676    
   411.2407       114.2713       3.151470    
   416.2387       114.3611       3.200941    
   421.2385       114.3878       3.212860    
   426.2385       114.3907       3.186672    
   431.2385       114.4025       3.126389    
   436.2343       114.5140       3.039533    
   441.2233       114.7451       2.933777    
   446.2118       114.9823       2.818253    
   451.2035       115.1839       2.707337    
   456.1937       115.4022       2.612543    
   461.1783       115.6756       2.537648    
   466.1624       115.9556       2.481874    
   471.1551       116.1219       2.445004    
   476.1545       116.1607       2.428952    
   481.8401       116.1625       2.439724    
   489.3643       116.1625       2.482650    
   507.4286       116.1625       2.636386    
  -33.77417       104.4251       2.266035    
  -15.70986       104.4251       2.095131    
  -8.185690       104.4251       2.056007    
  -2.500000       104.4251       2.059035    
   2.481762       104.6212       2.092645    
   7.434425       105.0646       2.155217    
   12.38829       105.5015       2.237911    
   17.37068       105.7260       2.324213    
   22.36992       105.7805       2.400336    
   27.36889       105.8427       2.458884    
   32.36626       105.9463       2.498123    
   37.36148       106.0873       2.520889    
   42.35468       106.2567       2.533292    
   47.34677       106.4394       2.541422    
   52.33939       106.6157       2.549523    
   57.33461       106.7555       2.561415    
   62.33282       106.8356       2.578706    
   67.33237       106.8381       2.598652    
   72.33087       106.7651       2.615309    
   77.32610       106.6271       2.623357    
   82.31709       106.4332       2.619143    
   87.30524       106.2096       2.600411    
   92.29430       105.9952       2.566997    
   97.28818       105.8402       2.520548    
   102.2866       105.7715       2.463008    
   107.2863       105.7385       2.396395    
   112.2728       105.5501       2.324127    
   117.2255       105.1154       2.253452    
   122.1606       104.5929       2.193876    
   127.1186       104.1857       2.152028    
   132.1048       103.9569       2.134805    
   137.1018       103.8593       2.150455    
   142.1004       103.8897       2.204576    
   147.0855       104.1104       2.298145    
   152.0289       104.5803       2.429602    
   156.9416       105.1855       2.592303    
   161.8866       105.6393       2.771969    
   166.8759       105.8122       2.947477    
   171.8755       105.8165       3.098218    
   176.8751       105.7778       3.209814    
   181.8749       105.7587       3.276157    
   186.8749       105.7580       3.297566    
   191.8749       105.7582       3.278809    
   196.8749       105.7583       3.229244    
   201.8749       105.7583       3.162265    
   206.8749       105.7581       3.094023    
   211.8749       105.7598       3.037174    
   216.8748       105.7755       2.997597    
   221.8745       105.8157       2.978157    
   226.8739       105.8626       2.976050    
   231.8736       105.8647       2.983721    
   236.8703       105.7647       2.992257    
   241.8605       105.5654       2.996988    
   246.8531       105.4078       2.996733    
   251.8497       105.4444       2.991352    
   256.8403       105.6394       2.982762    
   261.8292       105.8553       2.975384    
   266.8226       106.0188       2.974082    
   271.8200       106.1179       2.984426    
   276.8195       106.1492       3.011193    
   281.8193       106.1298       3.055280    
   286.8188       106.0846       3.112619    
   291.8181       106.0275       3.174435    
   296.8170       105.9610       3.229026    
   301.8156       105.8824       3.264638    
   306.8141       105.8068       3.271643    
   311.8136       105.7796       3.246092    
   316.8123       105.7321       3.191226    
   321.7794       105.4215       3.115649    
   326.7076       104.8732       3.030094    
   331.6619       104.6877       2.942879    
   336.6017       105.1322       2.855599    
   341.4941       105.8034       2.772484    
   346.3997       106.4309       2.699497    
   351.3318       106.9622       2.644315    
   356.3008       107.2954       2.610404    
   361.2956       107.4315       2.596937    
   366.2939       107.5159       2.600797    
   371.2916       107.6148       2.618264    
   376.2886       107.7271       2.646489    
   381.2849       107.8528       2.685056    
   386.2799       107.9968       2.734769    
   391.2732       108.1653       2.797644    
   396.2645       108.3564       2.874841    
   401.2549       108.5576       2.960999    
   406.2462       108.7488       3.045049    
   411.2407       108.8992       3.114002    
   416.2387       108.9823       3.157319    
   421.2385       109.0071       3.168968    
   426.2385       109.0098       3.148349    
   431.2385       109.0207       3.100227    
   436.2343       109.1239       3.031598    
   441.2233       109.3378       2.948710    
   446.2118       109.5574       2.857477    
   451.2035       109.7439       2.765704    
   456.1937       109.9460       2.682285    
   461.1783       110.1991       2.613374    
   466.1624       110.4583       2.558613    
   471.1551       110.6122       2.517805    
   476.1545       110.6481       2.495888    
   481.8401       110.6497       2.498448    
   489.3643       110.6497       2.533226    
   507.4286       110.6497       2.666606    
  -33.77417       98.76926       2.306424    
  -15.70986       98.76926       2.153998    
  -8.185690       98.76926       2.118226    
  -2.500000       98.76926       2.114191    
   2.481762       98.94752       2.135064    
   7.434425       99.35075       2.177391    
   12.38829       99.74802       2.232840    
   17.37068       99.95215       2.292976    
   22.36992       100.0017       2.350050    
   27.36889       100.0582       2.398277    
   32.36626       100.1525       2.435439    
   37.36148       100.2807       2.462343    
   42.35468       100.4347       2.481616    
   47.34677       100.6009       2.495595    
   52.33939       100.7612       2.506105    
   57.33461       100.8883       2.515443    
   62.33282       100.9611       2.524816    
   67.33237       100.9634       2.532632    
   72.33087       100.8971       2.535507    
   77.32610       100.7716       2.530639    
   82.31709       100.5952       2.516667    
   87.30524       100.3919       2.492980    
   92.29430       100.1970       2.459950    
   97.28818       100.0560       2.418950    
   102.2866       99.99355       2.371992    
   107.2863       99.96349       2.321830    
   112.2728       99.79222       2.272221    
   117.2255       99.39693       2.228383    
   122.1606       98.92178       2.196492    
   127.1186       98.55151       2.181423    
   132.1048       98.34343       2.187814    
   137.1018       98.25465       2.220799    
   142.1004       98.28233       2.283903    
   147.0855       98.48299       2.377530    
   152.0289       98.91029       2.499605    
   156.9416       99.46066       2.644919    
   161.8866       99.87329       2.803854    
   166.8759       100.0306       2.962004    
   171.8755       100.0344       3.103594    
   176.8751       99.99930       3.215542    
   181.8749       99.98188       3.290159    
   186.8749       99.98126       3.325670    
   191.8749       99.98149       3.325304    
   196.8749       99.98150       3.296507    
   201.8749       99.98149       3.249551    
   206.8749       99.98139       3.196022    
   211.8749       99.98287       3.145658    
   216.8748       99.99718       3.104568    
   221.8745       100.0337       3.075936    
   226.8739       100.0764       3.059404    
   231.8736       100.0783       3.051602    
   236.8703       99.98734       3.047439    
   241.8605       99.80609       3.043760    
   246.8531       99.66279       3.039554    
   251.8497       99.69608       3.034462    
   256.8403       99.87341       3.029631    
   261.8292       100.0697       3.028014    
   266.8226       100.2184       3.032704    
   271.8200       100.3085       3.046555    
   276.8195       100.3370       3.071298    
   281.8193       100.3194       3.105916    
   286.8188       100.2782       3.146173    
   291.8181       100.2263       3.185374    
   296.8170       100.1659       3.215696    
   301.8156       100.0944       3.230370    
   306.8141       100.0256       3.225297    
   311.8136       100.0009       3.199365    
   316.8123       99.95772       3.153993    
   321.7794       99.67523       3.092751    
   326.7076       99.17667       3.021672    
   331.6619       99.00801       2.947019    
   336.6017       99.41222       2.872284    
   341.4941       100.0225       2.802296    
   346.3997       100.5932       2.740299    
   351.3318       101.0763       2.690392    
   356.3008       101.3793       2.655569    
   361.2956       101.5031       2.636631    
   366.2939       101.5798       2.632495    
   371.2916       101.6697       2.641403    
   376.2886       101.7719       2.662031    
   381.2849       101.8861       2.694105    
   386.2799       102.0170       2.737649    
   391.2732       102.1703       2.792122    
   396.2645       102.3440       2.855613    
   401.2549       102.5270       2.923526    
   406.2462       102.7009       2.988386    
   411.2407       102.8377       3.041455    
   416.2387       102.9132       3.074992    
   421.2385       102.9358       3.084293    
   426.2385       102.9382       3.069247    
   431.2385       102.9481       3.034006    
   436.2343       103.0419       2.983743    
   441.2233       103.2365       2.922457    
   446.2118       103.4361       2.853858    
   451.2035       103.6058       2.782849    
   456.1937       103.7895       2.715263    
   461.1783       104.0197       2.655406    
   466.1624       104.2553       2.606111    
   471.1551       104.3953       2.570045    
   476.1545       104.4279       2.548800    
   481.8401       104.4295       2.547784    
   489.3643       104.4295       2.576261    
   507.4286       104.4295       2.694011    
  -33.77417       92.28692       2.350885    
  -15.70986       92.28692       2.214185    
  -8.185690       92.28692       2.178357    
  -2.500000       92.28692       2.171970    
   2.481762       92.44483       2.184182    
   7.434425       92.80198       2.209270    
   12.38829       93.15384       2.243339    
   17.37068       93.33465       2.282222    
   22.36992       93.37855       2.322786    
   27.36889       93.42858       2.360391    
   32.36626       93.51208       2.390825    
   37.36148       93.62569       2.413966    
   42.35468       93.76205       2.431991    
   47.34677       93.90923       2.446222    
   52.33939       94.05121       2.456908    
   57.33461       94.16380       2.464317    
   62.33282       94.22831       2.468636    
   67.33237       94.23037       2.469089    
   72.33087       94.17159       2.464288    
   77.32610       94.06042       2.453302    
   82.31709       93.90422       2.436095    
   87.30524       93.72411       2.412993    
   92.29430       93.55146       2.384744    
   97.28818       93.42661       2.352670    
   102.2866       93.37131       2.318748    
   107.2863       93.34469       2.285627    
   112.2728       93.19299       2.256449    
   117.2255       92.84286       2.234835    
   122.1606       92.42202       2.224916    
   127.1186       92.09407       2.230333    
   132.1048       91.90976       2.253946    
   137.1018       91.83113       2.298259    
   142.1004       91.85565       2.364982    
   147.0855       92.03337       2.454207    
   152.0289       92.41184       2.563928    
   156.9416       92.89931       2.690173    
   161.8866       93.26480       2.826778    
   166.8759       93.40413       2.963966    
   171.8755       93.40750       3.090124    
   176.8751       93.37640       3.195005    
   181.8749       93.36098       3.271664    
   186.8749       93.36044       3.317287    
   191.8749       93.36063       3.332978    
   196.8749       93.36064       3.323379    
   201.8749       93.36063       3.295558    
   206.8749       93.36054       3.257735    
   211.8749       93.36186       3.217395    
   216.8748       93.37454       3.179971    
   221.8745       93.40688       3.148701    
   226.8739       93.44470       3.124564    
   231.8736       93.44635       3.106719    
   236.8703       93.36582       3.093037    
   241.8605       93.20527       3.081919    
   246.8531       93.07835       3.072920    
   251.8497       93.10783       3.065847    
   256.8403       93.26490       3.061324    
   261.8292       93.43874       3.060655    
   266.8226       93.57047       3.065243    
   271.8200       93.65030       3.076168    
   276.8195       93.67554       3.093632    
   281.8193       93.65989       3.115994    
   286.8188       93.62345       3.139485    
   291.8181       93.57744       3.159436    
   296.8170       93.52392       3.171375    
   301.8156       93.46066       3.171928    
   306.8141       93.39973       3.159692    
   311.8136       93.37785       3.134632    
   316.8123       93.33959       3.097229    
   321.7794       93.08938       3.048776    
   326.7076       92.64779       2.992641    
   331.6619       92.49840       2.932787    
   336.6017       92.85643       2.872514    
   341.4941       93.39696       2.816262    
   346.3997       93.90244       2.765834    
   351.3318       94.33030       2.723563    
   356.3008       94.59869       2.691650    
   361.2956       94.70834       2.671239    
   366.2939       94.77627       2.662675    
   371.2916       94.85593       2.665662    
   376.2886       94.94642       2.679668    
   381.2849       95.04758       2.703844    
   386.2799       95.16358       2.737078    
   391.2732       95.29931       2.777865    
   396.2645       95.45317       2.823956    
   401.2549       95.61526       2.871875    
   406.2462       95.76926       2.916690    
   411.2407       95.89043       2.952629    
   416.2387       95.95733       2.974626    
   421.2385       95.97731       2.980114    
   426.2385       95.97943       2.969749    
   431.2385       95.98818       2.945995    
   436.2343       96.07135       2.911112    
   441.2233       96.24365       2.867702    
   446.2118       96.42047       2.819674    
   451.2035       96.57073       2.770184    
   456.1937       96.73344       2.720880    
   461.1783       96.93733       2.675015    
   466.1624       97.14609       2.636791    
   471.1551       97.27006       2.607854    
   476.1545       97.29897       2.591336    
   481.8401       97.30029       2.592136    
   489.3643       97.30029       2.615919    
   507.4286       97.30029       2.721652    
  -33.77417       84.70639       2.398719    
  -15.70986       84.70639       2.279104    
  -8.185690       84.70639       2.245449    
  -2.500000       84.70639       2.234605    
   2.481762       84.84047       2.240576    
   7.434425       85.14374       2.256270    
   12.38829       85.44250       2.278214    
   17.37068       85.59602       2.304352    
   22.36992       85.63330       2.332166    
   27.36889       85.67580       2.359994    
   32.36626       85.74669       2.384421    
   37.36148       85.84315       2.403003    
   42.35468       85.95895       2.416999    
   47.34677       86.08392       2.428400    
   52.33939       86.20448       2.437389    
   57.33461       86.30008       2.442866    
   62.33282       86.35486       2.443934    
   67.33237       86.35661       2.440397    
   72.33087       86.30669       2.432341    
   77.32610       86.21230       2.419976    
   82.31709       86.07966       2.403840    
   87.30524       85.92673       2.384683    
   92.29430       85.78013       2.363481    
   97.28818       85.67411       2.341573    
   102.2866       85.62716       2.320717    
   107.2863       85.60456       2.302899    
   112.2728       85.47575       2.290167    
   117.2255       85.17844       2.284822    
   122.1606       84.82110       2.289632    
   127.1186       84.54264       2.307295    
   132.1048       84.38613       2.339788    
   137.1018       84.31937       2.388395    
   142.1004       84.34019       2.453718    
   147.0855       84.49109       2.535250    
   152.0289       84.81246       2.630833    
   156.9416       85.22638       2.737322    
   161.8866       85.53673       2.850769    
   166.8759       85.65503       2.964829    
   171.8755       85.65790       3.071780    
   176.8751       85.63148       3.164631    
   181.8749       85.61840       3.238034    
   186.8749       85.61794       3.288933    
   191.8749       85.61810       3.316833    
   196.8749       85.61810       3.323786    
   201.8749       85.61810       3.313822    
   206.8749       85.61802       3.292120    
   211.8749       85.61914       3.263929    
   216.8748       85.62991       3.233637    
   221.8745       85.65736       3.204380    
   226.8739       85.68948       3.177947    
   231.8736       85.69088       3.154983    
   236.8703       85.62250       3.135285    
   241.8605       85.48617       3.118628    
   246.8531       85.37840       3.105208    
   251.8497       85.40344       3.095222    
   256.8403       85.53680       3.089025    
   261.8292       85.68442       3.086819    
   266.8226       85.79627       3.088570    
   271.8200       85.86406       3.093997    
   276.8195       85.88549       3.102390    
   281.8193       85.87220       3.112271    
   286.8188       85.84126       3.121343    
   291.8181       85.80219       3.127134    
   296.8170       85.75674       3.127469    
   301.8156       85.70303       3.120621    
   306.8141       85.65130       3.105659    
   311.8136       85.63272       3.082446    
   316.8123       85.60023       3.051353    
   321.7794       85.38776       3.013323    
   326.7076       85.01280       2.970539    
   331.6619       84.88596       2.925115    
   336.6017       85.18996       2.879156    
   341.4941       85.64894       2.835849    
   346.3997       86.07815       2.796143    
   351.3318       86.44146       2.761489    
   356.3008       86.66934       2.733440    
   361.2956       86.76245       2.713119    
   366.2939       86.82014       2.701461    
   371.2916       86.88777       2.698684    
   376.2886       86.96461       2.704412    
   381.2849       87.05051       2.717787    
   386.2799       87.14902       2.737631    
   391.2732       87.26426       2.762597    
   396.2645       87.39491       2.791007    
   401.2549       87.53254       2.820396    
   406.2462       87.66331       2.847327    
   411.2407       87.76619       2.868004    
   416.2387       87.82300       2.879780    
   421.2385       87.83997       2.882257    
   426.2385       87.84176       2.876170    
   431.2385       87.84920       2.861466    
   436.2343       87.91981       2.838374    
   441.2233       88.06612       2.809807    
   446.2118       88.21626       2.778796    
   451.2035       88.34385       2.745626    
   456.1937       88.48203       2.711931    
   461.1783       88.65514       2.681087    
   466.1624       88.83239       2.654036    
   471.1551       88.93765       2.633379    
   476.1545       88.96221       2.623158    
   481.8401       88.96335       2.627147    
   489.3643       88.96335       2.651923    
   507.4286       88.96335       2.747691    
  -33.77417       75.60016       2.449150    
  -15.70986       75.60016       2.355208    
  -8.185690       75.60016       2.325775    
  -2.500000       75.60016       2.315171    
   2.481762       75.70561       2.317225    
   7.434425       75.94414       2.330029    
   12.38829       76.17914       2.347887    
   17.37068       76.29989       2.367621    
   22.36992       76.32921       2.388771    
   27.36889       76.36263       2.410656    
   32.36626       76.41840       2.432642    
   37.36148       76.49427       2.451476    
   42.35468       76.58534       2.464763    
   47.34677       76.68364       2.474019    
   52.33939       76.77846       2.481136    
   57.33461       76.85366       2.485724    
   62.33282       76.89674       2.486330    
   67.33237       76.89812       2.482372    
   72.33087       76.85886       2.474416    
   77.32610       76.78461       2.463368    
   82.31709       76.68029       2.450122    
   87.30524       76.56001       2.435695    
   92.29430       76.44469       2.421224    
   97.28818       76.36131       2.407858    
   102.2866       76.32438       2.396841    
   107.2863       76.30660       2.389528    
   112.2728       76.20528       2.387286    
   117.2255       75.97144       2.391546    
   122.1606       75.69038       2.404011    
   127.1186       75.47135       2.426444    
   132.1048       75.34826       2.460208    
   137.1018       75.29574       2.506122    
   142.1004       75.31212       2.564330    
   147.0855       75.43081       2.633966    
   152.0289       75.68358       2.712906    
   156.9416       76.00915       2.798669    
   161.8866       76.25325       2.888741    
   166.8759       76.34630       2.979227    
   171.8755       76.34855       3.065495    
   176.8751       76.32778       3.143347    
   181.8749       76.31749       3.209139    
   186.8749       76.31712       3.260181    
   191.8749       76.31725       3.295184    
   196.8749       76.31725       3.314409    
   201.8749       76.31725       3.319473    
   206.8749       76.31718       3.312960    
   211.8749       76.31807       3.297942    
   216.8748       76.32654       3.277484    
   221.8745       76.34814       3.254257    
   226.8739       76.37340       3.230335    
   231.8736       76.37450       3.207213    
   236.8703       76.32071       3.185951    
   241.8605       76.21349       3.167434    
   246.8531       76.12872       3.152377    
   251.8497       76.14841       3.141070    
   256.8403       76.25331       3.133533    
   261.8292       76.36942       3.129389    
   266.8226       76.45739       3.127904    
   271.8200       76.51070       3.128181    
   276.8195       76.52757       3.129228    
   281.8193       76.51711       3.130002    
   286.8188       76.49277       3.129405    
   291.8181       76.46204       3.126348    
   296.8170       76.42630       3.119854    
   301.8156       76.38405       3.109076    
   306.8141       76.34336       3.093436    
   311.8136       76.32875       3.072780    
   316.8123       76.30320       3.047305    
   321.7794       76.13609       3.017593    
   326.7076       75.84116       2.984890    
   331.6619       75.74139       2.950036    
   336.6017       75.98050       2.914115    
   341.4941       76.34151       2.879418    
   346.3997       76.67910       2.846444    
   351.3318       76.96486       2.816118    
   356.3008       77.14410       2.789508    
   361.2956       77.21733       2.767522    
   366.2939       77.26270       2.751080    
   371.2916       77.31591       2.740624    
   376.2886       77.37634       2.736139    
   381.2849       77.44391       2.737332    
   386.2799       77.52139       2.743696    
   391.2732       77.61202       2.754450    
   396.2645       77.71479       2.768391    
   401.2549       77.82304       2.783625    
   406.2462       77.92590       2.797656    
   411.2407       78.00681       2.808306    
   416.2387       78.05150       2.814769    
   421.2385       78.06484       2.817042    
   426.2385       78.06626       2.814099    
   431.2385       78.07211       2.804552    
   436.2343       78.12765       2.789617    
   441.2233       78.24273       2.771784    
   446.2118       78.36082       2.751103    
   451.2035       78.46117       2.728239    
   456.1937       78.56985       2.705710    
   461.1783       78.70601       2.684113    
   466.1624       78.84543       2.665541    
   471.1551       78.92822       2.652725    
   476.1545       78.94754       2.647862    
   481.8401       78.94843       2.656595    
   489.3643       78.94843       2.681384    
   507.4286       78.94843       2.765551    
  -33.77417       56.32260       2.544035    
  -15.70986       56.32260       2.506210    
  -8.185690       56.32260       2.498544    
  -2.500000       56.32260       2.498552    
   2.481762       56.36747       2.507160    
   7.434425       56.46896       2.521875    
   12.38829       56.56895       2.543679    
   17.37068       56.62033       2.566275    
   22.36992       56.63280       2.587971    
   27.36889       56.64702       2.610473    
   32.36626       56.67075       2.634275    
   37.36148       56.70303       2.659185    
   42.35468       56.74178       2.680750    
   47.34677       56.78361       2.695867    
   52.33939       56.82395       2.707055    
   57.33461       56.85595       2.717077    
   62.33282       56.87428       2.725316    
   67.33237       56.87487       2.729780    
   72.33087       56.85816       2.729826    
   77.32610       56.82657       2.726365    
   82.31709       56.78218       2.720608    
   87.30524       56.73100       2.713571    
   92.29430       56.68194       2.706239    
   97.28818       56.64646       2.699494    
   102.2866       56.63075       2.694078    
   107.2863       56.62318       2.690807    
   112.2728       56.58007       2.690618    
   117.2255       56.48058       2.694519    
   122.1606       56.36099       2.703537    
   127.1186       56.26780       2.718657    
   132.1048       56.21542       2.740635    
   137.1018       56.19307       2.769986    
   142.1004       56.20005       2.806912    
   147.0855       56.25055       2.851052    
   152.0289       56.35809       2.901293    
   156.9416       56.49662       2.956349    
   161.8866       56.60048       3.015183    
   166.8759       56.64007       3.076019    
   171.8755       56.64103       3.136406    
   176.8751       56.63219       3.193985    
   181.8749       56.62782       3.246501    
   186.8749       56.62766       3.291959    
   191.8749       56.62771       3.328940    
   196.8749       56.62772       3.356747    
   201.8749       56.62771       3.375437    
   206.8749       56.62769       3.385704    
   211.8749       56.62806       3.388711    
   216.8748       56.63167       3.385917    
   221.8745       56.64086       3.378874    
   226.8739       56.65160       3.369047    
   231.8736       56.65207       3.357733    
   236.8703       56.62919       3.346071    
   241.8605       56.58356       3.335047    
   246.8531       56.54750       3.325410    
   251.8497       56.55588       3.317567    
   256.8403       56.60051       3.311630    
   261.8292       56.64991       3.307376    
   266.8226       56.68734       3.304316    
   271.8200       56.71003       3.301808    
   276.8195       56.71720       3.299170    
   281.8193       56.71275       3.295769    
   286.8188       56.70240       3.290993    
   291.8181       56.68932       3.284277    
   296.8170       56.67411       3.275106    
   301.8156       56.65614       3.262989    
   306.8141       56.63882       3.247564    
   311.8136       56.63261       3.228584    
   316.8123       56.62173       3.205917    
   321.7794       56.55063       3.179698    
   326.7076       56.42514       3.150337    
   331.6619       56.38269       3.118050    
   336.6017       56.48443       3.083762    
   341.4941       56.63803       3.048872    
   346.3997       56.78168       3.013506    
   351.3318       56.90327       2.978257    
   356.3008       56.97953       2.943881    
   361.2956       57.01069       2.911343    
   366.2939       57.02999       2.881849    
   371.2916       57.05263       2.856361    
   376.2886       57.07835       2.835583    
   381.2849       57.10709       2.819954    
   386.2799       57.14006       2.809639    
   391.2732       57.17862       2.804288    
   396.2645       57.22235       2.802824    
   401.2549       57.26841       2.803592    
   406.2462       57.31217       2.805249    
   411.2407       57.34660       2.807691    
   416.2387       57.36561       2.811062    
   421.2385       57.37129       2.813405    
   426.2385       57.37189       2.811815    
   431.2385       57.37438       2.806901    
   436.2343       57.39801       2.801206    
   441.2233       57.44698       2.793679    
   446.2118       57.49723       2.783595    
   451.2035       57.53992       2.773086    
   456.1937       57.58617       2.761568    
   461.1783       57.64410       2.749907    
   466.1624       57.70342       2.740231    
   471.1551       57.73865       2.733244    
   476.1545       57.74687       2.731691    
   481.8401       57.74725       2.734707    
   489.3643       57.74725       2.741336    
   507.4286       57.74725       2.883428    
