        1545
  -33.77417       136.6885       2.041413    
  -15.70986       136.6885       1.707419    
  -8.185690       136.6885       1.583431    
  -2.500000       136.6885       1.722553    
   2.481762       136.9860       1.875821    
   7.434425       137.6588       1.792522    
   12.38829       138.3216       1.549522    
   17.37068       138.6622       1.221243    
   22.36992       138.7449       1.640689    
   27.36889       138.8391       1.533540    
   32.36626       138.9964       1.535955    
   37.36148       139.2104       1.540821    
   42.35468       139.4673       1.705550    
   47.34677       139.7446       1.782344    
   52.33939       140.0120       1.803981    
   57.33461       140.2241       1.849954    
   62.33282       140.3456       1.482191    
   67.33237       140.3495       1.606554    
   72.33087       140.2388       1.564500    
   77.32610       140.0294       1.700431    
   82.31709       139.7351       1.543956    
   87.30524       139.3958       1.501523    
   92.29430       139.0706       1.503246    
   97.28818       138.8354       1.280285    
   102.2866       138.7312       1.377440    
   107.2863       138.6811       1.534816    
   112.2728       138.3953       1.598463    
   117.2255       137.7357       1.681043    
   122.1606       136.9430       1.567042    
   127.1186       136.3252       1.399782    
   132.1048       135.9780       1.467015    
   137.1018       135.8299       1.418875    
   142.1004       135.8761       1.374680    
   147.0855       136.2108       1.447950    
   152.0289       136.9238       1.574820    
   156.9416       137.8421       1.644570    
   161.8866       138.5306       1.789103    
   166.8759       138.7930       1.653647    
   171.8755       138.7994       1.478619    
   176.8751       138.7408       1.377840    
   181.8749       138.7118       1.308229    
   186.8749       138.7108       1.113863    
   191.8749       138.7111       1.363695    
   196.8749       138.7112       1.435392    
   201.8749       138.7111       1.633143    
   206.8749       138.7109       1.500890    
   211.8749       138.7134       1.490283    
   216.8748       138.7373       1.529027    
   221.8745       138.7983       1.362207    
   226.8739       138.8695       1.631543    
   231.8736       138.8726       1.360453    
   236.8703       138.7209       1.363475    
   241.8605       138.4185       1.291673    
   246.8531       138.1794       1.074386    
   251.8497       138.2349       1.123701    
   256.8403       138.5308       1.506318    
   261.8292       138.8582       1.656132    
   266.8226       139.1064       1.587071    
   271.8200       139.2568       1.541211    
   276.8195       139.3043       1.570873    
   281.8193       139.2749       1.875229    
   286.8188       139.2062       1.619520    
   291.8181       139.1195       1.403031    
   296.8170       139.0187       1.359725    
   301.8156       138.8996       1.488396    
   306.8141       138.7848       1.776602    
   311.8136       138.7435       1.535865    
   316.8123       138.6715       1.287694    
   321.7794       138.2001       1.233825    
   326.7076       137.3683       1.398633    
   331.6619       137.0869       1.527006    
   336.6017       137.7613       1.298334    
   341.4941       138.7795      0.9806823    
   346.3997       139.7317       1.406156    
   351.3318       140.5377       1.304320    
   356.3008       141.0433       1.722242    
   361.2956       141.2499       1.725239    
   366.2939       141.3779       1.187934    
   371.2916       141.5279      0.9737858    
   376.2886       141.6984      0.9239640    
   381.2849       141.8889      0.9502845    
   386.2799       142.1075      0.8398160    
   391.2732       142.3631       1.035264    
   396.2645       142.6530      0.9915567    
   401.2549       142.9583      0.7515007    
   406.2462       143.2484      0.6331654    
   411.2407       143.4767      0.6752524    
   416.2387       143.6027      0.7386996    
   421.2385       143.6403      0.6485175    
   426.2385       143.6443      0.7265055    
   431.2385       143.6608      0.6757332    
   436.2343       143.8174      0.9030502    
   441.2233       144.1421      0.8485296    
   446.2118       144.4751      0.6794793    
   451.2035       144.7582      0.6142619    
   456.1937       145.0647      0.8836816    
   461.1783       145.4488       1.375476    
   466.1624       145.8420       1.194556    
   471.1551       146.0755       1.100222    
   476.1545       146.1300       1.307169    
   481.8401       146.1326       1.821466    
   489.3643       146.1326       2.094861    
   507.4286       146.1326       2.438104    
  -33.77417       134.0858       2.045365    
  -15.70986       134.0858       1.714449    
  -8.185690       134.0858       1.567529    
  -2.500000       134.0858       1.470212    
   2.481762       134.3752       1.423930    
   7.434425       135.0294       1.171077    
   12.38829       135.6740       1.006576    
   17.37068       136.0052       1.196402    
   22.36992       136.0857       1.096218    
   27.36889       136.1774      0.9670814    
   32.36626       136.3303       1.012735    
   37.36148       136.5384       1.116226    
   42.35468       136.7882       1.149626    
   47.34677       137.0579       1.288732    
   52.33939       137.3180       1.282324    
   57.33461       137.5242       1.021688    
   62.33282       137.6424       1.155335    
   67.33237       137.6462       1.150527    
   72.33087       137.5385      0.8753652    
   77.32610       137.3349      0.9980779    
   82.31709       137.0487       1.038934    
   87.30524       136.7188       1.247679    
   92.29430       136.4025       1.023825    
   97.28818       136.1738      0.9889107    
   102.2866       136.0724       1.070221    
   107.2863       136.0237      0.8779646    
   112.2728       135.7457      0.9040488    
   117.2255       135.1043      0.8299320    
   122.1606       134.3334       1.115199    
   127.1186       133.7326       1.344574    
   132.1048       133.3949       1.475917    
   137.1018       133.2509       1.432786    
   142.1004       133.2958       1.365171    
   147.0855       133.6214       1.288830    
   152.0289       134.3147       1.296374    
   156.9416       135.2077       1.024785    
   161.8866       135.8773       1.028179    
   166.8759       136.1325      0.9784003    
   171.8755       136.1387      0.9022914    
   176.8751       136.0817      0.9023715    
   181.8749       136.0535      0.8866110    
   186.8749       136.0525       1.080839    
   191.8749       136.0529      0.7697540    
   196.8749       136.0529      0.8467578    
   201.8749       136.0529      0.8894565    
   206.8749       136.0527       1.025310    
   211.8749       136.0551       1.090085    
   216.8748       136.0783      0.9880790    
   221.8745       136.1376      0.8430237    
   226.8739       136.2069      0.9011119    
   231.8736       136.2099      0.5802367    
   236.8703       136.0623      0.8116544    
   241.8605       135.7682      0.6745014    
   246.8531       135.5358      0.8630503    
   251.8497       135.5898      0.9857599    
   256.8403       135.8775      0.8861409    
   261.8292       136.1960      0.8745213    
   266.8226       136.4373      0.7854507    
   271.8200       136.5835       1.130656    
   276.8195       136.6297       1.217472    
   281.8193       136.6011      0.9510496    
   286.8188       136.5343      0.8844670    
   291.8181       136.4500      0.9787977    
   296.8170       136.3520      0.9276196    
   301.8156       136.2361      0.7451052    
   306.8141       136.1245      0.7260153    
   311.8136       136.0844      0.7310332    
   316.8123       136.0143       1.094488    
   321.7794       135.5559       1.463051    
   326.7076       134.7469       1.034611    
   331.6619       134.4733       1.029693    
   336.6017       135.1292       1.097014    
   341.4941       136.1194       1.361599    
   346.3997       137.0454       1.383508    
   351.3318       137.8293      0.9931604    
   356.3008       138.3209       1.178743    
   361.2956       138.5218      0.8498843    
   366.2939       138.6463      0.9210611    
   371.2916       138.7922      0.9509656    
   376.2886       138.9579       1.535649    
   381.2849       139.1433       1.344181    
   386.2799       139.3558       1.545821    
   391.2732       139.6044       1.048415    
   396.2645       139.8863       1.301885    
   401.2549       140.1832       1.635575    
   406.2462       140.4654       1.572934    
   411.2407       140.6873       1.245394    
   416.2387       140.8099       1.286255    
   421.2385       140.8465       1.248516    
   426.2385       140.8504       1.172101    
   431.2385       140.8664       1.391691    
   436.2343       141.0188       1.462922    
   441.2233       141.3345       1.416308    
   446.2118       141.6584       1.227155    
   451.2035       141.9337       1.170044    
   456.1937       142.2318       1.114035    
   461.1783       142.6053       1.133991    
   466.1624       142.9877       1.511071    
   471.1551       143.2148       1.665596    
   476.1545       143.2677       1.670446    
   481.8401       143.2702       1.885564    
   489.3643       143.2702       2.111775    
   507.4286       143.2702       2.443710    
  -33.77417       131.3152       2.052268    
  -15.70986       131.3152       1.729074    
  -8.185690       131.3152       1.581093    
  -2.500000       131.3152       1.449068    
   2.481762       131.5958       1.368364    
   7.434425       132.2304       1.228116    
   12.38829       132.8556       1.242476    
   17.37068       133.1768       1.518842    
   22.36992       133.2549       1.420318    
   27.36889       133.3438       1.283870    
   32.36626       133.4921       1.299244    
   37.36148       133.6940       1.356403    
   42.35468       133.9363       1.342960    
   47.34677       134.1978       1.363897    
   52.33939       134.4500       1.439749    
   57.33461       134.6501       1.359989    
   62.33282       134.7647       1.347504    
   67.33237       134.7684       1.395564    
   72.33087       134.6640       1.466542    
   77.32610       134.4664       1.551197    
   82.31709       134.1889       1.644422    
   87.30524       133.8689       1.682798    
   92.29430       133.5621       1.558911    
   97.28818       133.3403       1.488617    
   102.2866       133.2420       1.539070    
   107.2863       133.1947       1.375076    
   112.2728       132.9252       1.350682    
   117.2255       132.3031       1.230734    
   122.1606       131.5553       1.300237    
   127.1186       130.9726       1.448600    
   132.1048       130.6451       1.528901    
   137.1018       130.5054       1.485511    
   142.1004       130.5490       1.408565    
   147.0855       130.8647       1.330690    
   152.0289       131.5372       1.334975    
   156.9416       132.4034       1.303577    
   161.8866       133.0527       1.379649    
   166.8759       133.3003       1.424316    
   171.8755       133.3063       1.423025    
   176.8751       133.2510       1.392315    
   181.8749       133.2236       1.170921    
   186.8749       133.2227       1.477243    
   191.8749       133.2231       1.085328    
   196.8749       133.2231       1.400859    
   201.8749       133.2231       1.121009    
   206.8749       133.2229      0.8945152    
   211.8749       133.2252       1.417970    
   216.8748       133.2477       1.009488    
   221.8745       133.3052       1.304725    
   226.8739       133.3724       1.285414    
   231.8736       133.3753       1.234742    
   236.8703       133.2322       1.355011    
   241.8605       132.9470       1.363109    
   246.8531       132.7215       1.448278    
   251.8497       132.7738       1.523423    
   256.8403       133.0529       1.404482    
   261.8292       133.3618       1.353131    
   266.8226       133.5959       1.225146    
   271.8200       133.7377       1.407374    
   276.8195       133.7825       1.280501    
   281.8193       133.7548      0.9824522    
   286.8188       133.6900       1.131483    
   291.8181       133.6082       1.272141    
   296.8170       133.5132       1.364870    
   301.8156       133.4008       1.453690    
   306.8141       133.2925       1.452166    
   311.8136       133.2536       1.518248    
   316.8123       133.1856       1.485926    
   321.7794       132.7410       1.527832    
   326.7076       131.9564       1.283714    
   331.6619       131.6910       1.268639    
   336.6017       132.3271       1.455176    
   341.4941       133.2876       1.674835    
   346.3997       134.1857       1.585703    
   351.3318       134.9460       1.283608    
   356.3008       135.4228       1.363533    
   361.2956       135.6176       1.305673    
   366.2939       135.7384       1.467963    
   371.2916       135.8799       1.572750    
   376.2886       136.0407       1.907341    
   381.2849       136.2204       1.805721    
   386.2799       136.4265       1.881660    
   391.2732       136.6677       1.168389    
   396.2645       136.9411       1.638068    
   401.2549       137.2291       2.092940    
   406.2462       137.5027       2.115378    
   411.2407       137.7180       1.886054    
   416.2387       137.8369       1.851365    
   421.2385       137.8724       1.831313    
   426.2385       137.8761       1.820006    
   431.2385       137.8917       1.922857    
   436.2343       138.0394       1.936157    
   441.2233       138.3456       1.839479    
   446.2118       138.6598       1.652901    
   451.2035       138.9268       1.452982    
   456.1937       139.2159       1.176264    
   461.1783       139.5782       1.084112    
   466.1624       139.9491       1.543777    
   471.1551       140.1694       1.810851    
   476.1545       140.2207       1.861223    
   481.8401       140.2231       1.973269    
   489.3643       140.2231       2.146229    
   507.4286       140.2231       2.455838    
  -33.77417       128.3538       2.063593    
  -15.70986       128.3538       1.759590    
  -8.185690       128.3538       1.627578    
  -2.500000       128.3538       1.534492    
   2.481762       128.6251       1.504099    
   7.434425       129.2386       1.509390    
   12.38829       129.8431       1.626306    
   17.37068       130.1537       1.860200    
   22.36992       130.2291       1.835296    
   27.36889       130.3151       1.725658    
   32.36626       130.4585       1.683140    
   37.36148       130.6536       1.656796    
   42.35468       130.8879       1.581958    
   47.34677       131.1408       1.555687    
   52.33939       131.3846       1.630853    
   57.33461       131.5780       1.683674    
   62.33282       131.6889       1.709173    
   67.33237       131.6924       1.802003    
   72.33087       131.5914       1.935820    
   77.32610       131.4005       2.054634    
   82.31709       131.1322       2.137798    
   87.30524       130.8228       2.161853    
   92.29430       130.5262       2.103515    
   97.28818       130.3116       2.049168    
   102.2866       130.2167       2.031313    
   107.2863       130.1709       1.914747    
   112.2728       129.9104       1.842811    
   117.2255       129.3089       1.709587    
   122.1606       128.5859       1.643529    
   127.1186       128.0226       1.643643    
   132.1048       127.7059       1.629801    
   137.1018       127.5708       1.569879    
   142.1004       127.6130       1.503647    
   147.0855       127.9183       1.471601    
   152.0289       128.5684       1.526706    
   156.9416       129.4059       1.625617    
   161.8866       130.0337       1.761739    
   166.8759       130.2731       1.869768    
   171.8755       130.2789       1.908699    
   176.8751       130.2254       1.865057    
   181.8749       130.1989       1.725082    
   186.8749       130.1980       1.889612    
   191.8749       130.1983       1.686091    
   196.8749       130.1983       1.850825    
   201.8749       130.1983       1.512158    
   206.8749       130.1982       1.208803    
   211.8749       130.2005       1.609113    
   216.8748       130.2222       1.339056    
   221.8745       130.2778       1.620295    
   226.8739       130.3428       1.727493    
   231.8736       130.3456       1.760354    
   236.8703       130.2072       1.847321    
   241.8605       129.9314       1.892900    
   246.8531       129.7134       1.935330    
   251.8497       129.7641       1.966824    
   256.8403       130.0339       1.895977    
   261.8292       130.3325       1.827667    
   266.8226       130.5588       1.696212    
   271.8200       130.6960       1.648488    
   276.8195       130.7393       1.478181    
   281.8193       130.7124       1.379929    
   286.8188       130.6498       1.524704    
   291.8181       130.5708       1.705094    
   296.8170       130.4788       1.837409    
   301.8156       130.3701       1.988517    
   306.8141       130.2655       2.038259    
   311.8136       130.2279       2.026697    
   316.8123       130.1622       1.907041    
   321.7794       129.7323       1.822348    
   326.7076       128.9738       1.765235    
   331.6619       128.7171       1.775833    
   336.6017       129.3322       1.868742    
   341.4941       130.2607       1.944557    
   346.3997       131.1291       1.814238    
   351.3318       131.8641       1.650910    
   356.3008       132.3251       1.712722    
   361.2956       132.5135       1.764959    
   366.2939       132.6302       1.907718    
   371.2916       132.7671       2.024345    
   376.2886       132.9225       2.206157    
   381.2849       133.0963       2.189733    
   386.2799       133.2955       2.144399    
   391.2732       133.5287       1.695380    
   396.2645       133.7930       2.006621    
   401.2549       134.0715       2.399354    
   406.2462       134.3360       2.508160    
   411.2407       134.5442       2.417333    
   416.2387       134.6591       2.379010    
   421.2385       134.6935       2.361543    
   426.2385       134.6971       2.351163    
   431.2385       134.7121       2.365284    
   436.2343       134.8550       2.314948    
   441.2233       135.1510       2.177627    
   446.2118       135.4547       1.974846    
   451.2035       135.7129       1.731350    
   456.1937       135.9924       1.467287    
   461.1783       136.3427       1.389972    
   466.1624       136.7012       1.681776    
   471.1551       136.9142       1.906657    
   476.1545       136.9639       1.983721    
   481.8401       136.9662       2.062752    
   489.3643       136.9662       2.189744    
   507.4286       136.9662       2.475240    
  -33.77417       125.1739       2.082442    
  -15.70986       125.1739       1.803092    
  -8.185690       125.1739       1.696644    
  -2.500000       125.1739       1.653058    
   2.481762       125.4352       1.677901    
   7.434425       126.0261       1.765685    
   12.38829       126.6083       1.929432    
   17.37068       126.9075       2.134709    
   22.36992       126.9801       2.178089    
   27.36889       127.0629       2.114958    
   32.36626       127.2010       2.040721    
   37.36148       127.3890       1.953309    
   42.35468       127.6146       1.851085    
   47.34677       127.8582       1.798633    
   52.33939       128.0931       1.841583    
   57.33461       128.2793       1.920679    
   62.33282       128.3861       1.995233    
   67.33237       128.3895       2.111368    
   72.33087       128.2923       2.255914    
   77.32610       128.1083       2.384917    
   82.31709       127.8499       2.469769    
   87.30524       127.5519       2.500946    
   92.29430       127.2662       2.475960    
   97.28818       127.0596       2.434411    
   102.2866       126.9681       2.387413    
   107.2863       126.9241       2.288045    
   112.2728       126.6731       2.193935    
   117.2255       126.0938       2.057462    
   122.1606       125.3975       1.933844    
   127.1186       124.8549       1.842190    
   132.1048       124.5499       1.761924    
   137.1018       124.4198       1.684197    
   142.1004       124.4603       1.632940    
   147.0855       124.7544       1.640519    
   152.0289       125.3806       1.732040    
   156.9416       126.1872       1.879214    
   161.8866       126.7919       2.055826    
   166.8759       127.0225       2.214562    
   171.8755       127.0280       2.295475    
   176.8751       126.9765       2.290567    
   181.8749       126.9510       2.233515    
   186.8749       126.9501       2.301845    
   191.8749       126.9505       2.207305    
   196.8749       126.9505       2.215323    
   201.8749       126.9505       1.934588    
   206.8749       126.9503       1.693384    
   211.8749       126.9525       1.862177    
   216.8748       126.9735       1.739634    
   221.8745       127.0270       1.911387    
   226.8739       127.0896       2.048621    
   231.8736       127.0923       2.124924    
   236.8703       126.9591       2.196505    
   241.8605       126.6934       2.245026    
   246.8531       126.4834       2.278530    
   251.8497       126.5322       2.294115    
   256.8403       126.7921       2.254542    
   261.8292       127.0797       2.182072    
   266.8226       127.2977       2.054888    
   271.8200       127.4297       1.940127    
   276.8195       127.4715       1.817627    
   281.8193       127.4456       1.818502    
   286.8188       127.3853       1.950648    
   291.8181       127.3092       2.117242    
   296.8170       127.2206       2.265474    
   301.8156       127.1160       2.407177    
   306.8141       127.0152       2.466163    
   311.8136       126.9790       2.436088    
   316.8123       126.9157       2.320630    
   321.7794       126.5017       2.231231    
   326.7076       125.7710       2.193872    
   331.6619       125.5238       2.193532    
   336.6017       126.1162       2.206699    
   341.4941       127.0106       2.170440    
   346.3997       127.8469       2.024126    
   351.3318       128.5549       1.920158    
   356.3008       128.9989       1.963234    
   361.2956       129.1804       2.044682    
   366.2939       129.2928       2.170907    
   371.2916       129.4245       2.277178    
   376.2886       129.5742       2.397075    
   381.2849       129.7417       2.417311    
   386.2799       129.9336       2.364671    
   391.2732       130.1582       2.155420    
   396.2645       130.4128       2.342366    
   401.2549       130.6809       2.648290    
   406.2462       130.9357       2.805258    
   411.2407       131.1362       2.810506    
   416.2387       131.2469       2.792067    
   421.2385       131.2800       2.772028    
   426.2385       131.2835       2.746738    
   431.2385       131.2979       2.707485    
   436.2343       131.4355       2.613817    
   441.2233       131.7207       2.454930    
   446.2118       132.0132       2.248846    
   451.2035       132.2618       2.020178    
   456.1937       132.5311       1.813892    
   461.1783       132.8684       1.747208    
   466.1624       133.2138       1.883936    
   471.1551       133.4189       2.021819    
   476.1545       133.4668       2.085992    
   481.8401       133.4690       2.147451    
   489.3643       133.4690       2.242145    
   507.4286       133.4690       2.497094    
  -33.77417       121.7413       2.109363    
  -15.70986       121.7413       1.854673    
  -8.185690       121.7413       1.777544    
  -2.500000       121.7413       1.769305    
   2.481762       121.9919       1.828573    
   7.434425       122.5584       1.954922    
   12.38829       123.1165       2.137837    
   17.37068       123.4034       2.332683    
   22.36992       123.4730       2.425768    
   27.36889       123.5524       2.413936    
   32.36626       123.6848       2.347377    
   37.36148       123.8650       2.248221    
   42.35468       124.0813       2.141252    
   47.34677       124.3148       2.076740    
   52.33939       124.5400       2.084815    
   57.33461       124.7186       2.143352    
   62.33282       124.8209       2.225339    
   67.33237       124.8242       2.339189    
   72.33087       124.7309       2.471246    
   77.32610       124.5546       2.590082    
   82.31709       124.3068       2.671021    
   87.30524       124.0211       2.704824    
   92.29430       123.7473       2.692574    
   97.28818       123.5492       2.654482    
   102.2866       123.4615       2.595401    
   107.2863       123.4193       2.502183    
   112.2728       123.1786       2.398138    
   117.2255       122.6232       2.264725    
   122.1606       121.9557       2.122980    
   127.1186       121.4355       1.994243    
   132.1048       121.1431       1.885886    
   137.1018       121.0183       1.805274    
   142.1004       121.0573       1.772714    
   147.0855       121.3392       1.810129    
   152.0289       121.9395       1.927183    
   156.9416       122.7128       2.099650    
   161.8866       123.2925       2.302166    
   166.8759       123.5135       2.491965    
   171.8755       123.5189       2.615827    
   176.8751       123.4696       2.658722    
   181.8749       123.4451       2.659555    
   186.8749       123.4443       2.685369    
   191.8749       123.4446       2.625547    
   196.8749       123.4446       2.558823    
   201.8749       123.4446       2.343850    
   206.8749       123.4444       2.157775    
   211.8749       123.4465       2.162463    
   216.8748       123.4666       2.118505    
   221.8745       123.5179       2.210828    
   226.8739       123.5779       2.308263    
   231.8736       123.5806       2.390056    
   236.8703       123.4528       2.454073    
   241.8605       123.1981       2.494456    
   246.8531       122.9968       2.519519    
   251.8497       123.0435       2.528503    
   256.8403       123.2927       2.502950    
   261.8292       123.5684       2.440611    
   266.8226       123.7774       2.340748    
   271.8200       123.9041       2.248808    
   276.8195       123.9441       2.190455    
   281.8193       123.9193       2.229049    
   286.8188       123.8614       2.344974    
   291.8181       123.7885       2.490696    
   296.8170       123.7036       2.632568    
   301.8156       123.6032       2.754780    
   306.8141       123.5066       2.809362    
   311.8136       123.4719       2.781538    
   316.8123       123.4112       2.686806    
   321.7794       123.0143       2.596180    
   326.7076       122.3138       2.543958    
   331.6619       122.0768       2.511475    
   336.6017       122.6448       2.462603    
   341.4941       123.5022       2.369608    
   346.3997       124.3040       2.220417    
   351.3318       124.9827       2.124537    
   356.3008       125.4084       2.138850    
   361.2956       125.5824       2.206886    
   366.2939       125.6901       2.308801    
   371.2916       125.8165       2.404811    
   376.2886       125.9600       2.502078    
   381.2849       126.1205       2.545787    
   386.2799       126.3045       2.536393    
   391.2732       126.5198       2.482084    
   396.2645       126.7639       2.617762    
   401.2549       127.0210       2.849873    
   406.2462       127.2653       3.018579    
   411.2407       127.4575       3.081618    
   416.2387       127.5636       3.089110    
   421.2385       127.5953       3.069538    
   426.2385       127.5986       3.029094    
   431.2385       127.6125       2.960022    
   436.2343       127.7445       2.844751    
   441.2233       128.0178       2.681325    
   446.2118       128.2982       2.486587    
   451.2035       128.5366       2.286892    
   456.1937       128.7948       2.121854    
   461.1783       129.1181       2.049771    
   466.1624       129.4493       2.088855    
   471.1551       129.6459       2.150082    
   476.1545       129.6918       2.185320    
   481.8401       129.6939       2.228439    
   489.3643       129.6939       2.300339    
   507.4286       129.6939       2.524495    
  -33.77417       118.0135       2.140943    
  -15.70986       118.0135       1.914687    
  -8.185690       118.0135       1.859533    
  -2.500000       118.0135       1.872611    
   2.481762       118.2522       1.946123    
   7.434425       118.7923       2.080041    
   12.38829       119.3243       2.260772    
   17.37068       119.5977       2.446817    
   22.36992       119.6640       2.569442    
   27.36889       119.7397       2.604627    
   32.36626       119.8660       2.571890    
   37.36148       120.0378       2.495796    
   42.35468       120.2439       2.407096    
   47.34677       120.4665       2.344039    
   52.33939       120.6811       2.328804    
   57.33461       120.8514       2.358693    
   62.33282       120.9489       2.421465    
   67.33237       120.9520       2.511862    
   72.33087       120.8632       2.614251    
   77.32610       120.6951       2.705230    
   82.31709       120.4589       2.767602    
   87.30524       120.1866       2.792171    
   92.29430       119.9255       2.778385    
   97.28818       119.7367       2.737243    
   102.2866       119.6531       2.673045    
   107.2863       119.6129       2.584106    
   112.2728       119.3835       2.480365    
   117.2255       118.8540       2.355062    
   122.1606       118.2177       2.217436    
   127.1186       117.7218       2.087239    
   132.1048       117.4431       1.981586    
   137.1018       117.3242       1.915137    
   142.1004       117.3613       1.905273    
   147.0855       117.6301       1.965179    
   152.0289       118.2023       2.096213    
   156.9416       118.9394       2.280529    
   161.8866       119.4921       2.497051    
   166.8759       119.7027       2.707535    
   171.8755       119.7078       2.865337    
   176.8751       119.6608       2.953159    
   181.8749       119.6375       2.993733    
   186.8749       119.6367       3.007549    
   191.8749       119.6370       2.955667    
   196.8749       119.6370       2.863782    
   201.8749       119.6370       2.699914    
   206.8749       119.6368       2.551744    
   211.8749       119.6388       2.490946    
   216.8748       119.6580       2.453326    
   221.8745       119.7069       2.489286    
   226.8739       119.7641       2.544496    
   231.8736       119.7666       2.604125    
   236.8703       119.6448       2.652112    
   241.8605       119.4020       2.679161    
   246.8531       119.2101       2.693483    
   251.8497       119.2547       2.697964    
   256.8403       119.4922       2.682039    
   261.8292       119.7551       2.640336    
   266.8226       119.9542       2.581059    
   271.8200       120.0750       2.534501    
   276.8195       120.1131       2.524106    
   281.8193       120.0895       2.578052    
   286.8188       120.0343       2.681807    
   291.8181       119.9648       2.808249    
   296.8170       119.8839       2.933199    
   301.8156       119.7882       3.034346    
   306.8141       119.6961       3.079654    
   311.8136       119.6630       3.056442    
   316.8123       119.6051       2.977977    
   321.7794       119.2268       2.887029    
   326.7076       118.5591       2.812845    
   331.6619       118.3332       2.744095    
   336.6017       118.8746       2.651917    
   341.4941       119.6919       2.528366    
   346.3997       120.4562       2.382650    
   351.3318       121.1031       2.283729    
   356.3008       121.5089       2.269331    
   361.2956       121.6748       2.310673    
   366.2939       121.7775       2.385502    
   371.2916       121.8979       2.469221    
   376.2886       122.0348       2.556809    
   381.2849       122.1877       2.618043    
   386.2799       122.3631       2.655737    
   391.2732       122.5684       2.690962    
   396.2645       122.8010       2.814372    
   401.2549       123.0461       2.997263    
   406.2462       123.2790       3.156765    
   411.2407       123.4621       3.248002    
   416.2387       123.5633       3.277830    
   421.2385       123.5935       3.263253    
   426.2385       123.5967       3.214903    
   431.2385       123.6100       3.133188    
   436.2343       123.7357       3.012456    
   441.2233       123.9963       2.856461    
   446.2118       124.2636       2.680856    
   451.2035       124.4909       2.508596    
   456.1937       124.7369       2.367702    
   461.1783       125.0452       2.285075    
   466.1624       125.3608       2.265691    
   471.1551       125.5482       2.273626    
   476.1545       125.5920       2.281709    
   481.8401       125.5940       2.306326    
   489.3643       125.5940       2.360050    
   507.4286       125.5940       2.557982    
  -33.77417       113.9358       2.176516    
  -15.70986       113.9358       1.977884    
  -8.185690       113.9358       1.938584    
  -2.500000       113.9358       1.960024    
   2.481762       114.1617       2.033007    
   7.434425       114.6728       2.156520    
   12.38829       115.1762       2.317801    
   17.37068       115.4350       2.485734    
   22.36992       115.4978       2.617374    
   27.36889       115.5694       2.686548    
   32.36626       115.6889       2.694730    
   37.36148       115.8514       2.657944    
   42.35468       116.0465       2.601642    
   47.34677       116.2571       2.553657    
   52.33939       116.4603       2.530812    
   57.33461       116.6214       2.537937    
   62.33282       116.7137       2.572407    
   67.33237       116.7167       2.627924    
   72.33087       116.6326       2.690544    
   77.32610       116.4735       2.743610    
   82.31709       116.2499       2.776441    
   87.30524       115.9922       2.782045    
   92.29430       115.7452       2.758945    
   97.28818       115.5665       2.712825    
   102.2866       115.4874       2.647487    
   107.2863       115.4493       2.564536    
   112.2728       115.2323       2.468500    
   117.2255       114.7313       2.357724    
   122.1606       114.1291       2.238886    
   127.1186       113.6599       2.129108    
   132.1048       113.3961       2.046379    
   137.1018       113.2836       2.005723    
   142.1004       113.3186       2.020511    
   147.0855       113.5730       2.097890    
   152.0289       114.1145       2.235675    
   156.9416       114.8120       2.422247    
   161.8866       115.3350       2.640853    
   166.8759       115.5344       2.859720    
   171.8755       115.5392       3.039899    
   176.8751       115.4947       3.163455    
   181.8749       115.4726       3.235635    
   186.8749       115.4719       3.255650    
   191.8749       115.4722       3.210948    
   196.8749       115.4722       3.119653    
   201.8749       115.4722       2.990136    
   206.8749       115.4720       2.865960    
   211.8749       115.4739       2.782878    
   216.8748       115.4921       2.735347    
   221.8745       115.5383       2.734650    
   226.8739       115.5924       2.754568    
   231.8736       115.5948       2.784237    
   236.8703       115.4796       2.809526    
   241.8605       115.2498       2.820433    
   246.8531       115.0682       2.823688    
   251.8497       115.1104       2.824825    
   256.8403       115.3352       2.817868    
   261.8292       115.5839       2.798779    
   266.8226       115.7724       2.776891    
   271.8200       115.8866       2.770753    
   276.8195       115.9228       2.793478    
   281.8193       115.9004       2.856061    
   286.8188       115.8482       2.949494    
   291.8181       115.7824       3.056769    
   296.8170       115.7058       3.159291    
   301.8156       115.6153       3.237239    
   306.8141       115.5281       3.269491    
   311.8136       115.4968       3.247358    
   316.8123       115.4420       3.178679    
   321.7794       115.0840       3.087419    
   326.7076       114.4521       2.994606    
   331.6619       114.2384       2.897476    
   336.6017       114.7507       2.780964    
   341.4941       115.5241       2.647219    
   346.3997       116.2474       2.510155    
   351.3318       116.8596       2.410855    
   356.3008       117.2437       2.375362    
   361.2956       117.4006       2.390369    
   366.2939       117.4977       2.439491    
   371.2916       117.6117       2.508165    
   376.2886       117.7412       2.587343    
   381.2849       117.8860       2.658858    
   386.2799       118.0519       2.727792    
   391.2732       118.2462       2.808341    
   396.2645       118.4663       2.930820    
   401.2549       118.6983       3.084136    
   406.2462       118.9186       3.226888    
   411.2407       119.0920       3.324534    
   416.2387       119.1877       3.366996    
   421.2385       119.2163       3.359573    
   426.2385       119.2194       3.312755    
   431.2385       119.2319       3.232110    
   436.2343       119.3509       3.118202    
   441.2233       119.5975       2.977355    
   446.2118       119.8504       2.823565    
   451.2035       120.0655       2.674568    
   456.1937       120.2983       2.548518    
   461.1783       120.5900       2.457992    
   466.1624       120.8887       2.406321    
   471.1551       121.0661       2.381373    
   476.1545       121.1075       2.369349    
   481.8401       121.1095       2.378688    
   489.3643       121.1095       2.419892    
   507.4286       121.1095       2.595930    
  -33.77417       109.4377       2.216900    
  -15.70986       109.4377       2.042163    
  -8.185690       109.4377       2.011995    
  -2.500000       109.4377       2.032776    
   2.481762       109.6495       2.095429    
   7.434425       110.1285       2.198678    
   12.38829       110.6005       2.331771    
   17.37068       110.8431       2.472958    
   22.36992       110.9020       2.595580    
   27.36889       110.9691       2.679220    
   32.36626       111.0811       2.717955    
   37.36148       111.2335       2.717996    
   42.35468       111.4164       2.695322    
   47.34677       111.6138       2.668389    
   52.33939       111.8043       2.649108    
   57.33461       111.9553       2.643229    
   62.33282       112.0418       2.652379    
   67.33237       112.0446       2.673140    
   72.33087       111.9657       2.696205    
   77.32610       111.8166       2.711787    
   82.31709       111.6071       2.714193    
   87.30524       111.3655       2.699297    
   92.29430       111.1339       2.665906    
   97.28818       110.9664       2.616327    
   102.2866       110.8923       2.553156    
   107.2863       110.8566       2.478632    
   112.2728       110.6531       2.395676    
   117.2255       110.1834       2.305629    
   122.1606       109.6189       2.214971    
   127.1186       109.1790       2.137328    
   132.1048       108.9318       2.087447    
   137.1018       108.8263       2.076976    
   142.1004       108.8592       2.115056    
   147.0855       109.0976       2.205058    
   152.0289       109.6052       2.344255    
   156.9416       110.2591       2.525844    
   161.8866       110.7494       2.737179    
   166.8759       110.9363       2.953108    
   171.8755       110.9408       3.142704    
   176.8751       110.8991       3.289081    
   181.8749       110.8784       3.386596    
   186.8749       110.8776       3.424076    
   191.8749       110.8779       3.395653    
   196.8749       110.8779       3.318318    
   201.8749       110.8779       3.212663    
   206.8749       110.8778       3.105362    
   211.8749       110.8796       3.018945    
   216.8748       110.8966       2.962947    
   221.8745       110.9400       2.938762    
   226.8739       110.9907       2.931393    
   231.8736       110.9929       2.932925    
   236.8703       110.8849       2.934827    
   241.8605       110.6695       2.930135    
   246.8531       110.4993       2.924135    
   251.8497       110.5388       2.923081    
   256.8403       110.7495       2.923890    
   261.8292       110.9827       2.923464    
   266.8226       111.1594       2.928627    
   271.8200       111.2665       2.949750    
   276.8195       111.3003       2.991817    
   281.8193       111.2794       3.056601    
   286.8188       111.2305       3.137404    
   291.8181       111.1687       3.223147    
   296.8170       111.0969       3.300139    
   301.8156       111.0121       3.353674    
   306.8141       110.9304       3.370447    
   311.8136       110.9010       3.345104    
   316.8123       110.8497       3.280962    
   321.7794       110.5141       3.190522    
   326.7076       109.9218       3.088116    
   331.6619       109.7214       2.977447    
   336.6017       110.2016       2.854847    
   341.4941       110.9267       2.726227    
   346.3997       111.6047       2.603219    
   351.3318       112.1786       2.509867    
   356.3008       112.5386       2.463414    
   361.2956       112.6857       2.458736    
   366.2939       112.7768       2.486468    
   371.2916       112.8837       2.539187    
   376.2886       113.0050       2.608535    
   381.2849       113.1407       2.682806    
   386.2799       113.2963       2.765140    
   391.2732       113.4784       2.862213    
   396.2645       113.6848       2.981233    
   401.2549       113.9022       3.113836    
   406.2462       114.1088       3.237203    
   411.2407       114.2713       3.327397    
   416.2387       114.3611       3.371455    
   421.2385       114.3878       3.370284    
   426.2385       114.3907       3.331883    
   431.2385       114.4025       3.261619    
   436.2343       114.5140       3.162532    
   441.2233       114.7451       3.041588    
   446.2118       114.9823       2.910323    
   451.2035       115.1839       2.781836    
   456.1937       115.4022       2.668541    
   461.1783       115.6756       2.577649    
   466.1624       115.9556       2.511465    
   471.1551       116.1219       2.468326    
   476.1545       116.1607       2.444866    
   481.8401       116.1625       2.444301    
   489.3643       116.1625       2.476598    
   507.4286       116.1625       2.634784    
  -33.77417       104.4251       2.258929    
  -15.70986       104.4251       2.106527    
  -8.185690       104.4251       2.078479    
  -2.500000       104.4251       2.092960    
   2.481762       104.6212       2.141389    
   7.434425       105.0646       2.220385    
   12.38829       105.5015       2.321890    
   17.37068       105.7260       2.432405    
   22.36992       105.7805       2.534884    
   27.36889       105.8427       2.614785    
   32.36626       105.9463       2.665771    
   37.36148       106.0873       2.688485    
   42.35468       106.2567       2.690139    
   47.34677       106.4394       2.680936    
   52.33939       106.6157       2.668659    
   57.33461       106.7555       2.657847    
   62.33282       106.8356       2.650577    
   67.33237       106.8381       2.645701    
   72.33087       106.7651       2.638759    
   77.32610       106.6271       2.625602    
   82.31709       106.4332       2.604440    
   87.30524       106.2096       2.573817    
   92.29430       105.9952       2.533281    
   97.28818       105.8402       2.483590    
   102.2866       105.7715       2.426204    
   107.2863       105.7385       2.363094    
   112.2728       105.5501       2.297052    
   117.2255       105.1154       2.231498    
   122.1606       104.5929       2.172901    
   127.1186       104.1857       2.130960    
   132.1048       103.9569       2.115356    
   137.1018       103.8593       2.133265    
   142.1004       103.8897       2.190187    
   147.0855       104.1104       2.287831    
   152.0289       104.5803       2.424345    
   156.9416       105.1855       2.596004    
   161.8866       105.6393       2.793689    
   166.8759       105.8122       2.998056    
   171.8755       105.8165       3.185184    
   176.8751       105.7778       3.340217    
   181.8749       105.7587       3.453632    
   186.8749       105.7580       3.511565    
   191.8749       105.7582       3.507689    
   196.8749       105.7583       3.453971    
   201.8749       105.7583       3.371097    
   206.8749       105.7581       3.280335    
   211.8749       105.7598       3.199446    
   216.8748       105.7755       3.139021    
   221.8745       105.8157       3.098680    
   226.8739       105.8626       3.070120    
   231.8736       105.8647       3.048958    
   236.8703       105.7647       3.031641    
   241.8605       105.5654       3.014757    
   246.8531       105.4078       3.002152    
   251.8497       105.4444       2.999259    
   256.8403       105.6394       3.004776    
   261.8292       105.8553       3.015823    
   266.8226       106.0188       3.035608    
   271.8200       106.1179       3.069004    
   276.8195       106.1492       3.116359    
   281.8193       106.1298       3.174795    
   286.8188       106.0846       3.238466    
   291.8181       106.0275       3.300483    
   296.8170       105.9610       3.351914    
   301.8156       105.8824       3.382770    
   306.8141       105.8068       3.384510    
   311.8136       105.7796       3.353603    
   316.8123       105.7321       3.291456    
   321.7794       105.4215       3.205322    
   326.7076       104.8732       3.105105    
   331.6619       104.6877       2.996802    
   336.6017       105.1322       2.882530    
   341.4941       105.8034       2.768864    
   346.3997       106.4309       2.664271    
   351.3318       106.9622       2.582942    
   356.3008       107.2954       2.535226    
   361.2956       107.4315       2.519590    
   366.2939       107.5159       2.532072    
   371.2916       107.6148       2.570200    
   376.2886       107.7271       2.628521    
   381.2849       107.8528       2.699147    
   386.2799       107.9968       2.781594    
   391.2732       108.1653       2.877209    
   396.2645       108.3564       2.985224    
   401.2549       108.5576       3.097214    
   406.2462       108.7488       3.198260    
   411.2407       108.8992       3.273293    
   416.2387       108.9823       3.312646    
   421.2385       109.0071       3.316284    
   426.2385       109.0098       3.288490    
   431.2385       109.0207       3.232080    
   436.2343       109.1239       3.150557    
   441.2233       109.3378       3.051041    
   446.2118       109.5574       2.942439    
   451.2035       109.7439       2.834400    
   456.1937       109.9460       2.735641    
   461.1783       110.1991       2.651104    
   466.1624       110.4583       2.583385    
   471.1551       110.6122       2.534271    
   476.1545       110.6481       2.506093    
   481.8401       110.6497       2.502648    
   489.3643       110.6497       2.529499    
   507.4286       110.6497       2.669789    
  -33.77417       98.76926       2.300919    
  -15.70986       98.76926       2.168847    
  -8.185690       98.76926       2.140721    
  -2.500000       98.76926       2.146905    
   2.481762       98.94752       2.179528    
   7.434425       99.35075       2.234172    
   12.38829       99.74802       2.304938    
   17.37068       99.95215       2.384125    
   22.36992       100.0017       2.461656    
   27.36889       100.0582       2.527302    
   32.36626       100.1525       2.575482    
   37.36148       100.2807       2.605249    
   42.35468       100.4347       2.618789    
   47.34677       100.6009       2.619775    
   52.33939       100.7612       2.612324    
   57.33461       100.8883       2.600040    
   62.33282       100.9611       2.584709    
   67.33237       100.9634       2.565933    
   72.33087       100.8971       2.542227    
   77.32610       100.7716       2.512936    
   82.31709       100.5952       2.478726    
   87.30524       100.3919       2.440089    
   92.29430       100.1970       2.397464    
   97.28818       100.0560       2.351568    
   102.2866       99.99355       2.303613    
   107.2863       99.96349       2.255262    
   112.2728       99.79222       2.209004    
   117.2255       99.39693       2.168685    
   122.1606       98.92178       2.140161    
   127.1186       98.55151       2.129892    
   132.1048       98.34343       2.143121    
   137.1018       98.25465       2.183429    
   142.1004       98.28233       2.253454    
   147.0855       98.48299       2.354037    
   152.0289       98.91029       2.484175    
   156.9416       99.46066       2.642093    
   161.8866       99.87329       2.821878    
   166.8759       100.0306       3.009134    
   171.8755       100.0344       3.185140    
   176.8751       99.99930       3.336712    
   181.8749       99.98188       3.454471    
   186.8749       99.98126       3.527207    
   191.8749       99.98149       3.548518    
   196.8749       99.98150       3.523939    
   201.8749       99.98149       3.468212    
   206.8749       99.98139       3.398069    
   211.8749       99.98287       3.327809    
   216.8748       99.99718       3.266232    
   221.8745       100.0337       3.214550    
   226.8739       100.0764       3.170580    
   231.8736       100.0783       3.133866    
   236.8703       99.98734       3.103908    
   241.8605       99.80609       3.079140    
   246.8531       99.66279       3.061627    
   251.8497       99.69608       3.055282    
   256.8403       99.87341       3.060120    
   261.8292       100.0697       3.073678    
   266.8226       100.2184       3.096108    
   271.8200       100.3085       3.128506    
   276.8195       100.3370       3.169152    
   281.8193       100.3194       3.214013    
   286.8188       100.2782       3.258361    
   291.8181       100.2263       3.298137    
   296.8170       100.1659       3.327915    
   301.8156       100.0944       3.340729    
   306.8141       100.0256       3.330527    
   311.8136       100.0009       3.294936    
   316.8123       99.95772       3.235633    
   321.7794       99.67523       3.158126    
   326.7076       99.17667       3.069659    
   331.6619       99.00801       2.975471    
   336.6017       99.41222       2.878913    
   341.4941       100.0225       2.785753    
   346.3997       100.5932       2.701949    
   351.3318       101.0763       2.636100    
   356.3008       101.3793       2.594115    
   361.2956       101.5031       2.575773    
   366.2939       101.5798       2.579764    
   371.2916       101.6697       2.605905    
   376.2886       101.7719       2.651726    
   381.2849       101.8861       2.712454    
   386.2799       102.0170       2.785421    
   391.2732       102.1703       2.868564    
   396.2645       102.3440       2.958398    
   401.2549       102.5270       3.047544    
   406.2462       102.7009       3.125814    
   411.2407       102.8377       3.184302    
   416.2387       102.9132       3.217332    
   421.2385       102.9358       3.223762    
   426.2385       102.9382       3.204298    
   431.2385       102.9481       3.160025    
   436.2343       103.0419       3.094640    
   441.2233       103.2365       3.015134    
   446.2118       103.4361       2.928839    
   451.2035       103.6058       2.841870    
   456.1937       103.7895       2.758995    
   461.1783       104.0197       2.685179    
   466.1624       104.2553       2.624686    
   471.1551       104.3953       2.579855    
   476.1545       104.4279       2.554080    
   481.8401       104.4295       2.550925    
   489.3643       104.4295       2.575615    
   507.4286       104.4295       2.702550    
  -33.77417       92.28692       2.345443    
  -15.70986       92.28692       2.230083    
  -8.185690       92.28692       2.202796    
  -2.500000       92.28692       2.201525    
   2.481762       92.44483       2.219336    
   7.434425       92.80198       2.252961    
   12.38829       93.15384       2.298159    
   17.37068       93.33465       2.349725    
   22.36992       93.37855       2.401990    
   27.36889       93.42858       2.449207    
   32.36626       93.51208       2.486723    
   37.36148       93.62569       2.512392    
   42.35468       93.76205       2.526559    
   47.34677       93.90923       2.529924    
   52.33939       94.05121       2.523612    
   57.33461       94.16380       2.510012    
   62.33282       94.22831       2.491309    
   67.33237       94.23037       2.468108    
   72.33087       94.17159       2.440207    
   77.32610       94.06042       2.407979    
   82.31709       93.90422       2.372623    
   87.30524       93.72411       2.335343    
   92.29430       93.55146       2.297152    
   97.28818       93.42661       2.259187    
   102.2866       93.37131       2.222986    
   107.2863       93.34469       2.190336    
   112.2728       93.19299       2.163430    
   117.2255       92.84286       2.145410    
   122.1606       92.42202       2.140658    
   127.1186       92.09407       2.153288    
   132.1048       91.90976       2.185991    
   137.1018       91.83113       2.240327    
   142.1004       91.85565       2.317035    
   147.0855       92.03337       2.415928    
   152.0289       92.41184       2.536032    
   156.9416       92.89931       2.676704    
   161.8866       93.26480       2.835087    
   166.8759       93.40413       3.001403    
   171.8755       93.40750       3.161058    
   176.8751       93.37640       3.302048    
   181.8749       93.36098       3.415819    
   186.8749       93.36044       3.494670    
   191.8749       93.36063       3.533854    
   196.8749       93.36064       3.534951    
   201.8749       93.36063       3.506021    
   206.8749       93.36054       3.457993    
   211.8749       93.36186       3.401176    
   216.8748       93.37454       3.342933    
   221.8745       93.40688       3.287206    
   226.8739       93.44470       3.236512    
   231.8736       93.44635       3.192961    
   236.8703       93.36582       3.157123    
   241.8605       93.20527       3.127915    
   246.8531       93.07835       3.105984    
   251.8497       93.10783       3.093849    
   256.8403       93.26490       3.092425    
   261.8292       93.43874       3.100310    
   266.8226       93.57047       3.116377    
   271.8200       93.65030       3.139678    
   276.8195       93.67554       3.167760    
   281.8193       93.65989       3.197050    
   286.8188       93.62345       3.224002    
   291.8181       93.57744       3.245727    
   296.8170       93.52392       3.258677    
   301.8156       93.46066       3.258173    
   306.8141       93.39973       3.240372    
   311.8136       93.37785       3.204258    
   316.8123       93.33959       3.151917    
   321.7794       93.08938       3.087529    
   326.7076       92.64779       3.016170    
   331.6619       92.49840       2.941498    
   336.6017       92.85643       2.866499    
   341.4941       93.39696       2.795749    
   346.3997       93.90244       2.732790    
   351.3318       94.33030       2.682442    
   356.3008       94.59869       2.648299    
   361.2956       94.70834       2.631210    
   366.2939       94.77627       2.631024    
   371.2916       94.85593       2.647792    
   376.2886       94.94642       2.680643    
   381.2849       95.04758       2.727216    
   386.2799       95.16358       2.784681    
   391.2732       95.29931       2.849579    
   396.2645       95.45317       2.917685    
   401.2549       95.61526       2.983552    
   406.2462       95.76926       3.040935    
   411.2407       95.89043       3.084175    
   416.2387       95.95733       3.109218    
   421.2385       95.97731       3.114188    
   426.2385       95.97943       3.098464    
   431.2385       95.98818       3.062802    
   436.2343       96.07135       3.011121    
   441.2233       96.24365       2.949959    
   446.2118       96.42047       2.884463    
   451.2035       96.57073       2.817365    
   456.1937       96.73344       2.751770    
   461.1783       96.93733       2.692099    
   466.1624       97.14609       2.643296    
   471.1551       97.27006       2.609117    
   476.1545       97.29897       2.590167    
   481.8401       97.30029       2.589485    
   489.3643       97.30029       2.614471    
   507.4286       97.30029       2.731763    
  -33.77417       84.70639       2.395708    
  -15.70986       84.70639       2.295067    
  -8.185690       84.70639       2.268773    
  -2.500000       84.70639       2.262343    
   2.481762       84.84047       2.269858    
   7.434425       85.14374       2.288397    
   12.38829       85.44250       2.315179    
   17.37068       85.59602       2.346098    
   22.36992       85.63330       2.377695    
   27.36889       85.67580       2.407247    
   32.36626       85.74669       2.432161    
   37.36148       85.84315       2.449884    
   42.35468       85.95895       2.459304    
   47.34677       86.08392       2.460720    
   52.33939       86.20448       2.454264    
   57.33461       86.30008       2.440331    
   62.33282       86.35486       2.420693    
   67.33237       86.35661       2.397666    
   72.33087       86.30669       2.372632    
   77.32610       86.21230       2.345942    
   82.31709       86.07966       2.317797    
   87.30524       85.92673       2.288794    
   92.29430       85.78013       2.259904    
   97.28818       85.67411       2.232503    
   102.2866       85.62716       2.208484    
   107.2863       85.60456       2.190027    
   112.2728       85.47575       2.179331    
   117.2255       85.17844       2.178615    
   122.1606       84.82110       2.190360    
   127.1186       84.54264       2.216831    
   132.1048       84.38613       2.259497    
   137.1018       84.31937       2.319175    
   142.1004       84.34019       2.395847    
   147.0855       84.49109       2.488442    
   152.0289       84.81246       2.595150    
   156.9416       85.22638       2.715192    
   161.8866       85.53673       2.847934    
   166.8759       85.65503       2.988403    
   171.8755       85.65790       3.127001    
   176.8751       85.63148       3.253797    
   181.8749       85.61840       3.360449    
   186.8749       85.61794       3.440246    
   191.8749       85.61810       3.489153    
   196.8749       85.61810       3.507076    
   201.8749       85.61810       3.498036    
   206.8749       85.61802       3.468666    
   211.8749       85.61914       3.426191    
   216.8748       85.62991       3.376992    
   221.8745       85.65736       3.326177    
   226.8739       85.68948       3.277680    
   231.8736       85.69088       3.234059    
   236.8703       85.62250       3.196323    
   241.8605       85.48617       3.164479    
   246.8531       85.37840       3.139241    
   251.8497       85.40344       3.122063    
   256.8403       85.53680       3.113612    
   261.8292       85.68442       3.113141    
   266.8226       85.79627       3.119505    
   271.8200       85.86406       3.131357    
   276.8195       85.88549       3.146506    
   281.8193       85.87220       3.162128    
   286.8188       85.84126       3.175253    
   291.8181       85.80219       3.183187    
   296.8170       85.75674       3.183497    
   301.8156       85.70303       3.173980    
   306.8141       85.65130       3.153375    
   311.8136       85.63272       3.121819    
   316.8123       85.60023       3.080709    
   321.7794       85.38776       3.032151    
   326.7076       85.01280       2.978952    
   331.6619       84.88596       2.923674    
   336.6017       85.18996       2.869326    
   341.4941       85.64894       2.819640    
   346.3997       86.07815       2.775847    
   351.3318       86.44146       2.739656    
   356.3008       86.66934       2.713061    
   361.2956       86.76245       2.697766    
   366.2939       86.82014       2.694755    
   371.2916       86.88777       2.703984    
   376.2886       86.96461       2.724633    
   381.2849       87.05051       2.755159    
   386.2799       87.14902       2.793420    
   391.2732       87.26426       2.836619    
   396.2645       87.39491       2.881570    
   401.2549       87.53254       2.924684    
   406.2462       87.66331       2.961822    
   411.2407       87.76619       2.988855    
   416.2387       87.82300       3.003065    
   421.2385       87.83997       3.003324    
   426.2385       87.84176       2.989093    
   431.2385       87.84920       2.961265    
   436.2343       87.91981       2.923332    
   441.2233       88.06612       2.879167    
   446.2118       88.21626       2.831125    
   451.2035       88.34385       2.781360    
   456.1937       88.48203       2.732252    
   461.1783       88.65514       2.687791    
   466.1624       88.83239       2.652829    
   471.1551       88.93765       2.628793    
   476.1545       88.96221       2.617107    
   481.8401       88.96335       2.621726    
   489.3643       88.96335       2.648924    
   507.4286       88.96335       2.757138    
  -33.77417       75.60016       2.452077    
  -15.70986       75.60016       2.369730    
  -8.185690       75.60016       2.346514    
  -2.500000       75.60016       2.339445    
   2.481762       75.70561       2.343332    
   7.434425       75.94414       2.354301    
   12.38829       76.17914       2.369888    
   17.37068       76.29989       2.388386    
   22.36992       76.32921       2.407693    
   27.36889       76.36263       2.426074    
   32.36626       76.41840       2.442004    
   37.36148       76.49427       2.454167    
   42.35468       76.58534       2.461131    
   47.34677       76.68364       2.462167    
   52.33939       76.77846       2.457535    
   57.33461       76.85366       2.447093    
   62.33282       76.89674       2.431030    
   67.33237       76.89812       2.411423    
   72.33087       76.85886       2.390972    
   77.32610       76.78461       2.370856    
   82.31709       76.68029       2.350819    
   87.30524       76.56001       2.330675    
   92.29430       76.44469       2.311074    
   97.28818       76.36131       2.293426    
   102.2866       76.32438       2.279713    
   107.2863       76.30660       2.272199    
   112.2728       76.20528       2.272915    
   117.2255       75.97144       2.283212    
   122.1606       75.69038       2.304049    
   127.1186       75.47135       2.336313    
   132.1048       75.34826       2.380725    
   137.1018       75.29574       2.437795    
   142.1004       75.31212       2.507469    
   147.0855       75.43081       2.588634    
   152.0289       75.68358       2.679122    
   156.9416       76.00915       2.777458    
   161.8866       76.25325       2.883330    
   166.8759       76.34630       2.994693    
   171.8755       76.34855       3.106747    
   176.8751       76.32778       3.213339    
   181.8749       76.31749       3.307844    
   186.8749       76.31712       3.384131    
   191.8749       76.31725       3.437864    
   196.8749       76.31725       3.467480    
   201.8749       76.31725       3.474345    
   206.8749       76.31718       3.462043    
   211.8749       76.31807       3.435283    
   216.8748       76.32654       3.398970    
   221.8745       76.34814       3.357626    
   226.8739       76.37340       3.315017    
   231.8736       76.37450       3.274001    
   236.8703       76.32071       3.236636    
   241.8605       76.21349       3.204428    
   246.8531       76.12872       3.178531    
   251.8497       76.14841       3.159486    
   256.8403       76.25331       3.147126    
   261.8292       76.36942       3.140629    
   266.8226       76.45739       3.138866    
   271.8200       76.51070       3.140597    
   276.8195       76.52757       3.144396    
   281.8193       76.51711       3.148637    
   286.8188       76.49277       3.151454    
   291.8181       76.46204       3.150915    
   296.8170       76.42630       3.145375    
   301.8156       76.38405       3.133729    
   306.8141       76.34336       3.115456    
   311.8136       76.32875       3.090523    
   316.8123       76.30320       3.059465    
   321.7794       76.13609       3.023396    
   326.7076       75.84116       2.984339    
   331.6619       75.74139       2.944344    
   336.6017       75.98050       2.905907    
   341.4941       76.34151       2.871897    
   346.3997       76.67910       2.842321    
   351.3318       76.96486       2.817204    
   356.3008       77.14410       2.797060    
   361.2956       77.21733       2.782803    
   366.2939       77.26270       2.775471    
   371.2916       77.31591       2.775344    
   376.2886       77.37634       2.782062    
   381.2849       77.44391       2.794878    
   386.2799       77.52139       2.812773    
   391.2732       77.61202       2.834460    
   396.2645       77.71479       2.858207    
   401.2549       77.82304       2.881454    
   406.2462       77.92590       2.901009    
   411.2407       78.00681       2.914279    
   416.2387       78.05150       2.919946    
   421.2385       78.06484       2.917093    
   426.2385       78.06626       2.905298    
   431.2385       78.07211       2.885736    
   436.2343       78.12765       2.860110    
   441.2233       78.24273       2.829842    
   446.2118       78.36082       2.796631    
   451.2035       78.46117       2.761663    
   456.1937       78.56985       2.727332    
   461.1783       78.70601       2.697486    
   466.1624       78.84543       2.674050    
   471.1551       78.92822       2.658584    
   476.1545       78.94754       2.652499    
   481.8401       78.94843       2.660556    
   489.3643       78.94843       2.687672    
   507.4286       78.94843       2.775088    
  -33.77417       56.32260       2.553715    
  -15.70986       56.32260       2.521648    
  -8.185690       56.32260       2.514488    
  -2.500000       56.32260       2.516893    
   2.481762       56.36747       2.526960    
   7.434425       56.46896       2.540970    
   12.38829       56.56895       2.555337    
   17.37068       56.62033       2.569700    
   22.36992       56.63280       2.584966    
   27.36889       56.64702       2.599909    
   32.36626       56.67075       2.613339    
   37.36148       56.70303       2.625306    
   42.35468       56.74178       2.635977    
   47.34677       56.78361       2.644092    
   52.33939       56.82395       2.649126    
   57.33461       56.85595       2.651840    
   62.33282       56.87428       2.651532    
   67.33237       56.87487       2.647230    
   72.33087       56.85816       2.640410    
   77.32610       56.82657       2.633490    
   82.31709       56.78218       2.627122    
   87.30524       56.73100       2.620570    
   92.29430       56.68194       2.613607    
   97.28818       56.64646       2.607085    
   102.2866       56.63075       2.602358    
   107.2863       56.62318       2.600859    
   112.2728       56.58007       2.603937    
   117.2255       56.48058       2.612768    
   122.1606       56.36099       2.628247    
   127.1186       56.26780       2.650974    
   132.1048       56.21542       2.681215    
   137.1018       56.19307       2.719159    
   142.1004       56.20005       2.764996    
   147.0855       56.25055       2.818537    
   152.0289       56.35809       2.878774    
   156.9416       56.49662       2.944570    
   161.8866       56.60048       3.015279    
   166.8759       56.64007       3.089406    
   171.8755       56.64103       3.164247    
   176.8751       56.63219       3.236673    
   181.8749       56.62782       3.303217    
   186.8749       56.62766       3.360480    
   191.8749       56.62771       3.405808    
   196.8749       56.62772       3.437819    
   201.8749       56.62771       3.456583    
   206.8749       56.62769       3.463405    
   211.8749       56.62806       3.460403    
   216.8748       56.63167       3.450095    
   221.8745       56.64086       3.435011    
   226.8739       56.65160       3.417377    
   231.8736       56.65207       3.398944    
   236.8703       56.62919       3.381027    
   241.8605       56.58356       3.364569    
   246.8531       56.54750       3.350081    
   251.8497       56.55588       3.337686    
   256.8403       56.60051       3.327293    
   261.8292       56.64991       3.318585    
   266.8226       56.68734       3.311037    
   271.8200       56.71003       3.304100    
   276.8195       56.71720       3.297296    
   281.8193       56.71275       3.290206    
   286.8188       56.70240       3.282423    
   291.8181       56.68932       3.273494    
   296.8170       56.67411       3.263002    
   301.8156       56.65614       3.250606    
   306.8141       56.63882       3.235984    
   311.8136       56.63261       3.218980    
   316.8123       56.62173       3.199661    
   321.7794       56.55063       3.178312    
   326.7076       56.42514       3.155519    
   331.6619       56.38269       3.131581    
   336.6017       56.48443       3.107079    
   341.4941       56.63803       3.082915    
   346.3997       56.78168       3.058888    
   351.3318       56.90327       3.035114    
   356.3008       56.97953       3.011878    
   361.2956       57.01069       2.989625    
   366.2939       57.02999       2.969157    
   371.2916       57.05263       2.951081    
   376.2886       57.07835       2.935637    
   381.2849       57.10709       2.922983    
   386.2799       57.14006       2.913431    
   391.2732       57.17862       2.907271    
   396.2645       57.22235       2.903964    
   401.2549       57.26841       2.902008    
   406.2462       57.31217       2.900360    
   411.2407       57.34660       2.898853    
   416.2387       57.36561       2.896648    
   421.2385       57.37129       2.892554    
   426.2385       57.37189       2.886792    
   431.2385       57.37438       2.879590    
   436.2343       57.39801       2.870573    
   441.2233       57.44698       2.860420    
   446.2118       57.49723       2.849041    
   451.2035       57.53992       2.836753    
   456.1937       57.58617       2.824998    
   461.1783       57.64410       2.814012    
   466.1624       57.70342       2.805059    
   471.1551       57.73865       2.797440    
   476.1545       57.74687       2.792110    
   481.8401       57.74725       2.790509    
   489.3643       57.74725       2.791882    
   507.4286       57.74725       2.900071    
