        1545
  -33.77417       136.6885       2.112773    
  -15.70986       136.6885       1.794051    
  -8.185690       136.6885       1.642607    
  -2.500000       136.6885       1.678847    
   2.481762       136.9860       1.973030    
   7.434425       137.6588       1.864846    
   12.38829       138.3216       1.542788    
   17.37068       138.6622       1.243252    
   22.36992       138.7449       1.674560    
   27.36889       138.8391       1.574906    
   32.36626       138.9964       1.555384    
   37.36148       139.2104       1.566110    
   42.35468       139.4673       1.755121    
   47.34677       139.7446       1.832774    
   52.33939       140.0120       1.790355    
   57.33461       140.2241       1.769909    
   62.33282       140.3456       1.531395    
   67.33237       140.3495       1.700726    
   72.33087       140.2388       1.590934    
   77.32610       140.0294       1.679997    
   82.31709       139.7351       1.547993    
   87.30524       139.3958       1.492614    
   92.29430       139.0706       1.398797    
   97.28818       138.8354       1.281185    
   102.2866       138.7312       1.313859    
   107.2863       138.6811       1.566210    
   112.2728       138.3953       1.569353    
   117.2255       137.7357       1.673278    
   122.1606       136.9430       1.633223    
   127.1186       136.3252       1.469976    
   132.1048       135.9780       1.597934    
   137.1018       135.8299       1.547661    
   142.1004       135.8761       1.441439    
   147.0855       136.2108       1.510606    
   152.0289       136.9238       1.613912    
   156.9416       137.8421       1.667376    
   161.8866       138.5306       1.814500    
   166.8759       138.7930       1.658738    
   171.8755       138.7994       1.493197    
   176.8751       138.7408       1.332834    
   181.8749       138.7118       1.313525    
   186.8749       138.7108       1.052399    
   191.8749       138.7111       1.337668    
   196.8749       138.7112       1.432032    
   201.8749       138.7111       1.621103    
   206.8749       138.7109       1.538553    
   211.8749       138.7134       1.542479    
   216.8748       138.7373       1.532615    
   221.8745       138.7983       1.373592    
   226.8739       138.8695       1.673578    
   231.8736       138.8726       1.403475    
   236.8703       138.7209       1.383275    
   241.8605       138.4185       1.283340    
   246.8531       138.1794       1.039644    
   251.8497       138.2349       1.055268    
   256.8403       138.5308       1.487916    
   261.8292       138.8582       1.618896    
   266.8226       139.1064       1.616132    
   271.8200       139.2568       1.548554    
   276.8195       139.3043       1.629769    
   281.8193       139.2749       1.878726    
   286.8188       139.2062       1.580060    
   291.8181       139.1195       1.436714    
   296.8170       139.0187       1.415565    
   301.8156       138.8996       1.518077    
   306.8141       138.7848       1.742356    
   311.8136       138.7435       1.516520    
   316.8123       138.6715       1.330363    
   321.7794       138.2001       1.289732    
   326.7076       137.3683       1.452946    
   331.6619       137.0869       1.542514    
   336.6017       137.7613       1.258662    
   341.4941       138.7795      0.9142014    
   346.3997       139.7317       1.421662    
   351.3318       140.5377       1.238892    
   356.3008       141.0433       1.612473    
   361.2956       141.2499       1.676407    
   366.2939       141.3779       1.203769    
   371.2916       141.5279      0.9844414    
   376.2886       141.6984      0.9389319    
   381.2849       141.8889      0.9678263    
   386.2799       142.1075      0.8428195    
   391.2732       142.3631       1.049883    
   396.2645       142.6530      0.9997799    
   401.2549       142.9583      0.7743536    
   406.2462       143.2484      0.6482167    
   411.2407       143.4767      0.6841736    
   416.2387       143.6027      0.7435480    
   421.2385       143.6403      0.6487104    
   426.2385       143.6443      0.7065465    
   431.2385       143.6608      0.6682055    
   436.2343       143.8174      0.9086175    
   441.2233       144.1421      0.8644621    
   446.2118       144.4751      0.7339010    
   451.2035       144.7582      0.6868557    
   456.1937       145.0647       1.018100    
   461.1783       145.4488       1.610194    
   466.1624       145.8420       1.276334    
   471.1551       146.0755       1.176079    
   476.1545       146.1300       1.434568    
   481.8401       146.1326       1.860698    
   489.3643       146.1326       2.110352    
   507.4286       146.1326       2.425487    
  -33.77417       134.0858       2.115455    
  -15.70986       134.0858       1.802596    
  -8.185690       134.0858       1.631553    
  -2.500000       134.0858       1.462510    
   2.481762       134.3752       1.507030    
   7.434425       135.0294       1.210382    
   12.38829       135.6740       1.213469    
   17.37068       136.0052       1.314853    
   22.36992       136.0857       1.208004    
   27.36889       136.1774       1.050046    
   32.36626       136.3303       1.128132    
   37.36148       136.5384       1.230429    
   42.35468       136.7882       1.265991    
   47.34677       137.0579       1.405885    
   52.33939       137.3180       1.436169    
   57.33461       137.5242       1.221792    
   62.33282       137.6424       1.270238    
   67.33237       137.6462       1.222043    
   72.33087       137.5385      0.9659828    
   77.32610       137.3349       1.084351    
   82.31709       137.0487       1.085022    
   87.30524       136.7188       1.280111    
   92.29430       136.4025       1.213786    
   97.28818       136.1738      0.9258229    
   102.2866       136.0724       1.250364    
   107.2863       136.0237      0.8435107    
   112.2728       135.7457       1.026579    
   117.2255       135.1043      0.8803952    
   122.1606       134.3334       1.171542    
   127.1186       133.7326       1.367993    
   132.1048       133.3949       1.574430    
   137.1018       133.2509       1.520003    
   142.1004       133.2958       1.402430    
   147.0855       133.6214       1.298983    
   152.0289       134.3147       1.402215    
   156.9416       135.2077       1.166032    
   161.8866       135.8773       1.144540    
   166.8759       136.1325       1.098038    
   171.8755       136.1387      0.9438002    
   176.8751       136.0817       1.027449    
   181.8749       136.0535      0.8508613    
   186.8749       136.0525       1.212632    
   191.8749       136.0529      0.7857869    
   196.8749       136.0529      0.8907530    
   201.8749       136.0529      0.9631490    
   206.8749       136.0527       1.124225    
   211.8749       136.0551       1.185759    
   216.8748       136.0783       1.129820    
   221.8745       136.1376      0.9370328    
   226.8739       136.2069      0.9597512    
   231.8736       136.2099      0.6247519    
   236.8703       136.0623      0.8810394    
   241.8605       135.7682      0.7363523    
   246.8531       135.5358      0.9225439    
   251.8497       135.5898       1.131113    
   256.8403       135.8775      0.8778295    
   261.8292       136.1960      0.9413127    
   266.8226       136.4373      0.7893532    
   271.8200       136.5835       1.266140    
   276.8195       136.6297       1.264884    
   281.8193       136.6011       1.038233    
   286.8188       136.5343       1.045108    
   291.8181       136.4500       1.059052    
   296.8170       136.3520      0.9910463    
   301.8156       136.2361      0.8027052    
   306.8141       136.1245      0.8040141    
   311.8136       136.0844      0.8240411    
   316.8123       136.0143       1.139360    
   321.7794       135.5559       1.524421    
   326.7076       134.7469       1.053290    
   331.6619       134.4733       1.018709    
   336.6017       135.1292       1.152984    
   341.4941       136.1194       1.409575    
   346.3997       137.0454       1.435724    
   351.3318       137.8293       1.070536    
   356.3008       138.3209       1.245223    
   361.2956       138.5218      0.8724186    
   366.2939       138.6463      0.8911688    
   371.2916       138.7922      0.9713004    
   376.2886       138.9579       1.496434    
   381.2849       139.1433       1.269878    
   386.2799       139.3558       1.571731    
   391.2732       139.6044       1.009146    
   396.2645       139.8863       1.325756    
   401.2549       140.1832       1.517494    
   406.2462       140.4654       1.495460    
   411.2407       140.6873       1.248788    
   416.2387       140.8099       1.289884    
   421.2385       140.8465       1.232131    
   426.2385       140.8504       1.267816    
   431.2385       140.8664       1.437899    
   436.2343       141.0188       1.475830    
   441.2233       141.3345       1.365669    
   446.2118       141.6584       1.114599    
   451.2035       141.9337       1.070637    
   456.1937       142.2318       1.048156    
   461.1783       142.6053       1.078819    
   466.1624       142.9877       1.551015    
   471.1551       143.2148       1.674006    
   476.1545       143.2677       1.723980    
   481.8401       143.2702       1.920023    
   489.3643       143.2702       2.127257    
   507.4286       143.2702       2.430994    
  -33.77417       131.3152       2.120198    
  -15.70986       131.3152       1.818617    
  -8.185690       131.3152       1.647194    
  -2.500000       131.3152       1.468380    
   2.481762       131.5958       1.385448    
   7.434425       132.2304       1.160958    
   12.38829       132.8556       1.252635    
   17.37068       133.1768       1.466282    
   22.36992       133.2549       1.332938    
   27.36889       133.3438       1.185366    
   32.36626       133.4921       1.229479    
   37.36148       133.6940       1.315261    
   42.35468       133.9363       1.264179    
   47.34677       134.1978       1.313385    
   52.33939       134.4500       1.429226    
   57.33461       134.6501       1.319140    
   62.33282       134.7647       1.312256    
   67.33237       134.7684       1.308036    
   72.33087       134.6640       1.367059    
   77.32610       134.4664       1.488760    
   82.31709       134.1889       1.598332    
   87.30524       133.8689       1.633548    
   92.29430       133.5621       1.533131    
   97.28818       133.3403       1.369828    
   102.2866       133.2420       1.546048    
   107.2863       133.1947       1.262818    
   112.2728       132.9252       1.329085    
   117.2255       132.3031       1.227558    
   122.1606       131.5553       1.275957    
   127.1186       130.9726       1.414496    
   132.1048       130.6451       1.542233    
   137.1018       130.5054       1.507317    
   142.1004       130.5490       1.406553    
   147.0855       130.8647       1.325587    
   152.0289       131.5372       1.381955    
   156.9416       132.4034       1.230199    
   161.8866       133.0527       1.281918    
   166.8759       133.3003       1.318582    
   171.8755       133.3063       1.304503    
   176.8751       133.2510       1.353475    
   181.8749       133.2236       1.054927    
   186.8749       133.2227       1.511859    
   191.8749       133.2231       1.026418    
   196.8749       133.2231       1.309815    
   201.8749       133.2231       1.130375    
   206.8749       133.2229      0.8399214    
   211.8749       133.2252       1.304398    
   216.8748       133.2477       1.035725    
   221.8745       133.3052       1.220816    
   226.8739       133.3724       1.262898    
   231.8736       133.3753       1.144398    
   236.8703       133.2322       1.220364    
   241.8605       132.9470       1.256343    
   246.8531       132.7215       1.335788    
   251.8497       132.7738       1.479510    
   256.8403       133.0529       1.354655    
   261.8292       133.3618       1.352156    
   266.8226       133.5959       1.085804    
   271.8200       133.7377       1.356773    
   276.8195       133.7825       1.169818    
   281.8193       133.7548       1.003847    
   286.8188       133.6900       1.033754    
   291.8181       133.6082       1.188673    
   296.8170       133.5132       1.261213    
   301.8156       133.4008       1.328644    
   306.8141       133.2925       1.300474    
   311.8136       133.2536       1.359278    
   316.8123       133.1856       1.414622    
   321.7794       132.7410       1.464755    
   326.7076       131.9564       1.232142    
   331.6619       131.6910       1.273928    
   336.6017       132.3271       1.480268    
   341.4941       133.2876       1.684514    
   346.3997       134.1857       1.535760    
   351.3318       134.9460       1.254827    
   356.3008       135.4228       1.418362    
   361.2956       135.6176       1.273502    
   366.2939       135.7384       1.442180    
   371.2916       135.8799       1.624545    
   376.2886       136.0407       1.929520    
   381.2849       136.2204       1.733038    
   386.2799       136.4265       1.932372    
   391.2732       136.6677       1.087538    
   396.2645       136.9411       1.651483    
   401.2549       137.2291       2.017495    
   406.2462       137.5027       2.043978    
   411.2407       137.7180       1.864438    
   416.2387       137.8369       1.816677    
   421.2385       137.8724       1.803045    
   426.2385       137.8761       1.857210    
   431.2385       137.8917       1.938973    
   436.2343       138.0394       1.930182    
   441.2233       138.3456       1.796016    
   446.2118       138.6598       1.560918    
   451.2035       138.9268       1.355356    
   456.1937       139.2159       1.070461    
   461.1783       139.5782      0.9471329    
   466.1624       139.9491       1.579642    
   471.1551       140.1694       1.840715    
   476.1545       140.2207       1.900276    
   481.8401       140.2231       2.004888    
   489.3643       140.2231       2.162691    
   507.4286       140.2231       2.443606    
  -33.77417       128.3538       2.129041    
  -15.70986       128.3538       1.845904    
  -8.185690       128.3538       1.694887    
  -2.500000       128.3538       1.559962    
   2.481762       128.6251       1.486683    
   7.434425       129.2386       1.406452    
   12.38829       129.8431       1.518625    
   17.37068       130.1537       1.710343    
   22.36992       130.2291       1.660229    
   27.36889       130.3151       1.547910    
   32.36626       130.4585       1.520665    
   37.36148       130.6536       1.528066    
   42.35468       130.8879       1.448897    
   47.34677       131.1408       1.431559    
   52.33939       131.3846       1.510366    
   57.33461       131.5780       1.529563    
   62.33282       131.6889       1.544289    
   67.33237       131.6924       1.610030    
   72.33087       131.5914       1.744402    
   77.32610       131.4005       1.893853    
   82.31709       131.1322       1.996762    
   87.30524       130.8228       2.015939    
   92.29430       130.5262       1.976332    
   97.28818       130.3116       1.906705    
   102.2866       130.2167       1.924736    
   107.2863       130.1709       1.736153    
   112.2728       129.9104       1.735585    
   117.2255       129.3089       1.630973    
   122.1606       128.5859       1.576866    
   127.1186       128.0226       1.574035    
   132.1048       127.7059       1.586425    
   137.1018       127.5708       1.545171    
   142.1004       127.6130       1.470565    
   147.0855       127.9183       1.436666    
   152.0289       128.5684       1.490749    
   156.9416       129.4059       1.472462    
   161.8866       130.0337       1.557020    
   166.8759       130.2731       1.673156    
   171.8755       130.2789       1.743321    
   176.8751       130.2254       1.781977    
   181.8749       130.1989       1.638686    
   186.8749       130.1980       1.881214    
   191.8749       130.1983       1.616439    
   196.8749       130.1983       1.729092    
   201.8749       130.1983       1.474913    
   206.8749       130.1982       1.128461    
   211.8749       130.2005       1.443207    
   216.8748       130.2222       1.231486    
   221.8745       130.2778       1.447370    
   226.8739       130.3428       1.572533    
   231.8736       130.3456       1.571221    
   236.8703       130.2072       1.637790    
   241.8605       129.9314       1.713076    
   246.8531       129.7134       1.787723    
   251.8497       129.7641       1.870943    
   256.8403       130.0339       1.838632    
   261.8292       130.3325       1.793020    
   266.8226       130.5588       1.565736    
   271.8200       130.6960       1.555271    
   276.8195       130.7393       1.389740    
   281.8193       130.7124       1.347607    
   286.8188       130.6498       1.384278    
   291.8181       130.5708       1.551245    
   296.8170       130.4788       1.641659    
   301.8156       130.3701       1.755583    
   306.8141       130.2655       1.775613    
   311.8136       130.2279       1.788316    
   316.8123       130.1622       1.772477    
   321.7794       129.7323       1.733654    
   326.7076       128.9738       1.691014    
   331.6619       128.7171       1.772125    
   336.6017       129.3322       1.910233    
   341.4941       130.2607       1.965270    
   346.3997       131.1291       1.756675    
   351.3318       131.8641       1.551041    
   356.3008       132.3251       1.693191    
   361.2956       132.5135       1.718646    
   366.2939       132.6302       1.879190    
   371.2916       132.7671       2.050438    
   376.2886       132.9225       2.241090    
   381.2849       133.0963       2.153026    
   386.2799       133.2955       2.221482    
   391.2732       133.5287       1.692343    
   396.2645       133.7930       2.028413    
   401.2549       134.0715       2.377984    
   406.2462       134.3360       2.468825    
   411.2407       134.5442       2.379379    
   416.2387       134.6591       2.325505    
   421.2385       134.6935       2.309037    
   426.2385       134.6971       2.328698    
   431.2385       134.7121       2.342189    
   436.2343       134.8550       2.288106    
   441.2233       135.1510       2.143270    
   446.2118       135.4547       1.921187    
   451.2035       135.7129       1.668977    
   456.1937       135.9924       1.395647    
   461.1783       136.3427       1.324852    
   466.1624       136.7012       1.715971    
   471.1551       136.9142       1.957347    
   476.1545       136.9639       2.029521    
   481.8401       136.9662       2.094982    
   489.3643       136.9662       2.211752    
   507.4286       136.9662       2.463282    
  -33.77417       125.1739       2.143906    
  -15.70986       125.1739       1.880393    
  -8.185690       125.1739       1.760456    
  -2.500000       125.1739       1.681320    
   2.481762       125.4352       1.657363    
   7.434425       126.0261       1.677539    
   12.38829       126.6083       1.814347    
   17.37068       126.9075       1.993586    
   22.36992       126.9801       2.023262    
   27.36889       127.0629       1.960397    
   32.36626       127.2010       1.899858    
   37.36148       127.3890       1.847000    
   42.35468       127.6146       1.749409    
   47.34677       127.8582       1.691849    
   52.33939       128.0931       1.707351    
   57.33461       128.2793       1.731977    
   62.33282       128.3861       1.803516    
   67.33237       128.3895       1.897109    
   72.33087       128.2923       2.037079    
   77.32610       128.1083       2.187291    
   82.31709       127.8499       2.296054    
   87.30524       127.5519       2.336217    
   92.29430       127.2662       2.332342    
   97.28818       127.0596       2.300068    
   102.2866       126.9681       2.254898    
   107.2863       126.9241       2.113195    
   112.2728       126.6731       2.050096    
   117.2255       126.0938       1.951580    
   122.1606       125.3975       1.850596    
   127.1186       124.8549       1.764560    
   132.1048       124.5499       1.694608    
   137.1018       124.4198       1.632079    
   142.1004       124.4603       1.581812    
   147.0855       124.7544       1.590513    
   152.0289       125.3806       1.668672    
   156.9416       126.1872       1.750522    
   161.8866       126.7919       1.890176    
   166.8759       127.0225       2.042205    
   171.8755       127.0280       2.166986    
   176.8751       126.9765       2.222436    
   181.8749       126.9510       2.177230    
   186.8749       126.9501       2.287774    
   191.8749       126.9505       2.154636    
   196.8749       126.9505       2.134505    
   201.8749       126.9505       1.904882    
   206.8749       126.9503       1.654387    
   211.8749       126.9525       1.720338    
   216.8748       126.9735       1.640249    
   221.8745       127.0270       1.757706    
   226.8739       127.0896       1.865557    
   231.8736       127.0923       1.924874    
   236.8703       126.9591       1.997974    
   241.8605       126.6934       2.075721    
   246.8531       126.4834       2.143251    
   251.8497       126.5322       2.198977    
   256.8403       126.7921       2.199932    
   261.8292       127.0797       2.146944    
   266.8226       127.2977       1.984175    
   271.8200       127.4297       1.892056    
   276.8195       127.4715       1.769745    
   281.8193       127.4456       1.787879    
   286.8188       127.3853       1.847911    
   291.8181       127.3092       1.983130    
   296.8170       127.2206       2.076553    
   301.8156       127.1160       2.170142    
   306.8141       127.0152       2.203811    
   311.8136       126.9790       2.202636    
   316.8123       126.9157       2.174277    
   321.7794       126.5017       2.145398    
   326.7076       125.7710       2.145920    
   331.6619       125.5238       2.196454    
   336.6017       126.1162       2.253203    
   341.4941       127.0106       2.206545    
   346.3997       127.8469       1.991957    
   351.3318       128.5549       1.836304    
   356.3008       128.9989       1.902871    
   361.2956       129.1804       1.995857    
   366.2939       129.2928       2.143161    
   371.2916       129.4245       2.287668    
   376.2886       129.5742       2.423189    
   381.2849       129.7417       2.419855    
   386.2799       129.9336       2.441228    
   391.2732       130.1582       2.196494    
   396.2645       130.4128       2.372031    
   401.2549       130.6809       2.650027    
   406.2462       130.9357       2.782181    
   411.2407       131.1362       2.765740    
   416.2387       131.2469       2.726091    
   421.2385       131.2800       2.700491    
   426.2385       131.2835       2.686537    
   431.2385       131.2979       2.654789    
   436.2343       131.4355       2.569970    
   441.2233       131.7207       2.418571    
   446.2118       132.0132       2.211309    
   451.2035       132.2618       1.980052    
   456.1937       132.5311       1.774009    
   461.1783       132.8684       1.730035    
   466.1624       133.2138       1.924680    
   471.1551       133.4189       2.079751    
   476.1545       133.4668       2.139455    
   481.8401       133.4690       2.184848    
   489.3643       133.4690       2.267868    
   507.4286       133.4690       2.489703    
  -33.77417       121.7413       2.161726    
  -15.70986       121.7413       1.922788    
  -8.185690       121.7413       1.835359    
  -2.500000       121.7413       1.799984    
   2.481762       121.9919       1.823294    
   7.434425       122.5584       1.903744    
   12.38829       123.1165       2.062259    
   17.37068       123.4034       2.244761    
   22.36992       123.4730       2.332101    
   27.36889       123.5524       2.323168    
   32.36626       123.6848       2.271761    
   37.36148       123.8650       2.199676    
   42.35468       124.0813       2.097894    
   47.34677       124.3148       2.018444    
   52.33939       124.5400       1.988548    
   57.33461       124.7186       2.001270    
   62.33282       124.8209       2.065334    
   67.33237       124.8242       2.154672    
   72.33087       124.7309       2.277935    
   77.32610       124.5546       2.408643    
   82.31709       124.3068       2.509767    
   87.30524       124.0211       2.561650    
   92.29430       123.7473       2.572977    
   97.28818       123.5492       2.548321    
   102.2866       123.4615       2.485518    
   107.2863       123.4193       2.373175    
   112.2728       123.1786       2.283100    
   117.2255       122.6232       2.175582    
   122.1606       121.9557       2.052335    
   127.1186       121.4355       1.929602    
   132.1048       121.1431       1.823165    
   137.1018       121.0183       1.749154    
   142.1004       121.0573       1.719751    
   147.0855       121.3392       1.760290    
   152.0289       121.9395       1.866305    
   156.9416       122.7128       2.005105    
   161.8866       123.2925       2.184771    
   166.8759       123.5135       2.373536    
   171.8755       123.5189       2.534043    
   176.8751       123.4696       2.612625    
   181.8749       123.4451       2.626672    
   186.8749       123.4443       2.673357    
   191.8749       123.4446       2.593037    
   196.8749       123.4446       2.512062    
   201.8749       123.4446       2.322117    
   206.8749       123.4444       2.134925    
   211.8749       123.4465       2.099598    
   216.8748       123.4666       2.055665    
   221.8745       123.5179       2.103177    
   226.8739       123.5779       2.184080    
   231.8736       123.5806       2.241311    
   236.8703       123.4528       2.302417    
   241.8605       123.1981       2.366863    
   246.8531       122.9968       2.420058    
   251.8497       123.0435       2.459040    
   256.8403       123.2927       2.468445    
   261.8292       123.5684       2.430627    
   266.8226       123.7774       2.331904    
   271.8200       123.9041       2.257055    
   276.8195       123.9441       2.190278    
   281.8193       123.9193       2.207424    
   286.8188       123.8614       2.274187    
   291.8181       123.7885       2.380419    
   296.8170       123.7036       2.471963    
   301.8156       123.6032       2.549927    
   306.8141       123.5066       2.585387    
   311.8136       123.4719       2.582683    
   316.8123       123.4112       2.553020    
   321.7794       123.0143       2.523562    
   326.7076       122.3138       2.516339    
   331.6619       122.0768       2.524198    
   336.6017       122.6448       2.504076    
   341.4941       123.5022       2.397922    
   346.3997       124.3040       2.205707    
   351.3318       124.9827       2.072314    
   356.3008       125.4084       2.084589    
   361.2956       125.5824       2.164596    
   366.2939       125.6901       2.284904    
   371.2916       125.8165       2.408870    
   376.2886       125.9600       2.523094    
   381.2849       126.1205       2.574626    
   386.2799       126.3045       2.607596    
   391.2732       126.5198       2.540775    
   396.2645       126.7639       2.655481    
   401.2549       127.0210       2.860735    
   406.2462       127.2653       3.001686    
   411.2407       127.4575       3.035812    
   416.2387       127.5636       3.018460    
   421.2385       127.5953       2.988429    
   426.2385       127.5986       2.950198    
   431.2385       127.6125       2.888859    
   436.2343       127.7445       2.785637    
   441.2233       128.0178       2.635375    
   446.2118       128.2982       2.449462    
   451.2035       128.5366       2.257158    
   456.1937       128.7948       2.104132    
   461.1783       129.1181       2.060111    
   466.1624       129.4493       2.134595    
   471.1551       129.6459       2.207562    
   476.1545       129.6918       2.240628    
   481.8401       129.6939       2.269060    
   489.3643       129.6939       2.330819    
   507.4286       129.6939       2.523821    
  -33.77417       118.0135       2.181049    
  -15.70986       118.0135       1.969102    
  -8.185690       118.0135       1.910439    
  -2.500000       118.0135       1.905058    
   2.481762       118.2522       1.956450    
   7.434425       118.7923       2.066184    
   12.38829       119.3243       2.234872    
   17.37068       119.5977       2.419820    
   22.36992       119.6640       2.545777    
   27.36889       119.7397       2.588170    
   32.36626       119.8660       2.568417    
   37.36148       120.0378       2.507624    
   42.35468       120.2439       2.420285    
   47.34677       120.4665       2.341397    
   52.33939       120.6811       2.293336    
   57.33461       120.8514       2.284472    
   62.33282       120.9489       2.320285    
   67.33237       120.9520       2.386685    
   72.33087       120.8632       2.479265    
   77.32610       120.6951       2.576097    
   82.31709       120.4589       2.652733    
   87.30524       120.1866       2.694905    
   92.29430       119.9255       2.701149    
   97.28818       119.7367       2.671999    
   102.2866       119.6531       2.608210    
   107.2863       119.6129       2.514434    
   112.2728       119.3835       2.416302    
   117.2255       118.8540       2.302346    
   122.1606       118.2177       2.174128    
   127.1186       117.7218       2.046604    
   132.1048       117.4431       1.938295    
   137.1018       117.3242       1.871030    
   142.1004       117.3613       1.862357    
   147.0855       117.6301       1.925162    
   152.0289       118.2023       2.050267    
   156.9416       118.9394       2.219553    
   161.8866       119.4921       2.425465    
   166.8759       119.7027       2.637562    
   171.8755       119.7078       2.816014    
   176.8751       119.6608       2.924508    
   181.8749       119.6375       2.975645    
   186.8749       119.6367       3.000229    
   191.8749       119.6370       2.940780    
   196.8749       119.6370       2.842428    
   201.8749       119.6370       2.686294    
   206.8749       119.6368       2.537516    
   211.8749       119.6388       2.464536    
   216.8748       119.6580       2.420936    
   221.8745       119.7069       2.433530    
   226.8739       119.7641       2.478126    
   231.8736       119.7666       2.517653    
   236.8703       119.6448       2.557883    
   241.8605       119.4020       2.601108    
   246.8531       119.2101       2.637616    
   251.8497       119.2547       2.663944    
   256.8403       119.4922       2.673900    
   261.8292       119.7551       2.655361    
   266.8226       119.9542       2.607146    
   271.8200       120.0750       2.566279    
   276.8195       120.1131       2.542547    
   281.8193       120.0895       2.567796    
   286.8188       120.0343       2.632843    
   291.8181       119.9648       2.722338    
   296.8170       119.8839       2.806878    
   301.8156       119.7882       2.873734    
   306.8141       119.6961       2.905575    
   311.8136       119.6630       2.900977    
   316.8123       119.6051       2.869497    
   321.7794       119.2268       2.829869    
   326.7076       118.5591       2.796408    
   331.6619       118.3332       2.757959    
   336.6017       118.8746       2.681597    
   341.4941       119.6919       2.547269    
   346.3997       120.4562       2.376712    
   351.3318       121.1031       2.253505    
   356.3008       121.5089       2.228607    
   361.2956       121.6748       2.275322    
   366.2939       121.7775       2.364504    
   371.2916       121.8979       2.470553    
   376.2886       122.0348       2.575527    
   381.2849       122.1877       2.656549    
   386.2799       122.3631       2.719081    
   391.2732       122.5684       2.750864    
   396.2645       122.8010       2.855577    
   401.2549       123.0461       3.012594    
   406.2462       123.2790       3.143350    
   411.2407       123.4621       3.204125    
   416.2387       123.5633       3.207454    
   421.2385       123.5935       3.179504    
   426.2385       123.5967       3.128874    
   431.2385       123.6100       3.052077    
   436.2343       123.7357       2.942415    
   441.2233       123.9963       2.801622    
   446.2118       124.2636       2.641216    
   451.2035       124.4909       2.484782    
   456.1937       124.7369       2.362045    
   461.1783       125.0452       2.306679    
   466.1624       125.3608       2.312732    
   471.1551       125.5482       2.327586    
   476.1545       125.5920       2.333073    
   481.8401       125.5940       2.347498    
   489.3643       125.5940       2.394104    
   507.4286       125.5940       2.564588    
  -33.77417       113.9358       2.203245    
  -15.70986       113.9358       2.017599    
  -8.185690       113.9358       1.978198    
  -2.500000       113.9358       1.991271    
   2.481762       114.1617       2.054597    
   7.434425       114.6728       2.170614    
   12.38829       115.1762       2.332977    
   17.37068       115.4350       2.509524    
   22.36992       115.4978       2.652261    
   27.36889       115.5694       2.733300    
   32.36626       115.6889       2.753504    
   37.36148       115.8514       2.725191    
   42.35468       116.0465       2.666977    
   47.34677       116.2571       2.604863    
   52.33939       116.4603       2.558146    
   57.33461       116.6214       2.537209    
   62.33282       116.7137       2.545661    
   67.33237       116.7167       2.578581    
   72.33087       116.6326       2.630119    
   77.32610       116.4735       2.683661    
   82.31709       116.2499       2.723566    
   87.30524       115.9922       2.740282    
   92.29430       115.7452       2.729461    
   97.28818       115.5665       2.691168    
   102.2866       115.4874       2.628481    
   107.2863       115.4493       2.545743    
   112.2728       115.2323       2.450138    
   117.2255       114.7313       2.340472    
   122.1606       114.1291       2.223100    
   127.1186       113.6599       2.112098    
   132.1048       113.3961       2.023614    
   137.1018       113.2836       1.977420    
   142.1004       113.3186       1.991059    
   147.0855       113.5730       2.070329    
   152.0289       114.1145       2.205717    
   156.9416       114.8120       2.386366    
   161.8866       115.3350       2.600351    
   166.8759       115.5344       2.819623    
   171.8755       115.5392       3.009824    
   176.8751       115.4947       3.145533    
   181.8749       115.4726       3.225940    
   186.8749       115.4719       3.253759    
   191.8749       115.4722       3.210335    
   196.8749       115.4722       3.118326    
   201.8749       115.4722       2.990467    
   206.8749       115.4720       2.866371    
   211.8749       115.4739       2.782461    
   216.8748       115.4921       2.732177    
   221.8745       115.5383       2.721687    
   226.8739       115.5924       2.735313    
   231.8736       115.5948       2.751134    
   236.8703       115.4796       2.768269    
   241.8605       115.2498       2.789366    
   246.8531       115.0682       2.809476    
   251.8497       115.1104       2.825255    
   256.8403       115.3352       2.834402    
   261.8292       115.5839       2.832476    
   266.8226       115.7724       2.820551    
   271.8200       115.8866       2.813238    
   276.8195       115.9228       2.820954    
   281.8193       115.9004       2.857613    
   286.8188       115.8482       2.920925    
   291.8181       115.7824       2.998893    
   296.8170       115.7058       3.072250    
   301.8156       115.6153       3.126595    
   306.8141       115.5281       3.149661    
   311.8136       115.4968       3.139256    
   316.8123       115.4420       3.101596    
   321.7794       115.0840       3.047165    
   326.7076       114.4521       2.984061    
   331.6619       114.2384       2.906138    
   336.6017       114.7507       2.796276    
   341.4941       115.5241       2.654743    
   346.3997       116.2474       2.503545    
   351.3318       116.8596       2.389522    
   356.3008       117.2437       2.343660    
   361.2956       117.4006       2.359608    
   366.2939       117.4977       2.419728    
   371.2916       117.6117       2.506495    
   376.2886       117.7412       2.602215    
   381.2849       117.8860       2.695080    
   386.2799       118.0519       2.781377    
   391.2732       118.2462       2.861563    
   396.2645       118.4663       2.969803    
   401.2549       118.6983       3.100030    
   406.2462       118.9186       3.214781    
   411.2407       119.0920       3.283206    
   416.2387       119.1877       3.300557    
   421.2385       119.2163       3.278877    
   426.2385       119.2194       3.226511    
   431.2385       119.2319       3.147441    
   436.2343       119.3509       3.042867    
   441.2233       119.5975       2.917710    
   446.2118       119.8504       2.782718    
   451.2035       120.0655       2.653681    
   456.1937       120.2983       2.547595    
   461.1783       120.5900       2.480938    
   466.1624       120.8887       2.448139    
   471.1551       121.0661       2.428246    
   476.1545       121.1075       2.414594    
   481.8401       121.1095       2.419554    
   489.3643       121.1095       2.456176    
   507.4286       121.1095       2.607897    
  -33.77417       109.4377       2.229891    
  -15.70986       109.4377       2.065503    
  -8.185690       109.4377       2.035975    
  -2.500000       109.4377       2.056813    
   2.481762       109.6495       2.120612    
   7.434425       110.1285       2.227650    
   12.38829       110.6005       2.369348    
   17.37068       110.8431       2.524245    
   22.36992       110.9020       2.662630    
   27.36889       110.9691       2.762069    
   32.36626       111.0811       2.814536    
   37.36148       111.2335       2.823708    
   42.35468       111.4164       2.801980    
   47.34677       111.6138       2.767062    
   52.33939       111.8043       2.733656    
   57.33461       111.9553       2.709531    
   62.33282       112.0418       2.697367    
   67.33237       112.0446       2.697048    
   72.33087       111.9657       2.706171    
   77.32610       111.8166       2.716028    
   82.31709       111.6071       2.718070    
   87.30524       111.3655       2.706527    
   92.29430       111.1339       2.677591    
   97.28818       110.9664       2.630970    
   102.2866       110.8923       2.569253    
   107.2863       110.8566       2.494649    
   112.2728       110.6531       2.408920    
   117.2255       110.1834       2.314578    
   122.1606       109.6189       2.220096    
   127.1186       109.1790       2.137601    
   132.1048       108.9318       2.079499    
   137.1018       108.8263       2.061644    
   142.1004       108.8592       2.097640    
   147.0855       109.0976       2.188748    
   152.0289       109.6052       2.326973    
   156.9416       110.2591       2.505649    
   161.8866       110.7494       2.713420    
   166.8759       110.9363       2.927476    
   171.8755       110.9408       3.121269    
   176.8751       110.8991       3.275459    
   181.8749       110.8784       3.380624    
   186.8749       110.8776       3.427171    
   191.8749       110.8779       3.407038    
   196.8749       110.8779       3.335697    
   201.8749       110.8779       3.233874    
   206.8749       110.8778       3.129222    
   211.8749       110.8796       3.045660    
   216.8748       110.8966       2.989289    
   221.8745       110.9400       2.960889    
   226.8739       110.9907       2.949179    
   231.8736       110.9929       2.941798    
   236.8703       110.8849       2.937776    
   241.8605       110.6695       2.939678    
   246.8531       110.4993       2.945410    
   251.8497       110.5388       2.952322    
   256.8403       110.7495       2.960303    
   261.8292       110.9827       2.969575    
   266.8226       111.1594       2.980843    
   271.8200       111.2665       2.998169    
   276.8195       111.3003       3.026821    
   281.8193       111.2794       3.072136    
   286.8188       111.2305       3.132376    
   291.8181       111.1687       3.198236    
   296.8170       111.0969       3.255761    
   301.8156       111.0121       3.293427    
   306.8141       110.9304       3.303092    
   311.8136       110.9010       3.283201    
   316.8123       110.8497       3.236575    
   321.7794       110.5141       3.167687    
   326.7076       109.9218       3.081848    
   331.6619       109.7214       2.980014    
   336.6017       110.2016       2.858257    
   341.4941       110.9267       2.723770    
   346.3997       111.6047       2.592374    
   351.3318       112.1786       2.490431    
   356.3008       112.5386       2.436911    
   361.2956       112.6857       2.432354    
   366.2939       112.7768       2.469114    
   371.2916       112.8837       2.536057    
   376.2886       113.0050       2.619175    
   381.2849       113.1407       2.711221    
   386.2799       113.2963       2.806786    
   391.2732       113.4784       2.904170    
   396.2645       113.6848       3.012237    
   401.2549       113.9022       3.125797    
   406.2462       114.1088       3.224527    
   411.2407       114.2713       3.288939    
   416.2387       114.3611       3.312440    
   421.2385       114.3878       3.297540    
   426.2385       114.3907       3.250589    
   431.2385       114.4025       3.179436    
   436.2343       114.5140       3.087888    
   441.2233       114.7451       2.980975    
   446.2118       114.9823       2.869189    
   451.2035       115.1839       2.762011    
   456.1937       115.4022       2.667601    
   461.1783       115.6756       2.594375    
   466.1624       115.9556       2.542999    
   471.1551       116.1219       2.507143    
   476.1545       116.1607       2.484255    
   481.8401       116.1625       2.483148    
   489.3643       116.1625       2.513681    
   507.4286       116.1625       2.649675    
  -33.77417       104.4251       2.259264    
  -15.70986       104.4251       2.110765    
  -8.185690       104.4251       2.085052    
  -2.500000       104.4251       2.104147    
   2.481762       104.6212       2.158843    
   7.434425       105.0646       2.247862    
   12.38829       105.5015       2.361523    
   17.37068       105.7260       2.486045    
   22.36992       105.7805       2.604443    
   27.36889       105.8427       2.701654    
   32.36626       105.9463       2.768414    
   37.36148       106.0873       2.803361    
   42.35468       106.2567       2.811609    
   47.34677       106.4394       2.802483    
   52.33939       106.6157       2.784451    
   57.33461       106.7555       2.762176    
   62.33282       106.8356       2.738209    
   67.33237       106.8381       2.714812    
   72.33087       106.7651       2.692744    
   77.32610       106.6271       2.669637    
   82.31709       106.4332       2.642821    
   87.30524       106.2096       2.610283    
   92.29430       105.9952       2.569936    
   97.28818       105.8402       2.520683    
   102.2866       105.7715       2.463243    
   107.2863       105.7385       2.398874    
   112.2728       105.5501       2.329322    
   117.2255       105.1154       2.258623    
   122.1606       104.5929       2.194276    
   127.1186       104.1857       2.144932    
   132.1048       103.9569       2.119613    
   137.1018       103.8593       2.129801    
   142.1004       103.8897       2.183797    
   147.0855       104.1104       2.280634    
   152.0289       104.5803       2.415127    
   156.9416       105.1855       2.583294    
   161.8866       105.6393       2.776240    
   166.8759       105.8122       2.976785    
   171.8755       105.8165       3.165169    
   176.8751       105.7778       3.326385    
   181.8749       105.7587       3.448877    
   186.8749       105.7580       3.519344    
   191.8749       105.7582       3.529697    
   196.8749       105.7583       3.488398    
   201.8749       105.7583       3.414084    
   206.8749       105.7581       3.328880    
   211.8749       105.7598       3.251605    
   216.8748       105.7755       3.191509    
   221.8745       105.8157       3.148812    
   226.8739       105.8626       3.117052    
   231.8736       105.8647       3.090620    
   236.8703       105.7647       3.070052    
   241.8605       105.5654       3.057455    
   246.8531       105.4078       3.051788    
   251.8497       105.4444       3.051254    
   256.8403       105.6394       3.056912    
   261.8292       105.8553       3.070722    
   266.8226       106.0188       3.092722    
   271.8200       106.1179       3.122181    
   276.8195       106.1492       3.159708    
   281.8193       106.1298       3.205947    
   286.8188       106.0846       3.257940    
   291.8181       106.0275       3.307822    
   296.8170       105.9610       3.345711    
   301.8156       105.8824       3.364306    
   306.8141       105.8068       3.359029    
   311.8136       105.7796       3.328922    
   316.8123       105.7321       3.274483    
   321.7794       105.4215       3.197381    
   326.7076       104.8732       3.102605    
   331.6619       104.6877       2.995640    
   336.6017       105.1322       2.879361    
   341.4941       105.8034       2.761399    
   346.3997       106.4309       2.651675    
   351.3318       106.9622       2.565426    
   356.3008       107.2954       2.514138    
   361.2956       107.4315       2.499907    
   366.2939       107.5159       2.520697    
   371.2916       107.6148       2.570211    
   376.2886       107.7271       2.638714    
   381.2849       107.8528       2.721011    
   386.2799       107.9968       2.812037    
   391.2732       108.1653       2.907842    
   396.2645       108.3564       3.007931    
   401.2549       108.5576       3.106095    
   406.2462       108.7488       3.189155    
   411.2407       108.8992       3.244798    
   416.2387       108.9823       3.267882    
   421.2385       109.0071       3.257419    
   426.2385       109.0098       3.219253    
   431.2385       109.0207       3.160822    
   436.2343       109.1239       3.085387    
   441.2233       109.3378       2.997751    
   446.2118       109.5574       2.906479    
   451.2035       109.7439       2.817302    
   456.1937       109.9460       2.734315    
   461.1783       110.1991       2.662735    
   466.1624       110.4583       2.606588    
   471.1551       110.6122       2.566147    
   476.1545       110.6481       2.542041    
   481.8401       110.6497       2.537790    
   489.3643       110.6497       2.562267    
   507.4286       110.6497       2.688717    
  -33.77417       98.76926       2.287546    
  -15.70986       98.76926       2.152908    
  -8.185690       98.76926       2.126707    
  -2.500000       98.76926       2.137635    
   2.481762       98.94752       2.177952    
   7.434425       99.35075       2.244285    
   12.38829       99.74802       2.328067    
   17.37068       99.95215       2.420579    
   22.36992       100.0017       2.511650    
   27.36889       100.0582       2.592024    
   32.36626       100.1525       2.655192    
   37.36148       100.2807       2.697968    
   42.35468       100.4347       2.720244    
   47.34677       100.6009       2.725596    
   52.33939       100.7612       2.717662    
   57.33461       100.8883       2.698766    
   62.33282       100.9611       2.671655    
   67.33237       100.9634       2.639138    
   72.33087       100.8971       2.603075    
   77.32610       100.7716       2.564135    
   82.31709       100.5952       2.523014    
   87.30524       100.3919       2.480825    
   92.29430       100.1970       2.437814    
   97.28818       100.0560       2.392959    
   102.2866       99.99355       2.345388    
   107.2863       99.96349       2.295840    
   112.2728       99.79222       2.247027    
   117.2255       99.39693       2.203448    
   122.1606       98.92178       2.170437    
   127.1186       98.55151       2.153049    
   132.1048       98.34343       2.157159    
   137.1018       98.25465       2.189780    
   142.1004       98.28233       2.254932    
   147.0855       98.48299       2.351427    
   152.0289       98.91029       2.477030    
   156.9416       99.46066       2.629899    
   161.8866       99.87329       2.803966    
   166.8759       100.0306       2.986649    
   171.8755       100.0344       3.162967    
   176.8751       99.99930       3.320958    
   181.8749       99.98188       3.450471    
   186.8749       99.98126       3.539490    
   191.8749       99.98149       3.578844    
   196.8749       99.98150       3.570150    
   201.8749       99.98149       3.525477    
   206.8749       99.98139       3.462029    
   211.8749       99.98287       3.395521    
   216.8748       99.99718       3.335259    
   221.8745       100.0337       3.283313    
   226.8739       100.0764       3.238325    
   231.8736       100.0783       3.199551    
   236.8703       99.98734       3.168525    
   241.8605       99.80609       3.146355    
   246.8531       99.66279       3.132118    
   251.8497       99.69608       3.124768    
   256.8403       99.87341       3.125777    
   261.8292       100.0697       3.137175    
   266.8226       100.2184       3.158422    
   271.8200       100.3085       3.186975    
   276.8195       100.3370       3.220945    
   281.8193       100.3194       3.258788    
   286.8188       100.2782       3.296829    
   291.8181       100.2263       3.328552    
   296.8170       100.1659       3.347312    
   301.8156       100.0944       3.348908    
   306.8141       100.0256       3.331111    
   311.8136       100.0009       3.293447    
   316.8123       99.95772       3.235859    
   321.7794       99.67523       3.159664    
   326.7076       99.17667       3.069839    
   331.6619       99.00801       2.972622    
   336.6017       99.41222       2.872595    
   341.4941       100.0225       2.776140    
   346.3997       100.5932       2.689571    
   351.3318       101.0763       2.622067    
   356.3008       101.3793       2.579899    
   361.2956       101.5031       2.564405    
   366.2939       101.5798       2.576186    
   371.2916       101.6697       2.612734    
   376.2886       101.7719       2.667523    
   381.2849       101.8861       2.735641    
   386.2799       102.0170       2.812977    
   391.2732       102.1703       2.896025    
   396.2645       102.3440       2.980889    
   401.2549       102.5270       3.060843    
   406.2462       102.7009       3.127029    
   411.2407       102.8377       3.171306    
   416.2387       102.9132       3.189718    
   421.2385       102.9358       3.182101    
   426.2385       102.9382       3.152945    
   431.2385       102.9481       3.106618    
   436.2343       103.0419       3.047242    
   441.2233       103.2365       2.978464    
   446.2118       103.4361       2.904900    
   451.2035       103.6058       2.831544    
   456.1937       103.7895       2.761112    
   461.1783       104.0197       2.697527    
   466.1624       104.2553       2.646326    
   471.1551       104.3953       2.608546    
   476.1545       104.4279       2.585601    
   481.8401       104.4295       2.581521    
   489.3643       104.4295       2.604251    
   507.4286       104.4295       2.726242    
  -33.77417       92.28692       2.314092    
  -15.70986       92.28692       2.191084    
  -8.185690       92.28692       2.163413    
  -2.500000       92.28692       2.165440    
   2.481762       92.44483       2.190031    
   7.434425       92.80198       2.233276    
   12.38829       93.15384       2.289111    
   17.37068       93.33465       2.352396    
   22.36992       93.37855       2.416550    
   27.36889       93.42858       2.474910    
   32.36626       93.51208       2.523564    
   37.36148       93.62569       2.560274    
   42.35468       93.76205       2.582723    
   47.34677       93.90923       2.590899    
   52.33939       94.05121       2.586280    
   57.33461       94.16380       2.570316    
   62.33282       94.22831       2.545252    
   67.33237       94.23037       2.513631    
   72.33087       94.17159       2.477465    
   77.32610       94.06042       2.438334    
   82.31709       93.90422       2.397886    
   87.30524       93.72411       2.358138    
   92.29430       93.55146       2.320662    
   97.28818       93.42661       2.285579    
   102.2866       93.37131       2.252047    
   107.2863       93.34469       2.220416    
   112.2728       93.19299       2.193277    
   117.2255       92.84286       2.174411    
   122.1606       92.42202       2.167316    
   127.1186       92.09407       2.175027    
   132.1048       91.90976       2.201107    
   137.1018       91.83113       2.248958    
   142.1004       91.85565       2.319728    
   147.0855       92.03337       2.412297    
   152.0289       92.41184       2.526203    
   156.9416       92.89931       2.661479    
   161.8866       93.26480       2.815047    
   166.8759       93.40413       2.978029    
   171.8755       93.40750       3.138588    
   176.8751       93.37640       3.286452    
   181.8749       93.36098       3.413083    
   186.8749       93.36044       3.509405    
   191.8749       93.36063       3.567157    
   196.8749       93.36064       3.584143    
   201.8749       93.36063       3.566267    
   206.8749       93.36054       3.525016    
   211.8749       93.36186       3.472601    
   216.8748       93.37454       3.417491    
   221.8745       93.40688       3.364219    
   226.8739       93.44470       3.315175    
   231.8736       93.44635       3.272294    
   236.8703       93.36582       3.236955    
   241.8605       93.20527       3.209310    
   246.8531       93.07835       3.188545    
   251.8497       93.10783       3.174294    
   256.8403       93.26490       3.168175    
   261.8292       93.43874       3.171646    
   266.8226       93.57047       3.183649    
   271.8200       93.65030       3.201446    
   276.8195       93.67554       3.222878    
   281.8193       93.65989       3.246224    
   286.8188       93.62345       3.268323    
   291.8181       93.57744       3.284069    
   296.8170       93.52392       3.288485    
   301.8156       93.46066       3.278528    
   306.8141       93.39973       3.253133    
   311.8136       93.37785       3.212558    
   316.8123       93.33959       3.157419    
   321.7794       93.08938       3.089470    
   326.7076       92.64779       3.013208    
   331.6619       92.49840       2.933577    
   336.6017       92.85643       2.854557    
   341.4941       93.39696       2.781154    
   346.3997       93.90244       2.717516    
   351.3318       94.33030       2.669190    
   356.3008       94.59869       2.639060    
   361.2956       94.70834       2.627223    
   366.2939       94.77627       2.634786    
   371.2916       94.85593       2.661215    
   376.2886       94.94642       2.702534    
   381.2849       95.04758       2.755087    
   386.2799       95.16358       2.815819    
   391.2732       95.29931       2.881336    
   396.2645       95.45317       2.946983    
   401.2549       95.61526       3.007101    
   406.2462       95.76926       3.055561    
   411.2407       95.89043       3.087316    
   416.2387       95.95733       3.100370    
   421.2385       95.97731       3.094468    
   426.2385       95.97943       3.071573    
   431.2385       95.98818       3.035787    
   436.2343       96.07135       2.991231    
   441.2233       96.24365       2.938459    
   446.2118       96.42047       2.879841    
   451.2035       96.57073       2.820332    
   456.1937       96.73344       2.762469    
   461.1783       96.93733       2.709201    
   466.1624       97.14609       2.665080    
   471.1551       97.27006       2.632595    
   476.1545       97.29897       2.613944    
   481.8401       97.30029       2.614153    
   489.3643       97.30029       2.641333    
   507.4286       97.30029       2.762532    
  -33.77417       84.70639       2.341962    
  -15.70986       84.70639       2.230281    
  -8.185690       84.70639       2.201181    
  -2.500000       84.70639       2.196765    
   2.481762       84.84047       2.208880    
   7.434425       85.14374       2.232917    
   12.38829       85.44250       2.266486    
   17.37068       85.59602       2.306497    
   22.36992       85.63330       2.348139    
   27.36889       85.67580       2.386712    
   32.36626       85.74669       2.419386    
   37.36148       85.84315       2.444764    
   42.35468       85.95895       2.461052    
   47.34677       86.08392       2.466813    
   52.33939       86.20448       2.461957    
   57.33461       86.30008       2.447800    
   62.33282       86.35486       2.426205    
   67.33237       86.35661       2.399393    
   72.33087       86.30669       2.370081    
   77.32610       86.21230       2.340352    
   82.31709       86.07966       2.311250    
   87.30524       85.92673       2.283631    
   92.29430       85.78013       2.258484    
   97.28818       85.67411       2.236602    
   102.2866       85.62716       2.218494    
   107.2863       85.60456       2.205003    
   112.2728       85.47575       2.197610    
   117.2255       85.17844       2.198082    
   122.1606       84.82110       2.208383    
   127.1186       84.54264       2.231116    
   132.1048       84.38613       2.269186    
   137.1018       84.31937       2.324363    
   142.1004       84.34019       2.396254    
   147.0855       84.49109       2.483158    
   152.0289       84.81246       2.584381    
   156.9416       85.22638       2.700542    
   161.8866       85.53673       2.831046    
   166.8759       85.65503       2.970794    
   171.8755       85.65790       3.111380    
   176.8751       85.63148       3.244273    
   181.8749       85.61840       3.361667    
   186.8749       85.61794       3.456068    
   191.8749       85.61810       3.520714    
   196.8749       85.61810       3.552468    
   201.8749       85.61810       3.553751    
   206.8749       85.61802       3.531621    
   211.8749       85.61914       3.494691    
   216.8748       85.62991       3.450167    
   221.8745       85.65736       3.403411    
   226.8739       85.68948       3.358232    
   231.8736       85.69088       3.317219    
   236.8703       85.62250       3.281467    
   241.8605       85.48617       3.251082    
   246.8531       85.37840       3.225726    
   251.8497       85.40344       3.205746    
   256.8403       85.53680       3.192667    
   261.8292       85.68442       3.186971    
   266.8226       85.79627       3.187188    
   271.8200       85.86406       3.191253    
   276.8195       85.88549       3.197878    
   281.8193       85.87220       3.206160    
   286.8188       85.84126       3.214019    
   291.8181       85.80219       3.217621    
   296.8170       85.75674       3.212825    
   301.8156       85.70303       3.196943    
   306.8141       85.65130       3.169316    
   311.8136       85.63272       3.130656    
   316.8123       85.60023       3.082091    
   321.7794       85.38776       3.025695    
   326.7076       85.01280       2.965311    
   331.6619       84.88596       2.904643    
   336.6017       85.18996       2.846850    
   341.4941       85.64894       2.795516    
   346.3997       86.07815       2.752512    
   351.3318       86.44146       2.720438    
   356.3008       86.66934       2.700514    
   361.2956       86.76245       2.692762    
   366.2939       86.82014       2.698129    
   371.2916       86.88777       2.716520    
   376.2886       86.96461       2.745551    
   381.2849       87.05051       2.782821    
   386.2799       87.14902       2.825835    
   391.2732       87.26426       2.871405    
   396.2645       87.39491       2.916028    
   401.2549       87.53254       2.955774    
   406.2462       87.66331       2.986719    
   411.2407       87.76619       3.006437    
   416.2387       87.82300       3.013293    
   421.2385       87.83997       3.006128    
   426.2385       87.84176       2.986920    
   431.2385       87.84920       2.959515    
   436.2343       87.91981       2.926065    
   441.2233       88.06612       2.886800    
   446.2118       88.21626       2.842762    
   451.2035       88.34385       2.796791    
   456.1937       88.48203       2.752443    
   461.1783       88.65514       2.712267    
   466.1624       88.83239       2.677524    
   471.1551       88.93765       2.651429    
   476.1545       88.96221       2.638705    
   481.8401       88.96335       2.644609    
   489.3643       88.96335       2.675407    
   507.4286       88.96335       2.792993    
  -33.77417       75.60016       2.374993    
  -15.70986       75.60016       2.278953    
  -8.185690       75.60016       2.250390    
  -2.500000       75.60016       2.242001    
   2.481762       75.70561       2.246985    
   7.434425       75.94414       2.260022    
   12.38829       76.17914       2.278848    
   17.37068       76.29989       2.302362    
   22.36992       76.32921       2.327554    
   27.36889       76.36263       2.351822    
   32.36626       76.41840       2.373534    
   37.36148       76.49427       2.390906    
   42.35468       76.58534       2.402623    
   47.34677       76.68364       2.408056    
   52.33939       76.77846       2.406494    
   57.33461       76.85366       2.397869    
   62.33282       76.89674       2.383516    
   67.33237       76.89812       2.365473    
   72.33087       76.85886       2.346222    
   77.32610       76.78461       2.327955    
   82.31709       76.68029       2.311465    
   87.30524       76.56001       2.296690    
   92.29430       76.44469       2.283798    
   97.28818       76.36131       2.273752    
   102.2866       76.32438       2.268442    
   107.2863       76.30660       2.269770    
   112.2728       76.20528       2.278201    
   117.2255       75.97144       2.292788    
   122.1606       75.69038       2.313424    
   127.1186       75.47135       2.342482    
   132.1048       75.34826       2.383521    
   137.1018       75.29574       2.438583    
   142.1004       75.31212       2.506776    
   147.0855       75.43081       2.585337    
   152.0289       75.68358       2.671966    
   156.9416       76.00915       2.766582    
   161.8866       76.25325       2.870244    
   166.8759       76.34630       2.981738    
   171.8755       76.34855       3.096998    
   176.8751       76.32778       3.210345    
   181.8749       76.31749       3.314965    
   186.8749       76.31712       3.403697    
   191.8749       76.31725       3.470318    
   196.8749       76.31725       3.511397    
   201.8749       76.31725       3.527391    
   206.8749       76.31718       3.522197    
   211.8749       76.31807       3.501263    
   216.8748       76.32654       3.469943    
   221.8745       76.34814       3.432935    
   226.8739       76.37340       3.394086    
   231.8736       76.37450       3.356066    
   236.8703       76.32071       3.320302    
   241.8605       76.21349       3.287621    
   246.8531       76.12872       3.258794    
   251.8497       76.14841       3.235022    
   256.8403       76.25331       3.217425    
   261.8292       76.36942       3.205501    
   266.8226       76.45739       3.197499    
   271.8200       76.51070       3.191883    
   276.8195       76.52757       3.187955    
   281.8193       76.51711       3.185367    
   286.8188       76.49277       3.182924    
   291.8181       76.46204       3.178113    
   296.8170       76.42630       3.168059    
   301.8156       76.38405       3.150786    
   306.8141       76.34336       3.125646    
   311.8136       76.32875       3.092910    
   316.8123       76.30320       3.053388    
   321.7794       76.13609       3.008953    
   326.7076       75.84116       2.963018    
   331.6619       75.74139       2.918823    
   336.6017       75.98050       2.878928    
   341.4941       76.34151       2.845327    
   346.3997       76.67910       2.817692    
   351.3318       76.96486       2.796591    
   356.3008       77.14410       2.782823    
   361.2956       77.21733       2.776490    
   366.2939       77.26270       2.777599    
   371.2916       77.31591       2.786158    
   376.2886       77.37634       2.801652    
   381.2849       77.44391       2.822574    
   386.2799       77.52139       2.846739    
   391.2732       77.61202       2.872069    
   396.2645       77.71479       2.896379    
   401.2549       77.82304       2.917396    
   406.2462       77.92590       2.933488    
   411.2407       78.00681       2.942852    
   416.2387       78.05150       2.943773    
   421.2385       78.06484       2.936731    
   426.2385       78.06626       2.923237    
   431.2385       78.07211       2.903899    
   436.2343       78.12765       2.878838    
   441.2233       78.24273       2.848864    
   446.2118       78.36082       2.815865    
   451.2035       78.46117       2.782176    
   456.1937       78.56985       2.750736    
   461.1783       78.70601       2.723212    
   466.1624       78.84543       2.700048    
   471.1551       78.92822       2.683224    
   476.1545       78.94754       2.676210    
   481.8401       78.94843       2.683661    
   489.3643       78.94843       2.711215    
   507.4286       78.94843       2.812698    
  -33.77417       56.32260       2.441916    
  -15.70986       56.32260       2.391226    
  -8.185690       56.32260       2.377180    
  -2.500000       56.32260       2.374362    
   2.481762       56.36747       2.379611    
   7.434425       56.46896       2.389994    
   12.38829       56.56895       2.402328    
   17.37068       56.62033       2.415612    
   22.36992       56.63280       2.431565    
   27.36889       56.64702       2.450058    
   32.36626       56.67075       2.469294    
   37.36148       56.70303       2.486813    
   42.35468       56.74178       2.500904    
   47.34677       56.78361       2.512383    
   52.33939       56.82395       2.522486    
   57.33461       56.85595       2.530665    
   62.33282       56.87428       2.536241    
   67.33237       56.87487       2.539760    
   72.33087       56.85816       2.541958    
   77.32610       56.82657       2.543718    
   82.31709       56.78218       2.546008    
   87.30524       56.73100       2.548773    
   92.29430       56.68194       2.551292    
   97.28818       56.64646       2.553634    
   102.2866       56.63075       2.557384    
   107.2863       56.62318       2.564986    
   112.2728       56.58007       2.577908    
   117.2255       56.48058       2.595819    
   122.1606       56.36099       2.617935    
   127.1186       56.26780       2.644681    
   132.1048       56.21542       2.677561    
   137.1018       56.19307       2.717914    
   142.1004       56.20005       2.766004    
   147.0855       56.25055       2.821030    
   152.0289       56.35809       2.881656    
   156.9416       56.49662       2.947171    
   161.8866       56.60048       3.017878    
   166.8759       56.64007       3.093413    
   171.8755       56.64103       3.172075    
   176.8751       56.63219       3.251348    
   181.8749       56.62782       3.327744    
   186.8749       56.62766       3.397086    
   191.8749       56.62771       3.455209    
   196.8749       56.62772       3.498866    
   201.8749       56.62771       3.526506    
   206.8749       56.62769       3.538547    
   211.8749       56.62806       3.536963    
   216.8748       56.63167       3.524581    
   221.8745       56.64086       3.504551    
   226.8739       56.65160       3.480010    
   231.8736       56.65207       3.453730    
   236.8703       56.62919       3.427792    
   241.8605       56.58356       3.403507    
   246.8531       56.54750       3.381551    
   251.8497       56.55588       3.362177    
   256.8403       56.60051       3.345287    
   261.8292       56.64991       3.330365    
   266.8226       56.68734       3.316776    
   271.8200       56.71003       3.304046    
   276.8195       56.71720       3.291828    
   281.8193       56.71275       3.279711    
   286.8188       56.70240       3.267102    
   291.8181       56.68932       3.253357    
   296.8170       56.67411       3.238032    
   301.8156       56.65614       3.221003    
   306.8141       56.63882       3.202314    
   311.8136       56.63261       3.182036    
   316.8123       56.62173       3.160226    
   321.7794       56.55063       3.137136    
   326.7076       56.42514       3.113560    
   331.6619       56.38269       3.090230    
   336.6017       56.48443       3.068000    
   341.4941       56.63803       3.047493    
   346.3997       56.78168       3.028443    
   351.3318       56.90327       3.011336    
   356.3008       56.97953       2.996773    
   361.2956       57.01069       2.984627    
   366.2939       57.02999       2.974766    
   371.2916       57.05263       2.967503    
   376.2886       57.07835       2.962635    
   381.2849       57.10709       2.959193    
   386.2799       57.14006       2.956759    
   391.2732       57.17862       2.955142    
   396.2645       57.22235       2.953716    
   401.2549       57.26841       2.952413    
   406.2462       57.31217       2.950358    
   411.2407       57.34660       2.945406    
   416.2387       57.36561       2.937689    
   421.2385       57.37129       2.928809    
   426.2385       57.37189       2.918778    
   431.2385       57.37438       2.906809    
   436.2343       57.39801       2.892735    
   441.2233       57.44698       2.877226    
   446.2118       57.49723       2.860772    
   451.2035       57.53992       2.844406    
   456.1937       57.58617       2.827899    
   461.1783       57.64410       2.810732    
   466.1624       57.70342       2.795239    
   471.1551       57.73865       2.783574    
   476.1545       57.74687       2.776817    
   481.8401       57.74725       2.775018    
   489.3643       57.74725       2.777405    
   507.4286       57.74725       2.914322    
