        1545
  -33.77417       136.6885       2.212793    
  -15.70986       136.6885       1.849575    
  -8.185690       136.6885       1.646774    
  -2.500000       136.6885       1.508657    
   2.481762       136.9860       1.949069    
   7.434425       137.6588       1.805734    
   12.38829       138.3216       1.608853    
   17.37068       138.6622       1.340056    
   22.36992       138.7449       1.705850    
   27.36889       138.8391       1.591323    
   32.36626       138.9964       1.605141    
   37.36148       139.2104       1.629240    
   42.35468       139.4673       1.751313    
   47.34677       139.7446       1.859450    
   52.33939       140.0120       1.845372    
   57.33461       140.2241       1.742115    
   62.33282       140.3456       1.572310    
   67.33237       140.3495       1.757057    
   72.33087       140.2388       1.614268    
   77.32610       140.0294       1.681863    
   82.31709       139.7351       1.541117    
   87.30524       139.3958       1.387478    
   92.29430       139.0706       1.225788    
   97.28818       138.8354       1.212276    
   102.2866       138.7312       1.417199    
   107.2863       138.6811       1.639945    
   112.2728       138.3953       1.615306    
   117.2255       137.7357       1.628605    
   122.1606       136.9430       1.694255    
   127.1186       136.3252       1.653639    
   132.1048       135.9780       1.744427    
   137.1018       135.8299       1.659904    
   142.1004       135.8761       1.530875    
   147.0855       136.2108       1.529340    
   152.0289       136.9238       1.696889    
   156.9416       137.8421       1.716684    
   161.8866       138.5306       1.844231    
   166.8759       138.7930       1.699026    
   171.8755       138.7994       1.559572    
   176.8751       138.7408       1.331295    
   181.8749       138.7118       1.356171    
   186.8749       138.7108       1.113700    
   191.8749       138.7111       1.332331    
   196.8749       138.7112       1.447475    
   201.8749       138.7111       1.630838    
   206.8749       138.7109       1.603267    
   211.8749       138.7134       1.589133    
   216.8748       138.7373       1.551081    
   221.8745       138.7983       1.417450    
   226.8739       138.8695       1.663285    
   231.8736       138.8726       1.379980    
   236.8703       138.7209       1.422029    
   241.8605       138.4185       1.207266    
   246.8531       138.1794      0.9666306    
   251.8497       138.2349      0.9991597    
   256.8403       138.5308       1.378115    
   261.8292       138.8582       1.619352    
   266.8226       139.1064       1.591907    
   271.8200       139.2568       1.631482    
   276.8195       139.3043       1.682174    
   281.8193       139.2749       1.810027    
   286.8188       139.2062       1.555959    
   291.8181       139.1195       1.520400    
   296.8170       139.0187       1.489955    
   301.8156       138.8996       1.543174    
   306.8141       138.7848       1.683063    
   311.8136       138.7435       1.510868    
   316.8123       138.6715       1.415589    
   321.7794       138.2001       1.358207    
   326.7076       137.3683       1.350361    
   331.6619       137.0869       1.450085    
   336.6017       137.7613       1.152470    
   341.4941       138.7795      0.9069672    
   346.3997       139.7317       1.452589    
   351.3318       140.5377       1.218647    
   356.3008       141.0433       1.466353    
   361.2956       141.2499       1.397907    
   366.2939       141.3779       1.029211    
   371.2916       141.5279      0.9100756    
   376.2886       141.6984      0.9768692    
   381.2849       141.8889       1.024976    
   386.2799       142.1075      0.9230126    
   391.2732       142.3631       1.087752    
   396.2645       142.6530       1.052557    
   401.2549       142.9583      0.8841177    
   406.2462       143.2484      0.7369761    
   411.2407       143.4767      0.7402002    
   416.2387       143.6027      0.7999381    
   421.2385       143.6403      0.7084033    
   426.2385       143.6443      0.7813445    
   431.2385       143.6608      0.7685934    
   436.2343       143.8174       1.041499    
   441.2233       144.1421      0.9941897    
   446.2118       144.4751      0.9174055    
   451.2035       144.7582      0.8143663    
   456.1937       145.0647       1.050360    
   461.1783       145.4488       1.727763    
   466.1624       145.8420       1.551538    
   471.1551       146.0755       1.306608    
   476.1545       146.1300       1.557906    
   481.8401       146.1326       1.990977    
   489.3643       146.1326       2.274611    
   507.4286       146.1326       2.717683    
  -33.77417       134.0858       2.215041    
  -15.70986       134.0858       1.855607    
  -8.185690       134.0858       1.655807    
  -2.500000       134.0858       1.474121    
   2.481762       134.3752       1.498527    
   7.434425       135.0294       1.393149    
   12.38829       135.6740       1.332533    
   17.37068       136.0052       1.418508    
   22.36992       136.0857       1.384688    
   27.36889       136.1774       1.199944    
   32.36626       136.3303       1.250336    
   37.36148       136.5384       1.320246    
   42.35468       136.7882       1.429546    
   47.34677       137.0579       1.521979    
   52.33939       137.3180       1.502229    
   57.33461       137.5242       1.428395    
   62.33282       137.6424       1.343750    
   67.33237       137.6462       1.290223    
   72.33087       137.5385       1.092126    
   77.32610       137.3349       1.206125    
   82.31709       137.0487       1.146557    
   87.30524       136.7188       1.434741    
   92.29430       136.4025       1.547729    
   97.28818       136.1738       1.094456    
   102.2866       136.0724       1.303606    
   107.2863       136.0237       1.026623    
   112.2728       135.7457       1.183190    
   117.2255       135.1043       1.161793    
   122.1606       134.3334       1.355221    
   127.1186       133.7326       1.549198    
   132.1048       133.3949       1.688466    
   137.1018       133.2509       1.615786    
   142.1004       133.2958       1.481249    
   147.0855       133.6214       1.344177    
   152.0289       134.3147       1.479141    
   156.9416       135.2077       1.350180    
   161.8866       135.8773       1.390525    
   166.8759       136.1325       1.347198    
   171.8755       136.1387       1.061739    
   176.8751       136.0817       1.255616    
   181.8749       136.0535      0.9435356    
   186.8749       136.0525       1.296609    
   191.8749       136.0529      0.9861639    
   196.8749       136.0529       1.071385    
   201.8749       136.0529       1.151685    
   206.8749       136.0527       1.182990    
   211.8749       136.0551       1.339755    
   216.8748       136.0783       1.258380    
   221.8745       136.1376       1.025464    
   226.8739       136.2069       1.123839    
   231.8736       136.2099      0.7927486    
   236.8703       136.0623      0.9287291    
   241.8605       135.7682      0.9124846    
   246.8531       135.5358       1.100766    
   251.8497       135.5898       1.302780    
   256.8403       135.8775       1.076874    
   261.8292       136.1960       1.030172    
   266.8226       136.4373      0.9915757    
   271.8200       136.5835       1.327971    
   276.8195       136.6297       1.319238    
   281.8193       136.6011       1.179365    
   286.8188       136.5343       1.215648    
   291.8181       136.4500       1.188322    
   296.8170       136.3520       1.130457    
   301.8156       136.2361      0.9433730    
   306.8141       136.1245      0.9598706    
   311.8136       136.0844      0.9583559    
   316.8123       136.0143       1.198551    
   321.7794       135.5559       1.464860    
   326.7076       134.7469       1.275735    
   331.6619       134.4733       1.028109    
   336.6017       135.1292       1.377421    
   341.4941       136.1194       1.345817    
   346.3997       137.0454       1.410675    
   351.3318       137.8293       1.026501    
   356.3008       138.3209       1.342630    
   361.2956       138.5218       1.098409    
   366.2939       138.6463       1.078156    
   371.2916       138.7922       1.255765    
   376.2886       138.9579       1.451925    
   381.2849       139.1433       1.305456    
   386.2799       139.3558       1.388434    
   391.2732       139.6044       1.072851    
   396.2645       139.8863       1.386169    
   401.2549       140.1832       1.272995    
   406.2462       140.4654       1.271774    
   411.2407       140.6873       1.258157    
   416.2387       140.8099       1.243742    
   421.2385       140.8465       1.202995    
   426.2385       140.8504       1.204689    
   431.2385       140.8664       1.289164    
   436.2343       141.0188       1.319569    
   441.2233       141.3345       1.237408    
   446.2118       141.6584       1.087635    
   451.2035       141.9337       1.031577    
   456.1937       142.2318       1.115124    
   461.1783       142.6053       1.371969    
   466.1624       142.9877       1.533546    
   471.1551       143.2148       1.573361    
   476.1545       143.2677       1.748698    
   481.8401       143.2702       2.027592    
   489.3643       143.2702       2.286726    
   507.4286       143.2702       2.719902    
  -33.77417       131.3152       2.219371    
  -15.70986       131.3152       1.870878    
  -8.185690       131.3152       1.681992    
  -2.500000       131.3152       1.502498    
   2.481762       131.5958       1.391486    
   7.434425       132.2304       1.261639    
   12.38829       132.8556       1.284409    
   17.37068       133.1768       1.456243    
   22.36992       133.2549       1.372109    
   27.36889       133.3438       1.208053    
   32.36626       133.4921       1.236554    
   37.36148       133.6940       1.289047    
   42.35468       133.9363       1.314405    
   47.34677       134.1978       1.341099    
   52.33939       134.4500       1.367640    
   57.33461       134.6501       1.369284    
   62.33282       134.7647       1.334964    
   67.33237       134.7684       1.301310    
   72.33087       134.6640       1.314878    
   77.32610       134.4664       1.377574    
   82.31709       134.1889       1.498585    
   87.30524       133.8689       1.693368    
   92.29430       133.5621       1.709714    
   97.28818       133.3403       1.301878    
   102.2866       133.2420       1.421520    
   107.2863       133.1947       1.193435    
   112.2728       132.9252       1.291259    
   117.2255       132.3031       1.260205    
   122.1606       131.5553       1.319584    
   127.1186       130.9726       1.481076    
   132.1048       130.6451       1.602675    
   137.1018       130.5054       1.560443    
   142.1004       130.5490       1.443280    
   147.0855       130.8647       1.330875    
   152.0289       131.5372       1.403471    
   156.9416       132.4034       1.284513    
   161.8866       133.0527       1.246116    
   166.8759       133.3003       1.300665    
   171.8755       133.3063       1.166407    
   176.8751       133.2510       1.382969    
   181.8749       133.2236      0.9636713    
   186.8749       133.2227       1.490386    
   191.8749       133.2231      0.9940286    
   196.8749       133.2231       1.141297    
   201.8749       133.2231       1.117554    
   206.8749       133.2229      0.9376945    
   211.8749       133.2252       1.185522    
   216.8748       133.2477       1.163820    
   221.8745       133.3052       1.121227    
   226.8739       133.3724       1.132174    
   231.8736       133.3753       1.082238    
   236.8703       133.2322       1.075993    
   241.8605       132.9470       1.195147    
   246.8531       132.7215       1.361725    
   251.8497       132.7738       1.485181    
   256.8403       133.0529       1.286511    
   261.8292       133.3618       1.142233    
   266.8226       133.5959       1.107520    
   271.8200       133.7377       1.285090    
   276.8195       133.7825       1.217246    
   281.8193       133.7548       1.063887    
   286.8188       133.6900       1.139564    
   291.8181       133.6082       1.049533    
   296.8170       133.5132       1.293274    
   301.8156       133.4008       1.103297    
   306.8141       133.2925       1.257698    
   311.8136       133.2536       1.239160    
   316.8123       133.1856       1.323306    
   321.7794       132.7410       1.499521    
   326.7076       131.9564       1.355304    
   331.6619       131.6910       1.203927    
   336.6017       132.3271       1.565265    
   341.4941       133.2876       1.637333    
   346.3997       134.1857       1.569445    
   351.3318       134.9460       1.314831    
   356.3008       135.4228       1.452947    
   361.2956       135.6176       1.232479    
   366.2939       135.7384       1.292547    
   371.2916       135.8799       1.554261    
   376.2886       136.0407       1.784710    
   381.2849       136.2204       1.673999    
   386.2799       136.4265       1.749437    
   391.2732       136.6677       1.197168    
   396.2645       136.9411       1.678743    
   401.2549       137.2291       1.712252    
   406.2462       137.5027       1.719636    
   411.2407       137.7180       1.711042    
   416.2387       137.8369       1.685227    
   421.2385       137.8724       1.656782    
   426.2385       137.8761       1.650664    
   431.2385       137.8917       1.669305    
   436.2343       138.0394       1.623141    
   441.2233       138.3456       1.509169    
   446.2118       138.6598       1.365444    
   451.2035       138.9268       1.240728    
   456.1937       139.2159       1.159111    
   461.1783       139.5782       1.224184    
   466.1624       139.9491       1.524274    
   471.1551       140.1694       1.692268    
   476.1545       140.2207       1.857790    
   481.8401       140.2231       2.076991    
   489.3643       140.2231       2.307455    
   507.4286       140.2231       2.724218    
  -33.77417       128.3538       2.227104    
  -15.70986       128.3538       1.895623    
  -8.185690       128.3538       1.725582    
  -2.500000       128.3538       1.576438    
   2.481762       128.6251       1.466271    
   7.434425       129.2386       1.385157    
   12.38829       129.8431       1.451468    
   17.37068       130.1537       1.599604    
   22.36992       130.2291       1.568752    
   27.36889       130.3151       1.466455    
   32.36626       130.4585       1.456620    
   37.36148       130.6536       1.472460    
   42.35468       130.8879       1.456947    
   47.34677       131.1408       1.436434    
   52.33939       131.3846       1.449081    
   57.33461       131.5780       1.481968    
   62.33282       131.6889       1.501218    
   67.33237       131.6924       1.543810    
   72.33087       131.5914       1.627213    
   77.32610       131.4005       1.724015    
   82.31709       131.1322       1.835873    
   87.30524       130.8228       1.946779    
   92.29430       130.5262       1.910048    
   97.28818       130.3116       1.674343    
   102.2866       130.2167       1.691701    
   107.2863       130.1709       1.536330    
   112.2728       129.9104       1.542215    
   117.2255       129.3089       1.478827    
   122.1606       128.5859       1.452508    
   127.1186       128.0226       1.507666    
   132.1048       127.7059       1.565616    
   137.1018       127.5708       1.537193    
   142.1004       127.6130       1.462827    
   147.0855       127.9183       1.414199    
   152.0289       128.5684       1.473571    
   156.9416       129.4059       1.436145    
   161.8866       130.0337       1.431148    
   166.8759       130.2731       1.517441    
   171.8755       130.2789       1.517974    
   176.8751       130.2254       1.655626    
   181.8749       130.1989       1.449929    
   186.8749       130.1980       1.743385    
   191.8749       130.1983       1.419438    
   196.8749       130.1983       1.444029    
   201.8749       130.1983       1.358576    
   206.8749       130.1982       1.155667    
   211.8749       130.2005       1.291716    
   216.8748       130.2222       1.336814    
   221.8745       130.2778       1.381657    
   226.8739       130.3428       1.419219    
   231.8736       130.3456       1.444223    
   236.8703       130.2072       1.467817    
   241.8605       129.9314       1.569540    
   246.8531       129.7134       1.679972    
   251.8497       129.7641       1.742275    
   256.8403       130.0339       1.643116    
   261.8292       130.3325       1.533479    
   266.8226       130.5588       1.478542    
   271.8200       130.6960       1.478477    
   276.8195       130.7393       1.397099    
   281.8193       130.7124       1.307615    
   286.8188       130.6498       1.371986    
   291.8181       130.5708       1.306780    
   296.8170       130.4788       1.574623    
   301.8156       130.3701       1.482504    
   306.8141       130.2655       1.674867    
   311.8136       130.2279       1.642565    
   316.8123       130.1622       1.637431    
   321.7794       129.7323       1.707657    
   326.7076       128.9738       1.655131    
   331.6619       128.7171       1.630285    
   336.6017       129.3322       1.834001    
   341.4941       130.2607       1.905218    
   346.3997       131.1291       1.815195    
   351.3318       131.8641       1.655158    
   356.3008       132.3251       1.666858    
   361.2956       132.5135       1.523769    
   366.2939       132.6302       1.586624    
   371.2916       132.7671       1.821157    
   376.2886       132.9225       2.037644    
   381.2849       133.0963       2.009850    
   386.2799       133.2955       2.036769    
   391.2732       133.5287       1.673907    
   396.2645       133.7930       1.959850    
   401.2549       134.0715       2.080262    
   406.2462       134.3360       2.107344    
   411.2407       134.5442       2.098262    
   416.2387       134.6591       2.070439    
   421.2385       134.6935       2.039394    
   426.2385       134.6971       2.013752    
   431.2385       134.7121       1.980938    
   436.2343       134.8550       1.896317    
   441.2233       135.1510       1.770616    
   446.2118       135.4547       1.630261    
   451.2035       135.7129       1.487398    
   456.1937       135.9924       1.375760    
   461.1783       136.3427       1.395048    
   466.1624       136.7012       1.617258    
   471.1551       136.9142       1.798082    
   476.1545       136.9639       1.950520    
   481.8401       136.9662       2.133562    
   489.3643       136.9662       2.335430    
   507.4286       136.9662       2.732175    
  -33.77417       125.1739       2.240842    
  -15.70986       125.1739       1.929470    
  -8.185690       125.1739       1.782994    
  -2.500000       125.1739       1.671837    
   2.481762       125.4352       1.602926    
   7.434425       126.0261       1.583484    
   12.38829       126.6083       1.667975    
   17.37068       126.9075       1.797247    
   22.36992       126.9801       1.821166    
   27.36889       127.0629       1.776646    
   32.36626       127.2010       1.758031    
   37.36148       127.3890       1.750080    
   42.35468       127.6146       1.723676    
   47.34677       127.8582       1.690566    
   52.33939       128.0931       1.684514    
   57.33461       128.2793       1.709217    
   62.33282       128.3861       1.751795    
   67.33237       128.3895       1.825909    
   72.33087       128.2923       1.924246    
   77.32610       128.1083       2.023051    
   82.31709       127.8499       2.112001    
   87.30524       127.5519       2.169079    
   92.29430       127.2662       2.125571    
   97.28818       127.0596       1.997347    
   102.2866       126.9681       1.957224    
   107.2863       126.9241       1.840589    
   112.2728       126.6731       1.785430    
   117.2255       126.0938       1.695546    
   122.1606       125.3975       1.623343    
   127.1186       124.8549       1.602888    
   132.1048       124.5499       1.603361    
   137.1018       124.4198       1.578467    
   142.1004       124.4603       1.547341    
   147.0855       124.7544       1.553445    
   152.0289       125.3806       1.625119    
   156.9416       126.1872       1.668413    
   161.8866       126.7919       1.721497    
   166.8759       127.0225       1.823684    
   171.8755       127.0280       1.891125    
   176.8751       126.9765       1.982022    
   181.8749       126.9510       1.911380    
   186.8749       126.9501       2.042058    
   191.8749       126.9505       1.858621    
   196.8749       126.9505       1.813179    
   201.8749       126.9505       1.708965    
   206.8749       126.9503       1.563060    
   211.8749       126.9525       1.600984    
   216.8748       126.9735       1.652009    
   221.8745       127.0270       1.706114    
   226.8739       127.0896       1.755007    
   231.8736       127.0923       1.794569    
   236.8703       126.9591       1.834284    
   241.8605       126.6934       1.907748    
   246.8531       126.4834       1.982605    
   251.8497       126.5322       2.022103    
   256.8403       126.7921       1.975772    
   261.8292       127.0797       1.901249    
   266.8226       127.2977       1.839812    
   271.8200       127.4297       1.792892    
   276.8195       127.4715       1.718028    
   281.8193       127.4456       1.674085    
   286.8188       127.3853       1.711422    
   291.8181       127.3092       1.705098    
   296.8170       127.2206       1.880461    
   301.8156       127.1160       1.888630    
   306.8141       127.0152       2.023424    
   311.8136       126.9790       2.019376    
   316.8123       126.9157       1.993659    
   321.7794       126.5017       2.008035    
   326.7076       125.7710       1.990146    
   331.6619       125.5238       2.002475    
   336.6017       126.1162       2.108467    
   341.4941       127.0106       2.139526    
   346.3997       127.8469       2.053849    
   351.3318       128.5549       1.941844    
   356.3008       128.9989       1.903254    
   361.2956       129.1804       1.811212    
   366.2939       129.2928       1.858613    
   371.2916       129.4245       2.038625    
   376.2886       129.5742       2.220928    
   381.2849       129.7417       2.256485    
   386.2799       129.9336       2.265672    
   391.2732       130.1582       2.082312    
   396.2645       130.4128       2.217524    
   401.2549       130.6809       2.346915    
   406.2462       130.9357       2.397906    
   411.2407       131.1362       2.398206    
   416.2387       131.2469       2.372258    
   421.2385       131.2800       2.335754    
   426.2385       131.2835       2.292789    
   431.2385       131.2979       2.231034    
   436.2343       131.4355       2.129741    
   441.2233       131.7207       2.001623    
   446.2118       132.0132       1.867220    
   451.2035       132.2618       1.736887    
   456.1937       132.5311       1.643607    
   461.1783       132.8684       1.649165    
   466.1624       133.2138       1.774781    
   471.1551       133.4189       1.917034    
   476.1545       133.4668       2.045330    
   481.8401       133.4690       2.192164    
   489.3643       133.4690       2.371263    
   507.4286       133.4690       2.740002    
  -33.77417       121.7413       2.258940    
  -15.70986       121.7413       1.970569    
  -8.185690       121.7413       1.847411    
  -2.500000       121.7413       1.772382    
   2.481762       121.9919       1.742478    
   7.434425       122.5584       1.766343    
   12.38829       123.1165       1.861596    
   17.37068       123.4034       1.983462    
   22.36992       123.4730       2.044483    
   27.36889       123.5524       2.046466    
   32.36626       123.6848       2.039005    
   37.36148       123.8650       2.028147    
   42.35468       124.0813       2.003547    
   47.34677       124.3148       1.974020    
   52.33939       124.5400       1.962637    
   57.33461       124.7186       1.978824    
   62.33282       124.8209       2.021986    
   67.33237       124.8242       2.094743    
   72.33087       124.7309       2.183392    
   77.32610       124.5546       2.268019    
   82.31709       124.3068       2.332380    
   87.30524       124.0211       2.356740    
   92.29430       123.7473       2.316781    
   97.28818       123.5492       2.233892    
   102.2866       123.4615       2.168968    
   107.2863       123.4193       2.068000    
   112.2728       123.1786       1.981605    
   117.2255       122.6232       1.880225    
   122.1606       121.9557       1.788788    
   127.1186       121.4355       1.730805    
   132.1048       121.1431       1.699022    
   137.1018       121.0183       1.677504    
   142.1004       121.0573       1.677060    
   147.0855       121.3392       1.718152    
   152.0289       121.9395       1.807466    
   156.9416       122.7128       1.899583    
   161.8866       123.2925       1.999957    
   166.8759       123.5135       2.118107    
   171.8755       123.5189       2.215467    
   176.8751       123.4696       2.292108    
   181.8749       123.4451       2.288867    
   186.8749       123.4443       2.337859    
   191.8749       123.4446       2.235343    
   196.8749       123.4446       2.161994    
   201.8749       123.4446       2.061182    
   206.8749       123.4444       1.956759    
   211.8749       123.4465       1.951074    
   216.8748       123.4666       1.982786    
   221.8745       123.5179       2.024770    
   226.8739       123.5779       2.066739    
   231.8736       123.5806       2.103605    
   236.8703       123.4528       2.142046    
   241.8605       123.1981       2.194701    
   246.8531       122.9968       2.246257    
   251.8497       123.0435       2.273317    
   256.8403       123.2927       2.252089    
   261.8292       123.5684       2.203388    
   266.8226       123.7774       2.150293    
   271.8200       123.9041       2.100218    
   276.8195       123.9441       2.048263    
   281.8193       123.9193       2.025828    
   286.8188       123.8614       2.049281    
   291.8181       123.7885       2.079115    
   296.8170       123.7036       2.185406    
   301.8156       123.6032       2.235873    
   306.8141       123.5066       2.318625    
   311.8136       123.4719       2.331567    
   316.8123       123.4112       2.312858    
   321.7794       123.0143       2.300805    
   326.7076       122.3138       2.285961    
   331.6619       122.0768       2.297162    
   336.6017       122.6448       2.341136    
   341.4941       123.5022       2.336734    
   346.3997       124.3040       2.260570    
   351.3318       124.9827       2.169178    
   356.3008       125.4084       2.109277    
   361.2956       125.5824       2.051131    
   366.2939       125.6901       2.085268    
   371.2916       125.8165       2.213549    
   376.2886       125.9600       2.357684    
   381.2849       126.1205       2.425115    
   386.2799       126.3045       2.443808    
   391.2732       126.5198       2.371823    
   396.2645       126.7639       2.438823    
   401.2549       127.0210       2.541341    
   406.2462       127.2653       2.601747    
   411.2407       127.4575       2.613804    
   416.2387       127.5636       2.593512    
   421.2385       127.5953       2.555176    
   426.2385       127.5986       2.502811    
   431.2385       127.6125       2.428041    
   436.2343       127.7445       2.322567    
   441.2233       128.0178       2.200145    
   446.2118       128.2982       2.078053    
   451.2035       128.5366       1.966876    
   456.1937       128.7948       1.892425    
   461.1783       129.1181       1.886052    
   466.1624       129.4493       1.947625    
   471.1551       129.6459       2.039720    
   476.1545       129.6918       2.142079    
   481.8401       129.6939       2.259218    
   489.3643       129.6939       2.411319    
   507.4286       129.6939       2.749151    
  -33.77417       118.0135       2.278479    
  -15.70986       118.0135       2.014412    
  -8.185690       118.0135       1.915640    
  -2.500000       118.0135       1.868225    
   2.481762       118.2522       1.865380    
   7.434425       118.7923       1.911914    
   12.38829       119.3243       2.008742    
   17.37068       119.5977       2.125677    
   22.36992       119.6640       2.210150    
   27.36889       119.7397       2.248346    
   32.36626       119.8660       2.261501    
   37.36148       120.0378       2.260713    
   42.35468       120.2439       2.246762    
   47.34677       120.4665       2.227590    
   52.33939       120.6811       2.219186    
   57.33461       120.8514       2.232204    
   62.33282       120.9489       2.269655    
   67.33237       120.9520       2.329536    
   72.33087       120.8632       2.399257    
   77.32610       120.6951       2.461949    
   82.31709       120.4589       2.501111    
   87.30524       120.1866       2.502973    
   92.29430       119.9255       2.461860    
   97.28818       119.7367       2.392545    
   102.2866       119.6531       2.318000    
   107.2863       119.6129       2.223717    
   112.2728       119.3835       2.127733    
   117.2255       118.8540       2.026026    
   122.1606       118.2177       1.933210    
   127.1186       117.7218       1.865158    
   132.1048       117.4431       1.823999    
   137.1018       117.3242       1.808898    
   142.1004       117.3613       1.826883    
   147.0855       117.6301       1.885955    
   152.0289       118.2023       1.985382    
   156.9416       118.9394       2.101876    
   161.8866       119.4921       2.228797    
   166.8759       119.7027       2.359744    
   171.8755       119.7078       2.472678    
   176.8751       119.6608       2.553267    
   181.8749       119.6375       2.582281    
   186.8749       119.6367       2.601084    
   191.8749       119.6370       2.539000    
   196.8749       119.6370       2.462977    
   201.8749       119.6370       2.371920    
   206.8749       119.6368       2.290923    
   211.8749       119.6388       2.266404    
   216.8748       119.6580       2.277514    
   221.8745       119.7069       2.303624    
   226.8739       119.7641       2.333920    
   231.8736       119.7666       2.363210    
   236.8703       119.6448       2.394409    
   241.8605       119.4020       2.431523    
   246.8531       119.2101       2.466389    
   251.8497       119.2547       2.484895    
   256.8403       119.4922       2.475319    
   261.8292       119.7551       2.444842    
   266.8226       119.9542       2.405843    
   271.8200       120.0750       2.367189    
   276.8195       120.1131       2.335209    
   281.8193       120.0895       2.326253    
   286.8188       120.0343       2.347388    
   291.8181       119.9648       2.387378    
   296.8170       119.8839       2.458034    
   301.8156       119.7882       2.512555    
   306.8141       119.6961       2.565525    
   311.8136       119.6630       2.581874    
   316.8123       119.6051       2.569918    
   321.7794       119.2268       2.548581    
   326.7076       118.5591       2.528048    
   331.6619       118.3332       2.523457    
   336.6017       118.8746       2.525371    
   341.4941       119.6919       2.496094    
   346.3997       120.4562       2.426164    
   351.3318       121.1031       2.346648    
   356.3008       121.5089       2.284202    
   361.2956       121.6748       2.244005    
   366.2939       121.7775       2.267214    
   371.2916       121.8979       2.354897    
   376.2886       122.0348       2.463314    
   381.2849       122.1877       2.537758    
   386.2799       122.3631       2.572234    
   391.2732       122.5684       2.562257    
   396.2645       122.8010       2.606477    
   401.2549       123.0461       2.680337    
   406.2462       123.2790       2.737040    
   411.2407       123.4621       2.757143    
   416.2387       123.5633       2.744723    
   421.2385       123.5935       2.709317    
   426.2385       123.5967       2.655167    
   431.2385       123.6100       2.578205    
   436.2343       123.7357       2.477312    
   441.2233       123.9963       2.366195    
   446.2118       124.2636       2.259089    
   451.2035       124.4909       2.164825    
   456.1937       124.7369       2.102795    
   461.1783       125.0452       2.086097    
   466.1624       125.3608       2.109608    
   471.1551       125.5482       2.161522    
   476.1545       125.5920       2.233132    
   481.8401       125.5940       2.327548    
   489.3643       125.5940       2.454689    
   507.4286       125.5940       2.760446    
  -33.77417       113.9358       2.296914    
  -15.70986       113.9358       2.061612    
  -8.185690       113.9358       1.982667    
  -2.500000       113.9358       1.954409    
   2.481762       114.1617       1.966106    
   7.434425       114.6728       2.019934    
   12.38829       115.1762       2.110677    
   17.37068       115.4350       2.218617    
   22.36992       115.4978       2.313045    
   27.36889       115.5694       2.376617    
   32.36626       115.6889       2.412917    
   37.36148       115.8514       2.429779    
   42.35468       116.0465       2.432525    
   47.34677       116.2571       2.428255    
   52.33939       116.4603       2.428171    
   57.33461       116.6214       2.441674    
   62.33282       116.7137       2.472055    
   67.33237       116.7167       2.515872    
   72.33087       116.6326       2.562942    
   77.32610       116.4735       2.599952    
   82.31709       116.2499       2.613866    
   87.30524       115.9922       2.597204    
   92.29430       115.7452       2.550770    
   97.28818       115.5665       2.483812    
   102.2866       115.4874       2.407506    
   107.2863       115.4493       2.319725    
   112.2728       115.2323       2.227652    
   117.2255       114.7313       2.134778    
   122.1606       114.1291       2.051739    
   127.1186       113.6599       1.989925    
   132.1048       113.3961       1.953814    
   137.1018       113.2836       1.947796    
   142.1004       113.3186       1.976685    
   147.0855       113.5730       2.043149    
   152.0289       114.1145       2.144831    
   156.9416       114.8120       2.268706    
   161.8866       115.3350       2.405108    
   166.8759       115.5344       2.542206    
   171.8755       115.5392       2.663525    
   176.8751       115.4947       2.752986    
   181.8749       115.4726       2.800124    
   186.8749       115.4719       2.814484    
   191.8749       115.4722       2.775045    
   196.8749       115.4722       2.708522    
   201.8749       115.4722       2.630399    
   206.8749       115.4720       2.563139    
   211.8749       115.4739       2.530011    
   216.8748       115.4921       2.525250    
   221.8745       115.5383       2.536390    
   226.8739       115.5924       2.554577    
   231.8736       115.5948       2.575000    
   236.8703       115.4796       2.597526    
   241.8605       115.2498       2.622436    
   246.8531       115.0682       2.644904    
   251.8497       115.1104       2.656965    
   256.8403       115.3352       2.652990    
   261.8292       115.5839       2.635586    
   266.8226       115.7724       2.611189    
   271.8200       115.8866       2.587035    
   276.8195       115.9228       2.570682    
   281.8193       115.9004       2.571361    
   286.8188       115.8482       2.592984    
   291.8181       115.7824       2.631382    
   296.8170       115.7058       2.682786    
   301.8156       115.6153       2.728085    
   306.8141       115.5281       2.763485    
   311.8136       115.4968       2.776117    
   316.8123       115.4420       2.765871    
   321.7794       115.0840       2.741026    
   326.7076       114.4521       2.712856    
   331.6619       114.2384       2.689974    
   336.6017       114.7507       2.663507    
   341.4941       115.5241       2.618710    
   346.3997       116.2474       2.553353    
   351.3318       116.8596       2.483969    
   356.3008       117.2437       2.427463    
   361.2956       117.4006       2.396422    
   366.2939       117.4977       2.410281    
   371.2916       117.6117       2.468245    
   376.2886       117.7412       2.546044    
   381.2849       117.8860       2.612609    
   386.2799       118.0519       2.655673    
   391.2732       118.2462       2.676814    
   396.2645       118.4663       2.715614    
   401.2549       118.6983       2.770460    
   406.2462       118.9186       2.817953    
   411.2407       119.0920       2.840199    
   416.2387       119.1877       2.834356    
   421.2385       119.2163       2.804989    
   426.2385       119.2194       2.755517    
   431.2385       119.2319       2.684708    
   436.2343       119.3509       2.595009    
   441.2233       119.5975       2.498373    
   446.2118       119.8504       2.406608    
   451.2035       120.0655       2.327331    
   456.1937       120.2983       2.273024    
   461.1783       120.5900       2.248057    
   466.1624       120.8887       2.248882    
   471.1551       121.0661       2.276189    
   476.1545       121.1075       2.321665    
   481.8401       121.1095       2.391193    
   489.3643       121.1095       2.496952    
   507.4286       121.1095       2.771858    
  -33.77417       109.4377       2.317969    
  -15.70986       109.4377       2.107784    
  -8.185690       109.4377       2.045292    
  -2.500000       109.4377       2.027949    
   2.481762       109.6495       2.045424    
   7.434425       110.1285       2.096388    
   12.38829       110.6005       2.174977    
   17.37068       110.8431       2.269474    
   22.36992       110.9020       2.361337    
   27.36889       110.9691       2.436689    
   32.36626       111.0811       2.491435    
   37.36148       111.2335       2.527039    
   42.35468       111.4164       2.547899    
   47.34677       111.6138       2.560086    
   52.33939       111.8043       2.571134    
   57.33461       111.9553       2.587153    
   62.33282       112.0418       2.610221    
   67.33237       112.0446       2.637214    
   72.33087       111.9657       2.660922    
   77.32610       111.8166       2.672648    
   82.31709       111.6071       2.664509    
   87.30524       111.3655       2.633861    
   92.29430       111.1339       2.583274    
   97.28818       110.9664       2.518615    
   102.2866       110.8923       2.446826    
   107.2863       110.8566       2.369385    
   112.2728       110.6531       2.289879    
   117.2255       110.1834       2.212523    
   122.1606       109.6189       2.145593    
   127.1186       109.1790       2.097903    
   132.1048       108.9318       2.073720    
   137.1018       108.8263       2.077899    
   142.1004       108.8592       2.113735    
   147.0855       109.0976       2.182025    
   152.0289       109.6052       2.280526    
   156.9416       110.2591       2.401147    
   161.8866       110.7494       2.535070    
   166.8759       110.9363       2.670671    
   171.8755       110.9408       2.794062    
   176.8751       110.8991       2.890307    
   181.8749       110.8784       2.949665    
   186.8749       110.8776       2.971075    
   191.8749       110.8779       2.949626    
   196.8749       110.8779       2.898880    
   201.8749       110.8779       2.835955    
   206.8749       110.8778       2.779145    
   211.8749       110.8796       2.742698    
   216.8748       110.8966       2.726955    
   221.8745       110.9400       2.725524    
   226.8739       110.9907       2.732323    
   231.8736       110.9929       2.743406    
   236.8703       110.8849       2.757041    
   241.8605       110.6695       2.772003    
   246.8531       110.4993       2.785289    
   251.8497       110.5388       2.792632    
   256.8403       110.7495       2.791675    
   261.8292       110.9827       2.783707    
   266.8226       111.1594       2.771927    
   271.8200       111.2665       2.760991    
   276.8195       111.3003       2.756405    
   281.8193       111.2794       2.763566    
   286.8188       111.2305       2.784787    
   291.8181       111.1687       2.817494    
   296.8170       111.0969       2.855656    
   301.8156       111.0121       2.888907    
   306.8141       110.9304       2.911250    
   311.8136       110.9010       2.916810    
   316.8123       110.8497       2.904079    
   321.7794       110.5141       2.876090    
   326.7076       109.9218       2.840493    
   331.6619       109.7214       2.803080    
   336.6017       110.2016       2.759881    
   341.4941       110.9267       2.707898    
   346.3997       111.6047       2.647883    
   351.3318       112.1786       2.588587    
   356.3008       112.5386       2.540437    
   361.2956       112.6857       2.513983    
   366.2939       112.7768       2.519482    
   371.2916       112.8837       2.555668    
   376.2886       113.0050       2.609029    
   381.2849       113.1407       2.662104    
   386.2799       113.2963       2.704397    
   391.2732       113.4784       2.736966    
   396.2645       113.6848       2.773743    
   401.2549       113.9022       2.817354    
   406.2462       114.1088       2.855440    
   411.2407       114.2713       2.875904    
   416.2387       114.3611       2.874330    
   421.2385       114.3878       2.852228    
   426.2385       114.3907       2.811755    
   431.2385       114.4025       2.752013    
   436.2343       114.5140       2.676350    
   441.2233       114.7451       2.595729    
   446.2118       114.9823       2.520125    
   451.2035       115.1839       2.454059    
   456.1937       115.4022       2.404625    
   461.1783       115.6756       2.377519    
   466.1624       115.9556       2.366377    
   471.1551       116.1219       2.373780    
   476.1545       116.1607       2.402455    
   481.8401       116.1625       2.453142    
   489.3643       116.1625       2.536526    
   507.4286       116.1625       2.781791    
  -33.77417       104.4251       2.342138    
  -15.70986       104.4251       2.154991    
  -8.185690       104.4251       2.102401    
  -2.500000       104.4251       2.089233    
   2.481762       104.6212       2.106537    
   7.434425       105.0646       2.149300    
   12.38829       105.5015       2.212513    
   17.37068       105.7260       2.290203    
   22.36992       105.7805       2.370938    
   27.36889       105.8427       2.444541    
   32.36626       105.9463       2.506330    
   37.36148       106.0873       2.554226    
   42.35468       106.2567       2.588564    
   47.34677       106.4394       2.613131    
   52.33939       106.6157       2.633153    
   57.33461       106.7555       2.651531    
   62.33282       106.8356       2.668289    
   67.33237       106.8381       2.680983    
   72.33087       106.7651       2.685691    
   77.32610       106.6271       2.678459    
   82.31709       106.4332       2.656243    
   87.30524       106.2096       2.619280    
   92.29430       105.9952       2.570117    
   97.28818       105.8402       2.512345    
   102.2866       105.7715       2.450632    
   107.2863       105.7385       2.387644    
   112.2728       105.5501       2.325860    
   117.2255       105.1154       2.268232    
   122.1606       104.5929       2.220615    
   127.1186       104.1857       2.189807    
   132.1048       103.9569       2.179418    
   137.1018       103.8593       2.193097    
   142.1004       103.8897       2.233051    
   147.0855       104.1104       2.299700    
   152.0289       104.5803       2.391272    
   156.9416       105.1855       2.502423    
   161.8866       105.6393       2.626482    
   166.8759       105.8122       2.754004    
   171.8755       105.8165       2.873251    
   176.8751       105.7778       2.971406    
   181.8749       105.7587       3.039035    
   186.8749       105.7580       3.071576    
   191.8749       105.7582       3.067743    
   196.8749       105.7583       3.035590    
   201.8749       105.7583       2.989116    
   206.8749       105.7581       2.942541    
   211.8749       105.7598       2.906540    
   216.8748       105.7755       2.884235    
   221.8745       105.8157       2.873266    
   226.8739       105.8626       2.870200    
   231.8736       105.8647       2.872281    
   236.8703       105.7647       2.877506    
   241.8605       105.5654       2.884350    
   246.8531       105.4078       2.890932    
   251.8497       105.4444       2.894994    
   256.8403       105.6394       2.895814    
   261.8292       105.8553       2.894299    
   266.8226       106.0188       2.891932    
   271.8200       106.1179       2.891045    
   276.8195       106.1492       2.894528    
   281.8193       106.1298       2.905156    
   286.8188       106.0846       2.924044    
   291.8181       106.0275       2.949248    
   296.8170       105.9610       2.975790    
   301.8156       105.8824       2.996871    
   306.8141       105.8068       3.007674    
   311.8136       105.7796       3.004898    
   316.8123       105.7321       2.987340    
   321.7794       105.4215       2.955882    
   326.7076       104.8732       2.915187    
   331.6619       104.6877       2.869899    
   336.6017       105.1322       2.820084    
   341.4941       105.8034       2.767889    
   346.3997       106.4309       2.714946    
   351.3318       106.9622       2.665686    
   356.3008       107.2954       2.625687    
   361.2956       107.4315       2.601658    
   366.2939       107.5159       2.599863    
   371.2916       107.6148       2.619685    
   376.2886       107.7271       2.653946    
   381.2849       107.8528       2.693009    
   386.2799       107.9968       2.729053    
   391.2732       108.1653       2.761797    
   396.2645       108.3564       2.795113    
   401.2549       108.5576       2.829883    
   406.2462       108.7488       2.859386    
   411.2407       108.8992       2.876344    
   416.2387       108.9823       2.876747    
   421.2385       109.0071       2.861344    
   426.2385       109.0098       2.830983    
   431.2385       109.0207       2.784064    
   436.2343       109.1239       2.723898    
   441.2233       109.3378       2.660473    
   446.2118       109.5574       2.600688    
   451.2035       109.7439       2.546342    
   456.1937       109.9460       2.501891    
   461.1783       110.1991       2.473397    
   466.1624       110.4583       2.457962    
   471.1551       110.6122       2.457024    
   476.1545       110.6481       2.473471    
   481.8401       110.6497       2.511843    
   489.3643       110.6497       2.580918    
   507.4286       110.6497       2.792810    
  -33.77417       98.76926       2.370057    
  -15.70986       98.76926       2.203593    
  -8.185690       98.76926       2.155169    
  -2.500000       98.76926       2.142242    
   2.481762       98.94752       2.155455    
   7.434425       99.35075       2.187612    
   12.38829       99.74802       2.236105    
   17.37068       99.95215       2.295943    
   22.36992       100.0017       2.360128    
   27.36889       100.0582       2.422779    
   32.36626       100.1525       2.479747    
   37.36148       100.2807       2.528720    
   42.35468       100.4347       2.567830    
   47.34677       100.6009       2.597268    
   52.33939       100.7612       2.620106    
   57.33461       100.8883       2.638338    
   62.33282       100.9611       2.650978    
   67.33237       100.9634       2.655524    
   72.33087       100.8971       2.650106    
   77.32610       100.7716       2.634139    
   82.31709       100.5952       2.607816    
   87.30524       100.3919       2.572731    
   92.29430       100.1970       2.531080    
   97.28818       100.0560       2.484955    
   102.2866       99.99355       2.437305    
   107.2863       99.96349       2.390997    
   112.2728       99.79222       2.348336    
   117.2255       99.39693       2.311200    
   122.1606       98.92178       2.283208    
   127.1186       98.55151       2.269054    
   132.1048       98.34343       2.271443    
   137.1018       98.25465       2.292600    
   142.1004       98.28233       2.334099    
   147.0855       98.48299       2.396574    
   152.0289       98.91029       2.478815    
   156.9416       99.46066       2.577356    
   161.8866       99.87329       2.687564    
   166.8759       100.0306       2.802224    
   171.8755       100.0344       2.911975    
   176.8751       99.99930       3.006818    
   181.8749       99.98188       3.078548    
   186.8749       99.98126       3.121530    
   191.8749       99.98149       3.133923    
   196.8749       99.98150       3.120112    
   201.8749       99.98149       3.090124    
   206.8749       99.98139       3.054788    
   211.8749       99.98287       3.022858    
   216.8748       99.99718       2.998447    
   221.8745       100.0337       2.981679    
   226.8739       100.0764       2.971302    
   231.8736       100.0783       2.965846    
   236.8703       99.98734       2.963868    
   241.8605       99.80609       2.964249    
   246.8531       99.66279       2.965934    
   251.8497       99.69608       2.967721    
   256.8403       99.87341       2.969476    
   261.8292       100.0697       2.971750    
   266.8226       100.2184       2.975031    
   271.8200       100.3085       2.980056    
   276.8195       100.3370       2.987682    
   281.8193       100.3194       2.998772    
   286.8188       100.2782       3.013420    
   291.8181       100.2263       3.030183    
   296.8170       100.1659       3.045664    
   301.8156       100.0944       3.055343    
   306.8141       100.0256       3.056050    
   311.8136       100.0009       3.045728    
   316.8123       99.95772       3.023665    
   321.7794       99.67523       2.990129    
   326.7076       99.17667       2.948231    
   331.6619       99.00801       2.901817    
   336.6017       99.41222       2.852742    
   341.4941       100.0225       2.804835    
   346.3997       100.5932       2.759937    
   351.3318       101.0763       2.720202    
   356.3008       101.3793       2.687710    
   361.2956       101.5031       2.665623    
   366.2939       101.5798       2.658211    
   371.2916       101.6697       2.666047    
   376.2886       101.7719       2.685508    
   381.2849       101.8861       2.711295    
   386.2799       102.0170       2.738454    
   391.2732       102.1703       2.765605    
   396.2645       102.3440       2.793227    
   401.2549       102.5270       2.819889    
   406.2462       102.7009       2.841719    
   411.2407       102.8377       2.854652    
   416.2387       102.9132       2.856380    
   421.2385       102.9358       2.846559    
   426.2385       102.9382       2.823939    
   431.2385       102.9481       2.788254    
   436.2343       103.0419       2.743143    
   441.2233       103.2365       2.694585    
   446.2118       103.4361       2.647697    
   451.2035       103.6058       2.606408    
   456.1937       103.7895       2.571252    
   461.1783       104.0197       2.543523    
   466.1624       104.2553       2.527242    
   471.1551       104.3953       2.524351    
   476.1545       104.4279       2.536192    
   481.8401       104.4295       2.567351    
   489.3643       104.4295       2.625078    
   507.4286       104.4295       2.804677    
  -33.77417       92.28692       2.399727    
  -15.70986       92.28692       2.252457    
  -8.185690       92.28692       2.207877    
  -2.500000       92.28692       2.193258    
   2.481762       92.44483       2.199747    
   7.434425       92.80198       2.222659    
   12.38829       93.15384       2.257897    
   17.37068       93.33465       2.300985    
   22.36992       93.37855       2.347332    
   27.36889       93.42858       2.394486    
   32.36626       93.51208       2.440083    
   37.36148       93.62569       2.481385    
   42.35468       93.76205       2.516843    
   47.34677       93.90923       2.545083    
   52.33939       94.05121       2.566023    
   57.33461       94.16380       2.581236    
   62.33282       94.22831       2.590980    
   67.33237       94.23037       2.593266    
   72.33087       94.17159       2.586437    
   77.32610       94.06042       2.570768    
   82.31709       93.90422       2.547853    
   87.30524       93.72411       2.519919    
   92.29430       93.55146       2.489059    
   97.28818       93.42661       2.456746    
   102.2866       93.37131       2.424701    
   107.2863       93.34469       2.395125    
   112.2728       93.19299       2.369936    
   117.2255       92.84286       2.350446    
   122.1606       92.42202       2.338819    
   127.1186       92.09407       2.338069    
   132.1048       91.90976       2.350181    
   137.1018       91.83113       2.376481    
   142.1004       91.85565       2.418060    
   147.0855       92.03337       2.475507    
   152.0289       92.41184       2.548019    
   156.9416       92.89931       2.633341    
   161.8866       93.26480       2.728173    
   166.8759       93.40413       2.827057    
   171.8755       93.40750       2.923240    
   176.8751       93.37640       3.009851    
   181.8749       93.36098       3.080483    
   186.8749       93.36044       3.129601    
   191.8749       93.36063       3.154396    
   196.8749       93.36064       3.156624    
   201.8749       93.36063       3.142594    
   206.8749       93.36054       3.119949    
   211.8749       93.36186       3.095448    
   216.8748       93.37454       3.073076    
   221.8745       93.40688       3.054432    
   226.8739       93.44470       3.040009    
   231.8736       93.44635       3.029597    
   236.8703       93.36582       3.022542    
   241.8605       93.20527       3.018312    
   246.8531       93.07835       3.016482    
   251.8497       93.10783       3.016500    
   256.8403       93.26490       3.018301    
   261.8292       93.43874       3.021922    
   266.8226       93.57047       3.027182    
   271.8200       93.65030       3.034026    
   276.8195       93.67554       3.042169    
   281.8193       93.65989       3.051168    
   286.8188       93.62345       3.060367    
   291.8181       93.57744       3.068650    
   296.8170       93.52392       3.074207    
   301.8156       93.46066       3.074485    
   306.8141       93.39973       3.067623    
   311.8136       93.37785       3.052372    
   316.8123       93.33959       3.028370    
   321.7794       93.08938       2.995705    
   326.7076       92.64779       2.956545    
   331.6619       92.49840       2.913745    
   336.6017       92.85643       2.869542    
   341.4941       93.39696       2.827876    
   346.3997       93.90244       2.790462    
   351.3318       94.33030       2.758631    
   356.3008       94.59869       2.732717    
   361.2956       94.70834       2.713320    
   366.2939       94.77627       2.702832    
   371.2916       94.85593       2.702514    
   376.2886       94.94642       2.711062    
   381.2849       95.04758       2.725698    
   386.2799       95.16358       2.743717    
   391.2732       95.29931       2.763345    
   396.2645       95.45317       2.783463    
   401.2549       95.61526       2.802063    
   406.2462       95.76926       2.816923    
   411.2407       95.89043       2.826104    
   416.2387       95.95733       2.828141    
   421.2385       95.97731       2.821171    
   426.2385       95.97943       2.804222    
   431.2385       95.98818       2.779216    
   436.2343       96.07135       2.747816    
   441.2233       96.24365       2.712236    
   446.2118       96.42047       2.677364    
   451.2035       96.57073       2.646246    
   456.1937       96.73344       2.619558    
   461.1783       96.93733       2.598811    
   466.1624       97.14609       2.584193    
   471.1551       97.27006       2.579021    
   476.1545       97.29897       2.588974    
   481.8401       97.30029       2.616507    
   489.3643       97.30029       2.665375    
   507.4286       97.30029       2.813464    
  -33.77417       84.70639       2.431124    
  -15.70986       84.70639       2.304181    
  -8.185690       84.70639       2.264207    
  -2.500000       84.70639       2.247514    
   2.481762       84.84047       2.248323    
   7.434425       85.14374       2.262117    
   12.38829       85.44250       2.285966    
   17.37068       85.59602       2.315253    
   22.36992       85.63330       2.347409    
   27.36889       85.67580       2.380501    
   32.36626       85.74669       2.413487    
   37.36148       85.84315       2.444907    
   42.35468       85.95895       2.472912    
   47.34677       86.08392       2.496522    
   52.33939       86.20448       2.514363    
   57.33461       86.30008       2.526001    
   62.33282       86.35486       2.532757    
   67.33237       86.35661       2.535029    
   72.33087       86.30669       2.531528    
   77.32610       86.21230       2.521509    
   82.31709       86.07966       2.506145    
   87.30524       85.92673       2.487702    
   92.29430       85.78013       2.468223    
   97.28818       85.67411       2.449030    
   102.2866       85.62716       2.431262    
   107.2863       85.60456       2.416307    
   112.2728       85.47575       2.405492    
   117.2255       85.17844       2.399755    
   122.1606       84.82110       2.400240    
   127.1186       84.54264       2.408606    
   132.1048       84.38613       2.426372    
   137.1018       84.31937       2.454687    
   142.1004       84.34019       2.494342    
   147.0855       84.49109       2.545597    
   152.0289       84.81246       2.607824    
   156.9416       85.22638       2.679669    
   161.8866       85.53673       2.758952    
   166.8759       85.65503       2.841681    
   171.8755       85.65790       2.923067    
   176.8751       85.63148       2.998428    
   181.8749       85.61840       3.063047    
   186.8749       85.61794       3.112520    
   191.8749       85.61810       3.144260    
   196.8749       85.61810       3.158569    
   201.8749       85.61810       3.158555    
   206.8749       85.61802       3.148672    
   211.8749       85.61914       3.133486    
   216.8748       85.62991       3.116497    
   221.8745       85.65736       3.100032    
   226.8739       85.68948       3.085504    
   231.8736       85.69088       3.073444    
   236.8703       85.62250       3.063857    
   241.8605       85.48617       3.056840    
   246.8531       85.37840       3.052655    
   251.8497       85.40344       3.051342    
   256.8403       85.53680       3.052732    
   261.8292       85.68442       3.056250    
   266.8226       85.79627       3.061155    
   271.8200       85.86406       3.066951    
   276.8195       85.88549       3.072935    
   281.8193       85.87220       3.078135    
   286.8188       85.84126       3.081594    
   291.8181       85.80219       3.082396    
   296.8170       85.75674       3.079831    
   301.8156       85.70303       3.073050    
   306.8141       85.65130       3.061306    
   311.8136       85.63272       3.044058    
   316.8123       85.60023       3.021020    
   321.7794       85.38776       2.992163    
   326.7076       85.01280       2.958829    
   331.6619       84.88596       2.922708    
   336.6017       85.18996       2.885612    
   341.4941       85.64894       2.850765    
   346.3997       86.07815       2.819403    
   351.3318       86.44146       2.792631    
   356.3008       86.66934       2.770777    
   361.2956       86.76245       2.753848    
   366.2939       86.82014       2.742689    
   371.2916       86.88777       2.737911    
   376.2886       86.96461       2.739140    
   381.2849       87.05051       2.745332    
   386.2799       87.14902       2.755247    
   391.2732       87.26426       2.767107    
   396.2645       87.39491       2.778913    
   401.2549       87.53254       2.789129    
   406.2462       87.66331       2.796988    
   411.2407       87.76619       2.801528    
   416.2387       87.82300       2.800988    
   421.2385       87.83997       2.794337    
   426.2385       87.84176       2.782607    
   431.2385       87.84920       2.766357    
   436.2343       87.91981       2.745701    
   441.2233       88.06612       2.723329    
   446.2118       88.21626       2.700417    
   451.2035       88.34385       2.677471    
   456.1937       88.48203       2.658056    
   461.1783       88.65514       2.642429    
   466.1624       88.83239       2.631583    
   471.1551       88.93765       2.628677    
   476.1545       88.96221       2.635693    
   481.8401       88.96335       2.658763    
   489.3643       88.96335       2.701626    
   507.4286       88.96335       2.822614    
  -33.77417       75.60016       2.467333    
  -15.70986       75.60016       2.362092    
  -8.185690       75.60016       2.327257    
  -2.500000       75.60016       2.311348    
   2.481762       75.70561       2.308534    
   7.434425       75.94414       2.316065    
   12.38829       76.17914       2.331695    
   17.37068       76.29989       2.353249    
   22.36992       76.32921       2.377027    
   27.36889       76.36263       2.401465    
   32.36626       76.41840       2.425488    
   37.36148       76.49427       2.448882    
   42.35468       76.58534       2.470842    
   47.34677       76.68364       2.489828    
   52.33939       76.77846       2.505066    
   57.33461       76.85366       2.515455    
   62.33282       76.89674       2.520936    
   67.33237       76.89812       2.523319    
   72.33087       76.85886       2.523436    
   77.32610       76.78461       2.520312    
   82.31709       76.68029       2.513488    
   87.30524       76.56001       2.504209    
   92.29430       76.44469       2.494370    
   97.28818       76.36131       2.485349    
   102.2866       76.32438       2.477947    
   107.2863       76.30660       2.472851    
   112.2728       76.20528       2.470843    
   117.2255       75.97144       2.472745    
   122.1606       75.69038       2.479455    
   127.1186       75.47135       2.491963    
   132.1048       75.34826       2.511303    
   137.1018       75.29574       2.538471    
   142.1004       75.31212       2.574115    
   147.0855       75.43081       2.618296    
   152.0289       75.68358       2.670372    
   156.9416       76.00915       2.729447    
   161.8866       76.25325       2.794232    
   166.8759       76.34630       2.861988    
   171.8755       76.34855       2.929223    
   176.8751       76.32778       2.992512    
   181.8749       76.31749       3.048531    
   186.8749       76.31712       3.094358    
   191.8749       76.31725       3.128186    
   196.8749       76.31725       3.149677    
   201.8749       76.31725       3.159896    
   206.8749       76.31718       3.160957    
   211.8749       76.31807       3.155569    
   216.8748       76.32654       3.146419    
   221.8745       76.34814       3.135737    
   226.8739       76.37340       3.125065    
   231.8736       76.37450       3.115239    
   236.8703       76.32071       3.106688    
   241.8605       76.21349       3.099854    
   246.8531       76.12872       3.095295    
   251.8497       76.14841       3.093309    
   256.8403       76.25331       3.093822    
   261.8292       76.36942       3.096282    
   266.8226       76.45739       3.099845    
   271.8200       76.51070       3.103659    
   276.8195       76.52757       3.106810    
   281.8193       76.51711       3.108375    
   286.8188       76.49277       3.107545    
   291.8181       76.46204       3.103691    
   296.8170       76.42630       3.096496    
   301.8156       76.38405       3.085826    
   306.8141       76.34336       3.071622    
   311.8136       76.32875       3.053815    
   316.8123       76.30320       3.032345    
   321.7794       76.13609       3.007364    
   326.7076       75.84116       2.979771    
   331.6619       75.74139       2.950362    
   336.6017       75.98050       2.920184    
   341.4941       76.34151       2.891492    
   346.3997       76.67910       2.864913    
   351.3318       76.96486       2.841229    
   356.3008       77.14410       2.820994    
   361.2956       77.21733       2.804518    
   366.2939       77.26270       2.792233    
   371.2916       77.31591       2.784218    
   376.2886       77.37634       2.780295    
   381.2849       77.44391       2.780141    
   386.2799       77.52139       2.782948    
   391.2732       77.61202       2.787154    
   396.2645       77.71479       2.791369    
   401.2549       77.82304       2.795229    
   406.2462       77.92590       2.798388    
   411.2407       78.00681       2.799312    
   416.2387       78.05150       2.796992    
   421.2385       78.06484       2.792239    
   426.2385       78.06626       2.784905    
   431.2385       78.07211       2.774378    
   436.2343       78.12765       2.762386    
   441.2233       78.24273       2.749110    
   446.2118       78.36082       2.734181    
   451.2035       78.46117       2.720087    
   456.1937       78.56985       2.706469    
   461.1783       78.70601       2.694865    
   466.1624       78.84543       2.688991    
   471.1551       78.92822       2.688682    
   476.1545       78.94754       2.694294    
   481.8401       78.94843       2.710078    
   489.3643       78.94843       2.741508    
   507.4286       78.94843       2.831354    
  -33.77417       56.32260       2.541914    
  -15.70986       56.32260       2.482827    
  -8.185690       56.32260       2.465691    
  -2.500000       56.32260       2.459129    
   2.481762       56.36747       2.459746    
   7.434425       56.46896       2.465312    
   12.38829       56.56895       2.476802    
   17.37068       56.62033       2.493120    
   22.36992       56.63280       2.513199    
   27.36889       56.64702       2.533525    
   32.36626       56.67075       2.552977    
   37.36148       56.70303       2.571289    
   42.35468       56.74178       2.589365    
   47.34677       56.78361       2.606856    
   52.33939       56.82395       2.622432    
   57.33461       56.85595       2.635385    
   62.33282       56.87428       2.643969    
   67.33237       56.87487       2.648307    
   72.33087       56.85816       2.651665    
   77.32610       56.82657       2.655572    
   82.31709       56.78218       2.658239    
   87.30524       56.73100       2.658286    
   92.29430       56.68194       2.656883    
   97.28818       56.64646       2.656152    
   102.2866       56.63075       2.657282    
   107.2863       56.62318       2.660423    
   112.2728       56.58007       2.665468    
   117.2255       56.48058       2.672701    
   122.1606       56.36099       2.682806    
   127.1186       56.26780       2.696463    
   132.1048       56.21542       2.714139    
   137.1018       56.19307       2.736281    
   142.1004       56.20005       2.763263    
   147.0855       56.25055       2.795097    
   152.0289       56.35809       2.831224    
   156.9416       56.49662       2.870991    
   161.8866       56.60048       2.914022    
   166.8759       56.64007       2.959470    
   171.8755       56.64103       3.005899    
   176.8751       56.63219       3.051692    
   181.8749       56.62782       3.095074    
   186.8749       56.62766       3.134315    
   191.8749       56.62771       3.168008    
   196.8749       56.62772       3.195250    
   201.8749       56.62771       3.215775    
   206.8749       56.62769       3.229979    
   211.8749       56.62806       3.238808    
   216.8748       56.63167       3.243513    
   221.8745       56.64086       3.245372    
   226.8739       56.65160       3.245468    
   231.8736       56.65207       3.244622    
   236.8703       56.62919       3.243459    
   241.8605       56.58356       3.242466    
   246.8531       56.54750       3.242020    
   251.8497       56.55588       3.242270    
   256.8403       56.60051       3.243179    
   261.8292       56.64991       3.244503    
   266.8226       56.68734       3.245787    
   271.8200       56.71003       3.246497    
   276.8195       56.71720       3.246136    
   281.8193       56.71275       3.244223    
   286.8188       56.70240       3.240271    
   291.8181       56.68932       3.233843    
   296.8170       56.67411       3.224573    
   301.8156       56.65614       3.212259    
   306.8141       56.63882       3.196867    
   311.8136       56.63261       3.178481    
   316.8123       56.62173       3.157370    
   321.7794       56.55063       3.134044    
   326.7076       56.42514       3.109294    
   331.6619       56.38269       3.083685    
   336.6017       56.48443       3.058169    
   341.4941       56.63803       3.033845    
   346.3997       56.78168       3.010709    
   351.3318       56.90327       2.988950    
   356.3008       56.97953       2.968746    
   361.2956       57.01069       2.950352    
   366.2939       57.02999       2.934288    
   371.2916       57.05263       2.921062    
   376.2886       57.07835       2.911053    
   381.2849       57.10709       2.903967    
   386.2799       57.14006       2.898839    
   391.2732       57.17862       2.895216    
   396.2645       57.22235       2.893722    
   401.2549       57.26841       2.894496    
   406.2462       57.31217       2.895561    
   411.2407       57.34660       2.895334    
   416.2387       57.36561       2.894961    
   421.2385       57.37129       2.894036    
   426.2385       57.37189       2.890611    
   431.2385       57.37438       2.886464    
   436.2343       57.39801       2.881660    
   441.2233       57.44698       2.874330    
   446.2118       57.49723       2.867179    
   451.2035       57.53992       2.859391    
   456.1937       57.58617       2.850348    
   461.1783       57.64410       2.842994    
   466.1624       57.70342       2.836859    
   471.1551       57.73865       2.832031    
   476.1545       57.74687       2.830002    
   481.8401       57.74725       2.832055    
   489.3643       57.74725       2.835778    
   507.4286       57.74725       2.931636    
