        1545
  -33.77417       136.6885       1.317626    
  -15.70986       136.6885       1.317615    
  -8.185690       136.6885       1.220044    
  -2.500000       136.6885       1.218411    
   2.481762       136.9860       1.218404    
   7.434425       137.6588       1.218598    
   12.38829       138.3216       1.203994    
   17.37068       138.6622       1.203550    
   22.36992       138.7449       1.203606    
   27.36889       138.8391       1.204217    
   32.36626       138.9964       1.204264    
   37.36148       139.2104       1.204179    
   42.35468       139.4673       1.201714    
   47.34677       139.7446       1.200166    
   52.33939       140.0120       1.200078    
   57.33461       140.2241       1.200108    
   62.33282       140.3456       1.202617    
   67.33237       140.3495       1.207973    
   72.33087       140.2388       1.214809    
   77.32610       140.0294       1.217521    
   82.31709       139.7351       1.217559    
   87.30524       139.3958       1.213695    
   92.29430       139.0706       1.201618    
   97.28818       138.8354       1.194344    
   102.2866       138.7312       1.194383    
   107.2863       138.6811       1.194783    
   112.2728       138.3953       1.198598    
   117.2255       137.7357       1.200562    
   122.1606       136.9430       1.211277    
   127.1186       136.3252       1.226352    
   132.1048       135.9780       1.229595    
   137.1018       135.8299       1.232548    
   142.1004       135.8761       1.233252    
   147.0855       136.2108       1.233342    
   152.0289       136.9238       1.235760    
   156.9416       137.8421       1.235839    
   161.8866       138.5306       1.235940    
   166.8759       138.7930       1.235884    
   171.8755       138.7994       1.235822    
   176.8751       138.7408       1.234188    
   181.8749       138.7118       1.233178    
   186.8749       138.7108       1.233003    
   191.8749       138.7111       1.232841    
   196.8749       138.7112       1.232613    
   201.8749       138.7111       1.231555    
   206.8749       138.7109       1.230411    
   211.8749       138.7134       1.229694    
   216.8748       138.7373       1.222816    
   221.8745       138.7983       1.221109    
   226.8739       138.8695       1.220870    
   231.8736       138.8726       1.220661    
   236.8703       138.7209       1.220297    
   241.8605       138.4185       1.218980    
   246.8531       138.1794       1.218261    
   251.8497       138.2349       1.217728    
   256.8403       138.5308       1.217693    
   261.8292       138.8582       1.218542    
   266.8226       139.1064       1.223468    
   271.8200       139.2568       1.226591    
   276.8195       139.3043       1.226611    
   281.8193       139.2749       1.226635    
   286.8188       139.2062       1.226449    
   291.8181       139.1195       1.226345    
   296.8170       139.0187       1.226109    
   301.8156       138.8996       1.226107    
   306.8141       138.7848       1.226098    
   311.8136       138.7435       1.226074    
   316.8123       138.6715       1.226038    
   321.7794       138.2001       1.226154    
   326.7076       137.3683       1.245961    
   331.6619       137.0869       1.245946    
   336.6017       137.7613       1.215472    
   341.4941       138.7795       1.214182    
   346.3997       139.7317       1.214189    
   351.3318       140.5377       1.216069    
   356.3008       141.0433       1.215986    
   361.2956       141.2499       1.215963    
   366.2939       141.3779       1.215957    
   371.2916       141.5279       1.215994    
   376.2886       141.6984       1.216035    
   381.2849       141.8889       1.216077    
   386.2799       142.1075       1.216110    
   391.2732       142.3631       1.216130    
   396.2645       142.6530       1.216132    
   401.2549       142.9583       1.215295    
   406.2462       143.2484       1.198570    
   411.2407       143.4767       1.194005    
   416.2387       143.6027       1.193966    
   421.2385       143.6403       1.193974    
   426.2385       143.6443       1.193938    
   431.2385       143.6608       1.193887    
   436.2343       143.8174       1.193873    
   441.2233       144.1421       1.193880    
   446.2118       144.4751       1.195418    
   451.2035       144.7582       1.195604    
   456.1937       145.0647       1.195605    
   461.1783       145.4488       1.162450    
   466.1624       145.8420       1.165048    
   471.1551       146.0755       1.156045    
   476.1545       146.1300       1.155481    
   481.8401       146.1326      0.7206419    
   489.3643       146.1326       1.401145    
   507.4286       146.1326       1.401145    
  -33.77417       134.0858       1.324704    
  -15.70986       134.0858       1.324699    
  -8.185690       134.0858       1.235891    
  -2.500000       134.0858       1.240466    
   2.481762       134.3752       1.240469    
   7.434425       135.0294       1.240428    
   12.38829       135.6740       1.203968    
   17.37068       136.0052       1.203528    
   22.36992       136.0857       1.203594    
   27.36889       136.1774       1.204220    
   32.36626       136.3303       1.204256    
   37.36148       136.5384       1.204166    
   42.35468       136.7882       1.201682    
   47.34677       137.0579       1.200129    
   52.33939       137.3180       1.200071    
   57.33461       137.5242       1.200101    
   62.33282       137.6424       1.202628    
   67.33237       137.6462       1.207963    
   72.33087       137.5385       1.214868    
   77.32610       137.3349       1.217571    
   82.31709       137.0487       1.217586    
   87.30524       136.7188       1.213713    
   92.29430       136.4025       1.201602    
   97.28818       136.1738       1.194305    
   102.2866       136.0724       1.194353    
   107.2863       136.0237       1.194651    
   112.2728       135.7457       1.198520    
   117.2255       135.1043       1.200543    
   122.1606       134.3334       1.211030    
   127.1186       133.7326       1.241464    
   132.1048       133.3949       1.243994    
   137.1018       133.2509       1.244030    
   142.1004       133.2958       1.244042    
   147.0855       133.6214       1.244063    
   152.0289       134.3147       1.244181    
   156.9416       135.2077       1.244212    
   161.8866       135.8773       1.236007    
   166.8759       136.1325       1.235916    
   171.8755       136.1387       1.235849    
   176.8751       136.0817       1.234205    
   181.8749       136.0535       1.233189    
   186.8749       136.0525       1.233015    
   191.8749       136.0529       1.232849    
   196.8749       136.0529       1.232634    
   201.8749       136.0529       1.231586    
   206.8749       136.0527       1.230444    
   211.8749       136.0551       1.229724    
   216.8748       136.0783       1.222846    
   221.8745       136.1376       1.221128    
   226.8739       136.2069       1.220918    
   231.8736       136.2099       1.220726    
   236.8703       136.0623       1.220366    
   241.8605       135.7682       1.219055    
   246.8531       135.5358       1.218285    
   251.8497       135.5898       1.217860    
   256.8403       135.8775       1.217738    
   261.8292       136.1960       1.218582    
   266.8226       136.4373       1.223497    
   271.8200       136.5835       1.226620    
   276.8195       136.6297       1.226631    
   281.8193       136.6011       1.226654    
   286.8188       136.5343       1.226463    
   291.8181       136.4500       1.226359    
   296.8170       136.3520       1.226128    
   301.8156       136.2361       1.226130    
   306.8141       136.1245       1.226117    
   311.8136       136.0844       1.226097    
   316.8123       136.0143       1.226073    
   321.7794       135.5559       1.244345    
   326.7076       134.7469       1.270461    
   331.6619       134.4733       1.269317    
   336.6017       135.1292       1.267525    
   341.4941       136.1194       1.221357    
   346.3997       137.0454       1.218941    
   351.3318       137.8293       1.216079    
   356.3008       138.3209       1.215988    
   361.2956       138.5218       1.215966    
   366.2939       138.6463       1.215965    
   371.2916       138.7922       1.215999    
   376.2886       138.9579       1.216043    
   381.2849       139.1433       1.216087    
   386.2799       139.3558       1.216123    
   391.2732       139.6044       1.216144    
   396.2645       139.8863       1.216138    
   401.2549       140.1832       1.215297    
   406.2462       140.4654       1.198528    
   411.2407       140.6873       1.193974    
   416.2387       140.8099       1.193934    
   421.2385       140.8465       1.193937    
   426.2385       140.8504       1.193923    
   431.2385       140.8664       1.193879    
   436.2343       141.0188       1.193862    
   441.2233       141.3345       1.193871    
   446.2118       141.6584       1.195407    
   451.2035       141.9337       1.195592    
   456.1937       142.2318       1.195597    
   461.1783       142.6053       1.162454    
   466.1624       142.9877       1.165050    
   471.1551       143.2148       1.156055    
   476.1545       143.2677       1.155993    
   481.8401       143.2702      0.7207018    
   489.3643       143.2702       1.399609    
   507.4286       143.2702       1.399610    
  -33.77417       131.3152       1.332191    
  -15.70986       131.3152       1.332189    
  -8.185690       131.3152       1.241016    
  -2.500000       131.3152       1.240467    
   2.481762       131.5958       1.240436    
   7.434425       132.2304       1.240429    
   12.38829       132.8556       1.204810    
   17.37068       133.1768       1.204806    
   22.36992       133.2549       1.205000    
   27.36889       133.3438       1.205026    
   32.36626       133.4921       1.205063    
   37.36148       133.6940       1.205057    
   42.35468       133.9363       1.204555    
   47.34677       134.1978       1.197581    
   52.33939       134.4500       1.197563    
   57.33461       134.6501       1.199993    
   62.33282       134.7647       1.202683    
   67.33237       134.7684       1.207732    
   72.33087       134.6640       1.216204    
   77.32610       134.4664       1.233709    
   82.31709       134.1889       1.233712    
   87.30524       133.8689       1.213847    
   92.29430       133.5621       1.187725    
   97.28818       133.3403       1.187713    
   102.2866       133.2420       1.187569    
   107.2863       133.1947       1.187612    
   112.2728       132.9252       1.198538    
   117.2255       132.3031       1.200561    
   122.1606       131.5553       1.209361    
   127.1186       130.9726       1.242477    
   132.1048       130.6451       1.286631    
   137.1018       130.5054       1.289878    
   142.1004       130.5490       1.290223    
   147.0855       130.8647       1.290255    
   152.0289       131.5372       1.290312    
   156.9416       132.4034       1.290352    
   161.8866       133.0527       1.284032    
   166.8759       133.3003       1.267748    
   171.8755       133.3063       1.267570    
   176.8751       133.2510       1.267432    
   181.8749       133.2236       1.267386    
   186.8749       133.2227       1.267268    
   191.8749       133.2231       1.267151    
   196.8749       133.2231       1.267039    
   201.8749       133.2231       1.264115    
   206.8749       133.2229       1.244842    
   211.8749       133.2252       1.229813    
   216.8748       133.2477       1.223240    
   221.8745       133.3052       1.221973    
   226.8739       133.3724       1.221938    
   231.8736       133.3753       1.221913    
   236.8703       133.2322       1.220160    
   241.8605       132.9470       1.219160    
   246.8531       132.7215       1.218904    
   251.8497       132.7738       1.218269    
   256.8403       133.0529       1.218253    
   261.8292       133.3618       1.219306    
   266.8226       133.5959       1.223566    
   271.8200       133.7377       1.263745    
   276.8195       133.7825       1.265257    
   281.8193       133.7548       1.265289    
   286.8188       133.6900       1.265289    
   291.8181       133.6082       1.265272    
   296.8170       133.5132       1.265267    
   301.8156       133.4008       1.276365    
   306.8141       133.2925       1.276366    
   311.8136       133.2536       1.239408    
   316.8123       133.1856       1.234571    
   321.7794       132.7410       1.309264    
   326.7076       131.9564       1.676751    
   331.6619       131.6910       1.675232    
   336.6017       132.3271       1.296729    
   341.4941       133.2876       1.298403    
   346.3997       134.1857       1.299726    
   351.3318       134.9460       1.301607    
   356.3008       135.4228       1.301645    
   361.2956       135.6176       1.304595    
   366.2939       135.7384       1.304624    
   371.2916       135.8799       1.304673    
   376.2886       136.0407       1.304889    
   381.2849       136.2204       1.304950    
   386.2799       136.4265       1.304997    
   391.2732       136.6677       1.305019    
   396.2645       136.9411       1.305726    
   401.2549       137.2291       1.230849    
   406.2462       137.5027       1.175455    
   411.2407       137.7180       1.173881    
   416.2387       137.8369       1.173896    
   421.2385       137.8724       1.174025    
   426.2385       137.8761       1.174066    
   431.2385       137.8917       1.193478    
   436.2343       138.0394       1.193498    
   441.2233       138.3456       1.193525    
   446.2118       138.6598       1.193645    
   451.2035       138.9268       1.194087    
   456.1937       139.2159       1.194247    
   461.1783       139.5782       1.194649    
   466.1624       139.9491       1.195886    
   471.1551       140.1694       1.195857    
   476.1545       140.2207       1.157339    
   481.8401       140.2231      0.7526470    
   489.3643       140.2231       1.406430    
   507.4286       140.2231       1.406430    
  -33.77417       128.3538       1.604931    
  -15.70986       128.3538       1.604930    
  -8.185690       128.3538       1.406902    
  -2.500000       128.3538       1.237414    
   2.481762       128.6251       1.237409    
   7.434425       129.2386       1.237401    
   12.38829       129.8431       1.236811    
   17.37068       130.1537       1.224243    
   22.36992       130.2291       1.224313    
   27.36889       130.3151       1.224391    
   32.36626       130.4585       1.224369    
   37.36148       130.6536       1.222573    
   42.35468       130.8879       1.222558    
   47.34677       131.1408       1.196914    
   52.33939       131.3846       1.196793    
   57.33461       131.5780       1.196867    
   62.33282       131.6889       1.197100    
   67.33237       131.6924       1.224128    
   72.33087       131.5914       1.289919    
   77.32610       131.4005       1.289654    
   82.31709       131.1322       1.289618    
   87.30524       130.8228       1.287376    
   92.29430       130.5262       1.285106    
   97.28818       130.3116       1.281032    
   102.2866       130.2167       1.160664    
   107.2863       130.1709       1.160749    
   112.2728       129.9104       1.315885    
   117.2255       129.3089       1.412285    
   122.1606       128.5859       1.542282    
   127.1186       128.0226       1.684976    
   132.1048       127.7059       1.715604    
   137.1018       127.5708       1.716936    
   142.1004       127.6130       1.716942    
   147.0855       127.9183       1.716965    
   152.0289       128.5684       1.716981    
   156.9416       129.4059       1.716997    
   161.8866       130.0337       1.717024    
   166.8759       130.2731       1.791262    
   171.8755       130.2789       1.791269    
   176.8751       130.2254       1.791259    
   181.8749       130.1989       1.791256    
   186.8749       130.1980       1.791249    
   191.8749       130.1983       1.791243    
   196.8749       130.1983       1.791268    
   201.8749       130.1983       1.791573    
   206.8749       130.1982       1.791570    
   211.8749       130.2005       1.791593    
   216.8748       130.2222       1.288186    
   221.8745       130.2778       1.263440    
   226.8739       130.3428       1.263425    
   231.8736       130.3456       1.263433    
   236.8703       130.2072       1.277829    
   241.8605       129.9314       1.277846    
   246.8531       129.7134       1.279246    
   251.8497       129.7641       1.279375    
   256.8403       130.0339       1.279389    
   261.8292       130.3325       1.279395    
   266.8226       130.5588       1.286521    
   271.8200       130.6960       1.731375    
   276.8195       130.7393       1.730446    
   281.8193       130.7124       1.730039    
   286.8188       130.6498       1.729985    
   291.8181       130.5708       1.729956    
   296.8170       130.4788       1.729894    
   301.8156       130.3701       1.729204    
   306.8141       130.2655       1.729200    
   311.8136       130.2279       1.729199    
   316.8123       130.1622       1.733303    
   321.7794       129.7323       2.240438    
   326.7076       128.9738       2.268911    
   331.6619       128.7171       2.269045    
   336.6017       129.3322       1.904896    
   341.4941       130.2607       1.638065    
   346.3997       131.1291       1.637630    
   351.3318       131.8641       1.637629    
   356.3008       132.3251       1.681430    
   361.2956       132.5135       1.680675    
   366.2939       132.6302       1.680749    
   371.2916       132.7671       1.680848    
   376.2886       132.9225       1.680986    
   381.2849       133.0963       1.681239    
   386.2799       133.2955       1.681272    
   391.2732       133.5287       1.681290    
   396.2645       133.7930       1.681346    
   401.2549       134.0715       1.681306    
   406.2462       134.3360       1.670511    
   411.2407       134.5442       1.448437    
   416.2387       134.6591       1.433887    
   421.2385       134.6935       1.435324    
   426.2385       134.6971       1.435341    
   431.2385       134.7121       1.435354    
   436.2343       134.8550       1.435358    
   441.2233       135.1510       1.435367    
   446.2118       135.4547       1.435355    
   451.2035       135.7129       1.435341    
   456.1937       135.9924       1.435318    
   461.1783       136.3427       1.435308    
   466.1624       136.7012       1.435339    
   471.1551       136.9142       1.435351    
   476.1545       136.9639       1.435336    
   481.8401       136.9662       1.442141    
   489.3643       136.9662       1.780638    
   507.4286       136.9662       1.780638    
  -33.77417       125.1739       1.896456    
  -15.70986       125.1739       1.896455    
  -8.185690       125.1739       1.885912    
  -2.500000       125.1739       1.661642    
   2.481762       125.4352       1.661630    
   7.434425       126.0261       1.661613    
   12.38829       126.6083       1.660693    
   17.37068       126.9075       1.495866    
   22.36992       126.9801       1.362709    
   27.36889       127.0629       1.347465    
   32.36626       127.2010       1.347454    
   37.36148       127.3890       1.292930    
   42.35468       127.6146       1.292908    
   47.34677       127.8582       1.292830    
   52.33939       128.0931       1.292768    
   57.33461       128.2793       1.402650    
   62.33282       128.3861       1.402660    
   67.33237       128.3895       1.565032    
   72.33087       128.2923       1.681393    
   77.32610       128.1083       1.681038    
   82.31709       127.8499       1.681025    
   87.30524       127.5519       1.673117    
   92.29430       127.2662       1.664299    
   97.28818       127.0596       1.664271    
   102.2866       126.9681       1.664192    
   107.2863       126.9241       1.658926    
   112.2728       126.6731       1.810538    
   117.2255       126.0938       1.929578    
   122.1606       125.3975       2.427659    
   127.1186       124.8549       2.491578    
   132.1048       124.5499       2.717274    
   137.1018       124.4198       2.717496    
   142.1004       124.4603       2.720389    
   147.0855       124.7544       2.720428    
   152.0289       125.3806       2.720493    
   156.9416       126.1872       2.720520    
   161.8866       126.7919       2.720651    
   166.8759       127.0225       2.720882    
   171.8755       127.0280       2.721084    
   176.8751       126.9765       2.723878    
   181.8749       126.9510       2.726315    
   186.8749       126.9501       2.726125    
   191.8749       126.9505       2.726136    
   196.8749       126.9505       2.726150    
   201.8749       126.9505       2.726147    
   206.8749       126.9503       2.725342    
   211.8749       126.9525       2.378885    
   216.8748       126.9735       1.777228    
   221.8745       127.0270       1.777895    
   226.8739       127.0896       1.777957    
   231.8736       127.0923       1.777970    
   236.8703       126.9591       1.778232    
   241.8605       126.6934       1.779963    
   246.8531       126.4834       2.007547    
   251.8497       126.5322       2.008677    
   256.8403       126.7921       2.008695    
   261.8292       127.0797       2.008851    
   266.8226       127.2977       2.010386    
   271.8200       127.4297       2.217980    
   276.8195       127.4715       2.377319    
   281.8193       127.4456       2.378197    
   286.8188       127.3853       2.374420    
   291.8181       127.3092       2.374236    
   296.8170       127.2206       2.374149    
   301.8156       127.1160       2.373985    
   306.8141       127.0152       2.373989    
   311.8136       126.9790       2.373986    
   316.8123       126.9157       2.373688    
   321.7794       126.5017       2.373684    
   326.7076       125.7710       2.373002    
   331.6619       125.5238       2.372512    
   336.6017       126.1162       2.272877    
   341.4941       127.0106       2.261445    
   346.3997       127.8469       2.261286    
   351.3318       128.5549       2.260917    
   356.3008       128.9989       2.259345    
   361.2956       129.1804       2.258198    
   366.2939       129.2928       2.257155    
   371.2916       129.4245       2.255540    
   376.2886       129.5742       2.254364    
   381.2849       129.7417       2.253952    
   386.2799       129.9336       2.253940    
   391.2732       130.1582       2.253933    
   396.2645       130.4128       2.253951    
   401.2549       130.6809       2.253985    
   406.2462       130.9357       2.222889    
   411.2407       131.1362       1.958125    
   416.2387       131.2469       1.846835    
   421.2385       131.2800       1.844227    
   426.2385       131.2835       1.844238    
   431.2385       131.2979       1.844249    
   436.2343       131.4355       1.844355    
   441.2233       131.7207       1.844714    
   446.2118       132.0132       1.844736    
   451.2035       132.2618       1.844760    
   456.1937       132.5311       1.844767    
   461.1783       132.8684       1.844760    
   466.1624       133.2138       1.844763    
   471.1551       133.4189       1.844739    
   476.1545       133.4668       1.840720    
   481.8401       133.4690       1.840718    
   489.3643       133.4690       2.118357    
   507.4286       133.4690       2.118358    
  -33.77417       121.7413       2.208792    
  -15.70986       121.7413       2.208790    
  -8.185690       121.7413       1.993858    
  -2.500000       121.7413       1.993828    
   2.481762       121.9919       1.993378    
   7.434425       122.5584       1.981647    
   12.38829       123.1165       1.968878    
   17.37068       123.4034       1.850400    
   22.36992       123.4730       1.510200    
   27.36889       123.5524       1.448097    
   32.36626       123.6848       1.448093    
   37.36148       123.8650       1.308827    
   42.35468       124.0813       1.307920    
   47.34677       124.3148       1.307494    
   52.33939       124.5400       1.293706    
   57.33461       124.7186       1.724756    
   62.33282       124.8209       1.745530    
   67.33237       124.8242       1.745535    
   72.33087       124.7309       1.745540    
   77.32610       124.5546       1.746860    
   82.31709       124.3068       1.740174    
   87.30524       124.0211       1.739854    
   92.29430       123.7473       1.738707    
   97.28818       123.5492       1.738615    
   102.2866       123.4615       1.737282    
   107.2863       123.4193       1.760377    
   112.2728       123.1786       1.914800    
   117.2255       122.6232       2.368634    
   122.1606       121.9557       2.447188    
   127.1186       121.4355       2.466016    
   132.1048       121.1431       2.466221    
   137.1018       121.0183       2.466243    
   142.1004       121.0573       2.466492    
   147.0855       121.3392       2.969646    
   152.0289       121.9395       3.002647    
   156.9416       122.7128       3.002663    
   161.8866       123.2925       3.004664    
   166.8759       123.5135       3.015613    
   171.8755       123.5189       3.019682    
   176.8751       123.4696       3.037631    
   181.8749       123.4451       3.248273    
   186.8749       123.4443       3.297044    
   191.8749       123.4446       3.297084    
   196.8749       123.4446       3.297060    
   201.8749       123.4446       3.293683    
   206.8749       123.4444       2.765274    
   211.8749       123.4465       2.344982    
   216.8748       123.4666       2.282358    
   221.8745       123.5179       2.272047    
   226.8739       123.5779       2.201096    
   231.8736       123.5806       2.201091    
   236.8703       123.4528       2.201121    
   241.8605       123.1981       2.201414    
   246.8531       122.9968       2.201761    
   251.8497       123.0435       2.222062    
   256.8403       123.2927       2.222272    
   261.8292       123.5684       2.222290    
   266.8226       123.7774       2.223573    
   271.8200       123.9041       2.280389    
   276.8195       123.9441       2.401975    
   281.8193       123.9193       2.399767    
   286.8188       123.8614       2.399744    
   291.8181       123.7885       2.398746    
   296.8170       123.7036       2.380687    
   301.8156       123.6032       2.376251    
   306.8141       123.5066       2.376188    
   311.8136       123.4719       2.376171    
   316.8123       123.4112       2.376088    
   321.7794       123.0143       2.376080    
   326.7076       122.3138       2.391508    
   331.6619       122.0768       2.391956    
   336.6017       122.6448       2.469827    
   341.4941       123.5022       2.471328    
   346.3997       124.3040       2.471295    
   351.3318       124.9827       2.471261    
   356.3008       125.4084       2.471215    
   361.2956       125.5824       2.471200    
   366.2939       125.6901       2.470967    
   371.2916       125.8165       2.469588    
   376.2886       125.9600       2.468756    
   381.2849       126.1205       2.468576    
   386.2799       126.3045       2.468569    
   391.2732       126.5198       2.468573    
   396.2645       126.7639       2.468638    
   401.2549       127.0210       2.468138    
   406.2462       127.2653       2.456517    
   411.2407       127.4575       2.285996    
   416.2387       127.5636       2.248688    
   421.2385       127.5953       2.248686    
   426.2385       127.5986       2.259664    
   431.2385       127.6125       2.264543    
   436.2343       127.7445       2.264844    
   441.2233       128.0178       2.264857    
   446.2118       128.2982       2.264802    
   451.2035       128.5366       2.264677    
   456.1937       128.7948       2.264605    
   461.1783       129.1181       2.264595    
   466.1624       129.4493       2.264602    
   471.1551       129.6459       2.264688    
   476.1545       129.6918       2.264820    
   481.8401       129.6939       2.264835    
   489.3643       129.6939       2.441088    
   507.4286       129.6939       2.441090    
  -33.77417       118.0135       2.484521    
  -15.70986       118.0135       2.484519    
  -8.185690       118.0135       2.483646    
  -2.500000       118.0135       2.424963    
   2.481762       118.2522       2.424960    
   7.434425       118.7923       2.424877    
   12.38829       119.3243       2.398889    
   17.37068       119.5977       2.289631    
   22.36992       119.6640       2.156390    
   27.36889       119.7397       2.150755    
   32.36626       119.8660       2.150753    
   37.36148       120.0378       2.150867    
   42.35468       120.2439       2.150890    
   47.34677       120.4665       2.151328    
   52.33939       120.6811       2.152085    
   57.33461       120.8514       2.353829    
   62.33282       120.9489       2.409945    
   67.33237       120.9520       2.409945    
   72.33087       120.8632       2.409962    
   77.32610       120.6951       2.409987    
   82.31709       120.4589       2.410000    
   87.30524       120.1866       2.413452    
   92.29430       119.9255       2.416767    
   97.28818       119.7367       2.416784    
   102.2866       119.6531       2.423042    
   107.2863       119.6129       2.428313    
   112.2728       119.3835       2.435214    
   117.2255       118.8540       2.444270    
   122.1606       118.2177       2.447174    
   127.1186       117.7218       2.447397    
   132.1048       117.4431       2.447457    
   137.1018       117.3242       2.447557    
   142.1004       117.3613       2.447607    
   147.0855       117.6301       2.447648    
   152.0289       118.2023       2.447668    
   156.9416       118.9394       2.447941    
   161.8866       119.4921       2.797945    
   166.8759       119.7027       3.015053    
   171.8755       119.7078       3.022736    
   176.8751       119.6608       3.036756    
   181.8749       119.6375       3.036622    
   186.8749       119.6367       3.038156    
   191.8749       119.6370       3.038419    
   196.8749       119.6370       3.038417    
   201.8749       119.6370       3.036218    
   206.8749       119.6368       2.418237    
   211.8749       119.6388       2.347389    
   216.8748       119.6580       2.282683    
   221.8745       119.7069       2.292485    
   226.8739       119.7641       2.420214    
   231.8736       119.7666       2.420370    
   236.8703       119.6448       2.420393    
   241.8605       119.4020       2.425088    
   246.8531       119.2101       2.432259    
   251.8497       119.2547       2.437447    
   256.8403       119.4922       2.437810    
   261.8292       119.7551       2.437880    
   266.8226       119.9542       2.439864    
   271.8200       120.0750       2.473551    
   276.8195       120.1131       2.559879    
   281.8193       120.0895       2.591728    
   286.8188       120.0343       2.633196    
   291.8181       119.9648       2.648085    
   296.8170       119.8839       2.648466    
   301.8156       119.7882       2.648453    
   306.8141       119.6961       2.648409    
   311.8136       119.6630       2.648393    
   316.8123       119.6051       2.648360    
   321.7794       119.2268       2.647324    
   326.7076       118.5591       2.647316    
   331.6619       118.3332       2.624893    
   336.6017       118.8746       2.591781    
   341.4941       119.6919       2.578129    
   346.3997       120.4562       2.576747    
   351.3318       121.1031       2.576746    
   356.3008       121.5089       2.576422    
   361.2956       121.6748       2.575074    
   366.2939       121.7775       2.574110    
   371.2916       121.8979       2.573966    
   376.2886       122.0348       2.573870    
   381.2849       122.1877       2.573732    
   386.2799       122.3631       2.573702    
   391.2732       122.5684       2.573676    
   396.2645       122.8010       2.573646    
   401.2549       123.0461       2.573622    
   406.2462       123.2790       2.573443    
   411.2407       123.4621       2.573228    
   416.2387       123.5633       2.573232    
   421.2385       123.5935       2.598798    
   426.2385       123.5967       2.701189    
   431.2385       123.6100       2.706828    
   436.2343       123.7357       2.707016    
   441.2233       123.9963       2.707017    
   446.2118       124.2636       2.706991    
   451.2035       124.4909       2.706955    
   456.1937       124.7369       2.706934    
   461.1783       125.0452       2.706946    
   466.1624       125.3608       2.707000    
   471.1551       125.5482       2.707112    
   476.1545       125.5920       2.707289    
   481.8401       125.5940       2.707312    
   489.3643       125.5940       2.712994    
   507.4286       125.5940       2.713002    
  -33.77417       113.9358       2.720924    
  -15.70986       113.9358       2.720919    
  -8.185690       113.9358       2.720911    
  -2.500000       113.9358       2.720580    
   2.481762       114.1617       2.720403    
   7.434425       114.6728       2.720343    
   12.38829       115.1762       2.717227    
   17.37068       115.4350       2.687085    
   22.36992       115.4978       2.625420    
   27.36889       115.5694       2.616452    
   32.36626       115.6889       2.616442    
   37.36148       115.8514       2.616356    
   42.35468       116.0465       2.616345    
   47.34677       116.2571       2.615897    
   52.33939       116.4603       2.611055    
   57.33461       116.6214       2.607456    
   62.33282       116.7137       2.604446    
   67.33237       116.7167       2.603720    
   72.33087       116.6326       2.603335    
   77.32610       116.4735       2.603330    
   82.31709       116.2499       2.603319    
   87.30524       115.9922       2.602882    
   92.29430       115.7452       2.602748    
   97.28818       115.5665       2.594220    
   102.2866       115.4874       2.582244    
   107.2863       115.4493       2.579156    
   112.2728       115.2323       2.578207    
   117.2255       114.7313       2.577345    
   122.1606       114.1291       2.576020    
   127.1186       113.6599       2.574969    
   132.1048       113.3961       2.574360    
   137.1018       113.2836       2.574272    
   142.1004       113.3186       2.574195    
   147.0855       113.5730       2.574181    
   152.0289       114.1145       2.574179    
   156.9416       114.8120       2.575544    
   161.8866       115.3350       2.807760    
   166.8759       115.5344       3.019412    
   171.8755       115.5392       3.031790    
   176.8751       115.4947       3.036672    
   181.8749       115.4726       3.036429    
   186.8749       115.4719       3.037432    
   191.8749       115.4722       3.037460    
   196.8749       115.4722       3.037385    
   201.8749       115.4722       3.019772    
   206.8749       115.4720       2.409983    
   211.8749       115.4739       2.349496    
   216.8748       115.4921       2.347878    
   221.8745       115.5383       2.364790    
   226.8739       115.5924       2.406601    
   231.8736       115.5948       2.407456    
   236.8703       115.4796       2.407484    
   241.8605       115.2498       2.469495    
   246.8531       115.0682       2.620112    
   251.8497       115.1104       2.683477    
   256.8403       115.3352       2.684231    
   261.8292       115.5839       2.684121    
   266.8226       115.7724       2.681209    
   271.8200       115.8866       2.677754    
   276.8195       115.9228       2.676422    
   281.8193       115.9004       2.675495    
   286.8188       115.8482       2.674680    
   291.8181       115.7824       2.674468    
   296.8170       115.7058       2.674453    
   301.8156       115.6153       2.674012    
   306.8141       115.5281       2.673981    
   311.8136       115.4968       2.673970    
   316.8123       115.4420       2.673958    
   321.7794       115.0840       2.673785    
   326.7076       114.4521       2.673777    
   331.6619       114.2384       2.673672    
   336.6017       114.7507       2.591947    
   341.4941       115.5241       2.577924    
   346.3997       116.2474       2.576939    
   351.3318       116.8596       2.576940    
   356.3008       117.2437       2.576836    
   361.2956       117.4006       2.594171    
   366.2939       117.4977       2.625730    
   371.2916       117.6117       2.630054    
   376.2886       117.7412       2.630256    
   381.2849       117.8860       2.630266    
   386.2799       118.0519       2.630252    
   391.2732       118.2462       2.630232    
   396.2645       118.4663       2.630233    
   401.2549       118.6983       2.630373    
   406.2462       118.9186       2.630626    
   411.2407       119.0920       2.630644    
   416.2387       119.1877       2.633466    
   421.2385       119.2163       2.717885    
   426.2385       119.2194       2.944570    
   431.2385       119.2319       2.942541    
   436.2343       119.3509       2.942282    
   441.2233       119.5975       2.942132    
   446.2118       119.8504       2.942082    
   451.2035       120.0655       2.942063    
   456.1937       120.2983       2.942047    
   461.1783       120.5900       2.942023    
   466.1624       120.8887       2.941987    
   471.1551       121.0661       2.941930    
   476.1545       121.1075       2.941915    
   481.8401       121.1095       2.953112    
   489.3643       121.1095       2.953139    
   507.4286       121.1095       2.953141    
  -33.77417       109.4377       2.966407    
  -15.70986       109.4377       2.966406    
  -8.185690       109.4377       2.966426    
  -2.500000       109.4377       2.996325    
   2.481762       109.6495       2.996391    
   7.434425       110.1285       2.996395    
   12.38829       110.6005       2.996325    
   17.37068       110.8431       2.995995    
   22.36992       110.9020       2.995202    
   27.36889       110.9691       2.994326    
   32.36626       111.0811       2.994119    
   37.36148       111.2335       2.994095    
   42.35468       111.4164       2.993935    
   47.34677       111.6138       2.989352    
   52.33939       111.8043       2.933266    
   57.33461       111.9553       2.759198    
   62.33282       112.0418       2.621096    
   67.33237       112.0446       2.608796    
   72.33087       111.9657       2.603778    
   77.32610       111.8166       2.603786    
   82.31709       111.6071       2.603839    
   87.30524       111.3655       2.606812    
   92.29430       111.1339       2.648001    
   97.28818       110.9664       2.723896    
   102.2866       110.8923       2.751155    
   107.2863       110.8566       2.756933    
   112.2728       110.6531       2.759108    
   117.2255       110.1834       2.762483    
   122.1606       109.6189       2.780965    
   127.1186       109.1790       2.887551    
   132.1048       108.9318       3.021921    
   137.1018       108.8263       3.053734    
   142.1004       108.8592       3.054092    
   147.0855       109.0976       3.054120    
   152.0289       109.6052       3.054109    
   156.9416       110.2591       3.054044    
   161.8866       110.7494       3.048030    
   166.8759       110.9363       3.039806    
   171.8755       110.9408       3.037348    
   176.8751       110.8991       3.036369    
   181.8749       110.8784       3.036421    
   186.8749       110.8776       3.037137    
   191.8749       110.8779       3.037172    
   196.8749       110.8779       3.037161    
   201.8749       110.8779       3.019659    
   206.8749       110.8778       2.409986    
   211.8749       110.8796       2.354669    
   216.8748       110.8966       2.355948    
   221.8745       110.9400       2.380488    
   226.8739       110.9907       2.405482    
   231.8736       110.9929       2.406277    
   236.8703       110.8849       2.406796    
   241.8605       110.6695       2.491172    
   246.8531       110.4993       2.661991    
   251.8497       110.5388       2.719215    
   256.8403       110.7495       2.725603    
   261.8292       110.9827       2.730003    
   266.8226       111.1594       2.733626    
   271.8200       111.2665       2.736089    
   276.8195       111.3003       2.738463    
   281.8193       111.2794       2.739962    
   286.8188       111.2305       2.741242    
   291.8181       111.1687       2.741949    
   296.8170       111.0969       2.741921    
   301.8156       111.0121       2.741896    
   306.8141       110.9304       2.741882    
   311.8136       110.9010       2.741880    
   316.8123       110.8497       2.741886    
   321.7794       110.5141       2.741877    
   326.7076       109.9218       2.741861    
   331.6619       109.7214       2.741800    
   336.6017       110.2016       2.744359    
   341.4941       110.9267       2.748518    
   346.3997       111.6047       2.749198    
   351.3318       112.1786       2.749202    
   356.3008       112.5386       2.749159    
   361.2956       112.6857       2.748546    
   366.2939       112.7768       2.744875    
   371.2916       112.8837       2.736140    
   376.2886       113.0050       2.731685    
   381.2849       113.1407       2.730606    
   386.2799       113.2963       2.730330    
   391.2732       113.4784       2.730259    
   396.2645       113.6848       2.730253    
   401.2549       113.9022       2.730251    
   406.2462       114.1088       2.730256    
   411.2407       114.2713       2.730247    
   416.2387       114.3611       2.728538    
   421.2385       114.3878       2.739954    
   426.2385       114.3907       3.077337    
   431.2385       114.4025       3.084728    
   436.2343       114.5140       3.084001    
   441.2233       114.7451       3.083995    
   446.2118       114.9823       3.083993    
   451.2035       115.1839       3.083984    
   456.1937       115.4022       3.083978    
   461.1783       115.6756       3.083990    
   466.1624       115.9556       3.084020    
   471.1551       116.1219       3.084044    
   476.1545       116.1607       3.084122    
   481.8401       116.1625       3.084718    
   489.3643       116.1625       3.086692    
   507.4286       116.1625       3.086694    
  -33.77417       104.4251       2.990075    
  -15.70986       104.4251       2.990077    
  -8.185690       104.4251       3.019392    
  -2.500000       104.4251       3.019424    
   2.481762       104.6212       3.019425    
   7.434425       105.0646       3.019439    
   12.38829       105.5015       3.019433    
   17.37068       105.7260       3.019494    
   22.36992       105.7805       3.019788    
   27.36889       105.8427       3.020107    
   32.36626       105.9463       3.020314    
   37.36148       106.0873       3.020682    
   42.35468       106.2567       3.022808    
   47.34677       106.4394       3.023301    
   52.33939       106.6157       2.996645    
   57.33461       106.7555       2.867493    
   62.33282       106.8356       2.666868    
   67.33237       106.8381       2.621779    
   72.33087       106.7651       2.603899    
   77.32610       106.6271       2.601303    
   82.31709       106.4332       2.601303    
   87.30524       106.2096       2.607186    
   92.29430       105.9952       2.662819    
   97.28818       105.8402       2.739403    
   102.2866       105.7715       2.758052    
   107.2863       105.7385       2.762115    
   112.2728       105.5501       2.766326    
   117.2255       105.1154       2.784906    
   122.1606       104.5929       2.858149    
   127.1186       104.1857       2.987080    
   132.1048       103.9569       3.037224    
   137.1018       103.8593       3.040847    
   142.1004       103.8897       3.040849    
   147.0855       104.1104       3.040843    
   152.0289       104.5803       3.040681    
   156.9416       105.1855       3.040658    
   161.8866       105.6393       3.040288    
   166.8759       105.8122       3.038097    
   171.8755       105.8165       3.036736    
   176.8751       105.7778       3.036273    
   181.8749       105.7587       3.036442    
   186.8749       105.7580       3.036967    
   191.8749       105.7582       3.037166    
   196.8749       105.7583       3.037147    
   201.8749       105.7583       3.019725    
   206.8749       105.7581       2.407120    
   211.8749       105.7598       2.354683    
   216.8748       105.7755       2.355947    
   221.8745       105.8157       2.380477    
   226.8739       105.8626       2.391963    
   231.8736       105.8647       2.391965    
   236.8703       105.7647       2.406860    
   241.8605       105.5654       2.537774    
   246.8531       105.4078       2.675193    
   251.8497       105.4444       2.718745    
   256.8403       105.6394       2.727004    
   261.8292       105.8553       2.732271    
   266.8226       106.0188       2.736615    
   271.8200       106.1179       2.739741    
   276.8195       106.1492       2.741658    
   281.8193       106.1298       2.742015    
   286.8188       106.0846       2.742253    
   291.8181       106.0275       2.742443    
   296.8170       105.9610       2.742521    
   301.8156       105.8824       2.742529    
   306.8141       105.8068       2.742525    
   311.8136       105.7796       2.742517    
   316.8123       105.7321       2.742468    
   321.7794       105.4215       2.742389    
   326.7076       104.8732       2.742328    
   331.6619       104.6877       2.741824    
   336.6017       105.1322       2.742913    
   341.4941       105.8034       2.748482    
   346.3997       106.4309       2.752059    
   351.3318       106.9622       2.752874    
   356.3008       107.2954       2.752871    
   361.2956       107.4315       2.752257    
   366.2939       107.5159       2.747377    
   371.2916       107.6148       2.738462    
   376.2886       107.7271       2.734209    
   381.2849       107.8528       2.733193    
   386.2799       107.9968       2.732857    
   391.2732       108.1653       2.732722    
   396.2645       108.3564       2.732686    
   401.2549       108.5576       2.732657    
   406.2462       108.7488       2.732633    
   411.2407       108.8992       2.732617    
   416.2387       108.9823       2.731804    
   421.2385       109.0071       2.738106    
   426.2385       109.0098       3.103274    
   431.2385       109.0207       3.108773    
   436.2343       109.1239       3.107682    
   441.2233       109.3378       3.106719    
   446.2118       109.5574       3.106679    
   451.2035       109.7439       3.106688    
   456.1937       109.9460       3.106702    
   461.1783       110.1991       3.106706    
   466.1624       110.4583       3.106656    
   471.1551       110.6122       3.106550    
   476.1545       110.6481       3.106451    
   481.8401       110.6497       3.105485    
   489.3643       110.6497       3.090728    
   507.4286       110.6497       3.090726    
  -33.77417       98.76926       3.018415    
  -15.70986       98.76926       3.018413    
  -8.185690       98.76926       3.026294    
  -2.500000       98.76926       3.026580    
   2.481762       98.94752       3.026596    
   7.434425       99.35075       3.026834    
   12.38829       99.74802       3.027322    
   17.37068       99.95215       3.027919    
   22.36992       100.0017       3.028555    
   27.36889       100.0582       3.029082    
   32.36626       100.1525       3.029346    
   37.36148       100.2807       3.029366    
   42.35468       100.4347       3.029078    
   47.34677       100.6009       3.026999    
   52.33939       100.7612       3.014110    
   57.33461       100.8883       2.964635    
   62.33282       100.9611       2.918829    
   67.33237       100.9634       2.916070    
   72.33087       100.8971       2.915351    
   77.32610       100.7716       2.915163    
   82.31709       100.5952       2.915161    
   87.30524       100.3919       2.915138    
   92.29430       100.1970       2.914722    
   97.28818       100.0560       2.914176    
   102.2866       99.99355       2.913826    
   107.2863       99.96349       2.913527    
   112.2728       99.79222       2.913152    
   117.2255       99.39693       2.922739    
   122.1606       98.92178       2.977424    
   127.1186       98.55151       3.024793    
   132.1048       98.34343       3.036205    
   137.1018       98.25465       3.036592    
   142.1004       98.28233       3.036606    
   147.0855       98.48299       3.036721    
   152.0289       98.91029       3.037639    
   156.9416       99.46066       3.038109    
   161.8866       99.87329       3.038109    
   166.8759       100.0306       3.037817    
   171.8755       100.0344       3.036640    
   176.8751       99.99930       3.036266    
   181.8749       99.98188       3.036449    
   186.8749       99.98126       3.036453    
   191.8749       99.98149       3.030796    
   196.8749       99.98150       2.996124    
   201.8749       99.98149       2.964525    
   206.8749       99.98139       2.382362    
   211.8749       99.98287       2.353992    
   216.8748       99.99718       2.353392    
   221.8745       100.0337       2.380471    
   226.8739       100.0764       2.386685    
   231.8736       100.0783       2.386706    
   236.8703       99.98734       2.415393    
   241.8605       99.80609       2.566788    
   246.8531       99.66279       2.675496    
   251.8497       99.69608       2.718716    
   256.8403       99.87341       2.727805    
   261.8292       100.0697       2.732665    
   266.8226       100.2184       2.737216    
   271.8200       100.3085       2.740014    
   276.8195       100.3370       2.741722    
   281.8193       100.3194       2.742195    
   286.8188       100.2782       2.742633    
   291.8181       100.2263       2.743000    
   296.8170       100.1659       2.743133    
   301.8156       100.0944       2.743165    
   306.8141       100.0256       2.743159    
   311.8136       100.0009       2.743063    
   316.8123       99.95772       2.742921    
   321.7794       99.67523       2.742774    
   326.7076       99.17667       2.742495    
   331.6619       99.00801       2.742166    
   336.6017       99.41222       2.741818    
   341.4941       100.0225       2.740028    
   346.3997       100.5932       2.738267    
   351.3318       101.0763       2.737672    
   356.3008       101.3793       2.737644    
   361.2956       101.5031       2.737649    
   366.2939       101.5798       2.737679    
   371.2916       101.6697       2.737646    
   376.2886       101.7719       2.737389    
   381.2849       101.8861       2.737149    
   386.2799       102.0170       2.737043    
   391.2732       102.1703       2.736994    
   396.2645       102.3440       2.736946    
   401.2549       102.5270       2.736799    
   406.2462       102.7009       2.736475    
   411.2407       102.8377       2.735331    
   416.2387       102.9132       2.731880    
   421.2385       102.9358       2.737614    
   426.2385       102.9382       3.107286    
   431.2385       102.9481       3.109597    
   436.2343       103.0419       3.109562    
   441.2233       103.2365       3.110201    
   446.2118       103.4361       3.110214    
   451.2035       103.6058       3.110227    
   456.1937       103.7895       3.110230    
   461.1783       104.0197       3.110244    
   466.1624       104.2553       3.110334    
   471.1551       104.3953       3.110494    
   476.1545       104.4279       3.110636    
   481.8401       104.4295       3.110948    
   489.3643       104.4295       3.111026    
   507.4286       104.4295       3.111035    
  -33.77417       92.28692       3.028596    
  -15.70986       92.28692       3.028600    
  -8.185690       92.28692       3.029425    
  -2.500000       92.28692       3.029582    
   2.481762       92.44483       3.029588    
   7.434425       92.80198       3.029653    
   12.38829       93.15384       3.029798    
   17.37068       93.33465       3.029980    
   22.36992       93.37855       3.030387    
   27.36889       93.42858       3.030599    
   32.36626       93.51208       3.030589    
   37.36148       93.62569       3.030625    
   42.35468       93.76205       3.030724    
   47.34677       93.90923       3.029392    
   52.33939       94.05121       3.023633    
   57.33461       94.16380       3.004940    
   62.33282       94.22831       2.970318    
   67.33237       94.23037       2.951271    
   72.33087       94.17159       2.938724    
   77.32610       94.06042       2.937109    
   82.31709       93.90422       2.937037    
   87.30524       93.72411       2.937042    
   92.29430       93.55146       2.937223    
   97.28818       93.42661       2.937669    
   102.2866       93.37131       2.939446    
   107.2863       93.34469       2.944114    
   112.2728       93.19299       2.960100    
   117.2255       92.84286       2.993537    
   122.1606       92.42202       3.021985    
   127.1186       92.09407       3.030368    
   132.1048       91.90976       3.031683    
   137.1018       91.83113       3.031799    
   142.1004       91.85565       3.031929    
   147.0855       92.03337       3.032738    
   152.0289       92.41184       3.034147    
   156.9416       92.89931       3.035230    
   161.8866       93.26480       3.036020    
   166.8759       93.40413       3.036165    
   171.8755       93.40750       3.036219    
   176.8751       93.37640       3.036241    
   181.8749       93.36098       3.036237    
   186.8749       93.36044       3.035450    
   191.8749       93.36063       2.839631    
   196.8749       93.36064       2.695082    
   201.8749       93.36063       2.481239    
   206.8749       93.36054       2.370817    
   211.8749       93.36186       2.355262    
   216.8748       93.37454       2.352894    
   221.8745       93.40688       2.380322    
   226.8739       93.44470       2.380539    
   231.8736       93.44635       2.386728    
   236.8703       93.36582       2.441137    
   241.8605       93.20527       2.571643    
   246.8531       93.07835       2.675697    
   251.8497       93.10783       2.718469    
   256.8403       93.26490       2.728736    
   261.8292       93.43874       2.732772    
   266.8226       93.57047       2.737532    
   271.8200       93.65030       2.739952    
   276.8195       93.67554       2.741568    
   281.8193       93.65989       2.742184    
   286.8188       93.62345       2.742669    
   291.8181       93.57744       2.742770    
   296.8170       93.52392       2.742770    
   301.8156       93.46066       2.742770    
   306.8141       93.39973       2.742773    
   311.8136       93.37785       2.742747    
   316.8123       93.33959       2.742657    
   321.7794       93.08938       2.742570    
   326.7076       92.64779       2.742360    
   331.6619       92.49840       2.742281    
   336.6017       92.85643       2.742253    
   341.4941       93.39696       2.742258    
   346.3997       93.90244       2.742269    
   351.3318       94.33030       2.742409    
   356.3008       94.59869       2.742470    
   361.2956       94.70834       2.742465    
   366.2939       94.77627       2.742429    
   371.2916       94.85593       2.742298    
   376.2886       94.94642       2.742004    
   381.2849       95.04758       2.741648    
   386.2799       95.16358       2.741319    
   391.2732       95.29931       2.740954    
   396.2645       95.45317       2.740561    
   401.2549       95.61526       2.739623    
   406.2462       95.76926       2.738010    
   411.2407       95.89043       2.735772    
   416.2387       95.95733       2.731265    
   421.2385       95.97731       2.737572    
   426.2385       95.97943       3.107587    
   431.2385       95.98818       3.109638    
   436.2343       96.07135       3.109584    
   441.2233       96.24365       3.110199    
   446.2118       96.42047       3.110362    
   451.2035       96.57073       3.111545    
   456.1937       96.73344       3.111566    
   461.1783       96.93733       3.111578    
   466.1624       97.14609       3.111648    
   471.1551       97.27006       3.111702    
   476.1545       97.29897       3.111782    
   481.8401       97.30029       3.112061    
   489.3643       97.30029       3.112201    
   507.4286       97.30029       3.112195    
  -33.77417       84.70639       3.029179    
  -15.70986       84.70639       3.029187    
  -8.185690       84.70639       3.030087    
  -2.500000       84.70639       3.030189    
   2.481762       84.84047       3.030203    
   7.434425       85.14374       3.030212    
   12.38829       85.44250       3.030343    
   17.37068       85.59602       3.030390    
   22.36992       85.63330       3.030816    
   27.36889       85.67580       3.030916    
   32.36626       85.74669       3.030891    
   37.36148       85.84315       3.030999    
   42.35468       85.95895       3.031170    
   47.34677       86.08392       3.031163    
   52.33939       86.20448       3.030350    
   57.33461       86.30008       3.028285    
   62.33282       86.35486       3.021703    
   67.33237       86.35661       2.956959    
   72.33087       86.30669       2.946775    
   77.32610       86.21230       2.944936    
   82.31709       86.07966       2.944914    
   87.30524       85.92673       2.944915    
   92.29430       85.78013       2.945040    
   97.28818       85.67411       2.946454    
   102.2866       85.62716       3.008868    
   107.2863       85.60456       3.019794    
   112.2728       85.47575       3.026012    
   117.2255       85.17844       3.029371    
   122.1606       84.82110       3.030024    
   127.1186       84.54264       3.031181    
   132.1048       84.38613       3.031411    
   137.1018       84.31937       3.031435    
   142.1004       84.34019       3.031528    
   147.0855       84.49109       3.031789    
   152.0289       84.81246       3.032592    
   156.9416       85.22638       3.033072    
   161.8866       85.53673       3.035028    
   166.8759       85.65503       3.035624    
   171.8755       85.65790       3.036245    
   176.8751       85.63148       3.036260    
   181.8749       85.61840       3.035654    
   186.8749       85.61794       3.028507    
   191.8749       85.61810       2.701509    
   196.8749       85.61810       2.434992    
   201.8749       85.61810       2.416503    
   206.8749       85.61802       2.369666    
   211.8749       85.61914       2.355270    
   216.8748       85.62991       2.352897    
   221.8745       85.65736       2.353278    
   226.8739       85.68948       2.380382    
   231.8736       85.69088       2.393347    
   236.8703       85.62250       2.483960    
   241.8605       85.48617       2.572438    
   246.8531       85.37840       2.676185    
   251.8497       85.40344       2.718401    
   256.8403       85.53680       2.729131    
   261.8292       85.68442       2.732682    
   266.8226       85.79627       2.737581    
   271.8200       85.86406       2.739872    
   276.8195       85.88549       2.741407    
   281.8193       85.87220       2.742205    
   286.8188       85.84126       2.742517    
   291.8181       85.80219       2.742592    
   296.8170       85.75674       2.742611    
   301.8156       85.70303       2.742609    
   306.8141       85.65130       2.742623    
   311.8136       85.63272       2.742690    
   316.8123       85.60023       2.742612    
   321.7794       85.38776       2.742530    
   326.7076       85.01280       2.742364    
   331.6619       84.88596       2.742365    
   336.6017       85.18996       2.742378    
   341.4941       85.64894       2.742382    
   346.3997       86.07815       2.742347    
   351.3318       86.44146       2.742261    
   356.3008       86.66934       2.742206    
   361.2956       86.76245       2.742163    
   366.2939       86.82014       2.742132    
   371.2916       86.88777       2.742082    
   376.2886       86.96461       2.742024    
   381.2849       87.05051       2.741806    
   386.2799       87.14902       2.741345    
   391.2732       87.26426       2.740684    
   396.2645       87.39491       2.739349    
   401.2549       87.53254       2.739219    
   406.2462       87.66331       2.737865    
   411.2407       87.76619       2.735718    
   416.2387       87.82300       2.731260    
   421.2385       87.83997       2.737505    
   426.2385       87.84176       3.107628    
   431.2385       87.84920       3.109632    
   436.2343       87.91981       3.109594    
   441.2233       88.06612       3.110207    
   446.2118       88.21626       3.110377    
   451.2035       88.34385       3.111512    
   456.1937       88.48203       3.111548    
   461.1783       88.65514       3.111568    
   466.1624       88.83239       3.111587    
   471.1551       88.93765       3.111629    
   476.1545       88.96221       3.111709    
   481.8401       88.96335       3.111936    
   489.3643       88.96335       3.111995    
   507.4286       88.96335       3.111985    
  -33.77417       75.60016       3.029198    
  -15.70986       75.60016       3.029199    
  -8.185690       75.60016       3.030138    
  -2.500000       75.60016       3.030174    
   2.481762       75.70561       3.030199    
   7.434425       75.94414       3.030214    
   12.38829       76.17914       3.030343    
   17.37068       76.29989       3.030517    
   22.36992       76.32921       3.030842    
   27.36889       76.36263       3.031205    
   32.36626       76.41840       3.031187    
   37.36148       76.49427       3.031430    
   42.35468       76.58534       3.031567    
   47.34677       76.68364       3.031501    
   52.33939       76.77846       3.031232    
   57.33461       76.85366       3.030598    
   62.33282       76.89674       3.029899    
   67.33237       76.89812       3.029752    
   72.33087       76.85886       3.029668    
   77.32610       76.78461       3.029611    
   82.31709       76.68029       3.029607    
   87.30524       76.56001       3.029616    
   92.29430       76.44469       3.029628    
   97.28818       76.36131       3.029846    
   102.2866       76.32438       3.030402    
   107.2863       76.30660       3.030644    
   112.2728       76.20528       3.030808    
   117.2255       75.97144       3.031096    
   122.1606       75.69038       3.031199    
   127.1186       75.47135       3.031258    
   132.1048       75.34826       3.031303    
   137.1018       75.29574       3.031331    
   142.1004       75.31212       3.031467    
   147.0855       75.43081       3.031673    
   152.0289       75.68358       3.032102    
   156.9416       76.00915       3.033024    
   161.8866       76.25325       3.034780    
   166.8759       76.34630       3.035616    
   171.8755       76.34855       3.035657    
   176.8751       76.32778       3.034209    
   181.8749       76.31749       3.025337    
   186.8749       76.31712       2.957736    
   191.8749       76.31725       2.699684    
   196.8749       76.31725       2.434668    
   201.8749       76.31725       2.375531    
   206.8749       76.31718       2.369673    
   211.8749       76.31807       2.356854    
   216.8748       76.32654       2.356971    
   221.8745       76.34814       2.356988    
   226.8739       76.37340       2.380048    
   231.8736       76.37450       2.394056    
   236.8703       76.32071       2.484154    
   241.8605       76.21349       2.577546    
   246.8531       76.12872       2.676900    
   251.8497       76.14841       2.718234    
   256.8403       76.25331       2.729148    
   261.8292       76.36942       2.733009    
   266.8226       76.45739       2.737654    
   271.8200       76.51070       2.739747    
   276.8195       76.52757       2.741125    
   281.8193       76.51711       2.742143    
   286.8188       76.49277       2.742447    
   291.8181       76.46204       2.742517    
   296.8170       76.42630       2.742531    
   301.8156       76.38405       2.742540    
   306.8141       76.34336       2.742575    
   311.8136       76.32875       2.742543    
   316.8123       76.30320       2.742555    
   321.7794       76.13609       2.742549    
   326.7076       75.84116       2.742519    
   331.6619       75.74139       2.742486    
   336.6017       75.98050       2.742446    
   341.4941       76.34151       2.742345    
   346.3997       76.67910       2.742251    
   351.3318       76.96486       2.742186    
   356.3008       77.14410       2.742158    
   361.2956       77.21733       2.742143    
   366.2939       77.26270       2.742131    
   371.2916       77.31591       2.742125    
   376.2886       77.37634       2.742100    
   381.2849       77.44391       2.741951    
   386.2799       77.52139       2.741508    
   391.2732       77.61202       2.740529    
   396.2645       77.71479       2.737886    
   401.2549       77.82304       2.733307    
   406.2462       77.92590       2.732156    
   411.2407       78.00681       2.731520    
   416.2387       78.05150       2.730867    
   421.2385       78.06484       2.735641    
   426.2385       78.06626       3.107650    
   431.2385       78.07211       3.108829    
   436.2343       78.12765       3.110333    
   441.2233       78.24273       3.110438    
   446.2118       78.36082       3.110415    
   451.2035       78.46117       3.111269    
   456.1937       78.56985       3.111533    
   461.1783       78.70601       3.111602    
   466.1624       78.84543       3.111628    
   471.1551       78.92822       3.111661    
   476.1545       78.94754       3.111731    
   481.8401       78.94843       3.111811    
   489.3643       78.94843       3.111869    
   507.4286       78.94843       3.111883    
  -33.77417       56.32260       3.029277    
  -15.70986       56.32260       3.029301    
  -8.185690       56.32260       3.030141    
  -2.500000       56.32260       3.030164    
   2.481762       56.36747       3.030194    
   7.434425       56.46896       3.030222    
   12.38829       56.56895       3.030326    
   17.37068       56.62033       3.030524    
   22.36992       56.63280       3.030811    
   27.36889       56.64702       3.031171    
   32.36626       56.67075       3.031318    
   37.36148       56.70303       3.031580    
   42.35468       56.74178       3.031665    
   47.34677       56.78361       3.031725    
   52.33939       56.82395       3.031754    
   57.33461       56.85595       3.031759    
   62.33282       56.87428       3.031781    
   67.33237       56.87487       3.031828    
   72.33087       56.85816       3.031832    
   77.32610       56.82657       3.031150    
   82.31709       56.78218       3.031152    
   87.30524       56.73100       3.031158    
   92.29430       56.68194       3.031158    
   97.28818       56.64646       3.031162    
   102.2866       56.63075       3.031153    
   107.2863       56.62318       3.031157    
   112.2728       56.58007       3.031159    
   117.2255       56.48058       3.031178    
   122.1606       56.36099       3.031221    
   127.1186       56.26780       3.031243    
   132.1048       56.21542       3.031264    
   137.1018       56.19307       3.031310    
   142.1004       56.20005       3.031457    
   147.0855       56.25055       3.031649    
   152.0289       56.35809       3.032073    
   156.9416       56.49662       3.033044    
   161.8866       56.60048       3.034612    
   166.8759       56.64007       3.035404    
   171.8755       56.64103       3.035192    
   176.8751       56.63219       3.033289    
   181.8749       56.62782       3.022928    
   186.8749       56.62766       2.955326    
   191.8749       56.62771       2.699570    
   196.8749       56.62772       2.434650    
   201.8749       56.62771       2.375516    
   206.8749       56.62769       2.368958    
   211.8749       56.62806       2.368857    
   216.8748       56.63167       2.368862    
   221.8745       56.64086       2.369036    
   226.8739       56.65160       2.372704    
   231.8736       56.65207       2.394605    
   236.8703       56.62919       2.484035    
   241.8605       56.58356       2.578182    
   246.8531       56.54750       2.676940    
   251.8497       56.55588       2.718027    
   256.8403       56.60051       2.729087    
   261.8292       56.64991       2.733007    
   266.8226       56.68734       2.737677    
   271.8200       56.71003       2.739764    
   276.8195       56.71720       2.741147    
   281.8193       56.71275       2.742125    
   286.8188       56.70240       2.742418    
   291.8181       56.68932       2.742465    
   296.8170       56.67411       2.742476    
   301.8156       56.65614       2.742482    
   306.8141       56.63882       2.742487    
   311.8136       56.63261       2.742490    
   316.8123       56.62173       2.742506    
   321.7794       56.55063       2.742529    
   326.7076       56.42514       2.742540    
   331.6619       56.38269       2.742543    
   336.6017       56.48443       2.742530    
   341.4941       56.63803       2.742508    
   346.3997       56.78168       2.742477    
   351.3318       56.90327       2.742347    
   356.3008       56.97953       2.742260    
   361.2956       57.01069       2.742237    
   366.2939       57.02999       2.742231    
   371.2916       57.05263       2.742228    
   376.2886       57.07835       2.742063    
   381.2849       57.10709       2.741986    
   386.2799       57.14006       2.741611    
   391.2732       57.17862       2.740104    
   396.2645       57.22235       2.731409    
   401.2549       57.26841       2.731405    
   406.2462       57.31217       2.731404    
   411.2407       57.34660       2.731398    
   416.2387       57.36561       2.730944    
   421.2385       57.37129       2.735632    
   426.2385       57.37189       3.107639    
   431.2385       57.37438       3.108808    
   436.2343       57.39801       3.110252    
   441.2233       57.44698       3.110363    
   446.2118       57.49723       3.110243    
   451.2035       57.53992       3.110124    
   456.1937       57.58617       3.110126    
   461.1783       57.64410       3.111263    
   466.1624       57.70342       3.111701    
   471.1551       57.73865       3.111815    
   476.1545       57.74687       3.111879    
   481.8401       57.74725       3.111867    
   489.3643       57.74725       3.111868    
   507.4286       57.74725       3.111853    
