        1545
  -33.77417       136.6885       1.302858    
  -15.70986       136.6885       1.302850    
  -8.185690       136.6885       1.212818    
  -2.500000       136.6885       1.212756    
   2.481762       136.9860       1.212739    
   7.434425       137.6588       1.212728    
   12.38829       138.3216       1.211644    
   17.37068       138.6622       1.211628    
   22.36992       138.7449       1.211624    
   27.36889       138.8391       1.211617    
   32.36626       138.9964       1.211591    
   37.36148       139.2104       1.211546    
   42.35468       139.4673       1.211141    
   47.34677       139.7446       1.210949    
   52.33939       140.0120       1.210920    
   57.33461       140.2241       1.210944    
   62.33282       140.3456       1.211185    
   67.33237       140.3495       1.212563    
   72.33087       140.2388       1.214344    
   77.32610       140.0294       1.214449    
   82.31709       139.7351       1.214480    
   87.30524       139.3958       1.213997    
   92.29430       139.0706       1.206447    
   97.28818       138.8354       1.204880    
   102.2866       138.7312       1.204883    
   107.2863       138.6811       1.204965    
   112.2728       138.3953       1.205958    
   117.2255       137.7357       1.206179    
   122.1606       136.9430       1.211305    
   127.1186       136.3252       1.232183    
   132.1048       135.9780       1.234272    
   137.1018       135.8299       1.236618    
   142.1004       135.8761       1.236870    
   147.0855       136.2108       1.236994    
   152.0289       136.9238       1.237967    
   156.9416       137.8421       1.238066    
   161.8866       138.5306       1.238132    
   166.8759       138.7930       1.238148    
   171.8755       138.7994       1.238135    
   176.8751       138.7408       1.238034    
   181.8749       138.7118       1.237929    
   186.8749       138.7108       1.237852    
   191.8749       138.7111       1.237769    
   196.8749       138.7112       1.237676    
   201.8749       138.7111       1.237493    
   206.8749       138.7109       1.237278    
   211.8749       138.7134       1.237139    
   216.8748       138.7373       1.233950    
   221.8745       138.7983       1.233771    
   226.8739       138.8695       1.233716    
   231.8736       138.8726       1.233652    
   236.8703       138.7209       1.233575    
   241.8605       138.4185       1.233487    
   246.8531       138.1794       1.233439    
   251.8497       138.2349       1.233402    
   256.8403       138.5308       1.233387    
   261.8292       138.8582       1.233361    
   266.8226       139.1064       1.233567    
   271.8200       139.2568       1.233733    
   276.8195       139.3043       1.233742    
   281.8193       139.2749       1.233738    
   286.8188       139.2062       1.233740    
   291.8181       139.1195       1.233742    
   296.8170       139.0187       1.233761    
   301.8156       138.8996       1.233789    
   306.8141       138.7848       1.233820    
   311.8136       138.7435       1.233838    
   316.8123       138.6715       1.233846    
   321.7794       138.2001       1.233867    
   326.7076       137.3683       1.239317    
   331.6619       137.0869       1.239301    
   336.6017       137.7613       1.217634    
   341.4941       138.7795       1.217385    
   346.3997       139.7317       1.217380    
   351.3318       140.5377       1.217479    
   356.3008       141.0433       1.217476    
   361.2956       141.2499       1.217454    
   366.2939       141.3779       1.217424    
   371.2916       141.5279       1.217396    
   376.2886       141.6984       1.217370    
   381.2849       141.8889       1.217349    
   386.2799       142.1075       1.217302    
   391.2732       142.3631       1.217229    
   396.2645       142.6530       1.217138    
   401.2549       142.9583       1.216975    
   406.2462       143.2484       1.196803    
   411.2407       143.4767       1.195325    
   416.2387       143.6027       1.195251    
   421.2385       143.6403       1.195197    
   426.2385       143.6443       1.195153    
   431.2385       143.6608       1.195116    
   436.2343       143.8174       1.195090    
   441.2233       144.1421       1.195071    
   446.2118       144.4751       1.194992    
   451.2035       144.7582       1.194971    
   456.1937       145.0647       1.194958    
   461.1783       145.4488       1.186538    
   466.1624       145.8420       1.186435    
   471.1551       146.0755       1.184760    
   476.1545       146.1300       1.184753    
   481.8401       146.1326      0.7348027    
   489.3643       146.1326       1.398488    
   507.4286       146.1326       1.398493    
  -33.77417       134.0858       1.303275    
  -15.70986       134.0858       1.303269    
  -8.185690       134.0858       1.218302    
  -2.500000       134.0858       1.218120    
   2.481762       134.3752       1.218119    
   7.434425       135.0294       1.218118    
   12.38829       135.6740       1.211647    
   17.37068       136.0052       1.211638    
   22.36992       136.0857       1.211637    
   27.36889       136.1774       1.211628    
   32.36626       136.3303       1.211601    
   37.36148       136.5384       1.211552    
   42.35468       136.7882       1.211146    
   47.34677       137.0579       1.210943    
   52.33939       137.3180       1.210914    
   57.33461       137.5242       1.210934    
   62.33282       137.6424       1.211193    
   67.33237       137.6462       1.212573    
   72.33087       137.5385       1.214376    
   77.32610       137.3349       1.214486    
   82.31709       137.0487       1.214504    
   87.30524       136.7188       1.214028    
   92.29430       136.4025       1.206468    
   97.28818       136.1738       1.204872    
   102.2866       136.0724       1.204877    
   107.2863       136.0237       1.204952    
   112.2728       135.7457       1.205974    
   117.2255       135.1043       1.206201    
   122.1606       134.3334       1.211286    
   127.1186       133.7326       1.239362    
   132.1048       133.3949       1.239904    
   137.1018       133.2509       1.239956    
   142.1004       133.2958       1.239988    
   147.0855       133.6214       1.240022    
   152.0289       134.3147       1.240054    
   156.9416       135.2077       1.240052    
   161.8866       135.8773       1.238158    
   166.8759       136.1325       1.238157    
   171.8755       136.1387       1.238142    
   176.8751       136.0817       1.238038    
   181.8749       136.0535       1.237929    
   186.8749       136.0525       1.237857    
   191.8749       136.0529       1.237774    
   196.8749       136.0529       1.237683    
   201.8749       136.0529       1.237499    
   206.8749       136.0527       1.237281    
   211.8749       136.0551       1.237134    
   216.8748       136.0783       1.233951    
   221.8745       136.1376       1.233785    
   226.8739       136.2069       1.233737    
   231.8736       136.2099       1.233673    
   236.8703       136.0623       1.233600    
   241.8605       135.7682       1.233518    
   246.8531       135.5358       1.233472    
   251.8497       135.5898       1.233436    
   256.8403       135.8775       1.233413    
   261.8292       136.1960       1.233386    
   266.8226       136.4373       1.233586    
   271.8200       136.5835       1.233744    
   276.8195       136.6297       1.233749    
   281.8193       136.6011       1.233745    
   286.8188       136.5343       1.233746    
   291.8181       136.4500       1.233750    
   296.8170       136.3520       1.233767    
   301.8156       136.2361       1.233793    
   306.8141       136.1245       1.233824    
   311.8136       136.0844       1.233845    
   316.8123       136.0143       1.233852    
   321.7794       135.5559       1.237481    
   326.7076       134.7469       1.246583    
   331.6619       134.4733       1.246588    
   336.6017       135.1292       1.246619    
   341.4941       136.1194       1.221704    
   346.3997       137.0454       1.221603    
   351.3318       137.8293       1.217487    
   356.3008       138.3209       1.217479    
   361.2956       138.5218       1.217460    
   366.2939       138.6463       1.217435    
   371.2916       138.7922       1.217408    
   376.2886       138.9579       1.217384    
   381.2849       139.1433       1.217364    
   386.2799       139.3558       1.217314    
   391.2732       139.6044       1.217238    
   396.2645       139.8863       1.217145    
   401.2549       140.1832       1.216980    
   406.2462       140.4654       1.196791    
   411.2407       140.6873       1.195312    
   416.2387       140.8099       1.195244    
   421.2385       140.8465       1.195188    
   426.2385       140.8504       1.195143    
   431.2385       140.8664       1.195107    
   436.2343       141.0188       1.195085    
   441.2233       141.3345       1.195070    
   446.2118       141.6584       1.194993    
   451.2035       141.9337       1.194974    
   456.1937       142.2318       1.194961    
   461.1783       142.6053       1.186539    
   466.1624       142.9877       1.186437    
   471.1551       143.2148       1.184758    
   476.1545       143.2677       1.184751    
   481.8401       143.2702      0.7348031    
   489.3643       143.2702       1.398511    
   507.4286       143.2702       1.398508    
  -33.77417       131.3152       1.303800    
  -15.70986       131.3152       1.303797    
  -8.185690       131.3152       1.218147    
  -2.500000       131.3152       1.218124    
   2.481762       131.5958       1.218118    
   7.434425       132.2304       1.218116    
   12.38829       132.8556       1.211644    
   17.37068       133.1768       1.211641    
   22.36992       133.2549       1.211637    
   27.36889       133.3438       1.211627    
   32.36626       133.4921       1.211606    
   37.36148       133.6940       1.211566    
   42.35468       133.9363       1.211521    
   47.34677       134.1978       1.210623    
   52.33939       134.4500       1.210624    
   57.33461       134.6501       1.210916    
   62.33282       134.7647       1.211194    
   67.33237       134.7684       1.212573    
   72.33087       134.6640       1.214454    
   77.32610       134.4664       1.222047    
   82.31709       134.1889       1.222052    
   87.30524       133.8689       1.214045    
   92.29430       133.5621       1.203780    
   97.28818       133.3403       1.203758    
   102.2866       133.2420       1.203740    
   107.2863       133.1947       1.203743    
   112.2728       132.9252       1.205998    
   117.2255       132.3031       1.206215    
   122.1606       131.5553       1.211143    
   127.1186       130.9726       1.239347    
   132.1048       130.6451       1.264820    
   137.1018       130.5054       1.264905    
   142.1004       130.5490       1.264925    
   147.0855       130.8647       1.264940    
   152.0289       131.5372       1.264932    
   156.9416       132.4034       1.264925    
   161.8866       133.0527       1.264424    
   166.8759       133.3003       1.256415    
   171.8755       133.3063       1.256384    
   176.8751       133.2510       1.256339    
   181.8749       133.2236       1.256296    
   186.8749       133.2227       1.256243    
   191.8749       133.2231       1.256190    
   196.8749       133.2231       1.256158    
   201.8749       133.2231       1.255770    
   206.8749       133.2229       1.242116    
   211.8749       133.2252       1.237108    
   216.8748       133.2477       1.233961    
   221.8745       133.3052       1.233816    
   226.8739       133.3724       1.233782    
   231.8736       133.3753       1.233749    
   236.8703       133.2322       1.233593    
   241.8605       132.9470       1.233516    
   246.8531       132.7215       1.233481    
   251.8497       132.7738       1.233440    
   256.8403       133.0529       1.233423    
   261.8292       133.3618       1.233410    
   266.8226       133.5959       1.233588    
   271.8200       133.7377       1.250867    
   276.8195       133.7825       1.250886    
   281.8193       133.7548       1.250867    
   286.8188       133.6900       1.250845    
   291.8181       133.6082       1.250835    
   296.8170       133.5132       1.250818    
   301.8156       133.4008       1.248386    
   306.8141       133.2925       1.248375    
   311.8136       133.2536       1.234502    
   316.8123       133.1856       1.234417    
   321.7794       132.7410       1.250120    
   326.7076       131.9564       1.797150    
   331.6619       131.6910       1.797134    
   336.6017       132.3271       1.292161    
   341.4941       133.2876       1.292398    
   346.3997       134.1857       1.292563    
   351.3318       134.9460       1.293100    
   356.3008       135.4228       1.293132    
   361.2956       135.6176       1.294572    
   366.2939       135.7384       1.294604    
   371.2916       135.8799       1.294631    
   376.2886       136.0407       1.294661    
   381.2849       136.2204       1.294695    
   386.2799       136.4265       1.294708    
   391.2732       136.6677       1.294709    
   396.2645       136.9411       1.294704    
   401.2549       137.2291       1.218954    
   406.2462       137.5027       1.188756    
   411.2407       137.7180       1.188698    
   416.2387       137.8369       1.188711    
   421.2385       137.8724       1.188722    
   426.2385       137.8761       1.188721    
   431.2385       137.8917       1.195087    
   436.2343       138.0394       1.195081    
   441.2233       138.3456       1.195069    
   446.2118       138.6598       1.195051    
   451.2035       138.9268       1.195031    
   456.1937       139.2159       1.195010    
   461.1783       139.5782       1.194983    
   466.1624       139.9491       1.194884    
   471.1551       140.1694       1.194872    
   476.1545       140.2207       1.184769    
   481.8401       140.2231      0.7399071    
   489.3643       140.2231       1.398346    
   507.4286       140.2231       1.398349    
  -33.77417       128.3538       1.590791    
  -15.70986       128.3538       1.590789    
  -8.185690       128.3538       1.413720    
  -2.500000       128.3538       1.218619    
   2.481762       128.6251       1.218626    
   7.434425       129.2386       1.218627    
   12.38829       129.8431       1.218624    
   17.37068       130.1537       1.217853    
   22.36992       130.2291       1.217859    
   27.36889       130.3151       1.217874    
   32.36626       130.4585       1.217887    
   37.36148       130.6536       1.217912    
   42.35468       130.8879       1.217908    
   47.34677       131.1408       1.210601    
   52.33939       131.3846       1.210586    
   57.33461       131.5780       1.210576    
   62.33282       131.6889       1.210578    
   67.33237       131.6924       1.216300    
   72.33087       131.5914       1.255217    
   77.32610       131.4005       1.255225    
   82.31709       131.1322       1.255230    
   87.30524       130.8228       1.255127    
   92.29430       130.5262       1.254952    
   97.28818       130.3116       1.254494    
   102.2866       130.2167       1.184980    
   107.2863       130.1709       1.184984    
   112.2728       129.9104       1.293435    
   117.2255       129.3089       1.393536    
   122.1606       128.5859       1.563883    
   127.1186       128.0226       1.728412    
   132.1048       127.7059       1.734141    
   137.1018       127.5708       1.734166    
   142.1004       127.6130       1.734170    
   147.0855       127.9183       1.734169    
   152.0289       128.5684       1.734186    
   156.9416       129.4059       1.734203    
   161.8866       130.0337       1.734205    
   166.8759       130.2731       1.799415    
   171.8755       130.2789       1.799420    
   176.8751       130.2254       1.799422    
   181.8749       130.1989       1.799426    
   186.8749       130.1980       1.799427    
   191.8749       130.1983       1.799431    
   196.8749       130.1983       1.799434    
   201.8749       130.1983       1.799428    
   206.8749       130.1982       1.799429    
   211.8749       130.2005       1.799429    
   216.8748       130.2222       1.236961    
   221.8745       130.2778       1.235885    
   226.8739       130.3428       1.235884    
   231.8736       130.3456       1.235888    
   236.8703       130.2072       1.239077    
   241.8605       129.9314       1.239078    
   246.8531       129.7134       1.238924    
   251.8497       129.7641       1.238921    
   256.8403       130.0339       1.238920    
   261.8292       130.3325       1.238923    
   266.8226       130.5588       1.239538    
   271.8200       130.6960       1.743478    
   276.8195       130.7393       1.743480    
   281.8193       130.7124       1.743475    
   286.8188       130.6498       1.743469    
   291.8181       130.5708       1.743475    
   296.8170       130.4788       1.743484    
   301.8156       130.3701       1.743480    
   306.8141       130.2655       1.743473    
   311.8136       130.2279       1.743467    
   316.8123       130.1622       1.743445    
   321.7794       129.7323       2.296443    
   326.7076       128.9738       2.295396    
   331.6619       128.7171       2.295395    
   336.6017       129.3322       1.809501    
   341.4941       130.2607       1.626544    
   346.3997       131.1291       1.626545    
   351.3318       131.8641       1.626547    
   356.3008       132.3251       1.688371    
   361.2956       132.5135       1.688270    
   366.2939       132.6302       1.688276    
   371.2916       132.7671       1.688285    
   376.2886       132.9225       1.688297    
   381.2849       133.0963       1.688315    
   386.2799       133.2955       1.688327    
   391.2732       133.5287       1.688333    
   396.2645       133.7930       1.688333    
   401.2549       134.0715       1.688326    
   406.2462       134.3360       1.687135    
   411.2407       134.5442       1.424800    
   416.2387       134.6591       1.426458    
   421.2385       134.6935       1.426487    
   426.2385       134.6971       1.426501    
   431.2385       134.7121       1.426521    
   436.2343       134.8550       1.426533    
   441.2233       135.1510       1.426544    
   446.2118       135.4547       1.426566    
   451.2035       135.7129       1.426579    
   456.1937       135.9924       1.426586    
   461.1783       136.3427       1.426597    
   466.1624       136.7012       1.426595    
   471.1551       136.9142       1.426599    
   476.1545       136.9639       1.426608    
   481.8401       136.9662       1.426812    
   489.3643       136.9662       1.769631    
   507.4286       136.9662       1.769632    
  -33.77417       125.1739       1.896343    
  -15.70986       125.1739       1.896344    
  -8.185690       125.1739       1.896410    
  -2.500000       125.1739       1.662882    
   2.481762       125.4352       1.662892    
   7.434425       126.0261       1.662901    
   12.38829       126.6083       1.662890    
   17.37068       126.9075       1.495016    
   22.36992       126.9801       1.350408    
   27.36889       127.0629       1.347857    
   32.36626       127.2010       1.347849    
   37.36148       127.3890       1.284475    
   42.35468       127.6146       1.284458    
   47.34677       127.8582       1.284456    
   52.33939       128.0931       1.284461    
   57.33461       128.2793       1.365083    
   62.33282       128.3861       1.365089    
   67.33237       128.3895       1.612059    
   72.33087       128.2923       1.695112    
   77.32610       128.1083       1.695124    
   82.31709       127.8499       1.695130    
   87.30524       127.5519       1.693566    
   92.29430       127.2662       1.690994    
   97.28818       127.0596       1.690971    
   102.2866       126.9681       1.690955    
   107.2863       126.9241       1.690860    
   112.2728       126.6731       1.723770    
   117.2255       126.0938       1.777436    
   122.1606       125.3975       2.446894    
   127.1186       124.8549       2.449721    
   132.1048       124.5499       2.724266    
   137.1018       124.4198       2.724268    
   142.1004       124.4603       2.724258    
   147.0855       124.7544       2.724258    
   152.0289       125.3806       2.724259    
   156.9416       126.1872       2.724260    
   161.8866       126.7919       2.724262    
   166.8759       127.0225       2.724267    
   171.8755       127.0280       2.724272    
   176.8751       126.9765       2.724376    
   181.8749       126.9510       2.724446    
   186.8749       126.9501       2.724454    
   191.8749       126.9505       2.724463    
   196.8749       126.9505       2.724464    
   201.8749       126.9505       2.724462    
   206.8749       126.9503       2.724483    
   211.8749       126.9525       2.379739    
   216.8748       126.9735       1.774022    
   221.8745       127.0270       1.774053    
   226.8739       127.0896       1.774052    
   231.8736       127.0923       1.774050    
   236.8703       126.9591       1.774054    
   241.8605       126.6934       1.774070    
   246.8531       126.4834       2.009862    
   251.8497       126.5322       2.009859    
   256.8403       126.7921       2.009866    
   261.8292       127.0797       2.009876    
   266.8226       127.2977       2.009888    
   271.8200       127.4297       2.258755    
   276.8195       127.4715       2.382781    
   281.8193       127.4456       2.382765    
   286.8188       127.3853       2.382232    
   291.8181       127.3092       2.382208    
   296.8170       127.2206       2.382176    
   301.8156       127.1160       2.382129    
   306.8141       127.0152       2.382089    
   311.8136       126.9790       2.382050    
   316.8123       126.9157       2.382001    
   321.7794       126.5017       2.381980    
   326.7076       125.7710       2.381919    
   331.6619       125.5238       2.381886    
   336.6017       126.1162       2.269122    
   341.4941       127.0106       2.267254    
   346.3997       127.8469       2.267258    
   351.3318       128.5549       2.267267    
   356.3008       128.9989       2.267294    
   361.2956       129.1804       2.267335    
   366.2939       129.2928       2.267368    
   371.2916       129.4245       2.267433    
   376.2886       129.5742       2.267484    
   381.2849       129.7417       2.267499    
   386.2799       129.9336       2.267513    
   391.2732       130.1582       2.267523    
   396.2645       130.4128       2.267527    
   401.2549       130.6809       2.267528    
   406.2462       130.9357       2.262100    
   411.2407       131.1362       1.881890    
   416.2387       131.2469       1.843378    
   421.2385       131.2800       1.843352    
   426.2385       131.2835       1.843346    
   431.2385       131.2979       1.843345    
   436.2343       131.4355       1.843350    
   441.2233       131.7207       1.843350    
   446.2118       132.0132       1.843349    
   451.2035       132.2618       1.843346    
   456.1937       132.5311       1.843345    
   461.1783       132.8684       1.843351    
   466.1624       133.2138       1.843346    
   471.1551       133.4189       1.843336    
   476.1545       133.4668       1.843255    
   481.8401       133.4690       1.843255    
   489.3643       133.4690       2.108827    
   507.4286       133.4690       2.108828    
  -33.77417       121.7413       2.201781    
  -15.70986       121.7413       2.201780    
  -8.185690       121.7413       1.992334    
  -2.500000       121.7413       1.992335    
   2.481762       121.9919       1.992338    
   7.434425       122.5584       1.992579    
   12.38829       123.1165       1.992213    
   17.37068       123.4034       1.931347    
   22.36992       123.4730       1.447604    
   27.36889       123.5524       1.429424    
   32.36626       123.6848       1.429421    
   37.36148       123.8650       1.287185    
   42.35468       124.0813       1.287179    
   47.34677       124.3148       1.287171    
   52.33939       124.5400       1.284464    
   57.33461       124.7186       1.713810    
   62.33282       124.8209       1.717371    
   67.33237       124.8242       1.717385    
   72.33087       124.7309       1.717395    
   77.32610       124.5546       1.717351    
   82.31709       124.3068       1.716076    
   87.30524       124.0211       1.716059    
   92.29430       123.7473       1.715952    
   97.28818       123.5492       1.715925    
   102.2866       123.4615       1.715867    
   107.2863       123.4193       1.714601    
   112.2728       123.1786       1.747787    
   117.2255       122.6232       2.425247    
   122.1606       121.9557       2.447144    
   127.1186       121.4355       2.447073    
   132.1048       121.1431       2.447074    
   137.1018       121.0183       2.447073    
   142.1004       121.0573       2.447073    
   147.0855       121.3392       3.021131    
   152.0289       121.9395       3.028252    
   156.9416       122.7128       3.028253    
   161.8866       123.2925       3.028314    
   166.8759       123.5135       3.030144    
   171.8755       123.5189       3.030139    
   176.8751       123.4696       3.029861    
   181.8749       123.4451       3.261584    
   186.8749       123.4443       3.284625    
   191.8749       123.4446       3.284620    
   196.8749       123.4446       3.284613    
   201.8749       123.4446       3.284538    
   206.8749       123.4444       2.715570    
   211.8749       123.4465       2.380651    
   216.8748       123.4666       2.341034    
   221.8745       123.5179       2.338874    
   226.8739       123.5779       2.217386    
   231.8736       123.5806       2.217378    
   236.8703       123.4528       2.217371    
   241.8605       123.1981       2.217363    
   246.8531       122.9968       2.217359    
   251.8497       123.0435       2.219600    
   256.8403       123.2927       2.219598    
   261.8292       123.5684       2.219597    
   266.8226       123.7774       2.219642    
   271.8200       123.9041       2.265288    
   276.8195       123.9441       2.388347    
   281.8193       123.9193       2.388373    
   286.8188       123.8614       2.388373    
   291.8181       123.7885       2.388345    
   296.8170       123.7036       2.382394    
   301.8156       123.6032       2.382063    
   306.8141       123.5066       2.382053    
   311.8136       123.4719       2.382041    
   316.8123       123.4112       2.382038    
   321.7794       123.0143       2.382041    
   326.7076       122.3138       2.383303    
   331.6619       122.0768       2.383311    
   336.6017       122.6448       2.476638    
   341.4941       123.5022       2.476662    
   346.3997       124.3040       2.476666    
   351.3318       124.9827       2.476667    
   356.3008       125.4084       2.476652    
   361.2956       125.5824       2.476647    
   366.2939       125.6901       2.476643    
   371.2916       125.8165       2.476567    
   376.2886       125.9600       2.476526    
   381.2849       126.1205       2.476516    
   386.2799       126.3045       2.476509    
   391.2732       126.5198       2.476499    
   396.2645       126.7639       2.476495    
   401.2549       127.0210       2.476490    
   406.2462       127.2653       2.476110    
   411.2407       127.4575       2.270224    
   416.2387       127.5636       2.261822    
   421.2385       127.5953       2.261824    
   426.2385       127.5986       2.264187    
   431.2385       127.6125       2.264657    
   436.2343       127.7445       2.264668    
   441.2233       128.0178       2.264681    
   446.2118       128.2982       2.264697    
   451.2035       128.5366       2.264706    
   456.1937       128.7948       2.264705    
   461.1783       129.1181       2.264709    
   466.1624       129.4493       2.264721    
   471.1551       129.6459       2.264731    
   476.1545       129.6918       2.264735    
   481.8401       129.6939       2.264736    
   489.3643       129.6939       2.432475    
   507.4286       129.6939       2.432477    
  -33.77417       118.0135       2.477006    
  -15.70986       118.0135       2.477005    
  -8.185690       118.0135       2.477000    
  -2.500000       118.0135       2.431174    
   2.481762       118.2522       2.431170    
   7.434425       118.7923       2.431166    
   12.38829       119.3243       2.425609    
   17.37068       119.5977       2.318622    
   22.36992       119.6640       2.156356    
   27.36889       119.7397       2.156063    
   32.36626       119.8660       2.156058    
   37.36148       120.0378       2.156057    
   42.35468       120.2439       2.156064    
   47.34677       120.4665       2.156065    
   52.33939       120.6811       2.156060    
   57.33461       120.8514       2.422044    
   62.33282       120.9489       2.442442    
   67.33237       120.9520       2.442442    
   72.33087       120.8632       2.442445    
   77.32610       120.6951       2.442447    
   82.31709       120.4589       2.442450    
   87.30524       120.1866       2.442686    
   92.29430       119.9255       2.442874    
   97.28818       119.7367       2.442880    
   102.2866       119.6531       2.443898    
   107.2863       119.6129       2.444525    
   112.2728       119.3835       2.445477    
   117.2255       118.8540       2.447027    
   122.1606       118.2177       2.447149    
   127.1186       117.7218       2.447170    
   132.1048       117.4431       2.447190    
   137.1018       117.3242       2.447204    
   142.1004       117.3613       2.447216    
   147.0855       117.6301       2.447230    
   152.0289       118.2023       2.447236    
   156.9416       118.9394       2.447241    
   161.8866       119.4921       2.952623    
   166.8759       119.7027       3.030138    
   171.8755       119.7078       3.030103    
   176.8751       119.6608       3.029819    
   181.8749       119.6375       3.029806    
   186.8749       119.6367       3.029811    
   191.8749       119.6370       3.029822    
   196.8749       119.6370       3.029824    
   201.8749       119.6370       3.029859    
   206.8749       119.6368       2.375330    
   211.8749       119.6388       2.382454    
   216.8748       119.6580       2.341041    
   221.8745       119.7069       2.341342    
   226.8739       119.7641       2.387602    
   231.8736       119.7666       2.387605    
   236.8703       119.6448       2.387610    
   241.8605       119.4020       2.388113    
   246.8531       119.2101       2.387764    
   251.8497       119.2547       2.387404    
   256.8403       119.4922       2.387396    
   261.8292       119.7551       2.387394    
   266.8226       119.9542       2.387490    
   271.8200       120.0750       2.418067    
   276.8195       120.1131       2.599731    
   281.8193       120.0895       2.625703    
   286.8188       120.0343       2.667733    
   291.8181       119.9648       2.672022    
   296.8170       119.8839       2.672031    
   301.8156       119.7882       2.672039    
   306.8141       119.6961       2.672048    
   311.8136       119.6630       2.672049    
   316.8123       119.6051       2.672040    
   321.7794       119.2268       2.671996    
   326.7076       118.5591       2.671987    
   331.6619       118.3332       2.650677    
   336.6017       118.8746       2.595326    
   341.4941       119.6919       2.587585    
   346.3997       120.4562       2.587590    
   351.3318       121.1031       2.587600    
   356.3008       121.5089       2.587608    
   361.2956       121.6748       2.587671    
   366.2939       121.7775       2.587677    
   371.2916       121.8979       2.587677    
   376.2886       122.0348       2.587686    
   381.2849       122.1877       2.587699    
   386.2799       122.3631       2.587703    
   391.2732       122.5684       2.587715    
   396.2645       122.8010       2.587730    
   401.2549       123.0461       2.587742    
   406.2462       123.2790       2.587760    
   411.2407       123.4621       2.587781    
   416.2387       123.5633       2.587790    
   421.2385       123.5935       2.598547    
   426.2385       123.5967       2.708565    
   431.2385       123.6100       2.708787    
   436.2343       123.7357       2.708786    
   441.2233       123.9963       2.708784    
   446.2118       124.2636       2.708790    
   451.2035       124.4909       2.708793    
   456.1937       124.7369       2.708786    
   461.1783       125.0452       2.708784    
   466.1624       125.3608       2.708786    
   471.1551       125.5482       2.708783    
   476.1545       125.5920       2.708766    
   481.8401       125.5940       2.708751    
   489.3643       125.5940       2.708157    
   507.4286       125.5940       2.708154    
  -33.77417       113.9358       2.718278    
  -15.70986       113.9358       2.718276    
  -8.185690       113.9358       2.718280    
  -2.500000       113.9358       2.718291    
   2.481762       114.1617       2.718291    
   7.434425       114.6728       2.718287    
   12.38829       115.1762       2.718095    
   17.37068       115.4350       2.697767    
   22.36992       115.4978       2.609578    
   27.36889       115.5694       2.607663    
   32.36626       115.6889       2.607661    
   37.36148       115.8514       2.607650    
   42.35468       116.0465       2.607638    
   47.34677       116.2571       2.607625    
   52.33939       116.4603       2.606580    
   57.33461       116.6214       2.606030    
   62.33282       116.7137       2.605580    
   67.33237       116.7167       2.605534    
   72.33087       116.6326       2.605510    
   77.32610       116.4735       2.605505    
   82.31709       116.2499       2.605509    
   87.30524       115.9922       2.605521    
   92.29430       115.7452       2.605516    
   97.28818       115.5665       2.601660    
   102.2866       115.4874       2.593408    
   107.2863       115.4493       2.592846    
   112.2728       115.2323       2.592776    
   117.2255       114.7313       2.592723    
   122.1606       114.1291       2.592651    
   127.1186       113.6599       2.592601    
   132.1048       113.3961       2.592581    
   137.1018       113.2836       2.592577    
   142.1004       113.3186       2.592581    
   147.0855       113.5730       2.592583    
   152.0289       114.1145       2.592581    
   156.9416       114.8120       2.592580    
   161.8866       115.3350       2.952361    
   166.8759       115.5344       3.030079    
   171.8755       115.5392       3.029928    
   176.8751       115.4947       3.029798    
   181.8749       115.4726       3.029792    
   186.8749       115.4719       3.029775    
   191.8749       115.4722       3.029775    
   196.8749       115.4722       3.029775    
   201.8749       115.4722       3.028125    
   206.8749       115.4720       2.374842    
   211.8749       115.4739       2.382610    
   216.8748       115.4921       2.382589    
   221.8745       115.5383       2.383031    
   226.8739       115.5924       2.389317    
   231.8736       115.5948       2.389316    
   236.8703       115.4796       2.389324    
   241.8605       115.2498       2.451341    
   246.8531       115.0682       2.682723    
   251.8497       115.1104       2.683928    
   256.8403       115.3352       2.683899    
   261.8292       115.5839       2.683887    
   266.8226       115.7724       2.683572    
   271.8200       115.8866       2.682993    
   276.8195       115.9228       2.682873    
   281.8193       115.9004       2.682817    
   286.8188       115.8482       2.682773    
   291.8181       115.7824       2.682756    
   296.8170       115.7058       2.682750    
   301.8156       115.6153       2.682748    
   306.8141       115.5281       2.682746    
   311.8136       115.4968       2.682736    
   316.8123       115.4420       2.682724    
   321.7794       115.0840       2.682712    
   326.7076       114.4521       2.682701    
   331.6619       114.2384       2.682691    
   336.6017       114.7507       2.595324    
   341.4941       115.5241       2.587584    
   346.3997       116.2474       2.587589    
   351.3318       116.8596       2.587599    
   356.3008       117.2437       2.587603    
   361.2956       117.4006       2.594126    
   366.2939       117.4977       2.622912    
   371.2916       117.6117       2.623542    
   376.2886       117.7412       2.623555    
   381.2849       117.8860       2.623562    
   386.2799       118.0519       2.623560    
   391.2732       118.2462       2.623564    
   396.2645       118.4663       2.623577    
   401.2549       118.6983       2.623591    
   406.2462       118.9186       2.623608    
   411.2407       119.0920       2.623619    
   416.2387       119.1877       2.623785    
   421.2385       119.2163       2.730037    
   426.2385       119.2194       2.950324    
   431.2385       119.2319       2.950325    
   436.2343       119.3509       2.950329    
   441.2233       119.5975       2.950332    
   446.2118       119.8504       2.950331    
   451.2035       120.0655       2.950334    
   456.1937       120.2983       2.950343    
   461.1783       120.5900       2.950350    
   466.1624       120.8887       2.950353    
   471.1551       121.0661       2.950354    
   476.1545       121.1075       2.950357    
   481.8401       121.1095       2.952797    
   489.3643       121.1095       2.952802    
   507.4286       121.1095       2.952807    
  -33.77417       109.4377       3.037043    
  -15.70986       109.4377       3.037050    
  -8.185690       109.4377       3.037051    
  -2.500000       109.4377       3.031581    
   2.481762       109.6495       3.031575    
   7.434425       110.1285       3.031564    
   12.38829       110.6005       3.031546    
   17.37068       110.8431       3.031513    
   22.36992       110.9020       3.031420    
   27.36889       110.9691       3.031329    
   32.36626       111.0811       3.031310    
   37.36148       111.2335       3.031296    
   42.35468       111.4164       3.031288    
   47.34677       111.6138       3.031068    
   52.33939       111.8043       3.009884    
   57.33461       111.9553       2.794626    
   62.33282       112.0418       2.607450    
   67.33237       112.0446       2.605810    
   72.33087       111.9657       2.605511    
   77.32610       111.8166       2.605512    
   82.31709       111.6071       2.605517    
   87.30524       111.3655       2.605833    
   92.29430       111.1339       2.641318    
   97.28818       110.9664       2.765953    
   102.2866       110.8923       2.778371    
   107.2863       110.8566       2.779041    
   112.2728       110.6531       2.779179    
   117.2255       110.1834       2.779450    
   122.1606       109.6189       2.786292    
   127.1186       109.1790       2.924367    
   132.1048       108.9318       3.029058    
   137.1018       108.8263       3.033890    
   142.1004       108.8592       3.033890    
   147.0855       109.0976       3.033890    
   152.0289       109.6052       3.033886    
   156.9416       110.2591       3.033872    
   161.8866       110.7494       3.031650    
   166.8759       110.9363       3.029768    
   171.8755       110.9408       3.029780    
   176.8751       110.8991       3.029794    
   181.8749       110.8784       3.029787    
   186.8749       110.8776       3.029765    
   191.8749       110.8779       3.029757    
   196.8749       110.8779       3.029760    
   201.8749       110.8779       3.028124    
   206.8749       110.8778       2.374843    
   211.8749       110.8796       2.383126    
   216.8748       110.8966       2.383099    
   221.8745       110.9400       2.383960    
   226.8739       110.9907       2.389338    
   231.8736       110.9929       2.389340    
   236.8703       110.8849       2.389354    
   241.8605       110.6695       2.468250    
   246.8531       110.4993       2.712993    
   251.8497       110.5388       2.737876    
   256.8403       110.7495       2.738494    
   261.8292       110.9827       2.738701    
   266.8226       111.1594       2.738826    
   271.8200       111.2665       2.738932    
   276.8195       111.3003       2.738966    
   281.8193       111.2794       2.738980    
   286.8188       111.2305       2.738984    
   291.8181       111.1687       2.738977    
   296.8170       111.0969       2.738978    
   301.8156       111.0121       2.738990    
   306.8141       110.9304       2.739007    
   311.8136       110.9010       2.739021    
   316.8123       110.8497       2.739030    
   321.7794       110.5141       2.739038    
   326.7076       109.9218       2.739044    
   331.6619       109.7214       2.739040    
   336.6017       110.2016       2.739080    
   341.4941       110.9267       2.739266    
   346.3997       111.6047       2.739291    
   351.3318       112.1786       2.739288    
   356.3008       112.5386       2.739283    
   361.2956       112.6857       2.739285    
   366.2939       112.7768       2.739274    
   371.2916       112.8837       2.739111    
   376.2886       113.0050       2.739021    
   381.2849       113.1407       2.738987    
   386.2799       113.2963       2.738991    
   391.2732       113.4784       2.738996    
   396.2645       113.6848       2.739001    
   401.2549       113.9022       2.739020    
   406.2462       114.1088       2.739043    
   411.2407       114.2713       2.739053    
   416.2387       114.3611       2.739144    
   421.2385       114.3878       2.740001    
   426.2385       114.3907       3.108819    
   431.2385       114.4025       3.109401    
   436.2343       114.5140       3.109425    
   441.2233       114.7451       3.109437    
   446.2118       114.9823       3.109444    
   451.2035       115.1839       3.109461    
   456.1937       115.4022       3.109479    
   461.1783       115.6756       3.109483    
   466.1624       115.9556       3.109491    
   471.1551       116.1219       3.109496    
   476.1545       116.1607       3.109486    
   481.8401       116.1625       3.109466    
   489.3643       116.1625       3.109389    
   507.4286       116.1625       3.109385    
  -33.77417       104.4251       3.033951    
  -15.70986       104.4251       3.033950    
  -8.185690       104.4251       3.028466    
  -2.500000       104.4251       3.028462    
   2.481762       104.6212       3.028465    
   7.434425       105.0646       3.028467    
   12.38829       105.5015       3.028474    
   17.37068       105.7260       3.028481    
   22.36992       105.7805       3.028486    
   27.36889       105.8427       3.028495    
   32.36626       105.9463       3.028496    
   37.36148       106.0873       3.028505    
   42.35468       106.2567       3.028569    
   47.34677       106.4394       3.028576    
   52.33939       106.6157       3.025638    
   57.33461       106.7555       2.912191    
   62.33282       106.8356       2.621046    
   67.33237       106.8381       2.606929    
   72.33087       106.7651       2.605510    
   77.32610       106.6271       2.605470    
   82.31709       106.4332       2.605471    
   87.30524       106.2096       2.605840    
   92.29430       105.9952       2.644375    
   97.28818       105.8402       2.769360    
   102.2866       105.7715       2.778648    
   107.2863       105.7385       2.779068    
   112.2728       105.5501       2.779500    
   117.2255       105.1154       2.784842    
   122.1606       104.5929       2.851242    
   127.1186       104.1857       3.014098    
   132.1048       103.9569       3.029601    
   137.1018       103.8593       3.029798    
   142.1004       103.8897       3.029799    
   147.0855       104.1104       3.029798    
   152.0289       104.5803       3.029797    
   156.9416       105.1855       3.029791    
   161.8866       105.6393       3.029789    
   166.8759       105.8122       3.029714    
   171.8755       105.8165       3.029766    
   176.8751       105.7778       3.029780    
   181.8749       105.7587       3.029783    
   186.8749       105.7580       3.029766    
   191.8749       105.7582       3.029751    
   196.8749       105.7583       3.029745    
   201.8749       105.7583       3.028124    
   206.8749       105.7581       2.375005    
   211.8749       105.7598       2.383130    
   216.8748       105.7755       2.383105    
   221.8745       105.8157       2.383961    
   226.8739       105.8626       2.385167    
   231.8736       105.8647       2.385170    
   236.8703       105.7647       2.389368    
   241.8605       105.5654       2.538779    
   246.8531       105.4078       2.715532    
   251.8497       105.4444       2.737887    
   256.8403       105.6394       2.738551    
   261.8292       105.8553       2.738784    
   266.8226       106.0188       2.738960    
   271.8200       106.1179       2.739033    
   276.8195       106.1492       2.738994    
   281.8193       106.1298       2.738996    
   286.8188       106.0846       2.739000    
   291.8181       106.0275       2.738996    
   296.8170       105.9610       2.738995    
   301.8156       105.8824       2.738999    
   306.8141       105.8068       2.739004    
   311.8136       105.7796       2.739012    
   316.8123       105.7321       2.739022    
   321.7794       105.4215       2.739031    
   326.7076       104.8732       2.739049    
   331.6619       104.6877       2.739051    
   336.6017       105.1322       2.739054    
   341.4941       105.8034       2.739262    
   346.3997       106.4309       2.739431    
   351.3318       106.9622       2.739470    
   356.3008       107.2954       2.739470    
   361.2956       107.4315       2.739446    
   366.2939       107.5159       2.739275    
   371.2916       107.6148       2.739130    
   376.2886       107.7271       2.739167    
   381.2849       107.8528       2.739208    
   386.2799       107.9968       2.739226    
   391.2732       108.1653       2.739228    
   396.2645       108.3564       2.739239    
   401.2549       108.5576       2.739254    
   406.2462       108.7488       2.739281    
   411.2407       108.8992       2.739306    
   416.2387       108.9823       2.739436    
   421.2385       109.0071       2.740039    
   426.2385       109.0098       3.108684    
   431.2385       109.0207       3.108593    
   436.2343       109.1239       3.108527    
   441.2233       109.3378       3.108447    
   446.2118       109.5574       3.108435    
   451.2035       109.7439       3.108423    
   456.1937       109.9460       3.108416    
   461.1783       110.1991       3.108402    
   466.1624       110.4583       3.108393    
   471.1551       110.6122       3.108394    
   476.1545       110.6481       3.108399    
   481.8401       110.6497       3.108418    
   489.3643       110.6497       3.109527    
   507.4286       110.6497       3.109526    
  -33.77417       98.76926       3.030038    
  -15.70986       98.76926       3.030038    
  -8.185690       98.76926       3.028701    
  -2.500000       98.76926       3.028689    
   2.481762       98.94752       3.028675    
   7.434425       99.35075       3.028663    
   12.38829       99.74802       3.028677    
   17.37068       99.95215       3.028712    
   22.36992       100.0017       3.028741    
   27.36889       100.0582       3.028759    
   32.36626       100.1525       3.028774    
   37.36148       100.2807       3.028781    
   42.35468       100.4347       3.028784    
   47.34677       100.6009       3.028749    
   52.33939       100.7612       3.027460    
   57.33461       100.8883       2.997855    
   62.33282       100.9611       2.955089    
   67.33237       100.9634       2.954873    
   72.33087       100.8971       2.954834    
   77.32610       100.7716       2.954811    
   82.31709       100.5952       2.954791    
   87.30524       100.3919       2.954779    
   92.29430       100.1970       2.954744    
   97.28818       100.0560       2.954688    
   102.2866       99.99355       2.954664    
   107.2863       99.96349       2.954643    
   112.2728       99.79222       2.954636    
   117.2255       99.39693       2.956466    
   122.1606       98.92178       3.004146    
   127.1186       98.55151       3.028960    
   132.1048       98.34343       3.029620    
   137.1018       98.25465       3.029642    
   142.1004       98.28233       3.029658    
   147.0855       98.48299       3.029665    
   152.0289       98.91029       3.029675    
   156.9416       99.46066       3.029673    
   161.8866       99.87329       3.029679    
   166.8759       100.0306       3.029696    
   171.8755       100.0344       3.029749    
   176.8751       99.99930       3.029767    
   181.8749       99.98188       3.029774    
   186.8749       99.98126       3.029768    
   191.8749       99.98149       3.029507    
   196.8749       99.98150       3.022379    
   201.8749       99.98149       3.018637    
   206.8749       99.98139       2.382957    
   211.8749       99.98287       2.384083    
   216.8748       99.99718       2.384093    
   221.8745       100.0337       2.383969    
   226.8739       100.0764       2.384896    
   231.8736       100.0783       2.384901    
   236.8703       99.98734       2.392006    
   241.8605       99.80609       2.560199    
   246.8531       99.66279       2.715543    
   251.8497       99.69608       2.737887    
   256.8403       99.87341       2.738568    
   261.8292       100.0697       2.738795    
   266.8226       100.2184       2.738963    
   271.8200       100.3085       2.739026    
   276.8195       100.3370       2.738990    
   281.8193       100.3194       2.738995    
   286.8188       100.2782       2.738997    
   291.8181       100.2263       2.738992    
   296.8170       100.1659       2.738995    
   301.8156       100.0944       2.738998    
   306.8141       100.0256       2.739011    
   311.8136       100.0009       2.739017    
   316.8123       99.95772       2.739026    
   321.7794       99.67523       2.739031    
   326.7076       99.17667       2.739043    
   331.6619       99.00801       2.739049    
   336.6017       99.41222       2.739048    
   341.4941       100.0225       2.739038    
   346.3997       100.5932       2.739041    
   351.3318       101.0763       2.739060    
   356.3008       101.3793       2.739068    
   361.2956       101.5031       2.739086    
   366.2939       101.5798       2.739101    
   371.2916       101.6697       2.739113    
   376.2886       101.7719       2.739118    
   381.2849       101.8861       2.739121    
   386.2799       102.0170       2.739136    
   391.2732       102.1703       2.739152    
   396.2645       102.3440       2.739170    
   401.2549       102.5270       2.739182    
   406.2462       102.7009       2.739193    
   411.2407       102.8377       2.739192    
   416.2387       102.9132       2.739496    
   421.2385       102.9358       2.740042    
   426.2385       102.9382       3.108690    
   431.2385       102.9481       3.108624    
   436.2343       103.0419       3.108619    
   441.2233       103.2365       3.108595    
   446.2118       103.4361       3.108580    
   451.2035       103.6058       3.108551    
   456.1937       103.7895       3.108523    
   461.1783       104.0197       3.108496    
   466.1624       104.2553       3.108473    
   471.1551       104.3953       3.108462    
   476.1545       104.4279       3.108467    
   481.8401       104.4295       3.108471    
   489.3643       104.4295       3.108475    
   507.4286       104.4295       3.108480    
  -33.77417       92.28692       3.028759    
  -15.70986       92.28692       3.028753    
  -8.185690       92.28692       3.028718    
  -2.500000       92.28692       3.028707    
   2.481762       92.44483       3.028702    
   7.434425       92.80198       3.028708    
   12.38829       93.15384       3.028721    
   17.37068       93.33465       3.028735    
   22.36992       93.37855       3.028753    
   27.36889       93.42858       3.028765    
   32.36626       93.51208       3.028768    
   37.36148       93.62569       3.028775    
   42.35468       93.76205       3.028785    
   47.34677       93.90923       3.028774    
   52.33939       94.05121       3.028222    
   57.33461       94.16380       3.019929    
   62.33282       94.22831       2.982411    
   67.33237       94.23037       2.965711    
   72.33087       94.17159       2.960108    
   77.32610       94.06042       2.959954    
   82.31709       93.90422       2.959940    
   87.30524       93.72411       2.959934    
   92.29430       93.55146       2.959941    
   97.28818       93.42661       2.959970    
   102.2866       93.37131       2.960198    
   107.2863       93.34469       2.961331    
   112.2728       93.19299       2.972735    
   117.2255       92.84286       3.010133    
   122.1606       92.42202       3.028350    
   127.1186       92.09407       3.029238    
   132.1048       91.90976       3.029276    
   137.1018       91.83113       3.029283    
   142.1004       91.85565       3.029294    
   147.0855       92.03337       3.029346    
   152.0289       92.41184       3.029451    
   156.9416       92.89931       3.029574    
   161.8866       93.26480       3.029684    
   166.8759       93.40413       3.029703    
   171.8755       93.40750       3.029722    
   176.8751       93.37640       3.029732    
   181.8749       93.36098       3.029744    
   186.8749       93.36044       3.029745    
   191.8749       93.36063       2.797042    
   196.8749       93.36064       2.650938    
   201.8749       93.36063       2.404562    
   206.8749       93.36054       2.383918    
   211.8749       93.36186       2.384105    
   216.8748       93.37454       2.384105    
   221.8745       93.40688       2.383978    
   226.8739       93.44470       2.383991    
   231.8736       93.44635       2.384897    
   236.8703       93.36582       2.410502    
   241.8605       93.20527       2.560494    
   246.8531       93.07835       2.715555    
   251.8497       93.10783       2.737879    
   256.8403       93.26490       2.738571    
   261.8292       93.43874       2.738792    
   266.8226       93.57047       2.738955    
   271.8200       93.65030       2.739018    
   276.8195       93.67554       2.738993    
   281.8193       93.65989       2.738989    
   286.8188       93.62345       2.738996    
   291.8181       93.57744       2.739000    
   296.8170       93.52392       2.739004    
   301.8156       93.46066       2.739005    
   306.8141       93.39973       2.739016    
   311.8136       93.37785       2.739022    
   316.8123       93.33959       2.739030    
   321.7794       93.08938       2.739029    
   326.7076       92.64779       2.739033    
   331.6619       92.49840       2.739042    
   336.6017       92.85643       2.739050    
   341.4941       93.39696       2.739057    
   346.3997       93.90244       2.739066    
   351.3318       94.33030       2.739073    
   356.3008       94.59869       2.739074    
   361.2956       94.70834       2.739071    
   366.2939       94.77627       2.739061    
   371.2916       94.85593       2.739054    
   376.2886       94.94642       2.739057    
   381.2849       95.04758       2.739066    
   386.2799       95.16358       2.739083    
   391.2732       95.29931       2.739105    
   396.2645       95.45317       2.739123    
   401.2549       95.61526       2.739145    
   406.2462       95.76926       2.739206    
   411.2407       95.89043       2.739179    
   416.2387       95.95733       2.739566    
   421.2385       95.97731       2.740039    
   426.2385       95.97943       3.108684    
   431.2385       95.98818       3.108633    
   436.2343       96.07135       3.108626    
   441.2233       96.24365       3.108595    
   446.2118       96.42047       3.108590    
   451.2035       96.57073       3.108507    
   456.1937       96.73344       3.108499    
   461.1783       96.93733       3.108496    
   466.1624       97.14609       3.108493    
   471.1551       97.27006       3.108485    
   476.1545       97.29897       3.108477    
   481.8401       97.30029       3.108477    
   489.3643       97.30029       3.108481    
   507.4286       97.30029       3.108487    
  -33.77417       84.70639       3.028758    
  -15.70986       84.70639       3.028753    
  -8.185690       84.70639       3.028726    
  -2.500000       84.70639       3.028717    
   2.481762       84.84047       3.028719    
   7.434425       85.14374       3.028717    
   12.38829       85.44250       3.028722    
   17.37068       85.59602       3.028729    
   22.36992       85.63330       3.028754    
   27.36889       85.67580       3.028774    
   32.36626       85.74669       3.028781    
   37.36148       85.84315       3.028787    
   42.35468       85.95895       3.028795    
   47.34677       86.08392       3.028798    
   52.33939       86.20448       3.028797    
   57.33461       86.30008       3.028725    
   62.33282       86.35486       3.028018    
   67.33237       86.35661       2.965668    
   72.33087       86.30669       2.960945    
   77.32610       86.21230       2.960798    
   82.31709       86.07966       2.960794    
   87.30524       85.92673       2.960793    
   92.29430       85.78013       2.960794    
   97.28818       85.67411       2.960824    
   102.2866       85.62716       3.025559    
   107.2863       85.60456       3.027996    
   112.2728       85.47575       3.028924    
   117.2255       85.17844       3.029151    
   122.1606       84.82110       3.029171    
   127.1186       84.54264       3.029240    
   132.1048       84.38613       3.029260    
   137.1018       84.31937       3.029272    
   142.1004       84.34019       3.029292    
   147.0855       84.49109       3.029318    
   152.0289       84.81246       3.029371    
   156.9416       85.22638       3.029412    
   161.8866       85.53673       3.029664    
   166.8759       85.65503       3.029674    
   171.8755       85.65790       3.029691    
   176.8751       85.63148       3.029704    
   181.8749       85.61840       3.029711    
   186.8749       85.61794       3.029573    
   191.8749       85.61810       2.709526    
   196.8749       85.61810       2.385963    
   201.8749       85.61810       2.386698    
   206.8749       85.61802       2.383924    
   211.8749       85.61914       2.384106    
   216.8748       85.62991       2.384104    
   221.8745       85.65736       2.384103    
   226.8739       85.68948       2.383991    
   231.8736       85.69088       2.385543    
   236.8703       85.62250       2.449330    
   241.8605       85.48617       2.560503    
   246.8531       85.37840       2.715575    
   251.8497       85.40344       2.737870    
   256.8403       85.53680       2.738569    
   261.8292       85.68442       2.738785    
   266.8226       85.79627       2.738956    
   271.8200       85.86406       2.739009    
   276.8195       85.88549       2.738993    
   281.8193       85.87220       2.738994    
   286.8188       85.84126       2.738998    
   291.8181       85.80219       2.739007    
   296.8170       85.75674       2.739012    
   301.8156       85.70303       2.739016    
   306.8141       85.65130       2.739022    
   311.8136       85.63272       2.739028    
   316.8123       85.60023       2.739029    
   321.7794       85.38776       2.739028    
   326.7076       85.01280       2.739025    
   331.6619       84.88596       2.739027    
   336.6017       85.18996       2.739037    
   341.4941       85.64894       2.739048    
   346.3997       86.07815       2.739057    
   351.3318       86.44146       2.739064    
   356.3008       86.66934       2.739063    
   361.2956       86.76245       2.739058    
   366.2939       86.82014       2.739053    
   371.2916       86.88777       2.739050    
   376.2886       86.96461       2.739058    
   381.2849       87.05051       2.739067    
   386.2799       87.14902       2.739080    
   391.2732       87.26426       2.739100    
   396.2645       87.39491       2.739163    
   401.2549       87.53254       2.739160    
   406.2462       87.66331       2.739208    
   411.2407       87.76619       2.739196    
   416.2387       87.82300       2.739593    
   421.2385       87.83997       2.740031    
   426.2385       87.84176       3.108669    
   431.2385       87.84920       3.108634    
   436.2343       87.91981       3.108622    
   441.2233       88.06612       3.108596    
   446.2118       88.21626       3.108584    
   451.2035       88.34385       3.108521    
   456.1937       88.48203       3.108512    
   461.1783       88.65514       3.108504    
   466.1624       88.83239       3.108496    
   471.1551       88.93765       3.108491    
   476.1545       88.96221       3.108487    
   481.8401       88.96335       3.108483    
   489.3643       88.96335       3.108485    
   507.4286       88.96335       3.108491    
  -33.77417       75.60016       3.028757    
  -15.70986       75.60016       3.028749    
  -8.185690       75.60016       3.028731    
  -2.500000       75.60016       3.028723    
   2.481762       75.70561       3.028723    
   7.434425       75.94414       3.028720    
   12.38829       76.17914       3.028722    
   17.37068       76.29989       3.028726    
   22.36992       76.32921       3.028742    
   27.36889       76.36263       3.028764    
   32.36626       76.41840       3.028771    
   37.36148       76.49427       3.028783    
   42.35468       76.58534       3.028793    
   47.34677       76.68364       3.028803    
   52.33939       76.77846       3.028815    
   57.33461       76.85366       3.028840    
   62.33282       76.89674       3.028886    
   67.33237       76.89812       3.028911    
   72.33087       76.85886       3.028947    
   77.32610       76.78461       3.028984    
   82.31709       76.68029       3.029008    
   87.30524       76.56001       3.029020    
   92.29430       76.44469       3.029028    
   97.28818       76.36131       3.029047    
   102.2866       76.32438       3.029073    
   107.2863       76.30660       3.029085    
   112.2728       76.20528       3.029110    
   117.2255       75.97144       3.029145    
   122.1606       75.69038       3.029177    
   127.1186       75.47135       3.029213    
   132.1048       75.34826       3.029238    
   137.1018       75.29574       3.029259    
   142.1004       75.31212       3.029286    
   147.0855       75.43081       3.029308    
   152.0289       75.68358       3.029330    
   156.9416       76.00915       3.029408    
   161.8866       76.25325       3.029634    
   166.8759       76.34630       3.029658    
   171.8755       76.34855       3.029645    
   176.8751       76.32778       3.029610    
   181.8749       76.31749       3.029412    
   186.8749       76.31712       3.013398    
   191.8749       76.31725       2.709522    
   196.8749       76.31725       2.385961    
   201.8749       76.31725       2.384253    
   206.8749       76.31718       2.383929    
   211.8749       76.31807       2.384080    
   216.8748       76.32654       2.384074    
   221.8745       76.34814       2.384069    
   226.8739       76.37340       2.383992    
   231.8736       76.37450       2.385554    
   236.8703       76.32071       2.449339    
   241.8605       76.21349       2.560651    
   246.8531       76.12872       2.715587    
   251.8497       76.14841       2.737862    
   256.8403       76.25331       2.738566    
   261.8292       76.36942       2.738775    
   266.8226       76.45739       2.738952    
   271.8200       76.51070       2.739001    
   276.8195       76.52757       2.739003    
   281.8193       76.51711       2.739004    
   286.8188       76.49277       2.739007    
   291.8181       76.46204       2.739015    
   296.8170       76.42630       2.739014    
   301.8156       76.38405       2.739018    
   306.8141       76.34336       2.739022    
   311.8136       76.32875       2.739027    
   316.8123       76.30320       2.739028    
   321.7794       76.13609       2.739030    
   326.7076       75.84116       2.739027    
   331.6619       75.74139       2.739026    
   336.6017       75.98050       2.739030    
   341.4941       76.34151       2.739038    
   346.3997       76.67910       2.739046    
   351.3318       76.96486       2.739049    
   356.3008       77.14410       2.739052    
   361.2956       77.21733       2.739055    
   366.2939       77.26270       2.739058    
   371.2916       77.31591       2.739061    
   376.2886       77.37634       2.739066    
   381.2849       77.44391       2.739069    
   386.2799       77.52139       2.739071    
   391.2732       77.61202       2.739095    
   396.2645       77.71479       2.739250    
   401.2549       77.82304       2.739599    
   406.2462       77.92590       2.739626    
   411.2407       78.00681       2.739625    
   416.2387       78.05150       2.739623    
   421.2385       78.06484       2.739977    
   426.2385       78.06626       3.108655    
   431.2385       78.07211       3.108630    
   436.2343       78.12765       3.108592    
   441.2233       78.24273       3.108589    
   446.2118       78.36082       3.108581    
   451.2035       78.46117       3.108543    
   456.1937       78.56985       3.108528    
   461.1783       78.70601       3.108516    
   466.1624       78.84543       3.108507    
   471.1551       78.92822       3.108501    
   476.1545       78.94754       3.108495    
   481.8401       78.94843       3.108499    
   489.3643       78.94843       3.108499    
   507.4286       78.94843       3.108496    
  -33.77417       56.32260       3.028755    
  -15.70986       56.32260       3.028753    
  -8.185690       56.32260       3.028737    
  -2.500000       56.32260       3.028726    
   2.481762       56.36747       3.028717    
   7.434425       56.46896       3.028715    
   12.38829       56.56895       3.028717    
   17.37068       56.62033       3.028723    
   22.36992       56.63280       3.028735    
   27.36889       56.64702       3.028749    
   32.36626       56.67075       3.028763    
   37.36148       56.70303       3.028786    
   42.35468       56.74178       3.028804    
   47.34677       56.78361       3.028820    
   52.33939       56.82395       3.028840    
   57.33461       56.85595       3.028864    
   62.33282       56.87428       3.028888    
   67.33237       56.87487       3.028910    
   72.33087       56.85816       3.028929    
   77.32610       56.82657       3.028985    
   82.31709       56.78218       3.029001    
   87.30524       56.73100       3.029019    
   92.29430       56.68194       3.029038    
   97.28818       56.64646       3.029054    
   102.2866       56.63075       3.029067    
   107.2863       56.62318       3.029086    
   112.2728       56.58007       3.029113    
   117.2255       56.48058       3.029146    
   122.1606       56.36099       3.029178    
   127.1186       56.26780       3.029205    
   132.1048       56.21542       3.029228    
   137.1018       56.19307       3.029249    
   142.1004       56.20005       3.029272    
   147.0855       56.25055       3.029294    
   152.0289       56.35809       3.029324    
   156.9416       56.49662       3.029410    
   161.8866       56.60048       3.029604    
   166.8759       56.64007       3.029630    
   171.8755       56.64103       3.029634    
   176.8751       56.63219       3.029607    
   181.8749       56.62782       3.029393    
   186.8749       56.62766       3.013381    
   191.8749       56.62771       2.709522    
   196.8749       56.62772       2.385964    
   201.8749       56.62771       2.384250    
   206.8749       56.62769       2.383936    
   211.8749       56.62806       2.383936    
   216.8748       56.63167       2.383935    
   221.8745       56.64086       2.383935    
   226.8739       56.65160       2.383980    
   231.8736       56.65207       2.385560    
   236.8703       56.62919       2.449344    
   241.8605       56.58356       2.560656    
   246.8531       56.54750       2.715585    
   251.8497       56.55588       2.737857    
   256.8403       56.60051       2.738567    
   261.8292       56.64991       2.738768    
   266.8226       56.68734       2.738951    
   271.8200       56.71003       2.738996    
   276.8195       56.71720       2.739007    
   281.8193       56.71275       2.739016    
   286.8188       56.70240       2.739019    
   291.8181       56.68932       2.739021    
   296.8170       56.67411       2.739018    
   301.8156       56.65614       2.739013    
   306.8141       56.63882       2.739010    
   311.8136       56.63261       2.739017    
   316.8123       56.62173       2.739025    
   321.7794       56.55063       2.739036    
   326.7076       56.42514       2.739045    
   331.6619       56.38269       2.739050    
   336.6017       56.48443       2.739054    
   341.4941       56.63803       2.739053    
   346.3997       56.78168       2.739054    
   351.3318       56.90327       2.739056    
   356.3008       56.97953       2.739059    
   361.2956       57.01069       2.739063    
   366.2939       57.02999       2.739066    
   371.2916       57.05263       2.739069    
   376.2886       57.07835       2.739073    
   381.2849       57.10709       2.739072    
   386.2799       57.14006       2.739070    
   391.2732       57.17862       2.739095    
   396.2645       57.22235       2.739613    
   401.2549       57.26841       2.739619    
   406.2462       57.31217       2.739624    
   411.2407       57.34660       2.739628    
   416.2387       57.36561       2.739638    
   421.2385       57.37129       2.739964    
   426.2385       57.37189       3.108646    
   431.2385       57.37438       3.108624    
   436.2343       57.39801       3.108590    
   441.2233       57.44698       3.108586    
   446.2118       57.49723       3.108579    
   451.2035       57.53992       3.108569    
   456.1937       57.58617       3.108562    
   461.1783       57.64410       3.108528    
   466.1624       57.70342       3.108522    
   471.1551       57.73865       3.108521    
   476.1545       57.74687       3.108515    
   481.8401       57.74725       3.108511    
   489.3643       57.74725       3.108510    
   507.4286       57.74725       3.108479    
