        1545
  -33.77417       136.6885       1.368913    
  -15.70986       136.6885       1.368946    
  -8.185690       136.6885       1.174915    
  -2.500000       136.6885       1.224232    
   2.481762       136.9860       1.224373    
   7.434425       137.6588       1.228375    
   12.38829       138.3216       1.203901    
   17.37068       138.6622       1.190841    
   22.36992       138.7449       1.187775    
   27.36889       138.8391       1.191870    
   32.36626       138.9964       1.193152    
   37.36148       139.2104       1.190251    
   42.35468       139.4673       1.181609    
   47.34677       139.7446       1.176129    
   52.33939       140.0120       1.175121    
   57.33461       140.2241       1.174505    
   62.33282       140.3456       1.188156    
   67.33237       140.3495       1.201782    
   72.33087       140.2388       1.215369    
   77.32610       140.0294       1.226868    
   82.31709       139.7351       1.226868    
   87.30524       139.3958       1.217666    
   92.29430       139.0706       1.202374    
   97.28818       138.8354       1.186940    
   102.2866       138.7312       1.186427    
   107.2863       138.6811       1.188164    
   112.2728       138.3953       1.200054    
   117.2255       137.7357       1.213576    
   122.1606       136.9430       1.228505    
   127.1186       136.3252       1.247839    
   132.1048       135.9780       1.257677    
   137.1018       135.8299       1.277142    
   142.1004       135.8761       1.283257    
   147.0855       136.2108       1.283546    
   152.0289       136.9238       1.276504    
   156.9416       137.8421       1.274259    
   161.8866       138.5306       1.272140    
   166.8759       138.7930       1.269183    
   171.8755       138.7994       1.268766    
   176.8751       138.7408       1.261519    
   181.8749       138.7118       1.254583    
   186.8749       138.7108       1.252975    
   191.8749       138.7111       1.252531    
   196.8749       138.7112       1.251897    
   201.8749       138.7111       1.249275    
   206.8749       138.7109       1.244028    
   211.8749       138.7134       1.237993    
   216.8748       138.7373       1.227047    
   221.8745       138.7983       1.219770    
   226.8739       138.8695       1.218449    
   231.8736       138.8726       1.217617    
   236.8703       138.7209       1.215916    
   241.8605       138.4185       1.213267    
   246.8531       138.1794       1.211800    
   251.8497       138.2349       1.209154    
   256.8403       138.5308       1.209085    
   261.8292       138.8582       1.219375    
   266.8226       139.1064       1.239493    
   271.8200       139.2568       1.255222    
   276.8195       139.3043       1.258307    
   281.8193       139.2749       1.257014    
   286.8188       139.2062       1.251880    
   291.8181       139.1195       1.248541    
   296.8170       139.0187       1.245066    
   301.8156       138.8996       1.245586    
   306.8141       138.7848       1.248468    
   311.8136       138.7435       1.244860    
   316.8123       138.6715       1.244303    
   321.7794       138.2001       1.261883    
   326.7076       137.3683       1.302342    
   331.6619       137.0869       1.306246    
   336.6017       137.7613       1.266482    
   341.4941       138.7795       1.253152    
   346.3997       139.7317       1.247914    
   351.3318       140.5377       1.246372    
   356.3008       141.0433       1.245197    
   361.2956       141.2499       1.245306    
   366.2939       141.3779       1.245849    
   371.2916       141.5279       1.245954    
   376.2886       141.6984       1.246592    
   381.2849       141.8889       1.245865    
   386.2799       142.1075       1.245475    
   391.2732       142.3631       1.244580    
   396.2645       142.6530       1.240958    
   401.2549       142.9583       1.228455    
   406.2462       143.2484       1.207197    
   411.2407       143.4767       1.192899    
   416.2387       143.6027       1.189330    
   421.2385       143.6403       1.191748    
   426.2385       143.6443       1.197599    
   431.2385       143.6608       1.201695    
   436.2343       143.8174       1.204534    
   441.2233       144.1421       1.208921    
   446.2118       144.4751       1.216885    
   451.2035       144.7582       1.220456    
   456.1937       145.0647       1.221076    
   461.1783       145.4488       1.180107    
   466.1624       145.8420       1.150423    
   471.1551       146.0755       1.108050    
   476.1545       146.1300       1.093703    
   481.8401       146.1326      0.7080004    
   489.3643       146.1326       1.427785    
   507.4286       146.1326       1.427766    
  -33.77417       134.0858       1.413033    
  -15.70986       134.0858       1.413069    
  -8.185690       134.0858       1.194523    
  -2.500000       134.0858       1.257926    
   2.481762       134.3752       1.257365    
   7.434425       135.0294       1.253398    
   12.38829       135.6740       1.203808    
   17.37068       136.0052       1.190934    
   22.36992       136.0857       1.187908    
   27.36889       136.1774       1.191954    
   32.36626       136.3303       1.193102    
   37.36148       136.5384       1.190170    
   42.35468       136.7882       1.181555    
   47.34677       137.0579       1.176123    
   52.33939       137.3180       1.175074    
   57.33461       137.5242       1.174845    
   62.33282       137.6424       1.188439    
   67.33237       137.6462       1.201777    
   72.33087       137.5385       1.215069    
   77.32610       137.3349       1.226645    
   82.31709       137.0487       1.226818    
   87.30524       136.7188       1.217689    
   92.29430       136.4025       1.202383    
   97.28818       136.1738       1.187151    
   102.2866       136.0724       1.186486    
   107.2863       136.0237       1.187934    
   112.2728       135.7457       1.199817    
   117.2255       135.1043       1.214196    
   122.1606       134.3334       1.243216    
   127.1186       133.7326       1.269335    
   132.1048       133.3949       1.291546    
   137.1018       133.2509       1.302212    
   142.1004       133.2958       1.308999    
   147.0855       133.6214       1.308765    
   152.0289       134.3147       1.306438    
   156.9416       135.2077       1.305378    
   161.8866       135.8773       1.271892    
   166.8759       136.1325       1.268577    
   171.8755       136.1387       1.268250    
   176.8751       136.0817       1.261580    
   181.8749       136.0535       1.254801    
   186.8749       136.0525       1.253123    
   191.8749       136.0529       1.252650    
   196.8749       136.0529       1.251969    
   201.8749       136.0529       1.249256    
   206.8749       136.0527       1.243958    
   211.8749       136.0551       1.237852    
   216.8748       136.0783       1.226963    
   221.8745       136.1376       1.219547    
   226.8739       136.2069       1.218149    
   231.8736       136.2099       1.217463    
   236.8703       136.0623       1.215643    
   241.8605       135.7682       1.213361    
   246.8531       135.5358       1.211605    
   251.8497       135.5898       1.210615    
   256.8403       135.8775       1.209012    
   261.8292       136.1960       1.219175    
   266.8226       136.4373       1.239438    
   271.8200       136.5835       1.255170    
   276.8195       136.6297       1.258343    
   281.8193       136.6011       1.257350    
   286.8188       136.5343       1.252439    
   291.8181       136.4500       1.248981    
   296.8170       136.3520       1.245389    
   301.8156       136.2361       1.245847    
   306.8141       136.1245       1.248595    
   311.8136       136.0844       1.245044    
   316.8123       136.0143       1.244235    
   321.7794       135.5559       1.304973    
   326.7076       134.7469       1.348591    
   331.6619       134.4733       1.335472    
   336.6017       135.1292       1.325690    
   341.4941       136.1194       1.268684    
   346.3997       137.0454       1.261087    
   351.3318       137.8293       1.246436    
   356.3008       138.3209       1.245172    
   361.2956       138.5218       1.245250    
   366.2939       138.6463       1.245570    
   371.2916       138.7922       1.245742    
   376.2886       138.9579       1.246509    
   381.2849       139.1433       1.245762    
   386.2799       139.3558       1.245408    
   391.2732       139.6044       1.244532    
   396.2645       139.8863       1.240986    
   401.2549       140.1832       1.228350    
   406.2462       140.4654       1.207176    
   411.2407       140.6873       1.192892    
   416.2387       140.8099       1.189278    
   421.2385       140.8465       1.191623    
   426.2385       140.8504       1.197474    
   431.2385       140.8664       1.201621    
   436.2343       141.0188       1.204528    
   441.2233       141.3345       1.208916    
   446.2118       141.6584       1.216839    
   451.2035       141.9337       1.220431    
   456.1937       142.2318       1.221046    
   461.1783       142.6053       1.180146    
   466.1624       142.9877       1.150444    
   471.1551       143.2148       1.108093    
   476.1545       143.2677       1.098670    
   481.8401       143.2702      0.7258326    
   489.3643       143.2702       1.495136    
   507.4286       143.2702       1.495115    
  -33.77417       131.3152       1.457296    
  -15.70986       131.3152       1.457327    
  -8.185690       131.3152       1.264895    
  -2.500000       131.3152       1.251071    
   2.481762       131.5958       1.246858    
   7.434425       132.2304       1.246152    
   12.38829       132.8556       1.173628    
   17.37068       133.1768       1.175176    
   22.36992       133.2549       1.154670    
   27.36889       133.3438       1.152633    
   32.36626       133.4921       1.150804    
   37.36148       133.6940       1.150585    
   42.35468       133.9363       1.145587    
   47.34677       134.1978       1.124556    
   52.33939       134.4500       1.124578    
   57.33461       134.6501       1.166999    
   62.33282       134.7647       1.190208    
   67.33237       134.7684       1.199006    
   72.33087       134.6640       1.225855    
   77.32610       134.4664       1.251089    
   82.31709       134.1889       1.251332    
   87.30524       133.8689       1.224890    
   92.29430       133.5621       1.189218    
   97.28818       133.3403       1.181047    
   102.2866       133.2420       1.171848    
   107.2863       133.1947       1.177236    
   112.2728       132.9252       1.199931    
   117.2255       132.3031       1.216460    
   122.1606       131.5553       1.273830    
   127.1186       130.9726       1.305065    
   132.1048       130.6451       1.335611    
   137.1018       130.5054       1.347841    
   142.1004       130.5490       1.353484    
   147.0855       130.8647       1.353506    
   152.0289       131.5372       1.352744    
   156.9416       132.4034       1.351255    
   161.8866       133.0527       1.327567    
   166.8759       133.3003       1.312925    
   171.8755       133.3063       1.320655    
   176.8751       133.2510       1.323409    
   181.8749       133.2236       1.323194    
   186.8749       133.2227       1.323335    
   191.8749       133.2231       1.323367    
   196.8749       133.2231       1.322278    
   201.8749       133.2231       1.315904    
   206.8749       133.2229       1.299692    
   211.8749       133.2252       1.263059    
   216.8748       133.2477       1.226626    
   221.8745       133.3052       1.212640    
   226.8739       133.3724       1.208750    
   231.8736       133.3753       1.207983    
   236.8703       133.2322       1.219756    
   241.8605       132.9470       1.223378    
   246.8531       132.7215       1.225256    
   251.8497       132.7738       1.228304    
   256.8403       133.0529       1.227781    
   261.8292       133.3618       1.238372    
   266.8226       133.5959       1.255028    
   271.8200       133.7377       1.284451    
   276.8195       133.7825       1.294050    
   281.8193       133.7548       1.296655    
   286.8188       133.6900       1.296441    
   291.8181       133.6082       1.296225    
   296.8170       133.5132       1.296156    
   301.8156       133.4008       1.341704    
   306.8141       133.2925       1.341395    
   311.8136       133.2536       1.290617    
   316.8123       133.1856       1.264831    
   321.7794       132.7410       1.391194    
   326.7076       131.9564       1.496982    
   331.6619       131.6910       1.555414    
   336.6017       132.3271       1.384572    
   341.4941       133.2876       1.348366    
   346.3997       134.1857       1.362669    
   351.3318       134.9460       1.366433    
   356.3008       135.4228       1.367394    
   361.2956       135.6176       1.369643    
   366.2939       135.7384       1.369534    
   371.2916       135.8799       1.369220    
   376.2886       136.0407       1.370924    
   381.2849       136.2204       1.370964    
   386.2799       136.4265       1.370496    
   391.2732       136.6677       1.368850    
   396.2645       136.9411       1.351719    
   401.2549       137.2291       1.305085    
   406.2462       137.5027       1.221430    
   411.2407       137.7180       1.174051    
   416.2387       137.8369       1.176079    
   421.2385       137.8724       1.178873    
   426.2385       137.8761       1.179985    
   431.2385       137.8917       1.198118    
   436.2343       138.0394       1.201655    
   441.2233       138.3456       1.202234    
   446.2118       138.6598       1.206763    
   451.2035       138.9268       1.211320    
   456.1937       139.2159       1.214368    
   461.1783       139.5782       1.226977    
   466.1624       139.9491       1.257483    
   471.1551       140.1694       1.198486    
   476.1545       140.2207       1.113052    
   481.8401       140.2231      0.8450837    
   489.3643       140.2231       1.568761    
   507.4286       140.2231       1.568743    
  -33.77417       128.3538       1.668995    
  -15.70986       128.3538       1.669012    
  -8.185690       128.3538       1.459532    
  -2.500000       128.3538       1.310464    
   2.481762       128.6251       1.309138    
   7.434425       129.2386       1.307297    
   12.38829       129.8431       1.299035    
   17.37068       130.1537       1.254304    
   22.36992       130.2291       1.241023    
   27.36889       130.3151       1.243533    
   32.36626       130.4585       1.245256    
   37.36148       130.6536       1.232091    
   42.35468       130.8879       1.232444    
   47.34677       131.1408       1.203294    
   52.33939       131.3846       1.198621    
   57.33461       131.5780       1.205835    
   62.33282       131.6889       1.212016    
   67.33237       131.6924       1.257348    
   72.33087       131.5914       1.342571    
   77.32610       131.4005       1.336391    
   82.31709       131.1322       1.335752    
   87.30524       130.8228       1.331446    
   92.29430       130.5262       1.326861    
   97.28818       130.3116       1.319271    
   102.2866       130.2167       1.226546    
   107.2863       130.1709       1.233988    
   112.2728       129.9104       1.364190    
   117.2255       129.3089       1.492188    
   122.1606       128.5859       1.537990    
   127.1186       128.0226       1.573786    
   132.1048       127.7059       1.596423    
   137.1018       127.5708       1.605423    
   142.1004       127.6130       1.607573    
   147.0855       127.9183       1.607996    
   152.0289       128.5684       1.607249    
   156.9416       129.4059       1.607998    
   161.8866       130.0337       1.606766    
   166.8759       130.2731       1.520844    
   171.8755       130.2789       1.519277    
   176.8751       130.2254       1.516585    
   181.8749       130.1989       1.517469    
   186.8749       130.1980       1.514823    
   191.8749       130.1983       1.514880    
   196.8749       130.1983       1.513034    
   201.8749       130.1983       1.505892    
   206.8749       130.1982       1.513923    
   211.8749       130.2005       1.518620    
   216.8748       130.2222       1.427966    
   221.8745       130.2778       1.369835    
   226.8739       130.3428       1.354874    
   231.8736       130.3456       1.354877    
   236.8703       130.2072       1.410019    
   241.8605       129.9314       1.412031    
   246.8531       129.7134       1.418074    
   251.8497       129.7641       1.422531    
   256.8403       130.0339       1.422865    
   261.8292       130.3325       1.425354    
   266.8226       130.5588       1.449435    
   271.8200       130.6960       1.526431    
   276.8195       130.7393       1.537170    
   281.8193       130.7124       1.543981    
   286.8188       130.6498       1.543054    
   291.8181       130.5708       1.543616    
   296.8170       130.4788       1.541075    
   301.8156       130.3701       1.533760    
   306.8141       130.2655       1.534020    
   311.8136       130.2279       1.533499    
   316.8123       130.1622       1.583925    
   321.7794       129.7323       1.889556    
   326.7076       128.9738       1.988887    
   331.6619       128.7171       2.013109    
   336.6017       129.3322       1.757799    
   341.4941       130.2607       1.607082    
   346.3997       131.1291       1.569353    
   351.3318       131.8641       1.567716    
   356.3008       132.3251       1.579279    
   361.2956       132.5135       1.581856    
   366.2939       132.6302       1.583584    
   371.2916       132.7671       1.586282    
   376.2886       132.9225       1.588756    
   381.2849       133.0963       1.591848    
   386.2799       133.2955       1.592997    
   391.2732       133.5287       1.592983    
   396.2645       133.7930       1.600425    
   401.2549       134.0715       1.598912    
   406.2462       134.3360       1.585128    
   411.2407       134.5442       1.547444    
   416.2387       134.6591       1.491519    
   421.2385       134.6935       1.454597    
   426.2385       134.6971       1.452215    
   431.2385       134.7121       1.453258    
   436.2343       134.8550       1.453448    
   441.2233       135.1510       1.459487    
   446.2118       135.4547       1.458481    
   451.2035       135.7129       1.462059    
   456.1937       135.9924       1.463559    
   461.1783       136.3427       1.460685    
   466.1624       136.7012       1.455524    
   471.1551       136.9142       1.456638    
   476.1545       136.9639       1.449387    
   481.8401       136.9662       1.284656    
   489.3643       136.9662       1.837271    
   507.4286       136.9662       1.837265    
  -33.77417       125.1739       1.932866    
  -15.70986       125.1739       1.932875    
  -8.185690       125.1739       1.842130    
  -2.500000       125.1739       1.667890    
   2.481762       125.4352       1.663234    
   7.434425       126.0261       1.657816    
   12.38829       126.6083       1.642387    
   17.37068       126.9075       1.544405    
   22.36992       126.9801       1.413195    
   27.36889       127.0629       1.364431    
   32.36626       127.2010       1.364350    
   37.36148       127.3890       1.332420    
   42.35468       127.6146       1.331177    
   47.34677       127.8582       1.326468    
   52.33939       128.0931       1.401347    
   57.33461       128.2793       1.461085    
   62.33282       128.3861       1.461277    
   67.33237       128.3895       1.501218    
   72.33087       128.2923       1.555640    
   77.32610       128.1083       1.584876    
   82.31709       127.8499       1.585326    
   87.30524       127.5519       1.575939    
   92.29430       127.2662       1.566342    
   97.28818       127.0596       1.567718    
   102.2866       126.9681       1.574837    
   107.2863       126.9241       1.607905    
   112.2728       126.6731       1.713473    
   117.2255       126.0938       1.826377    
   122.1606       125.3975       1.967584    
   127.1186       124.8549       2.045135    
   132.1048       124.5499       2.112795    
   137.1018       124.4198       2.117720    
   142.1004       124.4603       2.128327    
   147.0855       124.7544       2.125447    
   152.0289       125.3806       2.121663    
   156.9416       126.1872       2.123561    
   161.8866       126.7919       2.152620    
   166.8759       127.0225       2.191341    
   171.8755       127.0280       2.209480    
   176.8751       126.9765       2.307739    
   181.8749       126.9510       2.365661    
   186.8749       126.9501       2.381758    
   191.8749       126.9505       2.383125    
   196.8749       126.9505       2.381199    
   201.8749       126.9505       2.367225    
   206.8749       126.9503       2.301010    
   211.8749       126.9525       2.113723    
   216.8748       126.9735       1.802659    
   221.8745       127.0270       1.692388    
   226.8739       127.0896       1.671015    
   231.8736       127.0923       1.671851    
   236.8703       126.9591       1.677265    
   241.8605       126.6934       1.693199    
   246.8531       126.4834       1.794453    
   251.8497       126.5322       1.814332    
   256.8403       126.7921       1.817796    
   261.8292       127.0797       1.829072    
   266.8226       127.2977       1.855461    
   271.8200       127.4297       1.978135    
   276.8195       127.4715       2.102293    
   281.8193       127.4456       2.150628    
   286.8188       127.3853       2.207100    
   291.8181       127.3092       2.233667    
   296.8170       127.2206       2.228318    
   301.8156       127.1160       2.222577    
   306.8141       127.0152       2.222483    
   311.8136       126.9790       2.223464    
   316.8123       126.9157       2.233760    
   321.7794       126.5017       2.235839    
   326.7076       125.7710       2.204037    
   331.6619       125.5238       2.189354    
   336.6017       126.1162       2.015462    
   341.4941       127.0106       1.969423    
   346.3997       127.8469       1.959800    
   351.3318       128.5549       1.983489    
   356.3008       128.9989       2.006649    
   361.2956       129.1804       2.022999    
   366.2939       129.2928       2.035241    
   371.2916       129.4245       2.047419    
   376.2886       129.5742       2.056872    
   381.2849       129.7417       2.063612    
   386.2799       129.9336       2.066282    
   391.2732       130.1582       2.065918    
   396.2645       130.4128       2.069605    
   401.2549       130.6809       2.065834    
   406.2462       130.9357       2.026091    
   411.2407       131.1362       1.952829    
   416.2387       131.2469       1.872383    
   421.2385       131.2800       1.840856    
   426.2385       131.2835       1.838368    
   431.2385       131.2979       1.839431    
   436.2343       131.4355       1.836573    
   441.2233       131.7207       1.832392    
   446.2118       132.0132       1.831097    
   451.2035       132.2618       1.831046    
   456.1937       132.5311       1.831425    
   461.1783       132.8684       1.831943    
   466.1624       133.2138       1.833591    
   471.1551       133.4189       1.822673    
   476.1545       133.4668       1.768251    
   481.8401       133.4690       1.772800    
   489.3643       133.4690       2.148918    
   507.4286       133.4690       2.148914    
  -33.77417       121.7413       2.230845    
  -15.70986       121.7413       2.230846    
  -8.185690       121.7413       2.067051    
  -2.500000       121.7413       2.063728    
   2.481762       121.9919       2.040232    
   7.434425       122.5584       1.958193    
   12.38829       123.1165       1.898943    
   17.37068       123.4034       1.783534    
   22.36992       123.4730       1.609845    
   27.36889       123.5524       1.524759    
   32.36626       123.6848       1.526354    
   37.36148       123.8650       1.469143    
   42.35468       124.0813       1.459004    
   47.34677       124.3148       1.450148    
   52.33939       124.5400       1.541957    
   57.33461       124.7186       1.679672    
   62.33282       124.8209       1.703862    
   67.33237       124.8242       1.703516    
   72.33087       124.7309       1.703719    
   77.32610       124.5546       1.722090    
   82.31709       124.3068       1.763149    
   87.30524       124.0211       1.794927    
   92.29430       123.7473       1.830716    
   97.28818       123.5492       1.890280    
   102.2866       123.4615       1.942213    
   107.2863       123.4193       1.987777    
   112.2728       123.1786       2.066020    
   117.2255       122.6232       2.188376    
   122.1606       121.9557       2.299544    
   127.1186       121.4355       2.351681    
   132.1048       121.1431       2.359223    
   137.1018       121.0183       2.361642    
   142.1004       121.0573       2.371632    
   147.0855       121.3392       2.496339    
   152.0289       121.9395       2.550584    
   156.9416       122.7128       2.554081    
   161.8866       123.2925       2.590888    
   166.8759       123.5135       2.655583    
   171.8755       123.5189       2.753655    
   176.8751       123.4696       2.991115    
   181.8749       123.4451       3.203402    
   186.8749       123.4443       3.283066    
   191.8749       123.4446       3.291829    
   196.8749       123.4446       3.287588    
   201.8749       123.4446       3.215885    
   206.8749       123.4444       2.791197    
   211.8749       123.4465       2.261978    
   216.8748       123.4666       1.962029    
   221.8745       123.5179       1.986800    
   226.8739       123.5779       2.021450    
   231.8736       123.5806       2.020992    
   236.8703       123.4528       2.023540    
   241.8605       123.1981       2.019939    
   246.8531       122.9968       2.011344    
   251.8497       123.0435       1.966592    
   256.8403       123.2927       1.959868    
   261.8292       123.5684       1.958956    
   266.8226       123.7774       1.990516    
   271.8200       123.9041       2.109630    
   276.8195       123.9441       2.265496    
   281.8193       123.9193       2.329211    
   286.8188       123.8614       2.370984    
   291.8181       123.7885       2.357606    
   296.8170       123.7036       2.324774    
   301.8156       123.6032       2.306785    
   306.8141       123.5066       2.303415    
   311.8136       123.4719       2.303296    
   316.8123       123.4112       2.299536    
   321.7794       123.0143       2.299407    
   326.7076       122.3138       2.328314    
   331.6619       122.0768       2.336562    
   336.6017       122.6448       2.410240    
   341.4941       123.5022       2.351843    
   346.3997       124.3040       2.344611    
   351.3318       124.9827       2.350431    
   356.3008       125.4084       2.366128    
   361.2956       125.5824       2.369379    
   366.2939       125.6901       2.364004    
   371.2916       125.8165       2.352256    
   376.2886       125.9600       2.342412    
   381.2849       126.1205       2.338268    
   386.2799       126.3045       2.338545    
   391.2732       126.5198       2.337729    
   396.2645       126.7639       2.331805    
   401.2549       127.0210       2.314335    
   406.2462       127.2653       2.274911    
   411.2407       127.4575       2.198294    
   416.2387       127.5636       2.151124    
   421.2385       127.5953       2.150781    
   426.2385       127.5986       2.183420    
   431.2385       127.6125       2.215035    
   436.2343       127.7445       2.227880    
   441.2233       128.0178       2.232246    
   446.2118       128.2982       2.235310    
   451.2035       128.5366       2.238943    
   456.1937       128.7948       2.241839    
   461.1783       129.1181       2.243730    
   466.1624       129.4493       2.245945    
   471.1551       129.6459       2.254360    
   476.1545       129.6918       2.274060    
   481.8401       129.6939       2.276491    
   489.3643       129.6939       2.463809    
   507.4286       129.6939       2.463809    
  -33.77417       118.0135       2.502700    
  -15.70986       118.0135       2.502701    
  -8.185690       118.0135       2.478955    
  -2.500000       118.0135       2.410992    
   2.481762       118.2522       2.411534    
   7.434425       118.7923       2.406851    
   12.38829       119.3243       2.336603    
   17.37068       119.5977       2.237800    
   22.36992       119.6640       2.136588    
   27.36889       119.7397       2.101891    
   32.36626       119.8660       2.099937    
   37.36148       120.0378       2.088526    
   42.35468       120.2439       2.093460    
   47.34677       120.4665       2.076171    
   52.33939       120.6811       2.101902    
   57.33461       120.8514       2.216193    
   62.33282       120.9489       2.287071    
   67.33237       120.9520       2.286380    
   72.33087       120.8632       2.280855    
   77.32610       120.6951       2.282654    
   82.31709       120.4589       2.279454    
   87.30524       120.1866       2.247796    
   92.29430       119.9255       2.216405    
   97.28818       119.7367       2.218038    
   102.2866       119.6531       2.238121    
   107.2863       119.6129       2.255930    
   112.2728       119.3835       2.275278    
   117.2255       118.8540       2.295905    
   122.1606       118.2177       2.309962    
   127.1186       117.7218       2.314666    
   132.1048       117.4431       2.316509    
   137.1018       117.3242       2.319474    
   142.1004       117.3613       2.323629    
   147.0855       117.6301       2.324088    
   152.0289       118.2023       2.323669    
   156.9416       118.9394       2.329129    
   161.8866       119.4921       2.413079    
   166.8759       119.7027       2.550039    
   171.8755       119.7078       2.662195    
   176.8751       119.6608       2.825521    
   181.8749       119.6375       2.948097    
   186.8749       119.6367       3.006798    
   191.8749       119.6370       3.018702    
   196.8749       119.6370       3.016702    
   201.8749       119.6370       2.970582    
   206.8749       119.6368       2.521629    
   211.8749       119.6388       2.111236    
   216.8748       119.6580       1.962484    
   221.8745       119.7069       2.050848    
   226.8739       119.7641       2.156046    
   231.8736       119.7666       2.162302    
   236.8703       119.6448       2.164340    
   241.8605       119.4020       2.175345    
   246.8531       119.2101       2.190106    
   251.8497       119.2547       2.183344    
   256.8403       119.4922       2.179212    
   261.8292       119.7551       2.179663    
   266.8226       119.9542       2.203953    
   271.8200       120.0750       2.270257    
   276.8195       120.1131       2.364838    
   281.8193       120.0895       2.433894    
   286.8188       120.0343       2.511916    
   291.8181       119.9648       2.556170    
   296.8170       119.8839       2.566144    
   301.8156       119.7882       2.566846    
   306.8141       119.6961       2.568281    
   311.8136       119.6630       2.567760    
   316.8123       119.6051       2.564980    
   321.7794       119.2268       2.552221    
   326.7076       118.5591       2.551720    
   331.6619       118.3332       2.525138    
   336.6017       118.8746       2.497654    
   341.4941       119.6919       2.471667    
   346.3997       120.4562       2.456009    
   351.3318       121.1031       2.458858    
   356.3008       121.5089       2.471729    
   361.2956       121.6748       2.485356    
   366.2939       121.7775       2.494305    
   371.2916       121.8979       2.496984    
   376.2886       122.0348       2.494972    
   381.2849       122.1877       2.492824    
   386.2799       122.3631       2.493120    
   391.2732       122.5684       2.493451    
   396.2645       122.8010       2.492259    
   401.2549       123.0461       2.490478    
   406.2462       123.2790       2.483795    
   411.2407       123.4621       2.473871    
   416.2387       123.5633       2.474868    
   421.2385       123.5935       2.511695    
   426.2385       123.5967       2.581068    
   431.2385       123.6100       2.625248    
   436.2343       123.7357       2.640395    
   441.2233       123.9963       2.646073    
   446.2118       124.2636       2.649421    
   451.2035       124.4909       2.652293    
   456.1937       124.7369       2.654926    
   461.1783       125.0452       2.657263    
   466.1624       125.3608       2.659995    
   471.1551       125.5482       2.665322    
   476.1545       125.5920       2.672162    
   481.8401       125.5940       2.672909    
   489.3643       125.5940       2.724164    
   507.4286       125.5940       2.724164    
  -33.77417       113.9358       2.721308    
  -15.70986       113.9358       2.721313    
  -8.185690       113.9358       2.720368    
  -2.500000       113.9358       2.728361    
   2.481762       114.1617       2.733709    
   7.434425       114.6728       2.730037    
   12.38829       115.1762       2.711411    
   17.37068       115.4350       2.673491    
   22.36992       115.4978       2.629860    
   27.36889       115.5694       2.607845    
   32.36626       115.6889       2.604501    
   37.36148       115.8514       2.609688    
   42.35468       116.0465       2.609975    
   47.34677       116.2571       2.573078    
   52.33939       116.4603       2.495151    
   57.33461       116.6214       2.444354    
   62.33282       116.7137       2.413546    
   67.33237       116.7167       2.395366    
   72.33087       116.6326       2.377867    
   77.32610       116.4735       2.376008    
   82.31709       116.2499       2.374933    
   87.30524       115.9922       2.365252    
   92.29430       115.7452       2.373847    
   97.28818       115.5665       2.409407    
   102.2866       115.4874       2.442796    
   107.2863       115.4493       2.460795    
   112.2728       115.2323       2.471351    
   117.2255       114.7313       2.480460    
   122.1606       114.1291       2.490453    
   127.1186       113.6599       2.500429    
   132.1048       113.3961       2.513697    
   137.1018       113.2836       2.524518    
   142.1004       113.3186       2.527454    
   147.0855       113.5730       2.527056    
   152.0289       114.1145       2.527159    
   156.9416       114.8120       2.538655    
   161.8866       115.3350       2.611322    
   166.8759       115.5344       2.724571    
   171.8755       115.5392       2.806318    
   176.8751       115.4947       2.897716    
   181.8749       115.4726       2.960729    
   186.8749       115.4719       2.992705    
   191.8749       115.4722       2.999259    
   196.8749       115.4722       2.993999    
   201.8749       115.4722       2.922354    
   206.8749       115.4720       2.437518    
   211.8749       115.4739       2.128318    
   216.8748       115.4921       2.061406    
   221.8745       115.5383       2.135285    
   226.8739       115.5924       2.216319    
   231.8736       115.5948       2.224085    
   236.8703       115.4796       2.225475    
   241.8605       115.2498       2.245554    
   246.8531       115.0682       2.284844    
   251.8497       115.1104       2.321991    
   256.8403       115.3352       2.337414    
   261.8292       115.5839       2.362250    
   266.8226       115.7724       2.409443    
   271.8200       115.8866       2.470043    
   276.8195       115.9228       2.525414    
   281.8193       115.9004       2.564933    
   286.8188       115.8482       2.609096    
   291.8181       115.7824       2.632668    
   296.8170       115.7058       2.632307    
   301.8156       115.6153       2.625927    
   306.8141       115.5281       2.624530    
   311.8136       115.4968       2.624352    
   316.8123       115.4420       2.624217    
   321.7794       115.0840       2.620095    
   326.7076       114.4521       2.619280    
   331.6619       114.2384       2.611813    
   336.6017       114.7507       2.508910    
   341.4941       115.5241       2.454955    
   346.3997       116.2474       2.436996    
   351.3318       116.8596       2.437400    
   356.3008       117.2437       2.467423    
   361.2956       117.4006       2.513787    
   366.2939       117.4977       2.549366    
   371.2916       117.6117       2.570616    
   376.2886       117.7412       2.581892    
   381.2849       117.8860       2.586487    
   386.2799       118.0519       2.588407    
   391.2732       118.2462       2.589481    
   396.2645       118.4663       2.589004    
   401.2549       118.6983       2.585325    
   406.2462       118.9186       2.580031    
   411.2407       119.0920       2.580304    
   416.2387       119.1877       2.601687    
   421.2385       119.2163       2.680544    
   426.2385       119.2194       2.799705    
   431.2385       119.2319       2.879200    
   436.2343       119.3509       2.910415    
   441.2233       119.5975       2.919297    
   446.2118       119.8504       2.921966    
   451.2035       120.0655       2.923265    
   456.1937       120.2983       2.924221    
   461.1783       120.5900       2.925132    
   466.1624       120.8887       2.926119    
   471.1551       121.0661       2.927391    
   476.1545       121.1075       2.926740    
   481.8401       121.1095       2.896495    
   489.3643       121.1095       2.901557    
   507.4286       121.1095       2.901556    
  -33.77417       109.4377       2.870974    
  -15.70986       109.4377       2.870973    
  -8.185690       109.4377       2.874371    
  -2.500000       109.4377       2.909599    
   2.481762       109.6495       2.913352    
   7.434425       110.1285       2.910907    
   12.38829       110.6005       2.904379    
   17.37068       110.8431       2.892308    
   22.36992       110.9020       2.875726    
   27.36889       110.9691       2.862894    
   32.36626       111.0811       2.857895    
   37.36148       111.2335       2.855541    
   42.35468       111.4164       2.846563    
   47.34677       111.6138       2.804783    
   52.33939       111.8043       2.706339    
   57.33461       111.9553       2.581185    
   62.33282       112.0418       2.484986    
   67.33237       112.0446       2.447100    
   72.33087       111.9657       2.423643    
   77.32610       111.8166       2.417281    
   82.31709       111.6071       2.420875    
   87.30524       111.3655       2.435333    
   92.29430       111.1339       2.466453    
   97.28818       110.9664       2.507282    
   102.2866       110.8923       2.539226    
   107.2863       110.8566       2.557990    
   112.2728       110.6531       2.571202    
   117.2255       110.1834       2.587472    
   122.1606       109.6189       2.617600    
   127.1186       109.1790       2.674191    
   132.1048       108.9318       2.748813    
   137.1018       108.8263       2.804726    
   142.1004       108.8592       2.813809    
   147.0855       109.0976       2.812876    
   152.0289       109.6052       2.811595    
   156.9416       110.2591       2.813112    
   161.8866       110.7494       2.833024    
   166.8759       110.9363       2.872087    
   171.8755       110.9408       2.907617    
   176.8751       110.8991       2.943552    
   181.8749       110.8784       2.965266    
   186.8749       110.8776       2.980411    
   191.8749       110.8779       2.983674    
   196.8749       110.8779       2.982743    
   201.8749       110.8779       2.913633    
   206.8749       110.8778       2.439061    
   211.8749       110.8796       2.146353    
   216.8748       110.8966       2.105064    
   221.8745       110.9400       2.179999    
   226.8739       110.9907       2.230899    
   231.8736       110.9929       2.237085    
   236.8703       110.8849       2.242005    
   241.8605       110.6695       2.279601    
   246.8531       110.4993       2.348104    
   251.8497       110.5388       2.414482    
   256.8403       110.7495       2.445733    
   261.8292       110.9827       2.483819    
   266.8226       111.1594       2.535256    
   271.8200       111.2665       2.590630    
   276.8195       111.3003       2.634488    
   281.8193       111.2794       2.659090    
   286.8188       111.2305       2.678988    
   291.8181       111.1687       2.688897    
   296.8170       111.0969       2.689447    
   301.8156       111.0121       2.688106    
   306.8141       110.9304       2.688350    
   311.8136       110.9010       2.688107    
   316.8123       110.8497       2.687024    
   321.7794       110.5141       2.685477    
   326.7076       109.9218       2.682523    
   331.6619       109.7214       2.679546    
   336.6017       110.2016       2.613142    
   341.4941       110.9267       2.580002    
   346.3997       111.6047       2.567216    
   351.3318       112.1786       2.565053    
   356.3008       112.5386       2.568748    
   361.2956       112.6857       2.580624    
   366.2939       112.7768       2.598948    
   371.2916       112.8837       2.619871    
   376.2886       113.0050       2.637429    
   381.2849       113.1407       2.648676    
   386.2799       113.2963       2.654846    
   391.2732       113.4784       2.658017    
   396.2645       113.6848       2.659305    
   401.2549       113.9022       2.659878    
   406.2462       114.1088       2.661098    
   411.2407       114.2713       2.667020    
   416.2387       114.3611       2.701984    
   421.2385       114.3878       2.793646    
   426.2385       114.3907       2.919880    
   431.2385       114.4025       2.997920    
   436.2343       114.5140       3.030257    
   441.2233       114.7451       3.039644    
   446.2118       114.9823       3.043135    
   451.2035       115.1839       3.044596    
   456.1937       115.4022       3.045189    
   461.1783       115.6756       3.045393    
   466.1624       115.9556       3.045343    
   471.1551       116.1219       3.045105    
   476.1545       116.1607       3.041960    
   481.8401       116.1625       3.030808    
   489.3643       116.1625       3.005874    
   507.4286       116.1625       3.005873    
  -33.77417       104.4251       2.928718    
  -15.70986       104.4251       2.928720    
  -8.185690       104.4251       2.985336    
  -2.500000       104.4251       2.993003    
   2.481762       104.6212       2.993488    
   7.434425       105.0646       2.991848    
   12.38829       105.5015       2.989380    
   17.37068       105.7260       2.985447    
   22.36992       105.7805       2.979558    
   27.36889       105.8427       2.973684    
   32.36626       105.9463       2.968605    
   37.36148       106.0873       2.961803    
   42.35468       106.2567       2.944268    
   47.34677       106.4394       2.900231    
   52.33939       106.6157       2.815319    
   57.33461       106.7555       2.694607    
   62.33282       106.8356       2.580484    
   67.33237       106.8381       2.519529    
   72.33087       106.7651       2.473610    
   77.32610       106.6271       2.454913    
   82.31709       106.4332       2.454789    
   87.30524       106.2096       2.475126    
   92.29430       105.9952       2.514737    
   97.28818       105.8402       2.553196    
   102.2866       105.7715       2.578674    
   107.2863       105.7385       2.595390    
   112.2728       105.5501       2.613810    
   117.2255       105.1154       2.648818    
   122.1606       104.5929       2.710045    
   127.1186       104.1857       2.787788    
   132.1048       103.9569       2.849375    
   137.1018       103.8593       2.874021    
   142.1004       103.8897       2.874984    
   147.0855       104.1104       2.875980    
   152.0289       104.5803       2.871889    
   156.9416       105.1855       2.870389    
   161.8866       105.6393       2.878017    
   166.8759       105.8122       2.903654    
   171.8755       105.8165       2.929940    
   176.8751       105.7778       2.951465    
   181.8749       105.7587       2.964227    
   186.8749       105.7580       2.974855    
   191.8749       105.7582       2.984467    
   196.8749       105.7583       2.981365    
   201.8749       105.7583       2.894532    
   206.8749       105.7581       2.417184    
   211.8749       105.7598       2.145267    
   216.8748       105.7755       2.104878    
   221.8745       105.8157       2.189537    
   226.8739       105.8626       2.219559    
   231.8736       105.8647       2.219461    
   236.8703       105.7647       2.241994    
   241.8605       105.5654       2.323602    
   246.8531       105.4078       2.419710    
   251.8497       105.4444       2.489329    
   256.8403       105.6394       2.531151    
   261.8292       105.8553       2.574366    
   266.8226       106.0188       2.621442    
   271.8200       106.1179       2.663539    
   276.8195       106.1492       2.691895    
   281.8193       106.1298       2.704729    
   286.8188       106.0846       2.713544    
   291.8181       106.0275       2.720090    
   296.8170       105.9610       2.722954    
   301.8156       105.8824       2.724189    
   306.8141       105.8068       2.724764    
   311.8136       105.7796       2.723728    
   316.8123       105.7321       2.721043    
   321.7794       105.4215       2.716739    
   326.7076       104.8732       2.711152    
   331.6619       104.6877       2.694722    
   336.6017       105.1322       2.671998    
   341.4941       105.8034       2.636326    
   346.3997       106.4309       2.608913    
   351.3318       106.9622       2.596873    
   356.3008       107.2954       2.596784    
   361.2956       107.4315       2.606243    
   366.2939       107.5159       2.625383    
   371.2916       107.6148       2.645945    
   376.2886       107.7271       2.661755    
   381.2849       107.8528       2.671607    
   386.2799       107.9968       2.677786    
   391.2732       108.1653       2.681588    
   396.2645       108.3564       2.684287    
   401.2549       108.5576       2.687347    
   406.2462       108.7488       2.693079    
   411.2407       108.8992       2.707771    
   416.2387       108.9823       2.758816    
   421.2385       109.0071       2.850215    
   426.2385       109.0098       2.976105    
   431.2385       109.0207       3.050433    
   436.2343       109.1239       3.090688    
   441.2233       109.3378       3.103745    
   446.2118       109.5574       3.107270    
   451.2035       109.7439       3.108028    
   456.1937       109.9460       3.107731    
   461.1783       110.1991       3.106560    
   466.1624       110.4583       3.104368    
   471.1551       110.6122       3.101172    
   476.1545       110.6481       3.096649    
   481.8401       110.6497       3.080653    
   489.3643       110.6497       3.038443    
   507.4286       110.6497       3.038439    
  -33.77417       98.76926       2.994962    
  -15.70986       98.76926       2.994961    
  -8.185690       98.76926       3.027206    
  -2.500000       98.76926       3.034686    
   2.481762       98.94752       3.034002    
   7.434425       99.35075       3.031087    
   12.38829       99.74802       3.026367    
   17.37068       99.95215       3.020696    
   22.36992       100.0017       3.014449    
   27.36889       100.0582       3.008193    
   32.36626       100.1525       3.001298    
   37.36148       100.2807       2.992007    
   42.35468       100.4347       2.974101    
   47.34677       100.6009       2.939693    
   52.33939       100.7612       2.880869    
   57.33461       100.8883       2.799382    
   62.33282       100.9611       2.723209    
   67.33237       100.9634       2.684374    
   72.33087       100.8971       2.661419    
   77.32610       100.7716       2.652913    
   82.31709       100.5952       2.650917    
   87.30524       100.3919       2.653344    
   92.29430       100.1970       2.660837    
   97.28818       100.0560       2.670962    
   102.2866       99.99355       2.681421    
   107.2863       99.96349       2.693847    
   112.2728       99.79222       2.715930    
   117.2255       99.39693       2.760389    
   122.1606       98.92178       2.830423    
   127.1186       98.55151       2.895492    
   132.1048       98.34343       2.930745    
   137.1018       98.25465       2.939058    
   142.1004       98.28233       2.936847    
   147.0855       98.48299       2.930165    
   152.0289       98.91029       2.914549    
   156.9416       99.46066       2.903445    
   161.8866       99.87329       2.903019    
   166.8759       100.0306       2.914352    
   171.8755       100.0344       2.935740    
   176.8751       99.99930       2.952722    
   181.8749       99.98188       2.966049    
   186.8749       99.98126       2.965778    
   191.8749       99.98149       2.936744    
   196.8749       99.98150       2.866760    
   201.8749       99.98149       2.766713    
   206.8749       99.98139       2.366177    
   211.8749       99.98287       2.171039    
   216.8748       99.99718       2.137513    
   221.8745       100.0337       2.190269    
   226.8739       100.0764       2.209205    
   231.8736       100.0783       2.210532    
   236.8703       99.98734       2.271044    
   241.8605       99.80609       2.386759    
   246.8531       99.66279       2.484530    
   251.8497       99.69608       2.550056    
   256.8403       99.87341       2.594657    
   261.8292       100.0697       2.632494    
   266.8226       100.2184       2.667785    
   271.8200       100.3085       2.696416    
   276.8195       100.3370       2.716507    
   281.8193       100.3194       2.726545    
   286.8188       100.2782       2.734687    
   291.8181       100.2263       2.741158    
   296.8170       100.1659       2.744612    
   301.8156       100.0944       2.745849    
   306.8141       100.0256       2.745490    
   311.8136       100.0009       2.742669    
   316.8123       99.95772       2.738208    
   321.7794       99.67523       2.732674    
   326.7076       99.17667       2.725718    
   331.6619       99.00801       2.714710    
   336.6017       99.41222       2.703682    
   341.4941       100.0225       2.691023    
   346.3997       100.5932       2.680828    
   351.3318       101.0763       2.675671    
   356.3008       101.3793       2.674214    
   361.2956       101.5031       2.674677    
   366.2939       101.5798       2.676917    
   371.2916       101.6697       2.681179    
   376.2886       101.7719       2.686171    
   381.2849       101.8861       2.691098    
   386.2799       102.0170       2.696007    
   391.2732       102.1703       2.700511    
   396.2645       102.3440       2.705282    
   401.2549       102.5270       2.711614    
   406.2462       102.7009       2.721744    
   411.2407       102.8377       2.742607    
   416.2387       102.9132       2.797791    
   421.2385       102.9358       2.876347    
   426.2385       102.9382       2.997890    
   431.2385       102.9481       3.066214    
   436.2343       103.0419       3.110570    
   441.2233       103.2365       3.131354    
   446.2118       103.4361       3.137547    
   451.2035       103.6058       3.138637    
   456.1937       103.7895       3.138209    
   461.1783       104.0197       3.136330    
   466.1624       104.2553       3.132800    
   471.1551       104.3953       3.127589    
   476.1545       104.4279       3.120906    
   481.8401       104.4295       3.104525    
   489.3643       104.4295       3.093975    
   507.4286       104.4295       3.093975    
  -33.77417       92.28692       3.043772    
  -15.70986       92.28692       3.043773    
  -8.185690       92.28692       3.052295    
  -2.500000       92.28692       3.056620    
   2.481762       92.44483       3.056169    
   7.434425       92.80198       3.052206    
   12.38829       93.15384       3.045738    
   17.37068       93.33465       3.038079    
   22.36992       93.37855       3.029781    
   27.36889       93.42858       3.021767    
   32.36626       93.51208       3.014166    
   37.36148       93.62569       3.004760    
   42.35468       93.76205       2.991496    
   47.34677       93.90923       2.968634    
   52.33939       94.05121       2.931068    
   57.33461       94.16380       2.882676    
   62.33282       94.22831       2.832778    
   67.33237       94.23037       2.800175    
   72.33087       94.17159       2.771414    
   77.32610       94.06042       2.757446    
   82.31709       93.90422       2.753789    
   87.30524       93.72411       2.754378    
   92.29430       93.55146       2.758030    
   97.28818       93.42661       2.764854    
   102.2866       93.37131       2.777827    
   107.2863       93.34469       2.800016    
   112.2728       93.19299       2.838388    
   117.2255       92.84286       2.893011    
   122.1606       92.42202       2.950902    
   127.1186       92.09407       2.992884    
   132.1048       91.90976       3.016906    
   137.1018       91.83113       3.021839    
   142.1004       91.85565       3.016410    
   147.0855       92.03337       2.998588    
   152.0289       92.41184       2.978719    
   156.9416       92.89931       2.962887    
   161.8866       93.26480       2.953962    
   166.8759       93.40413       2.951505    
   171.8755       93.40750       2.952842    
   176.8751       93.37640       2.952295    
   181.8749       93.36098       2.953948    
   186.8749       93.36044       2.936442    
   191.8749       93.36063       2.813142    
   196.8749       93.36064       2.703088    
   201.8749       93.36063       2.563864    
   206.8749       93.36054       2.316750    
   211.8749       93.36186       2.191742    
   216.8748       93.37454       2.144104    
   221.8745       93.40688       2.185513    
   226.8739       93.44470       2.195601    
   231.8736       93.44635       2.216799    
   236.8703       93.36582       2.325441    
   241.8605       93.20527       2.438912    
   246.8531       93.07835       2.525944    
   251.8497       93.10783       2.596588    
   256.8403       93.26490       2.636498    
   261.8292       93.43874       2.665765    
   266.8226       93.57047       2.695052    
   271.8200       93.65030       2.715349    
   276.8195       93.67554       2.730901    
   281.8193       93.65989       2.739476    
   286.8188       93.62345       2.748808    
   291.8181       93.57744       2.755429    
   296.8170       93.52392       2.758216    
   301.8156       93.46066       2.758486    
   306.8141       93.39973       2.756656    
   311.8136       93.37785       2.751403    
   316.8123       93.33959       2.745086    
   321.7794       93.08938       2.738543    
   326.7076       92.64779       2.731880    
   331.6619       92.49840       2.724193    
   336.6017       92.85643       2.718567    
   341.4941       93.39696       2.713025    
   346.3997       93.90244       2.707335    
   351.3318       94.33030       2.702820    
   356.3008       94.59869       2.700335    
   361.2956       94.70834       2.699895    
   366.2939       94.77627       2.700499    
   371.2916       94.85593       2.702102    
   376.2886       94.94642       2.704581    
   381.2849       95.04758       2.708014    
   386.2799       95.16358       2.712437    
   391.2732       95.29931       2.718369    
   396.2645       95.45317       2.724944    
   401.2549       95.61526       2.734169    
   406.2462       95.76926       2.748298    
   411.2407       95.89043       2.771263    
   416.2387       95.95733       2.822649    
   421.2385       95.97731       2.887502    
   426.2385       95.97943       3.005331    
   431.2385       95.98818       3.069555    
   436.2343       96.07135       3.113560    
   441.2233       96.24365       3.136534    
   446.2118       96.42047       3.145782    
   451.2035       96.57073       3.152809    
   456.1937       96.73344       3.153051    
   461.1783       96.93733       3.152179    
   466.1624       97.14609       3.149732    
   471.1551       97.27006       3.145274    
   476.1545       97.29897       3.138532    
   481.8401       97.30029       3.127072    
   489.3643       97.30029       3.119054    
   507.4286       97.30029       3.119051    
  -33.77417       84.70639       3.054769    
  -15.70986       84.70639       3.054788    
  -8.185690       84.70639       3.061604    
  -2.500000       84.70639       3.064422    
   2.481762       84.84047       3.064347    
   7.434425       85.14374       3.062554    
   12.38829       85.44250       3.057764    
   17.37068       85.59602       3.051627    
   22.36992       85.63330       3.043910    
   27.36889       85.67580       3.030010    
   32.36626       85.74669       3.021593    
   37.36148       85.84315       3.012998    
   42.35468       85.95895       3.001468    
   47.34677       86.08392       2.993807    
   52.33939       86.20448       2.973095    
   57.33461       86.30008       2.948086    
   62.33282       86.35486       2.918193    
   67.33237       86.35661       2.866323    
   72.33087       86.30669       2.845441    
   77.32610       86.21230       2.835117    
   82.31709       86.07966       2.833148    
   87.30524       85.92673       2.833448    
   92.29430       85.78013       2.837869    
   97.28818       85.67411       2.849601    
   102.2866       85.62716       2.897012    
   107.2863       85.60456       2.929620    
   112.2728       85.47575       2.963937    
   117.2255       85.17844       2.998188    
   122.1606       84.82110       3.012971    
   127.1186       84.54264       3.032957    
   132.1048       84.38613       3.043372    
   137.1018       84.31937       3.045151    
   142.1004       84.34019       3.038879    
   147.0855       84.49109       3.025105    
   152.0289       84.81246       3.004586    
   156.9416       85.22638       2.993944    
   161.8866       85.53673       2.967430    
   166.8759       85.65503       2.940795    
   171.8755       85.65790       2.949653    
   176.8751       85.63148       2.949986    
   181.8749       85.61840       2.932738    
   186.8749       85.61794       2.882335    
   191.8749       85.61810       2.678654    
   196.8749       85.61810       2.525106    
   201.8749       85.61810       2.465844    
   206.8749       85.61802       2.291251    
   211.8749       85.61914       2.191046    
   216.8748       85.62991       2.144221    
   221.8745       85.65736       2.149254    
   226.8739       85.68948       2.208693    
   231.8736       85.69088       2.292655    
   236.8703       85.62250       2.412739    
   241.8605       85.48617       2.467856    
   246.8531       85.37840       2.550870    
   251.8497       85.40344       2.623406    
   256.8403       85.53680       2.662002    
   261.8292       85.68442       2.677921    
   266.8226       85.79627       2.705734    
   271.8200       85.86406       2.724287    
   276.8195       85.88549       2.739202    
   281.8193       85.87220       2.753742    
   286.8188       85.84126       2.759673    
   291.8181       85.80219       2.763464    
   296.8170       85.75674       2.764508    
   301.8156       85.70303       2.764402    
   306.8141       85.65130       2.761908    
   311.8136       85.63272       2.754224    
   316.8123       85.60023       2.747995    
   321.7794       85.38776       2.741158    
   326.7076       85.01280       2.734369    
   331.6619       84.88596       2.728585    
   336.6017       85.18996       2.723613    
   341.4941       85.64894       2.721591    
   346.3997       86.07815       2.717714    
   351.3318       86.44146       2.714610    
   356.3008       86.66934       2.712306    
   361.2956       86.76245       2.711423    
   366.2939       86.82014       2.711506    
   371.2916       86.88777       2.713458    
   376.2886       86.96461       2.716016    
   381.2849       87.05051       2.720012    
   386.2799       87.14902       2.726102    
   391.2732       87.26426       2.733475    
   396.2645       87.39491       2.744007    
   401.2549       87.53254       2.748140    
   406.2462       87.66331       2.761089    
   411.2407       87.76619       2.780293    
   416.2387       87.82300       2.824279    
   421.2385       87.83997       2.884444    
   426.2385       87.84176       3.007375    
   431.2385       87.84920       3.068978    
   436.2343       87.91981       3.111291    
   441.2233       88.06612       3.135701    
   446.2118       88.21626       3.141645    
   451.2035       88.34385       3.153878    
   456.1937       88.48203       3.157686    
   461.1783       88.65514       3.157747    
   466.1624       88.83239       3.157163    
   471.1551       88.93765       3.154934    
   476.1545       88.96221       3.149262    
   481.8401       88.96335       3.142476    
   489.3643       88.96335       3.137910    
   507.4286       88.96335       3.137909    
  -33.77417       75.60016       3.053678    
  -15.70986       75.60016       3.053660    
  -8.185690       75.60016       3.064100    
  -2.500000       75.60016       3.065226    
   2.481762       75.70561       3.066307    
   7.434425       75.94414       3.065059    
   12.38829       76.17914       3.061766    
   17.37068       76.29989       3.056567    
   22.36992       76.32921       3.049650    
   27.36889       76.36263       3.041568    
   32.36626       76.41840       3.032943    
   37.36148       76.49427       3.024284    
   42.35468       76.58534       3.015601    
   47.34677       76.68364       3.006037    
   52.33939       76.77846       2.994507    
   57.33461       76.85366       2.980230    
   62.33282       76.89674       2.965823    
   67.33237       76.89812       2.954440    
   72.33087       76.85886       2.947605    
   77.32610       76.78461       2.944947    
   82.31709       76.68029       2.944372    
   87.30524       76.56001       2.945489    
   92.29430       76.44469       2.949292    
   97.28818       76.36131       2.958635    
   102.2866       76.32438       2.973279    
   107.2863       76.30660       2.993031    
   112.2728       76.20528       3.013061    
   117.2255       75.97144       3.029130    
   122.1606       75.69038       3.040752    
   127.1186       75.47135       3.048160    
   132.1048       75.34826       3.052541    
   137.1018       75.29574       3.052881    
   142.1004       75.31212       3.048751    
   147.0855       75.43081       3.039331    
   152.0289       75.68358       3.024228    
   156.9416       76.00915       3.001497    
   161.8866       76.25325       2.974280    
   166.8759       76.34630       2.940601    
   171.8755       76.34855       2.937546    
   176.8751       76.32778       2.914248    
   181.8749       76.31749       2.863697    
   186.8749       76.31712       2.767193    
   191.8749       76.31725       2.627888    
   196.8749       76.31725       2.497077    
   201.8749       76.31725       2.381106    
   206.8749       76.31718       2.291678    
   211.8749       76.31807       2.208292    
   216.8748       76.32654       2.185084    
   221.8745       76.34814       2.189542    
   226.8739       76.37340       2.238607    
   231.8736       76.37450       2.327886    
   236.8703       76.32071       2.430762    
   241.8605       76.21349       2.511683    
   246.8531       76.12872       2.581271    
   251.8497       76.14841       2.636060    
   256.8403       76.25331       2.671820    
   261.8292       76.36942       2.698262    
   266.8226       76.45739       2.720603    
   271.8200       76.51070       2.737835    
   276.8195       76.52757       2.749918    
   281.8193       76.51711       2.757932    
   286.8188       76.49277       2.763382    
   291.8181       76.46204       2.766092    
   296.8170       76.42630       2.766807    
   301.8156       76.38405       2.766322    
   306.8141       76.34336       2.763962    
   311.8136       76.32875       2.759340    
   316.8123       76.30320       2.753566    
   321.7794       76.13609       2.746936    
   326.7076       75.84116       2.740090    
   331.6619       75.74139       2.733931    
   336.6017       75.98050       2.729085    
   341.4941       76.34151       2.725363    
   346.3997       76.67910       2.722594    
   351.3318       76.96486       2.720652    
   356.3008       77.14410       2.719702    
   361.2956       77.21733       2.719529    
   366.2939       77.26270       2.719967    
   371.2916       77.31591       2.721278    
   376.2886       77.37634       2.723751    
   381.2849       77.44391       2.727803    
   386.2799       77.52139       2.734439    
   391.2732       77.61202       2.745279    
   396.2645       77.71479       2.759560    
   401.2549       77.82304       2.778637    
   406.2462       77.92590       2.794904    
   411.2407       78.00681       2.817472    
   416.2387       78.05150       2.852638    
   421.2385       78.06484       2.901520    
   426.2385       78.06626       3.003138    
   431.2385       78.07211       3.048851    
   436.2343       78.12765       3.087172    
   441.2233       78.24273       3.115214    
   446.2118       78.36082       3.134587    
   451.2035       78.46117       3.146422    
   456.1937       78.56985       3.154812    
   461.1783       78.70601       3.157578    
   466.1624       78.84543       3.157892    
   471.1551       78.92822       3.157140    
   476.1545       78.94754       3.152670    
   481.8401       78.94843       3.149850    
   489.3643       78.94843       3.145563    
   507.4286       78.94843       3.145561    
  -33.77417       56.32260       3.059324    
  -15.70986       56.32260       3.059338    
  -8.185690       56.32260       3.065374    
  -2.500000       56.32260       3.065387    
   2.481762       56.36747       3.065529    
   7.434425       56.46896       3.065664    
   12.38829       56.56895       3.064053    
   17.37068       56.62033       3.061452    
   22.36992       56.63280       3.057916    
   27.36889       56.64702       3.053219    
   32.36626       56.67075       3.047904    
   37.36148       56.70303       3.042080    
   42.35468       56.74178       3.038126    
   47.34677       56.78361       3.034650    
   52.33939       56.82395       3.031825    
   57.33461       56.85595       3.032168    
   62.33282       56.87428       3.030512    
   67.33237       56.87487       3.028672    
   72.33087       56.85816       3.028668    
   77.32610       56.82657       3.018585    
   82.31709       56.78218       3.018734    
   87.30524       56.73100       3.019671    
   92.29430       56.68194       3.021444    
   97.28818       56.64646       3.025228    
   102.2866       56.63075       3.030319    
   107.2863       56.62318       3.036448    
   112.2728       56.58007       3.042958    
   117.2255       56.48058       3.048464    
   122.1606       56.36099       3.051701    
   127.1186       56.26780       3.052281    
   132.1048       56.21542       3.051591    
   137.1018       56.19307       3.048807    
   142.1004       56.20005       3.041826    
   147.0855       56.25055       3.030524    
   152.0289       56.35809       3.012800    
   156.9416       56.49662       2.986225    
   161.8866       56.60048       2.954430    
   166.8759       56.64007       2.915793    
   171.8755       56.64103       2.882864    
   176.8751       56.63219       2.836474    
   181.8749       56.62782       2.769113    
   186.8749       56.62766       2.678071    
   191.8749       56.62771       2.569574    
   196.8749       56.62772       2.469020    
   201.8749       56.62771       2.384616    
   206.8749       56.62769       2.338384    
   211.8749       56.62806       2.330722    
   216.8748       56.63167       2.332613    
   221.8745       56.64086       2.339945    
   226.8739       56.65160       2.364506    
   231.8736       56.65207       2.416055    
   236.8703       56.62919       2.485214    
   241.8605       56.58356       2.556116    
   246.8531       56.54750       2.613950    
   251.8497       56.55588       2.656085    
   256.8403       56.60051       2.687425    
   261.8292       56.64991       2.711842    
   266.8226       56.68734       2.731346    
   271.8200       56.71003       2.745843    
   276.8195       56.71720       2.755775    
   281.8193       56.71275       2.762437    
   286.8188       56.70240       2.766928    
   291.8181       56.68932       2.769267    
   296.8170       56.67411       2.770331    
   301.8156       56.65614       2.770576    
   306.8141       56.63882       2.770007    
   311.8136       56.63261       2.768135    
   316.8123       56.62173       2.764760    
   321.7794       56.55063       2.760164    
   326.7076       56.42514       2.754732    
   331.6619       56.38269       2.750399    
   336.6017       56.48443       2.746176    
   341.4941       56.63803       2.742699    
   346.3997       56.78168       2.743198    
   351.3318       56.90327       2.740571    
   356.3008       56.97953       2.739018    
   361.2956       57.01069       2.738853    
   366.2939       57.02999       2.739515    
   371.2916       57.05263       2.740940    
   376.2886       57.07835       2.751033    
   381.2849       57.10709       2.757728    
   386.2799       57.14006       2.769901    
   391.2732       57.17862       2.790502    
   396.2645       57.22235       2.821086    
   401.2549       57.26841       2.821092    
   406.2462       57.31217       2.824745    
   411.2407       57.34660       2.839177    
   416.2387       57.36561       2.864246    
   421.2385       57.37129       2.900193    
   426.2385       57.37189       3.001735    
   431.2385       57.37438       3.035075    
   436.2343       57.39801       3.061007    
   441.2233       57.44698       3.080043    
   446.2118       57.49723       3.089685    
   451.2035       57.53992       3.094965    
   456.1937       57.58617       3.094971    
   461.1783       57.64410       3.111197    
   466.1624       57.70342       3.122201    
   471.1551       57.73865       3.128810    
   476.1545       57.74687       3.136024    
   481.8401       57.74725       3.141256    
   489.3643       57.74725       3.141520    
   507.4286       57.74725       3.141523    
