        1545
  -33.77417       136.6885       1.786676    
  -15.70986       136.6885       1.778555    
  -8.185690       136.6885      0.8365212    
  -2.500000       136.6885       1.006025    
   2.481762       136.9860       1.193620    
   7.434425       137.6588       1.233799    
   12.38829       138.3216       1.351029    
   17.37068       138.6622       1.379908    
   22.36992       138.7449       1.412695    
   27.36889       138.8391       1.431445    
   32.36626       138.9964       1.396784    
   37.36148       139.2104       1.354180    
   42.35468       139.4673       1.340866    
   47.34677       139.7446       1.270958    
   52.33939       140.0120       1.214916    
   57.33461       140.2241       1.234806    
   62.33282       140.3456       1.239867    
   67.33237       140.3495       1.246700    
   72.33087       140.2388       1.211018    
   77.32610       140.0294       1.236156    
   82.31709       139.7351       1.248585    
   87.30524       139.3958       1.241792    
   92.29430       139.0706       1.289558    
   97.28818       138.8354       1.327194    
   102.2866       138.7312       1.356850    
   107.2863       138.6811       1.387422    
   112.2728       138.3953       1.393704    
   117.2255       137.7357       1.252556    
   122.1606       136.9430       1.185975    
   127.1186       136.3252       1.218393    
   132.1048       135.9780       1.137131    
   137.1018       135.8299       1.127654    
   142.1004       135.8761       1.124499    
   147.0855       136.2108       1.286007    
   152.0289       136.9238       1.177424    
   156.9416       137.8421       1.232033    
   161.8866       138.5306       1.325109    
   166.8759       138.7930       1.280435    
   171.8755       138.7994       1.262077    
   176.8751       138.7408       1.271335    
   181.8749       138.7118       1.299903    
   186.8749       138.7108       1.278893    
   191.8749       138.7111       1.279736    
   196.8749       138.7112       1.292368    
   201.8749       138.7111       1.277238    
   206.8749       138.7109       1.278345    
   211.8749       138.7134       1.288185    
   216.8748       138.7373       1.281274    
   221.8745       138.7983       1.265697    
   226.8739       138.8695       1.263962    
   231.8736       138.8726       1.297076    
   236.8703       138.7209       1.264248    
   241.8605       138.4185       1.258273    
   246.8531       138.1794       1.270678    
   251.8497       138.2349       1.280864    
   256.8403       138.5308       1.254177    
   261.8292       138.8582       1.268589    
   266.8226       139.1064       1.292326    
   271.8200       139.2568       1.275498    
   276.8195       139.3043       1.267412    
   281.8193       139.2749       1.286092    
   286.8188       139.2062       1.279486    
   291.8181       139.1195       1.281152    
   296.8170       139.0187       1.308292    
   301.8156       138.8996       1.265256    
   306.8141       138.7848       1.269916    
   311.8136       138.7435       1.280703    
   316.8123       138.6715       1.263883    
   321.7794       138.2001       1.226871    
   326.7076       137.3683       1.164961    
   331.6619       137.0869       1.419232    
   336.6017       137.7613       1.420151    
   341.4941       138.7795       1.289179    
   346.3997       139.7317       1.211306    
   351.3318       140.5377       1.226305    
   356.3008       141.0433       1.282244    
   361.2956       141.2499       1.416123    
   366.2939       141.3779       1.498916    
   371.2916       141.5279       1.414470    
   376.2886       141.6984       1.406975    
   381.2849       141.8889       1.387698    
   386.2799       142.1075       1.274902    
   391.2732       142.3631       1.258745    
   396.2645       142.6530       1.228920    
   401.2549       142.9583       1.229964    
   406.2462       143.2484       1.212040    
   411.2407       143.4767       1.189006    
   416.2387       143.6027       1.175675    
   421.2385       143.6403       1.161458    
   426.2385       143.6443       1.170058    
   431.2385       143.6608       1.175181    
   436.2343       143.8174       1.180334    
   441.2233       144.1421       1.182693    
   446.2118       144.4751       1.243864    
   451.2035       144.7582       1.239354    
   456.1937       145.0647       1.260756    
   461.1783       145.4488       1.192643    
   466.1624       145.8420       1.198617    
   471.1551       146.0755       1.359503    
   476.1545       146.1300      0.4597733    
   481.8401       146.1326       1.677947    
   489.3643       146.1326       2.094008    
   507.4286       146.1326       2.100879    
  -33.77417       134.0858       1.787502    
  -15.70986       134.0858       1.779131    
  -8.185690       134.0858      0.8384922    
  -2.500000       134.0858      0.5755269    
   2.481762       134.3752      0.9115869    
   7.434425       135.0294       1.131938    
   12.38829       135.6740       1.232903    
   17.37068       136.0052       1.191431    
   22.36992       136.0857       1.190268    
   27.36889       136.1774       1.173393    
   32.36626       136.3303       1.179843    
   37.36148       136.5384       1.176551    
   42.35468       136.7882       1.081033    
   47.34677       137.0579       1.077924    
   52.33939       137.3180       1.077144    
   57.33461       137.5242       1.077810    
   62.33282       137.6424       1.026448    
   67.33237       137.6462      0.9990532    
   72.33087       137.5385       1.034652    
   77.32610       137.3349       1.025956    
   82.31709       137.0487       1.010535    
   87.30524       136.7188       1.041441    
   92.29430       136.4025      0.9736503    
   97.28818       136.1738       1.025956    
   102.2866       136.0724       1.152716    
   107.2863       136.0237       1.206230    
   112.2728       135.7457       1.156229    
   117.2255       135.1043       1.148526    
   122.1606       134.3334       1.165628    
   127.1186       133.7326       1.156414    
   132.1048       133.3949       1.138034    
   137.1018       133.2509       1.129550    
   142.1004       133.2958       1.127980    
   147.0855       133.6214       1.219392    
   152.0289       134.3147       1.220543    
   156.9416       135.2077       1.143691    
   161.8866       135.8773       1.139928    
   166.8759       136.1325       1.206038    
   171.8755       136.1387       1.151333    
   176.8751       136.0817       1.041547    
   181.8749       136.0535       1.100970    
   186.8749       136.0525       1.138910    
   191.8749       136.0529       1.128062    
   196.8749       136.0529       1.083289    
   201.8749       136.0529       1.127639    
   206.8749       136.0527       1.129297    
   211.8749       136.0551       1.073045    
   216.8748       136.0783       1.096799    
   221.8745       136.1376       1.112892    
   226.8739       136.2069       1.123520    
   231.8736       136.2099       1.092017    
   236.8703       136.0623       1.135196    
   241.8605       135.7682       1.062355    
   246.8531       135.5358       1.052711    
   251.8497       135.5898      0.9925882    
   256.8403       135.8775       1.088836    
   261.8292       136.1960       1.125793    
   266.8226       136.4373       1.067090    
   271.8200       136.5835       1.134176    
   276.8195       136.6297       1.134527    
   281.8193       136.6011       1.057801    
   286.8188       136.5343       1.161062    
   291.8181       136.4500       1.129039    
   296.8170       136.3520       1.069443    
   301.8156       136.2361       1.133056    
   306.8141       136.1245       1.127886    
   311.8136       136.0844       1.026178    
   316.8123       136.0143       1.156004    
   321.7794       135.5559       1.211614    
   326.7076       134.7469       1.584464    
   331.6619       134.4733      0.8823422    
   336.6017       135.1292      0.9082939    
   341.4941       136.1194       1.159651    
   346.3997       137.0454       1.160429    
   351.3318       137.8293       1.163944    
   356.3008       138.3209       1.278834    
   361.2956       138.5218       1.523055    
   366.2939       138.6463       1.679509    
   371.2916       138.7922       1.588625    
   376.2886       138.9579       1.586869    
   381.2849       139.1433       1.450316    
   386.2799       139.3558       1.548491    
   391.2732       139.6044       1.194562    
   396.2645       139.8863       1.195498    
   401.2549       140.1832       1.229104    
   406.2462       140.4654       1.181926    
   411.2407       140.6873       1.186800    
   416.2387       140.8099       1.154208    
   421.2385       140.8465       1.152675    
   426.2385       140.8504       1.151413    
   431.2385       140.8664       1.162359    
   436.2343       141.0188       1.178613    
   441.2233       141.3345       1.181615    
   446.2118       141.6584       1.254510    
   451.2035       141.9337       1.250495    
   456.1937       142.2318       1.247209    
   461.1783       142.6053       1.206350    
   466.1624       142.9877       1.187902    
   471.1551       143.2148      0.4682184    
   476.1545       143.2677      0.1602149    
   481.8401       143.2702       1.678650    
   489.3643       143.2702       2.094619    
   507.4286       143.2702       2.101452    
  -33.77417       131.3152       1.788857    
  -15.70986       131.3152       1.780793    
  -8.185690       131.3152      0.8460893    
  -2.500000       131.3152      0.5729978    
   2.481762       131.5958      0.9006667    
   7.434425       132.2304       1.136453    
   12.38829       132.8556       1.237210    
   17.37068       133.1768       1.196733    
   22.36992       133.2549       1.191045    
   27.36889       133.3438       1.179198    
   32.36626       133.4921       1.180742    
   37.36148       133.6940       1.177833    
   42.35468       133.9363       1.095909    
   47.34677       134.1978       1.076605    
   52.33939       134.4500       1.075406    
   57.33461       134.6501       1.076254    
   62.33282       134.7647       1.068423    
   67.33237       134.7684       1.072874    
   72.33087       134.6640       1.080603    
   77.32610       134.4664       1.079328    
   82.31709       134.1889       1.079268    
   87.30524       133.8689       1.089560    
   92.29430       133.5621       1.333183    
   97.28818       133.3403       1.335402    
   102.2866       133.2420       1.153201    
   107.2863       133.1947       1.155535    
   112.2728       132.9252       1.163592    
   117.2255       132.3031       1.172597    
   122.1606       131.5553       1.164698    
   127.1186       130.9726       1.148528    
   132.1048       130.6451       1.139212    
   137.1018       130.5054       1.132183    
   142.1004       130.5490       1.131726    
   147.0855       130.8647       1.138780    
   152.0289       131.5372       1.217493    
   156.9416       132.4034       1.215812    
   161.8866       133.0527       1.139394    
   166.8759       133.3003       1.139007    
   171.8755       133.3063       1.145960    
   176.8751       133.2510       1.151153    
   181.8749       133.2236       1.149784    
   186.8749       133.2227       1.140929    
   191.8749       133.2231       1.130071    
   196.8749       133.2231       1.122940    
   201.8749       133.2231       1.125504    
   206.8749       133.2229       1.135079    
   211.8749       133.2252       1.138940    
   216.8748       133.2477       1.147996    
   221.8745       133.3052       1.148248    
   226.8739       133.3724       1.117629    
   231.8736       133.3753       1.112673    
   236.8703       133.2322       1.121217    
   241.8605       132.9470       1.221224    
   246.8531       132.7215       1.228959    
   251.8497       132.7738       1.233067    
   256.8403       133.0529       1.225416    
   261.8292       133.3618       1.128905    
   266.8226       133.5959       1.128058    
   271.8200       133.7377       1.131466    
   276.8195       133.7825       1.134246    
   281.8193       133.7548       1.136166    
   286.8188       133.6900       1.134724    
   291.8181       133.6082       1.127244    
   296.8170       133.5132       1.125797    
   301.8156       133.4008       1.122447    
   306.8141       133.2925       1.135959    
   311.8136       133.2536       1.151150    
   316.8123       133.1856       1.147069    
   321.7794       132.7410      0.9355419    
   326.7076       131.9564       1.089316    
   331.6619       131.6910       1.097931    
   336.6017       132.3271       1.172196    
   341.4941       133.2876       1.158899    
   346.3997       134.1857       1.157724    
   351.3318       134.9460       1.162816    
   356.3008       135.4228       1.244655    
   361.2956       135.6176      0.5987967    
   366.2939       135.7384      0.7494866    
   371.2916       135.8799      0.7917306    
   376.2886       136.0407      0.8587185    
   381.2849       136.2204      0.8033359    
   386.2799       136.4265      0.8324333    
   391.2732       136.6677       1.287019    
   396.2645       136.9411       1.187923    
   401.2549       137.2291       1.201727    
   406.2462       137.5027       1.202519    
   411.2407       137.7180       1.203593    
   416.2387       137.8369       1.201679    
   421.2385       137.8724       1.198089    
   426.2385       137.8761       1.171263    
   431.2385       137.8917       1.168864    
   436.2343       138.0394       1.173506    
   441.2233       138.3456       1.177786    
   446.2118       138.6598       1.190334    
   451.2035       138.9268       1.196599    
   456.1937       139.2159       1.198321    
   461.1783       139.5782       1.195640    
   466.1624       139.9491       1.185791    
   471.1551       140.1694      0.4695333    
   476.1545       140.2207      0.1593227    
   481.8401       140.2231       1.682364    
   489.3643       140.2231       2.095574    
   507.4286       140.2231       2.102467    
  -33.77417       128.3538       1.796469    
  -15.70986       128.3538       1.788950    
  -8.185690       128.3538       1.362199    
  -2.500000       128.3538       1.633916    
   2.481762       128.6251       1.806708    
   7.434425       129.2386       2.038042    
   12.38829       129.8431       2.071998    
   17.37068       130.1537       2.044368    
   22.36992       130.2291       2.041998    
   27.36889       130.3151       2.039419    
   32.36626       130.4585       2.036951    
   37.36148       130.6536       2.034932    
   42.35468       130.8879       2.030898    
   47.34677       131.1408       2.028178    
   52.33939       131.3846       2.029308    
   57.33461       131.5780       2.030291    
   62.33282       131.6889       2.033376    
   67.33237       131.6924       2.037418    
   72.33087       131.5914       2.041556    
   77.32610       131.4005       2.043925    
   82.31709       131.1322       2.046155    
   87.30524       130.8228       2.050442    
   92.29430       130.5262       2.088717    
   97.28818       130.3116       2.090590    
   102.2866       130.2167       2.082971    
   107.2863       130.1709       2.079058    
   112.2728       129.9104       1.991547    
   117.2255       129.3089       1.586262    
   122.1606       128.5859       1.176586    
   127.1186       128.0226       1.144037    
   132.1048       127.7059       1.140177    
   137.1018       127.5708       1.139832    
   142.1004       127.6130       1.141419    
   147.0855       127.9183       1.150815    
   152.0289       128.5684       1.166352    
   156.9416       129.4059       1.412060    
   161.8866       130.0337       1.416776    
   166.8759       130.2731       1.419813    
   171.8755       130.2789       1.441870    
   176.8751       130.2254       1.448326    
   181.8749       130.1989       1.448562    
   186.8749       130.1980       1.447864    
   191.8749       130.1983       1.448079    
   196.8749       130.1983       1.448634    
   201.8749       130.1983       1.450329    
   206.8749       130.1982       1.453733    
   211.8749       130.2005       1.457666    
   216.8748       130.2222       1.459639    
   221.8745       130.2778       1.459007    
   226.8739       130.3428       1.457245    
   231.8736       130.3456       1.455727    
   236.8703       130.2072       1.454741    
   241.8605       129.9314       1.457208    
   246.8531       129.7134       1.459360    
   251.8497       129.7641       1.459879    
   256.8403       130.0339       1.457570    
   261.8292       130.3325       1.456699    
   266.8226       130.5588       1.453331    
   271.8200       130.6960       1.452366    
   276.8195       130.7393       1.453763    
   281.8193       130.7124       1.452797    
   286.8188       130.6498       1.452149    
   291.8181       130.5708       1.452281    
   296.8170       130.4788       1.454523    
   301.8156       130.3701       1.467743    
   306.8141       130.2655       1.471720    
   311.8136       130.2279       1.475820    
   316.8123       130.1622       1.479351    
   321.7794       129.7323       1.481667    
   326.7076       128.9738       1.485604    
   331.6619       128.7171       1.488130    
   336.6017       129.3322       1.489372    
   341.4941       130.2607       1.410006    
   346.3997       131.1291       1.405687    
   351.3318       131.8641       1.259750    
   356.3008       132.3251       1.254510    
   361.2956       132.5135       1.264702    
   366.2939       132.6302       1.288908    
   371.2916       132.7671       1.289190    
   376.2886       132.9225       1.289929    
   381.2849       133.0963       1.287309    
   386.2799       133.2955       1.285442    
   391.2732       133.5287       1.287133    
   396.2645       133.7930       1.209900    
   401.2549       134.0715       1.207479    
   406.2462       134.3360       1.205401    
   411.2407       134.5442       1.204615    
   416.2387       134.6591       1.201651    
   421.2385       134.6935       1.197372    
   426.2385       134.6971       1.173014    
   431.2385       134.7121       1.172646    
   436.2343       134.8550       1.175842    
   441.2233       135.1510       1.181026    
   446.2118       135.4547       1.187787    
   451.2035       135.7129       1.193089    
   456.1937       135.9924       1.197169    
   461.1783       136.3427       1.194598    
   466.1624       136.7012       1.185372    
   471.1551       136.9142       1.121886    
   476.1545       136.9639       1.086589    
   481.8401       136.9662       1.797975    
   489.3643       136.9662       2.097332    
   507.4286       136.9662       2.104437    
  -33.77417       125.1739       1.821450    
  -15.70986       125.1739       1.821490    
  -8.185690       125.1739       1.852247    
  -2.500000       125.1739       1.859359    
   2.481762       125.4352       1.873666    
   7.434425       126.0261       1.911268    
   12.38829       126.6083       2.040791    
   17.37068       126.9075       2.054372    
   22.36992       126.9801       2.058276    
   27.36889       127.0629       2.061937    
   32.36626       127.2010       2.064248    
   37.36148       127.3890       2.066468    
   42.35468       127.6146       2.067383    
   47.34677       127.8582       2.068539    
   52.33939       128.0931       2.070891    
   57.33461       128.2793       2.075064    
   62.33282       128.3861       2.080275    
   67.33237       128.3895       2.089946    
   72.33087       128.2923       2.099180    
   77.32610       128.1083       2.104156    
   82.31709       127.8499       2.113625    
   87.30524       127.5519       2.118405    
   92.29430       127.2662       2.126670    
   97.28818       127.0596       2.128454    
   102.2866       126.9681       2.128367    
   107.2863       126.9241       2.123367    
   112.2728       126.6731       2.058002    
   117.2255       126.0938       1.753919    
   122.1606       125.3975       1.598301    
   127.1186       124.8549       1.593454    
   132.1048       124.5499       1.591905    
   137.1018       124.4198       1.592013    
   142.1004       124.4603       1.593458    
   147.0855       124.7544       1.599251    
   152.0289       125.3806       1.661572    
   156.9416       126.1872       1.750840    
   161.8866       126.7919       1.831348    
   166.8759       127.0225       2.016324    
   171.8755       127.0280       2.082486    
   176.8751       126.9765       2.100878    
   181.8749       126.9510       2.106003    
   186.8749       126.9501       2.110433    
   191.8749       126.9505       2.114685    
   196.8749       126.9505       2.118620    
   201.8749       126.9505       2.122246    
   206.8749       126.9503       2.126084    
   211.8749       126.9525       2.129905    
   216.8748       126.9735       2.132828    
   221.8745       127.0270       2.135321    
   226.8739       127.0896       2.136014    
   231.8736       127.0923       2.136175    
   236.8703       126.9591       2.136753    
   241.8605       126.6934       2.138493    
   246.8531       126.4834       2.140258    
   251.8497       126.5322       2.140699    
   256.8403       126.7921       2.139977    
   261.8292       127.0797       2.139130    
   266.8226       127.2977       2.138420    
   271.8200       127.4297       2.138382    
   276.8195       127.4715       2.138712    
   281.8193       127.4456       2.139961    
   286.8188       127.3853       2.141453    
   291.8181       127.3092       2.145378    
   296.8170       127.2206       2.156120    
   301.8156       127.1160       2.163471    
   306.8141       127.0152       2.165540    
   311.8136       126.9790       2.166657    
   316.8123       126.9157       2.166905    
   321.7794       126.5017       2.167184    
   326.7076       125.7710       2.167215    
   331.6619       125.5238       2.166689    
   336.6017       126.1162       2.166113    
   341.4941       127.0106       2.163265    
   346.3997       127.8469       2.161636    
   351.3318       128.5549       1.819584    
   356.3008       128.9989       1.318278    
   361.2956       129.1804       1.295278    
   366.2939       129.2928       1.292778    
   371.2916       129.4245       1.293258    
   376.2886       129.5742       1.293610    
   381.2849       129.7417       1.288937    
   386.2799       129.9336       1.285818    
   391.2732       130.1582       1.270143    
   396.2645       130.4128       1.263163    
   401.2549       130.6809       1.238291    
   406.2462       130.9357       1.227768    
   411.2407       131.1362       1.218099    
   416.2387       131.2469       1.210025    
   421.2385       131.2800       1.204508    
   426.2385       131.2835       1.198509    
   431.2385       131.2979       1.198516    
   436.2343       131.4355       1.200878    
   441.2233       131.7207       1.204496    
   446.2118       132.0132       1.208657    
   451.2035       132.2618       1.213235    
   456.1937       132.5311       1.219294    
   461.1783       132.8684       1.232704    
   466.1624       133.2138       1.243274    
   471.1551       133.4189       1.278485    
   476.1545       133.4668       1.616159    
   481.8401       133.4690       1.986092    
   489.3643       133.4690       2.100823    
   507.4286       133.4690       2.107430    
  -33.77417       121.7413       2.020554    
  -15.70986       121.7413       2.022975    
  -8.185690       121.7413       2.028094    
  -2.500000       121.7413       2.038502    
   2.481762       121.9919       2.046069    
   7.434425       122.5584       2.059816    
   12.38829       123.1165       2.070085    
   17.37068       123.4034       2.078791    
   22.36992       123.4730       2.085058    
   27.36889       123.5524       2.092630    
   32.36626       123.6848       2.100276    
   37.36148       123.8650       2.107290    
   42.35468       124.0813       2.111541    
   47.34677       124.3148       2.116813    
   52.33939       124.5400       2.123007    
   57.33461       124.7186       2.129267    
   62.33282       124.8209       2.137205    
   67.33237       124.8242       2.159634    
   72.33087       124.7309       2.170411    
   77.32610       124.5546       2.175356    
   82.31709       124.3068       2.183739    
   87.30524       124.0211       2.186893    
   92.29430       123.7473       2.188832    
   97.28818       123.5492       2.189198    
   102.2866       123.4615       2.187427    
   107.2863       123.4193       2.176227    
   112.2728       123.1786       2.148661    
   117.2255       122.6232       2.072651    
   122.1606       121.9557       2.039478    
   127.1186       121.4355       2.036109    
   132.1048       121.1431       2.034006    
   137.1018       121.0183       2.034009    
   142.1004       121.0573       2.035317    
   147.0855       121.3392       2.038804    
   152.0289       121.9395       2.049007    
   156.9416       122.7128       2.057643    
   161.8866       123.2925       2.131989    
   166.8759       123.5135       2.386528    
   171.8755       123.5189       2.531748    
   176.8751       123.4696       2.548110    
   181.8749       123.4451       2.551972    
   186.8749       123.4443       2.555400    
   191.8749       123.4446       2.558990    
   196.8749       123.4446       2.562408    
   201.8749       123.4446       2.565855    
   206.8749       123.4444       2.569094    
   211.8749       123.4465       2.572973    
   216.8748       123.4666       2.575549    
   221.8745       123.5179       2.578539    
   226.8739       123.5779       2.580247    
   231.8736       123.5806       2.581635    
   236.8703       123.4528       2.582896    
   241.8605       123.1981       2.584125    
   246.8531       122.9968       2.584795    
   251.8497       123.0435       2.584940    
   256.8403       123.2927       2.583926    
   261.8292       123.5684       2.582406    
   266.8226       123.7774       2.580741    
   271.8200       123.9041       2.579236    
   276.8195       123.9441       2.577736    
   281.8193       123.9193       2.576314    
   286.8188       123.8614       2.574657    
   291.8181       123.7885       2.573210    
   296.8170       123.7036       2.571892    
   301.8156       123.6032       2.570726    
   306.8141       123.5066       2.568735    
   311.8136       123.4719       2.565460    
   316.8123       123.4112       2.560979    
   321.7794       123.0143       2.555750    
   326.7076       122.3138       2.542080    
   331.6619       122.0768       2.530199    
   336.6017       122.6448       2.522288    
   341.4941       123.5022       2.513072    
   346.3997       124.3040       2.502671    
   351.3318       124.9827       2.387989    
   356.3008       125.4084       2.067186    
   361.2956       125.5824       1.866385    
   366.2939       125.6901       1.845859    
   371.2916       125.8165       1.842631    
   376.2886       125.9600       1.841341    
   381.2849       126.1205       1.837558    
   386.2799       126.3045       1.814330    
   391.2732       126.5198       1.807210    
   396.2645       126.7639       1.801960    
   401.2549       127.0210       1.797153    
   406.2462       127.2653       1.793498    
   411.2407       127.4575       1.789962    
   416.2387       127.5636       1.786815    
   421.2385       127.5953       1.784171    
   426.2385       127.5986       1.781590    
   431.2385       127.6125       1.781128    
   436.2343       127.7445       1.781810    
   441.2233       128.0178       1.782835    
   446.2118       128.2982       1.784454    
   451.2035       128.5366       1.786334    
   456.1937       128.7948       1.788690    
   461.1783       129.1181       1.793115    
   466.1624       129.4493       1.801505    
   471.1551       129.6459       1.825339    
   476.1545       129.6918       1.940034    
   481.8401       129.6939       2.077131    
   489.3643       129.6939       2.109582    
   507.4286       129.6939       2.114052    
  -33.77417       118.0135       2.125637    
  -15.70986       118.0135       2.128067    
  -8.185690       118.0135       2.131694    
  -2.500000       118.0135       2.136272    
   2.481762       118.2522       2.141819    
   7.434425       118.7923       2.147715    
   12.38829       119.3243       2.154060    
   17.37068       119.5977       2.160043    
   22.36992       119.6640       2.167592    
   27.36889       119.7397       2.177423    
   32.36626       119.8660       2.186740    
   37.36148       120.0378       2.204337    
   42.35468       120.2439       2.222905    
   47.34677       120.4665       2.233533    
   52.33939       120.6811       2.240236    
   57.33461       120.8514       2.245408    
   62.33282       120.9489       2.252012    
   67.33237       120.9520       2.261198    
   72.33087       120.8632       2.266239    
   77.32610       120.6951       2.270417    
   82.31709       120.4589       2.275489    
   87.30524       120.1866       2.278136    
   92.29430       119.9255       2.279547    
   97.28818       119.7367       2.280017    
   102.2866       119.6531       2.279525    
   107.2863       119.6129       2.278590    
   112.2728       119.3835       2.277967    
   117.2255       118.8540       2.277279    
   122.1606       118.2177       2.277321    
   127.1186       117.7218       2.277911    
   132.1048       117.4431       2.279151    
   137.1018       117.3242       2.281123    
   142.1004       117.3613       2.284186    
   147.0855       117.6301       2.288145    
   152.0289       118.2023       2.294280    
   156.9416       118.9394       2.300367    
   161.8866       119.4921       2.332071    
   166.8759       119.7027       2.463288    
   171.8755       119.7078       2.539868    
   176.8751       119.6608       2.565455    
   181.8749       119.6375       2.572052    
   186.8749       119.6367       2.578700    
   191.8749       119.6370       2.585572    
   196.8749       119.6370       2.590630    
   201.8749       119.6370       2.595252    
   206.8749       119.6368       2.599667    
   211.8749       119.6388       2.604297    
   216.8748       119.6580       2.608157    
   221.8745       119.7069       2.611808    
   226.8739       119.7641       2.614085    
   231.8736       119.7666       2.615628    
   236.8703       119.6448       2.617052    
   241.8605       119.4020       2.618362    
   246.8531       119.2101       2.619000    
   251.8497       119.2547       2.619310    
   256.8403       119.4922       2.618789    
   261.8292       119.7551       2.618079    
   266.8226       119.9542       2.617307    
   271.8200       120.0750       2.616650    
   276.8195       120.1131       2.615866    
   281.8193       120.0895       2.614953    
   286.8188       120.0343       2.613940    
   291.8181       119.9648       2.613085    
   296.8170       119.8839       2.612347    
   301.8156       119.7882       2.610993    
   306.8141       119.6961       2.608536    
   311.8136       119.6630       2.604714    
   316.8123       119.6051       2.600133    
   321.7794       119.2268       2.593660    
   326.7076       118.5591       2.580839    
   331.6619       118.3332       2.565050    
   336.6017       118.8746       2.550628    
   341.4941       119.6919       2.522868    
   346.3997       120.4562       2.499935    
   351.3318       121.1031       2.449998    
   356.3008       121.5089       2.286421    
   361.2956       121.6748       2.162901    
   366.2939       121.7775       2.129508    
   371.2916       121.8979       2.121641    
   376.2886       122.0348       2.119351    
   381.2849       122.1877       2.117954    
   386.2799       122.3631       2.116036    
   391.2732       122.5684       2.113632    
   396.2645       122.8010       2.110904    
   401.2549       123.0461       2.108129    
   406.2462       123.2790       2.105251    
   411.2407       123.4621       2.102054    
   416.2387       123.5633       2.098920    
   421.2385       123.5935       2.095371    
   426.2385       123.5967       2.091074    
   431.2385       123.6100       2.088285    
   436.2343       123.7357       2.085190    
   441.2233       123.9963       2.082541    
   446.2118       124.2636       2.081280    
   451.2035       124.4909       2.080103    
   456.1937       124.7369       2.079905    
   461.1783       125.0452       2.080499    
   466.1624       125.3608       2.083413    
   471.1551       125.5482       2.090480    
   476.1545       125.5920       2.108144    
   481.8401       125.5940       2.119380    
   489.3643       125.5940       2.124682    
   507.4286       125.5940       2.127287    
  -33.77417       113.9358       2.198971    
  -15.70986       113.9358       2.200289    
  -8.185690       113.9358       2.202407    
  -2.500000       113.9358       2.205017    
   2.481762       114.1617       2.207965    
   7.434425       114.6728       2.211422    
   12.38829       115.1762       2.215432    
   17.37068       115.4350       2.221135    
   22.36992       115.4978       2.226480    
   27.36889       115.5694       2.233873    
   32.36626       115.6889       2.246458    
   37.36148       115.8514       2.257598    
   42.35468       116.0465       2.267359    
   47.34677       116.2571       2.279396    
   52.33939       116.4603       2.291592    
   57.33461       116.6214       2.298040    
   62.33282       116.7137       2.305536    
   67.33237       116.7167       2.312923    
   72.33087       116.6326       2.317620    
   77.32610       116.4735       2.322688    
   82.31709       116.2499       2.328160    
   87.30524       115.9922       2.331674    
   92.29430       115.7452       2.334080    
   97.28818       115.5665       2.335729    
   102.2866       115.4874       2.336874    
   107.2863       115.4493       2.338033    
   112.2728       115.2323       2.339416    
   117.2255       114.7313       2.340932    
   122.1606       114.1291       2.343078    
   127.1186       113.6599       2.345850    
   132.1048       113.3961       2.349351    
   137.1018       113.2836       2.353750    
   142.1004       113.3186       2.360048    
   147.0855       113.5730       2.367970    
   152.0289       114.1145       2.376207    
   156.9416       114.8120       2.384319    
   161.8866       115.3350       2.405497    
   166.8759       115.5344       2.496305    
   171.8755       115.5392       2.542453    
   176.8751       115.4947       2.567056    
   181.8749       115.4726       2.574119    
   186.8749       115.4719       2.582323    
   191.8749       115.4722       2.590760    
   196.8749       115.4722       2.596725    
   201.8749       115.4722       2.601962    
   206.8749       115.4720       2.607046    
   211.8749       115.4739       2.612156    
   216.8748       115.4921       2.616922    
   221.8745       115.5383       2.621405    
   226.8739       115.5924       2.624608    
   231.8736       115.5948       2.626856    
   236.8703       115.4796       2.628909    
   241.8605       115.2498       2.630568    
   246.8531       115.0682       2.631469    
   251.8497       115.1104       2.631769    
   256.8403       115.3352       2.631093    
   261.8292       115.5839       2.630087    
   266.8226       115.7724       2.629117    
   271.8200       115.8866       2.627915    
   276.8195       115.9228       2.626277    
   281.8193       115.9004       2.624358    
   286.8188       115.8482       2.622332    
   291.8181       115.7824       2.620082    
   296.8170       115.7058       2.617631    
   301.8156       115.6153       2.615060    
   306.8141       115.5281       2.611737    
   311.8136       115.4968       2.607529    
   316.8123       115.4420       2.602355    
   321.7794       115.0840       2.594470    
   326.7076       114.4521       2.582694    
   331.6619       114.2384       2.567527    
   336.6017       114.7507       2.549237    
   341.4941       115.5241       2.519562    
   346.3997       116.2474       2.496974    
   351.3318       116.8596       2.461542    
   356.3008       117.2437       2.375515    
   361.2956       117.4006       2.303871    
   366.2939       117.4977       2.266719    
   371.2916       117.6117       2.249991    
   376.2886       117.7412       2.245505    
   381.2849       117.8860       2.242543    
   386.2799       118.0519       2.239728    
   391.2732       118.2462       2.236535    
   396.2645       118.4663       2.232976    
   401.2549       118.6983       2.228897    
   406.2462       118.9186       2.224730    
   411.2407       119.0920       2.220283    
   416.2387       119.1877       2.215385    
   421.2385       119.2163       2.208757    
   426.2385       119.2194       2.200351    
   431.2385       119.2319       2.192930    
   436.2343       119.3509       2.185013    
   441.2233       119.5975       2.178599    
   446.2118       119.8504       2.173210    
   451.2035       120.0655       2.168841    
   456.1937       120.2983       2.165954    
   461.1783       120.5900       2.163656    
   466.1624       120.8887       2.161845    
   471.1551       121.0661       2.160213    
   476.1545       121.1075       2.158646    
   481.8401       121.1095       2.157178    
   489.3643       121.1095       2.156188    
   507.4286       121.1095       2.154647    
  -33.77417       109.4377       2.227203    
  -15.70986       109.4377       2.228909    
  -8.185690       109.4377       2.231240    
  -2.500000       109.4377       2.234002    
   2.481762       109.6495       2.237477    
   7.434425       110.1285       2.241981    
   12.38829       110.6005       2.246353    
   17.37068       110.8431       2.250976    
   22.36992       110.9020       2.256943    
   27.36889       110.9691       2.264442    
   32.36626       111.0811       2.270524    
   37.36148       111.2335       2.276975    
   42.35468       111.4164       2.289793    
   47.34677       111.6138       2.300822    
   52.33939       111.8043       2.311703    
   57.33461       111.9553       2.320863    
   62.33282       112.0418       2.329177    
   67.33237       112.0446       2.335717    
   72.33087       111.9657       2.341734    
   77.32610       111.8166       2.348032    
   82.31709       111.6071       2.353886    
   87.30524       111.3655       2.358851    
   92.29430       111.1339       2.363025    
   97.28818       110.9664       2.366824    
   102.2866       110.8923       2.370514    
   107.2863       110.8566       2.374360    
   112.2728       110.6531       2.378237    
   117.2255       110.1834       2.382383    
   122.1606       109.6189       2.386995    
   127.1186       109.1790       2.392046    
   132.1048       108.9318       2.397608    
   137.1018       108.8263       2.403792    
   142.1004       108.8592       2.412508    
   147.0855       109.0976       2.420524    
   152.0289       109.6052       2.427708    
   156.9416       110.2591       2.437619    
   161.8866       110.7494       2.461776    
   166.8759       110.9363       2.515123    
   171.8755       110.9408       2.541337    
   176.8751       110.8991       2.564345    
   181.8749       110.8784       2.572836    
   186.8749       110.8776       2.581624    
   191.8749       110.8779       2.591211    
   196.8749       110.8779       2.598079    
   201.8749       110.8779       2.603671    
   206.8749       110.8778       2.608872    
   211.8749       110.8796       2.613571    
   216.8748       110.8966       2.618202    
   221.8745       110.9400       2.621996    
   226.8739       110.9907       2.624895    
   231.8736       110.9929       2.627335    
   236.8703       110.8849       2.629401    
   241.8605       110.6695       2.630881    
   246.8531       110.4993       2.631846    
   251.8497       110.5388       2.632241    
   256.8403       110.7495       2.631908    
   261.8292       110.9827       2.631258    
   266.8226       111.1594       2.630565    
   271.8200       111.2665       2.629519    
   276.8195       111.3003       2.627977    
   281.8193       111.2794       2.626148    
   286.8188       111.2305       2.624090    
   291.8181       111.1687       2.621796    
   296.8170       111.0969       2.618974    
   301.8156       111.0121       2.616072    
   306.8141       110.9304       2.612582    
   311.8136       110.9010       2.608392    
   316.8123       110.8497       2.603353    
   321.7794       110.5141       2.594824    
   326.7076       109.9218       2.582533    
   331.6619       109.7214       2.567622    
   336.6017       110.2016       2.546485    
   341.4941       110.9267       2.517687    
   346.3997       111.6047       2.496492    
   351.3318       112.1786       2.468668    
   356.3008       112.5386       2.417556    
   361.2956       112.6857       2.368708    
   366.2939       112.7768       2.332673    
   371.2916       112.8837       2.305266    
   376.2886       113.0050       2.297761    
   381.2849       113.1407       2.292818    
   386.2799       113.2963       2.288514    
   391.2732       113.4784       2.284121    
   396.2645       113.6848       2.279194    
   401.2549       113.9022       2.273996    
   406.2462       114.1088       2.268661    
   411.2407       114.2713       2.263350    
   416.2387       114.3611       2.257117    
   421.2385       114.3878       2.248282    
   426.2385       114.3907       2.240489    
   431.2385       114.4025       2.229714    
   436.2343       114.5140       2.221182    
   441.2233       114.7451       2.214133    
   446.2118       114.9823       2.207463    
   451.2035       115.1839       2.201548    
   456.1937       115.4022       2.197082    
   461.1783       115.6756       2.193111    
   466.1624       115.9556       2.189539    
   471.1551       116.1219       2.186143    
   476.1545       116.1607       2.182687    
   481.8401       116.1625       2.179548    
   489.3643       116.1625       2.176773    
   507.4286       116.1625       2.175093    
  -33.77417       104.4251       2.240751    
  -15.70986       104.4251       2.242298    
  -8.185690       104.4251       2.244222    
  -2.500000       104.4251       2.246769    
   2.481762       104.6212       2.249905    
   7.434425       105.0646       2.253763    
   12.38829       105.5015       2.258619    
   17.37068       105.7260       2.265309    
   22.36992       105.7805       2.270545    
   27.36889       105.8427       2.275189    
   32.36626       105.9463       2.281109    
   37.36148       106.0873       2.287145    
   42.35468       106.2567       2.296397    
   47.34677       106.4394       2.308514    
   52.33939       106.6157       2.318389    
   57.33461       106.7555       2.328046    
   62.33282       106.8356       2.335377    
   67.33237       106.8381       2.341338    
   72.33087       106.7651       2.349055    
   77.32610       106.6271       2.356369    
   82.31709       106.4332       2.362839    
   87.30524       106.2096       2.368509    
   92.29430       105.9952       2.373809    
   97.28818       105.8402       2.378974    
   102.2866       105.7715       2.384231    
   107.2863       105.7385       2.389445    
   112.2728       105.5501       2.394770    
   117.2255       105.1154       2.400226    
   122.1606       104.5929       2.406066    
   127.1186       104.1857       2.412137    
   132.1048       103.9569       2.418775    
   137.1018       103.8593       2.426243    
   142.1004       103.8897       2.436420    
   147.0855       104.1104       2.445753    
   152.0289       104.5803       2.454605    
   156.9416       105.1855       2.472368    
   161.8866       105.6393       2.493493    
   166.8759       105.8122       2.523801    
   171.8755       105.8165       2.543120    
   176.8751       105.7778       2.562323    
   181.8749       105.7587       2.572485    
   186.8749       105.7580       2.581382    
   191.8749       105.7582       2.592044    
   196.8749       105.7583       2.599571    
   201.8749       105.7583       2.605451    
   206.8749       105.7581       2.610964    
   211.8749       105.7598       2.615418    
   216.8748       105.7755       2.619697    
   221.8745       105.8157       2.623229    
   226.8739       105.8626       2.625896    
   231.8736       105.8647       2.628296    
   236.8703       105.7647       2.630375    
   241.8605       105.5654       2.631781    
   246.8531       105.4078       2.632881    
   251.8497       105.4444       2.633507    
   256.8403       105.6394       2.633459    
   261.8292       105.8553       2.633065    
   266.8226       106.0188       2.632559    
   271.8200       106.1179       2.631601    
   276.8195       106.1492       2.630139    
   281.8193       106.1298       2.628372    
   286.8188       106.0846       2.626290    
   291.8181       106.0275       2.623865    
   296.8170       105.9610       2.621082    
   301.8156       105.8824       2.618011    
   306.8141       105.8068       2.614513    
   311.8136       105.7796       2.610279    
   316.8123       105.7321       2.604960    
   321.7794       105.4215       2.596275    
   326.7076       104.8732       2.583524    
   331.6619       104.6877       2.567612    
   336.6017       105.1322       2.545825    
   341.4941       105.8034       2.516932    
   346.3997       106.4309       2.496300    
   351.3318       106.9622       2.471724    
   356.3008       107.2954       2.434813    
   361.2956       107.4315       2.396349    
   366.2939       107.5159       2.364672    
   371.2916       107.6148       2.337449    
   376.2886       107.7271       2.327019    
   381.2849       107.8528       2.318982    
   386.2799       107.9968       2.312332    
   391.2732       108.1653       2.305769    
   396.2645       108.3564       2.298871    
   401.2549       108.5576       2.292524    
   406.2462       108.7488       2.286029    
   411.2407       108.8992       2.279653    
   416.2387       108.9823       2.271034    
   421.2385       109.0071       2.263216    
   426.2385       109.0098       2.255959    
   431.2385       109.0207       2.245989    
   436.2343       109.1239       2.236206    
   441.2233       109.3378       2.229000    
   446.2118       109.5574       2.222551    
   451.2035       109.7439       2.216644    
   456.1937       109.9460       2.212376    
   461.1783       110.1991       2.208333    
   466.1624       110.4583       2.204494    
   471.1551       110.6122       2.200551    
   476.1545       110.6481       2.196993    
   481.8401       110.6497       2.193962    
   489.3643       110.6497       2.191662    
   507.4286       110.6497       2.189715    
  -33.77417       98.76926       2.248279    
  -15.70986       98.76926       2.249134    
  -8.185690       98.76926       2.250755    
  -2.500000       98.76926       2.252873    
   2.481762       98.94752       2.256243    
   7.434425       99.35075       2.260946    
   12.38829       99.74802       2.266769    
   17.37068       99.95215       2.271545    
   22.36992       100.0017       2.276302    
   27.36889       100.0582       2.281374    
   32.36626       100.1525       2.286409    
   37.36148       100.2807       2.292562    
   42.35468       100.4347       2.301343    
   47.34677       100.6009       2.312747    
   52.33939       100.7612       2.321115    
   57.33461       100.8883       2.330440    
   62.33282       100.9611       2.338131    
   67.33237       100.9634       2.344504    
   72.33087       100.8971       2.352771    
   77.32610       100.7716       2.360324    
   82.31709       100.5952       2.367193    
   87.30524       100.3919       2.373075    
   92.29430       100.1970       2.378646    
   97.28818       100.0560       2.384362    
   102.2866       99.99355       2.390132    
   107.2863       99.96349       2.396024    
   112.2728       99.79222       2.402059    
   117.2255       99.39693       2.408195    
   122.1606       98.92178       2.414570    
   127.1186       98.55151       2.421195    
   132.1048       98.34343       2.428246    
   137.1018       98.25465       2.436256    
   142.1004       98.28233       2.447364    
   147.0855       98.48299       2.457431    
   152.0289       98.91029       2.467822    
   156.9416       99.46066       2.485198    
   161.8866       99.87329       2.501891    
   166.8759       100.0306       2.526840    
   171.8755       100.0344       2.544459    
   176.8751       99.99930       2.560513    
   181.8749       99.98188       2.572214    
   186.8749       99.98126       2.581407    
   191.8749       99.98149       2.591776    
   196.8749       99.98150       2.599697    
   201.8749       99.98149       2.605931    
   206.8749       99.98139       2.611565    
   211.8749       99.98287       2.616143    
   216.8748       99.99718       2.620348    
   221.8745       100.0337       2.623926    
   226.8739       100.0764       2.626584    
   231.8736       100.0783       2.628904    
   236.8703       99.98734       2.630949    
   241.8605       99.80609       2.632380    
   246.8531       99.66279       2.633491    
   251.8497       99.69608       2.634223    
   256.8403       99.87341       2.634244    
   261.8292       100.0697       2.633834    
   266.8226       100.2184       2.633213    
   271.8200       100.3085       2.632243    
   276.8195       100.3370       2.630923    
   281.8193       100.3194       2.629268    
   286.8188       100.2782       2.627246    
   291.8181       100.2263       2.624732    
   296.8170       100.1659       2.621782    
   301.8156       100.0944       2.618556    
   306.8141       100.0256       2.615106    
   311.8136       100.0009       2.611043    
   316.8123       99.95772       2.605138    
   321.7794       99.67523       2.596334    
   326.7076       99.17667       2.584229    
   331.6619       99.00801       2.567411    
   336.6017       99.41222       2.545867    
   341.4941       100.0225       2.516525    
   346.3997       100.5932       2.495360    
   351.3318       101.0763       2.471608    
   356.3008       101.3793       2.441838    
   361.2956       101.5031       2.409784    
   366.2939       101.5798       2.383277    
   371.2916       101.6697       2.358316    
   376.2886       101.7719       2.343159    
   381.2849       101.8861       2.333243    
   386.2799       102.0170       2.324520    
   391.2732       102.1703       2.316208    
   396.2645       102.3440       2.308589    
   401.2549       102.5270       2.301556    
   406.2462       102.7009       2.294528    
   411.2407       102.8377       2.286801    
   416.2387       102.9132       2.277990    
   421.2385       102.9358       2.270525    
   426.2385       102.9382       2.262583    
   431.2385       102.9481       2.253098    
   436.2343       103.0419       2.243340    
   441.2233       103.2365       2.236538    
   446.2118       103.4361       2.229802    
   451.2035       103.6058       2.224586    
   456.1937       103.7895       2.219923    
   461.1783       104.0197       2.215864    
   466.1624       104.2553       2.211998    
   471.1551       104.3953       2.208323    
   476.1545       104.4279       2.204489    
   481.8401       104.4295       2.201343    
   489.3643       104.4295       2.198520    
   507.4286       104.4295       2.196613    
  -33.77417       92.28692       2.252252    
  -15.70986       92.28692       2.253289    
  -8.185690       92.28692       2.254852    
  -2.500000       92.28692       2.257269    
   2.481762       92.44483       2.261018    
   7.434425       92.80198       2.265298    
   12.38829       93.15384       2.270225    
   17.37068       93.33465       2.275651    
   22.36992       93.37855       2.280352    
   27.36889       93.42858       2.285753    
   32.36626       93.51208       2.291014    
   37.36148       93.62569       2.297617    
   42.35468       93.76205       2.305279    
   47.34677       93.90923       2.314774    
   52.33939       94.05121       2.323871    
   57.33461       94.16380       2.332281    
   62.33282       94.22831       2.339779    
   67.33237       94.23037       2.346864    
   72.33087       94.17159       2.355179    
   77.32610       94.06042       2.362728    
   82.31709       93.90422       2.369592    
   87.30524       93.72411       2.376035    
   92.29430       93.55146       2.382002    
   97.28818       93.42661       2.388024    
   102.2866       93.37131       2.394114    
   107.2863       93.34469       2.400432    
   112.2728       93.19299       2.406870    
   117.2255       92.84286       2.413408    
   122.1606       92.42202       2.420263    
   127.1186       92.09407       2.427436    
   132.1048       91.90976       2.434904    
   137.1018       91.83113       2.442990    
   142.1004       91.85565       2.453750    
   147.0855       92.03337       2.464266    
   152.0289       92.41184       2.475933    
   156.9416       92.89931       2.492492    
   161.8866       93.26480       2.508981    
   166.8759       93.40413       2.529272    
   171.8755       93.40750       2.544331    
   176.8751       93.37640       2.558876    
   181.8749       93.36098       2.571318    
   186.8749       93.36044       2.581313    
   191.8749       93.36063       2.591160    
   196.8749       93.36064       2.599108    
   201.8749       93.36063       2.605523    
   206.8749       93.36054       2.611224    
   211.8749       93.36186       2.615820    
   216.8748       93.37454       2.619828    
   221.8745       93.40688       2.623552    
   226.8739       93.44470       2.626509    
   231.8736       93.44635       2.628832    
   236.8703       93.36582       2.630854    
   241.8605       93.20527       2.632287    
   246.8531       93.07835       2.633375    
   251.8497       93.10783       2.634156    
   256.8403       93.26490       2.634302    
   261.8292       93.43874       2.633845    
   266.8226       93.57047       2.633082    
   271.8200       93.65030       2.632123    
   276.8195       93.67554       2.630929    
   281.8193       93.65989       2.629336    
   286.8188       93.62345       2.627336    
   291.8181       93.57744       2.624746    
   296.8170       93.52392       2.621658    
   301.8156       93.46066       2.618346    
   306.8141       93.39973       2.614699    
   311.8136       93.37785       2.610536    
   316.8123       93.33959       2.604560    
   321.7794       93.08938       2.595991    
   326.7076       92.64779       2.584475    
   331.6619       92.49840       2.567406    
   336.6017       92.85643       2.545738    
   341.4941       93.39696       2.516634    
   346.3997       93.90244       2.493766    
   351.3318       94.33030       2.470708    
   356.3008       94.59869       2.444977    
   361.2956       94.70834       2.415978    
   366.2939       94.77627       2.393447    
   371.2916       94.85593       2.370653    
   376.2886       94.94642       2.352825    
   381.2849       95.04758       2.342317    
   386.2799       95.16358       2.332312    
   391.2732       95.29931       2.323185    
   396.2645       95.45317       2.315338    
   401.2549       95.61526       2.308059    
   406.2462       95.76926       2.300629    
   411.2407       95.89043       2.290958    
   416.2387       95.95733       2.282115    
   421.2385       95.97731       2.274096    
   426.2385       95.97943       2.265135    
   431.2385       95.98818       2.256976    
   436.2343       96.07135       2.247500    
   441.2233       96.24365       2.240359    
   446.2118       96.42047       2.233711    
   451.2035       96.57073       2.228754    
   456.1937       96.73344       2.223521    
   461.1783       96.93733       2.219716    
   466.1624       97.14609       2.216100    
   471.1551       97.27006       2.212604    
   476.1545       97.29897       2.209001    
   481.8401       97.30029       2.205969    
   489.3643       97.30029       2.203173    
   507.4286       97.30029       2.201112    
  -33.77417       84.70639       2.255111    
  -15.70986       84.70639       2.256217    
  -8.185690       84.70639       2.258044    
  -2.500000       84.70639       2.260463    
   2.481762       84.84047       2.263876    
   7.434425       85.14374       2.268008    
   12.38829       85.44250       2.273185    
   17.37068       85.59602       2.278315    
   22.36992       85.63330       2.283264    
   27.36889       85.67580       2.288855    
   32.36626       85.74669       2.294518    
   37.36148       85.84315       2.300775    
   42.35468       85.95895       2.308682    
   47.34677       86.08392       2.317296    
   52.33939       86.20448       2.325628    
   57.33461       86.30008       2.333611    
   62.33282       86.35486       2.341194    
   67.33237       86.35661       2.348594    
   72.33087       86.30669       2.356846    
   77.32610       86.21230       2.364589    
   82.31709       86.07966       2.371524    
   87.30524       85.92673       2.378270    
   92.29430       85.78013       2.384564    
   97.28818       85.67411       2.390881    
   102.2866       85.62716       2.397198    
   107.2863       85.60456       2.403657    
   112.2728       85.47575       2.410035    
   117.2255       85.17844       2.416679    
   122.1606       84.82110       2.423957    
   127.1186       84.54264       2.431552    
   132.1048       84.38613       2.439442    
   137.1018       84.31937       2.447682    
   142.1004       84.34019       2.458036    
   147.0855       84.49109       2.468975    
   152.0289       84.81246       2.481520    
   156.9416       85.22638       2.497988    
   161.8866       85.53673       2.513586    
   166.8759       85.65503       2.530304    
   171.8755       85.65790       2.543955    
   176.8751       85.63148       2.557886    
   181.8749       85.61840       2.570962    
   186.8749       85.61794       2.581001    
   191.8749       85.61810       2.589806    
   196.8749       85.61810       2.597808    
   201.8749       85.61810       2.604385    
   206.8749       85.61802       2.610125    
   211.8749       85.61914       2.614955    
   216.8748       85.62991       2.619129    
   221.8745       85.65736       2.622743    
   226.8739       85.68948       2.625744    
   231.8736       85.69088       2.628235    
   236.8703       85.62250       2.630383    
   241.8605       85.48617       2.631893    
   246.8531       85.37840       2.632857    
   251.8497       85.40344       2.633519    
   256.8403       85.53680       2.633772    
   261.8292       85.68442       2.633403    
   266.8226       85.79627       2.632545    
   271.8200       85.86406       2.631546    
   276.8195       85.88549       2.630345    
   281.8193       85.87220       2.628747    
   286.8188       85.84126       2.626733    
   291.8181       85.80219       2.624129    
   296.8170       85.75674       2.621043    
   301.8156       85.70303       2.617671    
   306.8141       85.65130       2.613713    
   311.8136       85.63272       2.609223    
   316.8123       85.60023       2.603590    
   321.7794       85.38776       2.595759    
   326.7076       85.01280       2.584592    
   331.6619       84.88596       2.567857    
   336.6017       85.18996       2.545831    
   341.4941       85.64894       2.516938    
   346.3997       86.07815       2.492424    
   351.3318       86.44146       2.469844    
   356.3008       86.66934       2.445496    
   361.2956       86.76245       2.418939    
   366.2939       86.82014       2.398553    
   371.2916       86.88777       2.376954    
   376.2886       86.96461       2.359837    
   381.2849       87.05051       2.348140    
   386.2799       87.14902       2.337333    
   391.2732       87.26426       2.328000    
   396.2645       87.39491       2.319428    
   401.2549       87.53254       2.311712    
   406.2462       87.66331       2.303765    
   411.2407       87.76619       2.293881    
   416.2387       87.82300       2.284315    
   421.2385       87.83997       2.276187    
   426.2385       87.84176       2.267063    
   431.2385       87.84920       2.258760    
   436.2343       87.91981       2.250307    
   441.2233       88.06612       2.242828    
   446.2118       88.21626       2.236779    
   451.2035       88.34385       2.231290    
   456.1937       88.48203       2.226501    
   461.1783       88.65514       2.222573    
   466.1624       88.83239       2.219028    
   471.1551       88.93765       2.215745    
   476.1545       88.96221       2.212558    
   481.8401       88.96335       2.209485    
   489.3643       88.96335       2.206723    
   507.4286       88.96335       2.204106    
  -33.77417       75.60016       2.257202    
  -15.70986       75.60016       2.258544    
  -8.185690       75.60016       2.260334    
  -2.500000       75.60016       2.262757    
   2.481762       75.70561       2.266184    
   7.434425       75.94414       2.270163    
   12.38829       76.17914       2.275245    
   17.37068       76.29989       2.279911    
   22.36992       76.32921       2.285807    
   27.36889       76.36263       2.291085    
   32.36626       76.41840       2.297428    
   37.36148       76.49427       2.304063    
   42.35468       76.58534       2.311012    
   47.34677       76.68364       2.319176    
   52.33939       76.77846       2.326691    
   57.33461       76.85366       2.334709    
   62.33282       76.89674       2.342517    
   67.33237       76.89812       2.350030    
   72.33087       76.85886       2.358366    
   77.32610       76.78461       2.365942    
   82.31709       76.68029       2.372988    
   87.30524       76.56001       2.379770    
   92.29430       76.44469       2.386264    
   97.28818       76.36131       2.392815    
   102.2866       76.32438       2.399374    
   107.2863       76.30660       2.405917    
   112.2728       76.20528       2.412454    
   117.2255       75.97144       2.419199    
   122.1606       75.69038       2.426770    
   127.1186       75.47135       2.434615    
   132.1048       75.34826       2.442612    
   137.1018       75.29574       2.450983    
   142.1004       75.31212       2.461277    
   147.0855       75.43081       2.472660    
   152.0289       75.68358       2.485451    
   156.9416       76.00915       2.501287    
   161.8866       76.25325       2.516023    
   166.8759       76.34630       2.531046    
   171.8755       76.34855       2.544415    
   176.8751       76.32778       2.557793    
   181.8749       76.31749       2.570535    
   186.8749       76.31712       2.579713    
   191.8749       76.31725       2.588377    
   196.8749       76.31725       2.596755    
   201.8749       76.31725       2.603019    
   206.8749       76.31718       2.608721    
   211.8749       76.31807       2.613679    
   216.8748       76.32654       2.618048    
   221.8745       76.34814       2.621913    
   226.8739       76.37340       2.624977    
   231.8736       76.37450       2.627336    
   236.8703       76.32071       2.629365    
   241.8605       76.21349       2.631104    
   246.8531       76.12872       2.632232    
   251.8497       76.14841       2.632742    
   256.8403       76.25331       2.632866    
   261.8292       76.36942       2.632573    
   266.8226       76.45739       2.631832    
   271.8200       76.51070       2.630838    
   276.8195       76.52757       2.629449    
   281.8193       76.51711       2.627725    
   286.8188       76.49277       2.625737    
   291.8181       76.46204       2.623274    
   296.8170       76.42630       2.620197    
   301.8156       76.38405       2.616623    
   306.8141       76.34336       2.612427    
   311.8136       76.32875       2.607830    
   316.8123       76.30320       2.602451    
   321.7794       76.13609       2.595192    
   326.7076       75.84116       2.584703    
   331.6619       75.74139       2.568993    
   336.6017       75.98050       2.546830    
   341.4941       76.34151       2.517322    
   346.3997       76.67910       2.491740    
   351.3318       76.96486       2.468670    
   356.3008       77.14410       2.445130    
   361.2956       77.21733       2.421410    
   366.2939       77.26270       2.400925    
   371.2916       77.31591       2.380524    
   376.2886       77.37634       2.364205    
   381.2849       77.44391       2.351460    
   386.2799       77.52139       2.340890    
   391.2732       77.61202       2.330816    
   396.2645       77.71479       2.321906    
   401.2549       77.82304       2.313807    
   406.2462       77.92590       2.305241    
   411.2407       78.00681       2.295755    
   416.2387       78.05150       2.285702    
   421.2385       78.06484       2.277306    
   426.2385       78.06626       2.268335    
   431.2385       78.07211       2.259776    
   436.2343       78.12765       2.251969    
   441.2233       78.24273       2.244628    
   446.2118       78.36082       2.238937    
   451.2035       78.46117       2.233319    
   456.1937       78.56985       2.228754    
   461.1783       78.70601       2.224522    
   466.1624       78.84543       2.221312    
   471.1551       78.92822       2.218243    
   476.1545       78.94754       2.215628    
   481.8401       78.94843       2.212874    
   489.3643       78.94843       2.210172    
   507.4286       78.94843       2.205853    
  -33.77417       56.32260       2.258693    
  -15.70986       56.32260       2.260078    
  -8.185690       56.32260       2.261926    
  -2.500000       56.32260       2.264544    
   2.481762       56.36747       2.267741    
   7.434425       56.46896       2.271492    
   12.38829       56.56895       2.276461    
   17.37068       56.62033       2.281423    
   22.36992       56.63280       2.287141    
   27.36889       56.64702       2.293174    
   32.36626       56.67075       2.299356    
   37.36148       56.70303       2.305945    
   42.35468       56.74178       2.312968    
   47.34677       56.78361       2.320186    
   52.33939       56.82395       2.327420    
   57.33461       56.85595       2.335578    
   62.33282       56.87428       2.343385    
   67.33237       56.87487       2.351074    
   72.33087       56.85816       2.359292    
   77.32610       56.82657       2.366779    
   82.31709       56.78218       2.373984    
   87.30524       56.73100       2.380790    
   92.29430       56.68194       2.387364    
   97.28818       56.64646       2.393885    
   102.2866       56.63075       2.400386    
   107.2863       56.62318       2.406997    
   112.2728       56.58007       2.413954    
   117.2255       56.48058       2.421172    
   122.1606       56.36099       2.428814    
   127.1186       56.26780       2.436729    
   132.1048       56.21542       2.444825    
   137.1018       56.19307       2.453439    
   142.1004       56.20005       2.463484    
   147.0855       56.25055       2.475147    
   152.0289       56.35809       2.488194    
   156.9416       56.49662       2.502932    
   161.8866       56.60048       2.517113    
   166.8759       56.64007       2.531263    
   171.8755       56.64103       2.544761    
   176.8751       56.63219       2.557645    
   181.8749       56.62782       2.569316    
   186.8749       56.62766       2.578752    
   191.8749       56.62771       2.587502    
   196.8749       56.62772       2.595184    
   201.8749       56.62771       2.601629    
   206.8749       56.62769       2.607717    
   211.8749       56.62806       2.612862    
   216.8748       56.63167       2.617235    
   221.8745       56.64086       2.621028    
   226.8739       56.65160       2.624099    
   231.8736       56.65207       2.626587    
   236.8703       56.62919       2.628583    
   241.8605       56.58356       2.630157    
   246.8531       56.54750       2.631305    
   251.8497       56.55588       2.631972    
   256.8403       56.60051       2.632123    
   261.8292       56.64991       2.631823    
   266.8226       56.68734       2.631175    
   271.8200       56.71003       2.630144    
   276.8195       56.71720       2.628608    
   281.8193       56.71275       2.626718    
   286.8188       56.70240       2.624633    
   291.8181       56.68932       2.622184    
   296.8170       56.67411       2.619156    
   301.8156       56.65614       2.615551    
   306.8141       56.63882       2.611445    
   311.8136       56.63261       2.606818    
   316.8123       56.62173       2.601323    
   321.7794       56.55063       2.594212    
   326.7076       56.42514       2.584291    
   331.6619       56.38269       2.569910    
   336.6017       56.48443       2.547842    
   341.4941       56.63803       2.517954    
   346.3997       56.78168       2.491526    
   351.3318       56.90327       2.467339    
   356.3008       56.97953       2.444427    
   361.2956       57.01069       2.423211    
   366.2939       57.02999       2.402208    
   371.2916       57.05263       2.382594    
   376.2886       57.07835       2.366734    
   381.2849       57.10709       2.353667    
   386.2799       57.14006       2.343167    
   391.2732       57.17862       2.332984    
   396.2645       57.22235       2.323641    
   401.2549       57.26841       2.314981    
   406.2462       57.31217       2.305999    
   411.2407       57.34660       2.296618    
   416.2387       57.36561       2.286957    
   421.2385       57.37129       2.278118    
   426.2385       57.37189       2.269110    
   431.2385       57.37438       2.260444    
   436.2343       57.39801       2.252875    
   441.2233       57.44698       2.246160    
   446.2118       57.49723       2.240284    
   451.2035       57.53992       2.234803    
   456.1937       57.58617       2.230219    
   461.1783       57.64410       2.226181    
   466.1624       57.70342       2.222959    
   471.1551       57.73865       2.220291    
   476.1545       57.74687       2.218072    
   481.8401       57.74725       2.216202    
   489.3643       57.74725       2.214980    
   507.4286       57.74725       2.210547    
