        1545
  -33.77417       136.6885       1.670642    
  -15.70986       136.6885       1.671059    
  -8.185690       136.6885     -0.6159062    
  -2.500000       136.6885       1.397995    
   2.481762       136.9860       1.211761    
   7.434425       137.6588       1.230767    
   12.38829       138.3216       1.304126    
   17.37068       138.6622       1.318082    
   22.36992       138.7449       1.371734    
   27.36889       138.8391       1.423811    
   32.36626       138.9964       1.364579    
   37.36148       139.2104       1.331802    
   42.35468       139.4673       1.332686    
   47.34677       139.7446       1.266665    
   52.33939       140.0120       1.212107    
   57.33461       140.2241       1.229027    
   62.33282       140.3456       1.250670    
   67.33237       140.3495       1.274022    
   72.33087       140.2388       1.258069    
   77.32610       140.0294       1.291744    
   82.31709       139.7351       1.294564    
   87.30524       139.3958       1.232642    
   92.29430       139.0706       1.292171    
   97.28818       138.8354       1.294895    
   102.2866       138.7312       1.314011    
   107.2863       138.6811       1.366037    
   112.2728       138.3953       1.369752    
   117.2255       137.7357       1.215590    
   122.1606       136.9430       1.147177    
   127.1186       136.3252       1.298456    
   132.1048       135.9780       1.205083    
   137.1018       135.8299       1.203826    
   142.1004       135.8761       1.203662    
   147.0855       136.2108       1.350202    
   152.0289       136.9238       1.191957    
   156.9416       137.8421       1.200552    
   161.8866       138.5306       1.248759    
   166.8759       138.7930       1.266510    
   171.8755       138.7994       1.270059    
   176.8751       138.7408       1.272368    
   181.8749       138.7118       1.277529    
   186.8749       138.7108       1.271502    
   191.8749       138.7111       1.275310    
   196.8749       138.7112       1.278562    
   201.8749       138.7111       1.269329    
   206.8749       138.7109       1.273807    
   211.8749       138.7134       1.276880    
   216.8748       138.7373       1.273049    
   221.8745       138.7983       1.267115    
   226.8739       138.8695       1.255040    
   231.8736       138.8726       1.290844    
   236.8703       138.7209       1.265219    
   241.8605       138.4185       1.272768    
   246.8531       138.1794       1.277220    
   251.8497       138.2349       1.278377    
   256.8403       138.5308       1.266508    
   261.8292       138.8582       1.261377    
   266.8226       139.1064       1.269215    
   271.8200       139.2568       1.275829    
   276.8195       139.3043       1.265799    
   281.8193       139.2749       1.269520    
   286.8188       139.2062       1.272910    
   291.8181       139.1195       1.279585    
   296.8170       139.0187       1.282508    
   301.8156       138.8996       1.267812    
   306.8141       138.7848       1.270824    
   311.8136       138.7435       1.273836    
   316.8123       138.6715       1.244573    
   321.7794       138.2001       1.235885    
   326.7076       137.3683       1.234765    
   331.6619       137.0869       1.323105    
   336.6017       137.7613       1.368304    
   341.4941       138.7795       1.370281    
   346.3997       139.7317       1.188656    
   351.3318       140.5377       1.249556    
   356.3008       141.0433       1.260176    
   361.2956       141.2499       1.340973    
   366.2939       141.3779       1.320889    
   371.2916       141.5279       1.233979    
   376.2886       141.6984       1.273952    
   381.2849       141.8889       1.320110    
   386.2799       142.1075       1.248032    
   391.2732       142.3631       1.217952    
   396.2645       142.6530       1.195489    
   401.2549       142.9583       1.200296    
   406.2462       143.2484       1.203971    
   411.2407       143.4767       1.201751    
   416.2387       143.6027       1.196238    
   421.2385       143.6403       1.189442    
   426.2385       143.6443       1.189689    
   431.2385       143.6608       1.203893    
   436.2343       143.8174       1.211656    
   441.2233       144.1421       1.220779    
   446.2118       144.4751       1.208626    
   451.2035       144.7582       1.206799    
   456.1937       145.0647       1.165118    
   461.1783       145.4488      0.9947226    
   466.1624       145.8420       1.074345    
   471.1551       146.0755       1.521020    
   476.1545       146.1300      0.5391692    
   481.8401       146.1326       2.345164    
   489.3643       146.1326       2.347410    
   507.4286       146.1326       2.347825    
  -33.77417       134.0858       1.670765    
  -15.70986       134.0858       1.671129    
  -8.185690       134.0858     -0.6158842    
  -2.500000       134.0858       2.297050    
   2.481762       134.3752       1.037851    
   7.434425       135.0294       1.119157    
   12.38829       135.6740       1.083302    
   17.37068       136.0052       1.148183    
   22.36992       136.0857       1.103426    
   27.36889       136.1774       1.050348    
   32.36626       136.3303       1.141168    
   37.36148       136.5384       1.142573    
   42.35468       136.7882       1.038716    
   47.34677       137.0579       1.055197    
   52.33939       137.3180       1.073182    
   57.33461       137.5242       1.071803    
   62.33282       137.6424       1.085701    
   67.33237       137.6462       1.102122    
   72.33087       137.5385       1.221063    
   77.32610       137.3349       1.155461    
   82.31709       137.0487       1.150517    
   87.30524       136.7188       1.255351    
   92.29430       136.4025      0.8494263    
   97.28818       136.1738      0.9358729    
   102.2866       136.0724       1.110010    
   107.2863       136.0237       1.110888    
   112.2728       135.7457       1.056416    
   117.2255       135.1043       1.059183    
   122.1606       134.3334       1.221714    
   127.1186       133.7326       1.220714    
   132.1048       133.3949       1.205772    
   137.1018       133.2509       1.204301    
   142.1004       133.2958       1.204122    
   147.0855       133.6214       1.292647    
   152.0289       134.3147       1.288829    
   156.9416       135.2077       1.062745    
   161.8866       135.8773       1.111540    
   166.8759       136.1325       1.107018    
   171.8755       136.1387       1.098678    
   176.8751       136.0817       1.079994    
   181.8749       136.0535       1.090845    
   186.8749       136.0525       1.102871    
   191.8749       136.0529       1.096615    
   196.8749       136.0529       1.079471    
   201.8749       136.0529       1.102574    
   206.8749       136.0527       1.092555    
   211.8749       136.0551       1.069603    
   216.8748       136.0783       1.083921    
   221.8745       136.1376       1.080958    
   226.8739       136.2069       1.125422    
   231.8736       136.2099       1.056488    
   236.8703       136.0623       1.146351    
   241.8605       135.7682       1.081845    
   246.8531       135.5358       1.079200    
   251.8497       135.5898       1.063683    
   256.8403       135.8775       1.086917    
   261.8292       136.1960       1.100314    
   266.8226       136.4373       1.094233    
   271.8200       136.5835       1.090764    
   276.8195       136.6297       1.100779    
   281.8193       136.6011       1.084167    
   286.8188       136.5343       1.116131    
   291.8181       136.4500       1.091085    
   296.8170       136.3520       1.086292    
   301.8156       136.2361       1.108894    
   306.8141       136.1245       1.089420    
   311.8136       136.0844       1.019947    
   316.8123       136.0143       1.129738    
   321.7794       135.5559       1.272205    
   326.7076       134.7469       1.267116    
   331.6619       134.4733       1.046011    
   336.6017       135.1292      0.9725543    
   341.4941       136.1194       1.093534    
   346.3997       137.0454       1.093745    
   351.3318       137.8293       1.119661    
   356.3008       138.3209       1.256384    
   361.2956       138.5218       1.278536    
   366.2939       138.6463       1.463345    
   371.2916       138.7922       1.358383    
   376.2886       138.9579       1.357203    
   381.2849       139.1433       1.358737    
   386.2799       139.3558       1.516108    
   391.2732       139.6044       1.170100    
   396.2645       139.8863       1.197566    
   401.2549       140.1832       1.205711    
   406.2462       140.4654       1.208949    
   411.2407       140.6873       1.208381    
   416.2387       140.8099       1.203999    
   421.2385       140.8465       1.206244    
   426.2385       140.8504       1.213154    
   431.2385       140.8664       1.209156    
   436.2343       141.0188       1.205137    
   441.2233       141.3345       1.204486    
   446.2118       141.6584       1.221658    
   451.2035       141.9337       1.223468    
   456.1937       142.2318       1.218775    
   461.1783       142.6053       1.185564    
   466.1624       142.9877       1.183333    
   471.1551       143.2148      0.7180037    
   476.1545       143.2677     -0.2664089    
   481.8401       143.2702       2.345245    
   489.3643       143.2702       2.347547    
   507.4286       143.2702       2.347967    
  -33.77417       131.3152       1.670891    
  -15.70986       131.3152       1.671417    
  -8.185690       131.3152     -0.6158442    
  -2.500000       131.3152       2.296615    
   2.481762       131.5958       1.039116    
   7.434425       132.2304       1.118442    
   12.38829       132.8556       1.105249    
   17.37068       133.1768       1.147336    
   22.36992       133.2549       1.138295    
   27.36889       133.3438       1.144225    
   32.36626       133.4921       1.144807    
   37.36148       133.6940       1.143831    
   42.35468       133.9363       1.037194    
   47.34677       134.1978       1.036317    
   52.33939       134.4500       1.021849    
   57.33461       134.6501       1.012633    
   62.33282       134.7647      0.9363233    
   67.33237       134.7684      0.8901795    
   72.33087       134.6640      0.8670970    
   77.32610       134.4664      0.8651090    
   82.31709       134.1889      0.8339123    
   87.30524       133.8689      0.8209314    
   92.29430       133.5621       1.589775    
   97.28818       133.3403       1.590762    
   102.2866       133.2420       1.110309    
   107.2863       133.1947       1.111622    
   112.2728       132.9252       1.113923    
   117.2255       132.3031       1.220640    
   122.1606       131.5553       1.221883    
   127.1186       130.9726       1.212329    
   132.1048       130.6451       1.206808    
   137.1018       130.5054       1.204957    
   142.1004       130.5490       1.204487    
   147.0855       130.8647       1.204871    
   152.0289       131.5372       1.288711    
   156.9416       132.4034       1.290314    
   161.8866       133.0527       1.105487    
   166.8759       133.3003       1.082222    
   171.8755       133.3063       1.096193    
   176.8751       133.2510       1.103432    
   181.8749       133.2236       1.102527    
   186.8749       133.2227       1.102391    
   191.8749       133.2231       1.099360    
   196.8749       133.2231       1.099496    
   201.8749       133.2231       1.100201    
   206.8749       133.2229       1.098347    
   211.8749       133.2252       1.108259    
   216.8748       133.2477       1.111101    
   221.8745       133.3052       1.110565    
   226.8739       133.3724       1.105695    
   231.8736       133.3753       1.077518    
   236.8703       133.2322       1.075356    
   241.8605       132.9470       1.089726    
   246.8531       132.7215       1.107609    
   251.8497       132.7738       1.109370    
   256.8403       133.0529       1.105492    
   261.8292       133.3618       1.101438    
   266.8226       133.5959       1.094164    
   271.8200       133.7377       1.091554    
   276.8195       133.7825       1.097859    
   281.8193       133.7548       1.096568    
   286.8188       133.6900       1.093138    
   291.8181       133.6082       1.090127    
   296.8170       133.5132       1.085786    
   301.8156       133.4008       1.082971    
   306.8141       133.2925       1.085985    
   311.8136       133.2536       1.144505    
   316.8123       133.1856       1.140038    
   321.7794       132.7410      0.8552563    
   326.7076       131.9564       1.043424    
   331.6619       131.6910       1.047188    
   336.6017       132.3271       1.098990    
   341.4941       133.2876       1.096003    
   346.3997       134.1857       1.095803    
   351.3318       134.9460       1.119169    
   356.3008       135.4228       1.252699    
   361.2956       135.6176      0.7989024    
   366.2939       135.7384      0.8112719    
   371.2916       135.8799       1.043595    
   376.2886       136.0407       1.043945    
   381.2849       136.2204      0.6821744    
   386.2799       136.4265      0.7638444    
   391.2732       136.6677       1.290352    
   396.2645       136.9411       1.174672    
   401.2549       137.2291       1.176523    
   406.2462       137.5027       1.178993    
   411.2407       137.7180       1.176316    
   416.2387       137.8369       1.162528    
   421.2385       137.8724       1.151963    
   426.2385       137.8761       1.146061    
   431.2385       137.8917       1.140954    
   436.2343       138.0394       1.139455    
   441.2233       138.3456       1.145585    
   446.2118       138.6598       1.161923    
   451.2035       138.9268       1.177941    
   456.1937       139.2159       1.182716    
   461.1783       139.5782       1.184211    
   466.1624       139.9491       1.183068    
   471.1551       140.1694      0.7175739    
   476.1545       140.2207     -0.2668754    
   481.8401       140.2231       2.345386    
   489.3643       140.2231       2.347808    
   507.4286       140.2231       2.348200    
  -33.77417       128.3538       1.671189    
  -15.70986       128.3538       1.671890    
  -8.185690       128.3538       1.671912    
  -2.500000       128.3538       1.704301    
   2.481762       128.6251       1.703481    
   7.434425       129.2386       2.583360    
   12.38829       129.8431       2.583967    
   17.37068       130.1537       2.584334    
   22.36992       130.2291       2.584454    
   27.36889       130.3151       2.583863    
   32.36626       130.4585       2.582459    
   37.36148       130.6536       2.580246    
   42.35468       130.8879       2.577820    
   47.34677       131.1408       2.576027    
   52.33939       131.3846       2.575294    
   57.33461       131.5780       2.575907    
   62.33282       131.6889       2.577801    
   67.33237       131.6924       2.580321    
   72.33087       131.5914       2.582736    
   77.32610       131.4005       2.584625    
   82.31709       131.1322       2.586046    
   87.30524       130.8228       2.587337    
   92.29430       130.5262       2.588646    
   97.28818       130.3116       2.590142    
   102.2866       130.2167       2.591578    
   107.2863       130.1709       2.592702    
   112.2728       129.9104       2.593297    
   117.2255       129.3089       2.651262    
   122.1606       128.5859       1.221819    
   127.1186       128.0226       1.211182    
   132.1048       127.7059       1.207442    
   137.1018       127.5708       1.205479    
   142.1004       127.6130       1.204622    
   147.0855       127.9183       1.204367    
   152.0289       128.5684       1.202242    
   156.9416       129.4059       1.503235    
   161.8866       130.0337       1.500465    
   166.8759       130.2731       1.498496    
   171.8755       130.2789       1.498679    
   176.8751       130.2254       1.500502    
   181.8749       130.1989       1.501838    
   186.8749       130.1980       1.504016    
   191.8749       130.1983       1.506140    
   196.8749       130.1983       1.506846    
   201.8749       130.1983       1.507363    
   206.8749       130.1982       1.507812    
   211.8749       130.2005       1.507977    
   216.8748       130.2222       1.507974    
   221.8745       130.2778       1.507777    
   226.8739       130.3428       1.508183    
   231.8736       130.3456       1.509125    
   236.8703       130.2072       1.510440    
   241.8605       129.9314       1.513308    
   246.8531       129.7134       1.516793    
   251.8497       129.7641       1.518049    
   256.8403       130.0339       1.517247    
   261.8292       130.3325       1.515333    
   266.8226       130.5588       1.512187    
   271.8200       130.6960       1.509568    
   276.8195       130.7393       1.508670    
   281.8193       130.7124       1.508341    
   286.8188       130.6498       1.507890    
   291.8181       130.5708       1.508459    
   296.8170       130.4788       1.510412    
   301.8156       130.3701       1.549760    
   306.8141       130.2655       1.561165    
   311.8136       130.2279       1.576653    
   316.8123       130.1622       1.583035    
   321.7794       129.7323       1.586834    
   326.7076       128.9738       1.590083    
   331.6619       128.7171       1.592990    
   336.6017       129.3322       1.594991    
   341.4941       130.2607       1.613366    
   346.3997       131.1291       1.613244    
   351.3318       131.8641       1.253163    
   356.3008       132.3251       1.253139    
   361.2956       132.5135       1.255307    
   366.2939       132.6302       1.260401    
   371.2916       132.7671       1.263199    
   376.2886       132.9225       1.267412    
   381.2849       133.0963       1.273352    
   386.2799       133.2955       1.280247    
   391.2732       133.5287       1.288261    
   396.2645       133.7930       1.174793    
   401.2549       134.0715       1.175749    
   406.2462       134.3360       1.175804    
   411.2407       134.5442       1.170968    
   416.2387       134.6591       1.152331    
   421.2385       134.6935       1.142483    
   426.2385       134.6971       1.138265    
   431.2385       134.7121       1.136592    
   436.2343       134.8550       1.137926    
   441.2233       135.1510       1.145347    
   446.2118       135.4547       1.162014    
   451.2035       135.7129       1.176551    
   456.1937       135.9924       1.181429    
   461.1783       136.3427       1.183064    
   466.1624       136.7012       1.182655    
   471.1551       136.9142       1.182307    
   476.1545       136.9639       1.182487    
   481.8401       136.9662       2.344893    
   489.3643       136.9662       2.348301    
   507.4286       136.9662       2.348569    
  -33.77417       125.1739       1.672936    
  -15.70986       125.1739       1.675028    
  -8.185690       125.1739       1.694353    
  -2.500000       125.1739       1.698760    
   2.481762       125.4352       1.703342    
   7.434425       126.0261       1.739167    
   12.38829       126.6083       2.583388    
   17.37068       126.9075       2.583930    
   22.36992       126.9801       2.584014    
   27.36889       127.0629       2.583495    
   32.36626       127.2010       2.582221    
   37.36148       127.3890       2.580340    
   42.35468       127.6146       2.578267    
   47.34677       127.8582       2.576619    
   52.33939       128.0931       2.575888    
   57.33461       128.2793       2.576361    
   62.33282       128.3861       2.577832    
   67.33237       128.3895       2.580123    
   72.33087       128.2923       2.582326    
   77.32610       128.1083       2.584190    
   82.31709       127.8499       2.585840    
   87.30524       127.5519       2.587275    
   92.29430       127.2662       2.588792    
   97.28818       127.0596       2.590409    
   102.2866       126.9681       2.591862    
   107.2863       126.9241       2.592953    
   112.2728       126.6731       2.593327    
   117.2255       126.0938       2.376488    
   122.1606       125.3975      0.7513300    
   127.1186       124.8549      0.7518898    
   132.1048       124.5499      0.7518994    
   137.1018       124.4198      0.7516783    
   142.1004       124.4603      0.7515334    
   147.0855       124.7544      0.7512373    
   152.0289       125.3806      0.7215884    
   156.9416       126.1872       2.486448    
   161.8866       126.7919       2.420901    
   166.8759       127.0225       2.702142    
   171.8755       127.0280       2.707084    
   176.8751       126.9765       2.709189    
   181.8749       126.9510       2.712182    
   186.8749       126.9501       2.716352    
   191.8749       126.9505       2.721611    
   196.8749       126.9505       2.728023    
   201.8749       126.9505       2.734982    
   206.8749       126.9503       2.742104    
   211.8749       126.9525       2.748507    
   216.8748       126.9735       2.753790    
   221.8745       127.0270       2.757890    
   226.8739       127.0896       2.761038    
   231.8736       127.0923       2.763289    
   236.8703       126.9591       2.764887    
   241.8605       126.6934       2.765955    
   246.8531       126.4834       2.766318    
   251.8497       126.5322       2.765747    
   256.8403       126.7921       2.764077    
   261.8292       127.0797       2.761412    
   266.8226       127.2977       2.757898    
   271.8200       127.4297       2.753828    
   276.8195       127.4715       2.749523    
   281.8193       127.4456       2.745027    
   286.8188       127.3853       2.740334    
   291.8181       127.3092       2.735328    
   296.8170       127.2206       2.730086    
   301.8156       127.1160       2.724513    
   306.8141       127.0152       2.718547    
   311.8136       126.9790       2.712055    
   316.8123       126.9157       2.704730    
   321.7794       126.5017       2.696366    
   326.7076       125.7710       2.687184    
   331.6619       125.5238       2.676864    
   336.6017       126.1162       2.665103    
   341.4941       127.0106       2.650486    
   346.3997       127.8469       2.643143    
   351.3318       128.5549      0.9386365    
   356.3008       128.9989       1.253870    
   361.2956       129.1804       1.255627    
   366.2939       129.2928       1.259174    
   371.2916       129.4245       1.262436    
   376.2886       129.5742       1.267054    
   381.2849       129.7417       1.273025    
   386.2799       129.9336       1.279644    
   391.2732       130.1582       1.284402    
   396.2645       130.4128       1.284568    
   401.2549       130.6809       1.175825    
   406.2462       130.9357       1.173963    
   411.2407       131.1362       1.168817    
   416.2387       131.2469       1.149783    
   421.2385       131.2800       1.140802    
   426.2385       131.2835       1.136921    
   431.2385       131.2979       1.135749    
   436.2343       131.4355       1.137724    
   441.2233       131.7207       1.145753    
   446.2118       132.0132       1.162349    
   451.2035       132.2618       1.175776    
   456.1937       132.5311       1.180844    
   461.1783       132.8684       1.183049    
   466.1624       133.2138       1.183582    
   471.1551       133.4189       1.183928    
   476.1545       133.4668       2.273495    
   481.8401       133.4690       2.348442    
   489.3643       133.4690       2.349007    
   507.4286       133.4690       2.349063    
  -33.77417       121.7413       2.577279    
  -15.70986       121.7413       2.577708    
  -8.185690       121.7413       2.578319    
  -2.500000       121.7413       2.579120    
   2.481762       121.9919       2.580028    
   7.434425       122.5584       2.581263    
   12.38829       123.1165       2.582672    
   17.37068       123.4034       2.583330    
   22.36992       123.4730       2.583452    
   27.36889       123.5524       2.583004    
   32.36626       123.6848       2.582006    
   37.36148       123.8650       2.580512    
   42.35468       124.0813       2.578868    
   47.34677       124.3148       2.577519    
   52.33939       124.5400       2.576900    
   57.33461       124.7186       2.577211    
   62.33282       124.8209       2.578371    
   67.33237       124.8242       2.580524    
   72.33087       124.7309       2.582475    
   77.32610       124.5546       2.584296    
   82.31709       124.3068       2.585983    
   87.30524       124.0211       2.587610    
   92.29430       123.7473       2.589264    
   97.28818       123.5492       2.590954    
   102.2866       123.4615       2.592515    
   107.2863       123.4193       2.593649    
   112.2728       123.1786       2.593474    
   117.2255       122.6232       2.578033    
   122.1606       121.9557       2.578144    
   127.1186       121.4355       2.578708    
   132.1048       121.1431       2.579445    
   137.1018       121.0183       2.580223    
   142.1004       121.0573       2.581175    
   147.0855       121.3392       2.582072    
   152.0289       121.9395       2.582843    
   156.9416       122.7128       2.583241    
   161.8866       123.2925       2.582994    
   166.8759       123.5135       2.704878    
   171.8755       123.5189       2.713330    
   176.8751       123.4696       2.717139    
   181.8749       123.4451       2.721232    
   186.8749       123.4443       2.726353    
   191.8749       123.4446       2.732319    
   196.8749       123.4446       2.738599    
   201.8749       123.4446       2.744833    
   206.8749       123.4444       2.750672    
   211.8749       123.4465       2.755949    
   216.8748       123.4666       2.760420    
   221.8745       123.5179       2.764086    
   226.8739       123.5779       2.767038    
   231.8736       123.5806       2.769315    
   236.8703       123.4528       2.770937    
   241.8605       123.1981       2.771903    
   246.8531       122.9968       2.772145    
   251.8497       123.0435       2.771643    
   256.8403       123.2927       2.770388    
   261.8292       123.5684       2.768396    
   266.8226       123.7774       2.765728    
   271.8200       123.9041       2.762530    
   276.8195       123.9441       2.758950    
   281.8193       123.9193       2.755002    
   286.8188       123.8614       2.750724    
   291.8181       123.7885       2.746148    
   296.8170       123.7036       2.741321    
   301.8156       123.6032       2.736177    
   306.8141       123.5066       2.730494    
   311.8136       123.4719       2.724193    
   316.8123       123.4112       2.717234    
   321.7794       123.0143       2.709663    
   326.7076       122.3138       2.698663    
   331.6619       122.0768       2.685637    
   336.6017       122.6448       2.671605    
   341.4941       123.5022       2.647593    
   346.3997       124.3040       2.638462    
   351.3318       124.9827       2.603612    
   356.3008       125.4084       2.385664    
   361.2956       125.5824       2.354601    
   366.2939       125.6901       2.353292    
   371.2916       125.8165       2.351597    
   376.2886       125.9600       2.349761    
   381.2849       126.1205       2.347850    
   386.2799       126.3045       2.345913    
   391.2732       126.5198       2.344289    
   396.2645       126.7639       2.342698    
   401.2549       127.0210       2.341304    
   406.2462       127.2653       2.340180    
   411.2407       127.4575       2.339102    
   416.2387       127.5636       2.338058    
   421.2385       127.5953       2.337080    
   426.2385       127.5986       2.336452    
   431.2385       127.6125       2.336267    
   436.2343       127.7445       2.336478    
   441.2233       128.0178       2.337051    
   446.2118       128.2982       2.337727    
   451.2035       128.5366       2.338521    
   456.1937       128.7948       2.339163    
   461.1783       129.1181       2.339487    
   466.1624       129.4493       2.339516    
   471.1551       129.6459       2.339335    
   476.1545       129.6918       2.344938    
   481.8401       129.6939       2.350234    
   489.3643       129.6939       2.349864    
   507.4286       129.6939       2.349677    
  -33.77417       118.0135       2.579071    
  -15.70986       118.0135       2.579477    
  -8.185690       118.0135       2.580035    
  -2.500000       118.0135       2.580654    
   2.481762       118.2522       2.581300    
   7.434425       118.7923       2.582025    
   12.38829       119.3243       2.582801    
   17.37068       119.5977       2.583316    
   22.36992       119.6640       2.583449    
   27.36889       119.7397       2.583234    
   32.36626       119.8660       2.582644    
   37.36148       120.0378       2.581821    
   42.35468       120.2439       2.580941    
   47.34677       120.4665       2.580225    
   52.33939       120.6811       2.579993    
   57.33461       120.8514       2.580314    
   62.33282       120.9489       2.581183    
   67.33237       120.9520       2.582527    
   72.33087       120.8632       2.584161    
   77.32610       120.6951       2.585956    
   82.31709       120.4589       2.587816    
   87.30524       120.1866       2.589802    
   92.29430       119.9255       2.592010    
   97.28818       119.7367       2.594456    
   102.2866       119.6531       2.597192    
   107.2863       119.6129       2.600316    
   112.2728       119.3835       2.604128    
   117.2255       118.8540       2.608734    
   122.1606       118.2177       2.613114    
   127.1186       117.7218       2.617585    
   132.1048       117.4431       2.622031    
   137.1018       117.3242       2.626272    
   142.1004       117.3613       2.630324    
   147.0855       117.6301       2.634211    
   152.0289       118.2023       2.637712    
   156.9416       118.9394       2.640589    
   161.8866       119.4921       2.642886    
   166.8759       119.7027       2.704637    
   171.8755       119.7078       2.712721    
   176.8751       119.6608       2.717132    
   181.8749       119.6375       2.721376    
   186.8749       119.6367       2.726572    
   191.8749       119.6370       2.732484    
   196.8749       119.6370       2.738581    
   201.8749       119.6370       2.744591    
   206.8749       119.6368       2.750213    
   211.8749       119.6388       2.755267    
   216.8748       119.6580       2.759619    
   221.8745       119.7069       2.763265    
   226.8739       119.7641       2.766232    
   231.8736       119.7666       2.768530    
   236.8703       119.6448       2.770130    
   241.8605       119.4020       2.771052    
   246.8531       119.2101       2.771280    
   251.8497       119.2547       2.770776    
   256.8403       119.4922       2.769596    
   261.8292       119.7551       2.767725    
   266.8226       119.9542       2.765200    
   271.8200       120.0750       2.762147    
   276.8195       120.1131       2.758609    
   281.8193       120.0895       2.754693    
   286.8188       120.0343       2.750453    
   291.8181       119.9648       2.745914    
   296.8170       119.8839       2.741102    
   301.8156       119.7882       2.735940    
   306.8141       119.6961       2.730319    
   311.8136       119.6630       2.724087    
   316.8123       119.6051       2.717220    
   321.7794       119.2268       2.709562    
   326.7076       118.5591       2.699539    
   331.6619       118.3332       2.687068    
   336.6017       118.8746       2.672999    
   341.4941       119.6919       2.642723    
   346.3997       120.4562       2.631662    
   351.3318       121.1031       2.601344    
   356.3008       121.5089       2.492789    
   361.2956       121.6748       2.419281    
   366.2939       121.7775       2.416026    
   371.2916       121.8979       2.412316    
   376.2886       122.0348       2.408189    
   381.2849       122.1877       2.403884    
   386.2799       122.3631       2.399627    
   391.2732       122.5684       2.395530    
   396.2645       122.8010       2.391622    
   401.2549       123.0461       2.388061    
   406.2462       123.2790       2.384807    
   411.2407       123.4621       2.381641    
   416.2387       123.5633       2.378551    
   421.2385       123.5935       2.375558    
   426.2385       123.5967       2.372802    
   431.2385       123.6100       2.370322    
   436.2343       123.7357       2.368088    
   441.2233       123.9963       2.366132    
   446.2118       124.2636       2.364342    
   451.2035       124.4909       2.362651    
   456.1937       124.7369       2.360999    
   461.1783       125.0452       2.359358    
   466.1624       125.3608       2.357678    
   471.1551       125.5482       2.355889    
   476.1545       125.5920       2.353929    
   481.8401       125.5940       2.351974    
   489.3643       125.5940       2.350919    
   507.4286       125.5940       2.350438    
  -33.77417       113.9358       2.579403    
  -15.70986       113.9358       2.579783    
  -8.185690       113.9358       2.580294    
  -2.500000       113.9358       2.580863    
   2.481762       114.1617       2.581453    
   7.434425       114.6728       2.582056    
   12.38829       115.1762       2.582627    
   17.37068       115.4350       2.583012    
   22.36992       115.4978       2.583153    
   27.36889       115.5694       2.583030    
   32.36626       115.6889       2.582731    
   37.36148       115.8514       2.582239    
   42.35468       116.0465       2.581683    
   47.34677       116.2571       2.581335    
   52.33939       116.4603       2.581339    
   57.33461       116.6214       2.581745    
   62.33282       116.7137       2.582574    
   67.33237       116.7167       2.583749    
   72.33087       116.6326       2.585269    
   77.32610       116.4735       2.587031    
   82.31709       116.2499       2.588955    
   87.30524       115.9922       2.591072    
   92.29430       115.7452       2.593438    
   97.28818       115.5665       2.596131    
   102.2866       115.4874       2.599097    
   107.2863       115.4493       2.602398    
   112.2728       115.2323       2.606136    
   117.2255       114.7313       2.610297    
   122.1606       114.1291       2.614641    
   127.1186       113.6599       2.619161    
   132.1048       113.3961       2.623756    
   137.1018       113.2836       2.628361    
   142.1004       113.3186       2.633100    
   147.0855       113.5730       2.637981    
   152.0289       114.1145       2.642632    
   156.9416       114.8120       2.646628    
   161.8866       115.3350       2.649971    
   166.8759       115.5344       2.703376    
   171.8755       115.5392       2.711401    
   176.8751       115.4947       2.716705    
   181.8749       115.4726       2.721296    
   186.8749       115.4719       2.726590    
   191.8749       115.4722       2.732398    
   196.8749       115.4722       2.738263    
   201.8749       115.4722       2.744020    
   206.8749       115.4720       2.749392    
   211.8749       115.4739       2.754203    
   216.8748       115.4921       2.758401    
   221.8745       115.5383       2.761977    
   226.8739       115.5924       2.764898    
   231.8736       115.5948       2.767139    
   236.8703       115.4796       2.768708    
   241.8605       115.2498       2.769610    
   246.8531       115.0682       2.769826    
   251.8497       115.1104       2.769365    
   256.8403       115.3352       2.768244    
   261.8292       115.5839       2.766500    
   266.8226       115.7724       2.764167    
   271.8200       115.8866       2.761251    
   276.8195       115.9228       2.757833    
   281.8193       115.9004       2.754002    
   286.8188       115.8482       2.749839    
   291.8181       115.7824       2.745368    
   296.8170       115.7058       2.740588    
   301.8156       115.6153       2.735476    
   306.8141       115.5281       2.729905    
   311.8136       115.4968       2.723790    
   316.8123       115.4420       2.717077    
   321.7794       115.0840       2.709552    
   326.7076       114.4521       2.700214    
   331.6619       114.2384       2.688431    
   336.6017       114.7507       2.673776    
   341.4941       115.5241       2.637217    
   346.3997       116.2474       2.624158    
   351.3318       116.8596       2.596490    
   356.3008       117.2437       2.496905    
   361.2956       117.4006       2.439437    
   366.2939       117.4977       2.427788    
   371.2916       117.6117       2.420779    
   376.2886       117.7412       2.414821    
   381.2849       117.8860       2.409235    
   386.2799       118.0519       2.404146    
   391.2732       118.2462       2.399429    
   396.2645       118.4663       2.395066    
   401.2549       118.6983       2.391122    
   406.2462       118.9186       2.387492    
   411.2407       119.0920       2.384093    
   416.2387       119.1877       2.380845    
   421.2385       119.2163       2.377750    
   426.2385       119.2194       2.374852    
   431.2385       119.2319       2.372193    
   436.2343       119.3509       2.369777    
   441.2233       119.5975       2.367615    
   446.2118       119.8504       2.365682    
   451.2035       120.0655       2.363848    
   456.1937       120.2983       2.362066    
   461.1783       120.5900       2.360293    
   466.1624       120.8887       2.358496    
   471.1551       121.0661       2.356691    
   476.1545       121.1075       2.354871    
   481.8401       121.1095       2.353220    
   489.3643       121.1095       2.352058    
   507.4286       121.1095       2.351394    
  -33.77417       109.4377       2.579478    
  -15.70986       109.4377       2.579833    
  -8.185690       109.4377       2.580318    
  -2.500000       109.4377       2.580868    
   2.481762       109.6495       2.581406    
   7.434425       110.1285       2.581890    
   12.38829       110.6005       2.582335    
   17.37068       110.8431       2.582634    
   22.36992       110.9020       2.582778    
   27.36889       110.9691       2.582791    
   32.36626       111.0811       2.582669    
   37.36148       111.2335       2.582460    
   42.35468       111.4164       2.582241    
   47.34677       111.6138       2.582168    
   52.33939       111.8043       2.582354    
   57.33461       111.9553       2.582862    
   62.33282       112.0418       2.583688    
   67.33237       112.0446       2.584810    
   72.33087       111.9657       2.586271    
   77.32610       111.8166       2.588019    
   82.31709       111.6071       2.590008    
   87.30524       111.3655       2.592167    
   92.29430       111.1339       2.594562    
   97.28818       110.9664       2.597301    
   102.2866       110.8923       2.600337    
   107.2863       110.8566       2.603641    
   112.2728       110.6531       2.607278    
   117.2255       110.1834       2.611245    
   122.1606       109.6189       2.615534    
   127.1186       109.1790       2.620086    
   132.1048       108.9318       2.624813    
   137.1018       108.8263       2.629637    
   142.1004       108.8592       2.634853    
   147.0855       109.0976       2.640331    
   152.0289       109.6052       2.645838    
   156.9416       110.2591       2.651597    
   161.8866       110.7494       2.659282    
   166.8759       110.9363       2.701191    
   171.8755       110.9408       2.709452    
   176.8751       110.8991       2.715769    
   181.8749       110.8784       2.720756    
   186.8749       110.8776       2.726153    
   191.8749       110.8779       2.731885    
   196.8749       110.8779       2.737533    
   201.8749       110.8779       2.743018    
   206.8749       110.8778       2.748105    
   211.8749       110.8796       2.752673    
   216.8748       110.8966       2.756708    
   221.8745       110.9400       2.760145    
   226.8739       110.9907       2.762968    
   231.8736       110.9929       2.765145    
   236.8703       110.8849       2.766661    
   241.8605       110.6695       2.767522    
   246.8531       110.4993       2.767734    
   251.8497       110.5388       2.767320    
   256.8403       110.7495       2.766306    
   261.8292       110.9827       2.764714    
   266.8226       111.1594       2.762541    
   271.8200       111.2665       2.759789    
   276.8195       111.3003       2.756520    
   281.8193       111.2794       2.752831    
   286.8188       111.2305       2.748778    
   291.8181       111.1687       2.744402    
   296.8170       111.0969       2.739729    
   301.8156       111.0121       2.734695    
   306.8141       110.9304       2.729208    
   311.8136       110.9010       2.723229    
   316.8123       110.8497       2.716766    
   321.7794       110.5141       2.709536    
   326.7076       109.9218       2.700773    
   331.6619       109.7214       2.689771    
   336.6017       110.2016       2.674577    
   341.4941       110.9267       2.631382    
   346.3997       111.6047       2.616242    
   351.3318       112.1786       2.589477    
   356.3008       112.5386       2.497423    
   361.2956       112.6857       2.447578    
   366.2939       112.7768       2.432556    
   371.2916       112.8837       2.422315    
   376.2886       113.0050       2.416186    
   381.2849       113.1407       2.410439    
   386.2799       113.2963       2.405224    
   391.2732       113.4784       2.400420    
   396.2645       113.6848       2.395956    
   401.2549       113.9022       2.391874    
   406.2462       114.1088       2.388135    
   411.2407       114.2713       2.384657    
   416.2387       114.3611       2.381369    
   421.2385       114.3878       2.378280    
   426.2385       114.3907       2.375426    
   431.2385       114.4025       2.372723    
   436.2343       114.5140       2.370279    
   441.2233       114.7451       2.368066    
   446.2118       114.9823       2.366093    
   451.2035       115.1839       2.364255    
   456.1937       115.4022       2.362452    
   461.1783       115.6756       2.360672    
   466.1624       115.9556       2.358916    
   471.1551       116.1219       2.357183    
   476.1545       116.1607       2.355556    
   481.8401       116.1625       2.354102    
   489.3643       116.1625       2.353002    
   507.4286       116.1625       2.352274    
  -33.77417       104.4251       2.579496    
  -15.70986       104.4251       2.579866    
  -8.185690       104.4251       2.580344    
  -2.500000       104.4251       2.580817    
   2.481762       104.6212       2.581277    
   7.434425       105.0646       2.581723    
   12.38829       105.5015       2.582094    
   17.37068       105.7260       2.582382    
   22.36992       105.7805       2.582580    
   27.36889       105.8427       2.582650    
   32.36626       105.9463       2.582689    
   37.36148       106.0873       2.582662    
   42.35468       106.2567       2.582662    
   47.34677       106.4394       2.582829    
   52.33939       106.6157       2.583192    
   57.33461       106.7555       2.583824    
   62.33282       106.8356       2.584719    
   67.33237       106.8381       2.585879    
   72.33087       106.7651       2.587357    
   77.32610       106.6271       2.589083    
   82.31709       106.4332       2.591049    
   87.30524       106.2096       2.593256    
   92.29430       105.9952       2.595665    
   97.28818       105.8402       2.598359    
   102.2866       105.7715       2.601348    
   107.2863       105.7385       2.604584    
   112.2728       105.5501       2.608148    
   117.2255       105.1154       2.612034    
   122.1606       104.5929       2.616215    
   127.1186       104.1857       2.620692    
   132.1048       103.9569       2.625435    
   137.1018       103.8593       2.630360    
   142.1004       103.8897       2.635785    
   147.0855       104.1104       2.641454    
   152.0289       104.5803       2.647237    
   156.9416       105.1855       2.655101    
   161.8866       105.6393       2.664148    
   166.8759       105.8122       2.698482    
   171.8755       105.8165       2.707303    
   176.8751       105.7778       2.714365    
   181.8749       105.7587       2.719823    
   186.8749       105.7580       2.725322    
   191.8749       105.7582       2.730992    
   196.8749       105.7583       2.736446    
   201.8749       105.7583       2.741622    
   206.8749       105.7581       2.746424    
   211.8749       105.7598       2.750757    
   216.8748       105.7755       2.754551    
   221.8745       105.8157       2.757801    
   226.8739       105.8626       2.760471    
   231.8736       105.8647       2.762548    
   236.8703       105.7647       2.764033    
   241.8605       105.5654       2.764897    
   246.8531       105.4078       2.765136    
   251.8497       105.4444       2.764785    
   256.8403       105.6394       2.763876    
   261.8292       105.8553       2.762398    
   266.8226       106.0188       2.760356    
   271.8200       106.1179       2.757770    
   276.8195       106.1492       2.754683    
   281.8193       106.1298       2.751160    
   286.8188       106.0846       2.747253    
   291.8181       106.0275       2.743041    
   296.8170       105.9610       2.738511    
   301.8156       105.8824       2.733601    
   306.8141       105.8068       2.728269    
   311.8136       105.7796       2.722491    
   316.8123       105.7321       2.716282    
   321.7794       105.4215       2.709364    
   326.7076       104.8732       2.701160    
   331.6619       104.6877       2.690885    
   336.6017       105.1322       2.675443    
   341.4941       105.8034       2.625757    
   346.3997       106.4309       2.607921    
   351.3318       106.9622       2.580937    
   356.3008       107.2954       2.498185    
   361.2956       107.4315       2.450621    
   366.2939       107.5159       2.435250    
   371.2916       107.6148       2.423708    
   376.2886       107.7271       2.417269    
   381.2849       107.8528       2.411459    
   386.2799       107.9968       2.406205    
   391.2732       108.1653       2.401389    
   396.2645       108.3564       2.396852    
   401.2549       108.5576       2.392724    
   406.2462       108.7488       2.388909    
   411.2407       108.8992       2.385287    
   416.2387       108.9823       2.381959    
   421.2385       109.0071       2.378821    
   426.2385       109.0098       2.375937    
   431.2385       109.0207       2.373275    
   436.2343       109.1239       2.370763    
   441.2233       109.3378       2.368519    
   446.2118       109.5574       2.366497    
   451.2035       109.7439       2.364644    
   456.1937       109.9460       2.362864    
   461.1783       110.1991       2.361077    
   466.1624       110.4583       2.359375    
   471.1551       110.6122       2.357755    
   476.1545       110.6481       2.356250    
   481.8401       110.6497       2.354951    
   489.3643       110.6497       2.353879    
   507.4286       110.6497       2.353132    
  -33.77417       98.76926       2.579494    
  -15.70986       98.76926       2.579877    
  -8.185690       98.76926       2.580299    
  -2.500000       98.76926       2.580694    
   2.481762       98.94752       2.581113    
   7.434425       99.35075       2.581493    
   12.38829       99.74802       2.581860    
   17.37068       99.95215       2.582172    
   22.36992       100.0017       2.582427    
   27.36889       100.0582       2.582608    
   32.36626       100.1525       2.582755    
   37.36148       100.2807       2.582893    
   42.35468       100.4347       2.583059    
   47.34677       100.6009       2.583392    
   52.33939       100.7612       2.583912    
   57.33461       100.8883       2.584667    
   62.33282       100.9611       2.585667    
   67.33237       100.9634       2.586922    
   72.33087       100.8971       2.588462    
   77.32610       100.7716       2.590209    
   82.31709       100.5952       2.592141    
   87.30524       100.3919       2.594319    
   92.29430       100.1970       2.596729    
   97.28818       100.0560       2.599395    
   102.2866       99.99355       2.602319    
   107.2863       99.96349       2.605522    
   112.2728       99.79222       2.609037    
   117.2255       99.39693       2.612886    
   122.1606       98.92178       2.617031    
   127.1186       98.55151       2.621423    
   132.1048       98.34343       2.626105    
   137.1018       98.25465       2.631125    
   142.1004       98.28233       2.636719    
   147.0855       98.48299       2.642461    
   152.0289       98.91029       2.648526    
   156.9416       99.46066       2.657562    
   161.8866       99.87329       2.667304    
   166.8759       100.0306       2.695786    
   171.8755       100.0344       2.705058    
   176.8751       99.99930       2.712588    
   181.8749       99.98188       2.718568    
   186.8749       99.98126       2.724164    
   191.8749       99.98149       2.729760    
   196.8749       99.98150       2.735003    
   201.8749       99.98149       2.739917    
   206.8749       99.98139       2.744459    
   211.8749       99.98287       2.748528    
   216.8748       99.99718       2.752100    
   221.8745       100.0337       2.755148    
   226.8739       100.0764       2.757683    
   231.8736       100.0783       2.759650    
   236.8703       99.98734       2.761050    
   241.8605       99.80609       2.761892    
   246.8531       99.66279       2.762142    
   251.8497       99.69608       2.761841    
   256.8403       99.87341       2.761019    
   261.8292       100.0697       2.759675    
   266.8226       100.2184       2.757787    
   271.8200       100.3085       2.755388    
   276.8195       100.3370       2.752520    
   281.8193       100.3194       2.749182    
   286.8188       100.2782       2.745460    
   291.8181       100.2263       2.741413    
   296.8170       100.1659       2.737054    
   301.8156       100.0944       2.732310    
   306.8141       100.0256       2.727124    
   311.8136       100.0009       2.721574    
   316.8123       99.95772       2.715609    
   321.7794       99.67523       2.709025    
   326.7076       99.17667       2.701430    
   331.6619       99.00801       2.691681    
   336.6017       99.41222       2.676318    
   341.4941       100.0225       2.620839    
   346.3997       100.5932       2.599677    
   351.3318       101.0763       2.571553    
   356.3008       101.3793       2.499408    
   361.2956       101.5031       2.453343    
   366.2939       101.5798       2.437835    
   371.2916       101.6697       2.425330    
   376.2886       101.7719       2.418274    
   381.2849       101.8861       2.412457    
   386.2799       102.0170       2.407137    
   391.2732       102.1703       2.402239    
   396.2645       102.3440       2.397708    
   401.2549       102.5270       2.393556    
   406.2462       102.7009       2.389694    
   411.2407       102.8377       2.385978    
   416.2387       102.9132       2.382547    
   421.2385       102.9358       2.379386    
   426.2385       102.9382       2.376466    
   431.2385       102.9481       2.373799    
   436.2343       103.0419       2.371273    
   441.2233       103.2365       2.368987    
   446.2118       103.4361       2.366920    
   451.2035       103.6058       2.365065    
   456.1937       103.7895       2.363289    
   461.1783       104.0197       2.361527    
   466.1624       104.2553       2.359894    
   471.1551       104.3953       2.358390    
   476.1545       104.4279       2.356999    
   481.8401       104.4295       2.355778    
   489.3643       104.4295       2.354756    
   507.4286       104.4295       2.353978    
  -33.77417       92.28692       2.579493    
  -15.70986       92.28692       2.579809    
  -8.185690       92.28692       2.580188    
  -2.500000       92.28692       2.580568    
   2.481762       92.44483       2.580962    
   7.434425       92.80198       2.581352    
   12.38829       93.15384       2.581716    
   17.37068       93.33465       2.582043    
   22.36992       93.37855       2.582355    
   27.36889       93.42858       2.582649    
   32.36626       93.51208       2.582956    
   37.36148       93.62569       2.583286    
   42.35468       93.76205       2.583657    
   47.34677       93.90923       2.584170    
   52.33939       94.05121       2.584817    
   57.33461       94.16380       2.585675    
   62.33282       94.22831       2.586733    
   67.33237       94.23037       2.588008    
   72.33087       94.17159       2.589569    
   77.32610       94.06042       2.591321    
   82.31709       93.90422       2.593262    
   87.30524       93.72411       2.595407    
   92.29430       93.55146       2.597792    
   97.28818       93.42661       2.600455    
   102.2866       93.37131       2.603364    
   107.2863       93.34469       2.606555    
   112.2728       93.19299       2.610046    
   117.2255       92.84286       2.613805    
   122.1606       92.42202       2.617871    
   127.1186       92.09407       2.622245    
   132.1048       91.90976       2.626892    
   137.1018       91.83113       2.631880    
   142.1004       91.85565       2.637502    
   147.0855       92.03337       2.643399    
   152.0289       92.41184       2.649912    
   156.9416       92.89931       2.659777    
   161.8866       93.26480       2.670372    
   166.8759       93.40413       2.693167    
   171.8755       93.40750       2.702752    
   176.8751       93.37640       2.710669    
   181.8749       93.36098       2.717116    
   186.8749       93.36044       2.722821    
   191.8749       93.36063       2.728292    
   196.8749       93.36064       2.733341    
   201.8749       93.36063       2.738024    
   206.8749       93.36054       2.742336    
   211.8749       93.36186       2.746177    
   216.8748       93.37454       2.749524    
   221.8745       93.40688       2.752392    
   226.8739       93.44470       2.754756    
   231.8736       93.44635       2.756625    
   236.8703       93.36582       2.757966    
   241.8605       93.20527       2.758781    
   246.8531       93.07835       2.759095    
   251.8497       93.10783       2.758866    
   256.8403       93.26490       2.758113    
   261.8292       93.43874       2.756848    
   266.8226       93.57047       2.755097    
   271.8200       93.65030       2.752873    
   276.8195       93.67554       2.750187    
   281.8193       93.65989       2.747086    
   286.8188       93.62345       2.743547    
   291.8181       93.57744       2.739655    
   296.8170       93.52392       2.735451    
   301.8156       93.46066       2.730874    
   306.8141       93.39973       2.725903    
   311.8136       93.37785       2.720520    
   316.8123       93.33959       2.714775    
   321.7794       93.08938       2.708558    
   326.7076       92.64779       2.701526    
   331.6619       92.49840       2.692298    
   336.6017       92.85643       2.676960    
   341.4941       93.39696       2.616914    
   346.3997       93.90244       2.591525    
   351.3318       94.33030       2.562143    
   356.3008       94.59869       2.500587    
   361.2956       94.70834       2.456268    
   366.2939       94.77627       2.440402    
   371.2916       94.85593       2.427063    
   376.2886       94.94642       2.419358    
   381.2849       95.04758       2.413461    
   386.2799       95.16358       2.407996    
   391.2732       95.29931       2.402972    
   396.2645       95.45317       2.398403    
   401.2549       95.61526       2.394232    
   406.2462       95.76926       2.390313    
   411.2407       95.89043       2.386533    
   416.2387       95.95733       2.383049    
   421.2385       95.97731       2.379873    
   426.2385       95.97943       2.376956    
   431.2385       95.98818       2.374262    
   436.2343       96.07135       2.371753    
   441.2233       96.24365       2.369497    
   446.2118       96.42047       2.367411    
   451.2035       96.57073       2.365543    
   456.1937       96.73344       2.363816    
   461.1783       96.93733       2.362194    
   466.1624       97.14609       2.360683    
   471.1551       97.27006       2.359213    
   476.1545       97.29897       2.357838    
   481.8401       97.30029       2.356664    
   489.3643       97.30029       2.355648    
   507.4286       97.30029       2.354805    
  -33.77417       84.70639       2.579443    
  -15.70986       84.70639       2.579729    
  -8.185690       84.70639       2.580056    
  -2.500000       84.70639       2.580418    
   2.481762       84.84047       2.580819    
   7.434425       85.14374       2.581252    
   12.38829       85.44250       2.581631    
   17.37068       85.59602       2.582008    
   22.36992       85.63330       2.582374    
   27.36889       85.67580       2.582784    
   32.36626       85.74669       2.583205    
   37.36148       85.84315       2.583672    
   42.35468       85.95895       2.584214    
   47.34677       86.08392       2.584847    
   52.33939       86.20448       2.585639    
   57.33461       86.30008       2.586561    
   62.33282       86.35486       2.587684    
   67.33237       86.35661       2.589013    
   72.33087       86.30669       2.590569    
   77.32610       86.21230       2.592370    
   82.31709       86.07966       2.594338    
   87.30524       85.92673       2.596490    
   92.29430       85.78013       2.598861    
   97.28818       85.67411       2.601460    
   102.2866       85.62716       2.604354    
   107.2863       85.60456       2.607508    
   112.2728       85.47575       2.610909    
   117.2255       85.17844       2.614618    
   122.1606       84.82110       2.618659    
   127.1186       84.54264       2.623018    
   132.1048       84.38613       2.627693    
   137.1018       84.31937       2.632667    
   142.1004       84.34019       2.638270    
   147.0855       84.49109       2.644403    
   152.0289       84.81246       2.651425    
   156.9416       85.22638       2.661888    
   161.8866       85.53673       2.672978    
   166.8759       85.65503       2.690798    
   171.8755       85.65790       2.700509    
   176.8751       85.63148       2.708699    
   181.8749       85.61840       2.715561    
   186.8749       85.61794       2.721315    
   191.8749       85.61810       2.726658    
   196.8749       85.61810       2.731579    
   201.8749       85.61810       2.736067    
   206.8749       85.61802       2.740179    
   211.8749       85.61914       2.743831    
   216.8748       85.62991       2.747004    
   221.8745       85.65736       2.749701    
   226.8739       85.68948       2.751939    
   231.8736       85.69088       2.753703    
   236.8703       85.62250       2.754979    
   241.8605       85.48617       2.755791    
   246.8531       85.37840       2.756130    
   251.8497       85.40344       2.755970    
   256.8403       85.53680       2.755287    
   261.8292       85.68442       2.754120    
   266.8226       85.79627       2.752498    
   271.8200       85.86406       2.750441    
   276.8195       85.88549       2.747955    
   281.8193       85.87220       2.745009    
   286.8188       85.84126       2.741657    
   291.8181       85.80219       2.737931    
   296.8170       85.75674       2.733850    
   301.8156       85.70303       2.729412    
   306.8141       85.65130       2.724588    
   311.8136       85.63272       2.719411    
   316.8123       85.60023       2.713875    
   321.7794       85.38776       2.707951    
   326.7076       85.01280       2.701364    
   331.6619       84.88596       2.692661    
   336.6017       85.18996       2.677321    
   341.4941       85.64894       2.613992    
   346.3997       86.07815       2.584125    
   351.3318       86.44146       2.553440    
   356.3008       86.66934       2.501209    
   361.2956       86.76245       2.459770    
   366.2939       86.82014       2.442919    
   371.2916       86.88777       2.428852    
   376.2886       86.96461       2.420670    
   381.2849       87.05051       2.414498    
   386.2799       87.14902       2.408877    
   391.2732       87.26426       2.403785    
   396.2645       87.39491       2.399193    
   401.2549       87.53254       2.394962    
   406.2462       87.66331       2.390994    
   411.2407       87.76619       2.387200    
   416.2387       87.82300       2.383672    
   421.2385       87.83997       2.380480    
   426.2385       87.84176       2.377526    
   431.2385       87.84920       2.374816    
   436.2343       87.91981       2.372321    
   441.2233       88.06612       2.370050    
   446.2118       88.21626       2.367971    
   451.2035       88.34385       2.366061    
   456.1937       88.48203       2.364382    
   461.1783       88.65514       2.362860    
   466.1624       88.83239       2.361418    
   471.1551       88.93765       2.360076    
   476.1545       88.96221       2.358809    
   481.8401       88.96335       2.357634    
   489.3643       88.96335       2.356563    
   507.4286       88.96335       2.355548    
  -33.77417       75.60016       2.579403    
  -15.70986       75.60016       2.579643    
  -8.185690       75.60016       2.579944    
  -2.500000       75.60016       2.580276    
   2.481762       75.70561       2.580677    
   7.434425       75.94414       2.581072    
   12.38829       76.17914       2.581498    
   17.37068       76.29989       2.581932    
   22.36992       76.32921       2.582422    
   27.36889       76.36263       2.582915    
   32.36626       76.41840       2.583431    
   37.36148       76.49427       2.583984    
   42.35468       76.58534       2.584602    
   47.34677       76.68364       2.585355    
   52.33939       76.77846       2.586239    
   57.33461       76.85366       2.587294    
   62.33282       76.89674       2.588502    
   67.33237       76.89812       2.589914    
   72.33087       76.85886       2.591530    
   77.32610       76.78461       2.593310    
   82.31709       76.68029       2.595289    
   87.30524       76.56001       2.597435    
   92.29430       76.44469       2.599808    
   97.28818       76.36131       2.602395    
   102.2866       76.32438       2.605238    
   107.2863       76.30660       2.608346    
   112.2728       76.20528       2.611696    
   117.2255       75.97144       2.615345    
   122.1606       75.69038       2.619386    
   127.1186       75.47135       2.623750    
   132.1048       75.34826       2.628446    
   137.1018       75.29574       2.633481    
   142.1004       75.31212       2.639138    
   147.0855       75.43081       2.645474    
   152.0289       75.68358       2.652963    
   156.9416       76.00915       2.663740    
   161.8866       76.25325       2.674858    
   166.8759       76.34630       2.688821    
   171.8755       76.34855       2.698500    
   176.8751       76.32778       2.706859    
   181.8749       76.31749       2.713984    
   186.8749       76.31712       2.719781    
   191.8749       76.31725       2.725084    
   196.8749       76.31725       2.729918    
   201.8749       76.31725       2.734251    
   206.8749       76.31718       2.738180    
   211.8749       76.31807       2.741682    
   216.8748       76.32654       2.744725    
   221.8745       76.34814       2.747324    
   226.8739       76.37340       2.749486    
   231.8736       76.37450       2.751194    
   236.8703       76.32071       2.752465    
   241.8605       76.21349       2.753285    
   246.8531       76.12872       2.753634    
   251.8497       76.14841       2.753497    
   256.8403       76.25331       2.752886    
   261.8292       76.36942       2.751804    
   266.8226       76.45739       2.750254    
   271.8200       76.51070       2.748295    
   276.8195       76.52757       2.745930    
   281.8193       76.51711       2.743137    
   286.8188       76.49277       2.739926    
   291.8181       76.46204       2.736346    
   296.8170       76.42630       2.732400    
   301.8156       76.38405       2.728069    
   306.8141       76.34336       2.723373    
   311.8136       76.32875       2.718324    
   316.8123       76.30320       2.712966    
   321.7794       76.13609       2.707256    
   326.7076       75.84116       2.700874    
   331.6619       75.74139       2.692675    
   336.6017       75.98050       2.677348    
   341.4941       76.34151       2.611784    
   346.3997       76.67910       2.578021    
   351.3318       76.96486       2.545857    
   356.3008       77.14410       2.500866    
   361.2956       77.21733       2.463923    
   366.2939       77.26270       2.445182    
   371.2916       77.31591       2.430717    
   376.2886       77.37634       2.422182    
   381.2849       77.44391       2.415631    
   386.2799       77.52139       2.409884    
   391.2732       77.61202       2.404657    
   396.2645       77.71479       2.399944    
   401.2549       77.82304       2.395646    
   406.2462       77.92590       2.391581    
   411.2407       78.00681       2.387803    
   416.2387       78.05150       2.384343    
   421.2385       78.06484       2.381135    
   426.2385       78.06626       2.378182    
   431.2385       78.07211       2.375482    
   436.2343       78.12765       2.372964    
   441.2233       78.24273       2.370677    
   446.2118       78.36082       2.368590    
   451.2035       78.46117       2.366711    
   456.1937       78.56985       2.365054    
   461.1783       78.70601       2.363524    
   466.1624       78.84543       2.362142    
   471.1551       78.92822       2.360903    
   476.1545       78.94754       2.359770    
   481.8401       78.94843       2.358687    
   489.3643       78.94843       2.357603    
   507.4286       78.94843       2.356078    
  -33.77417       56.32260       2.579408    
  -15.70986       56.32260       2.579621    
  -8.185690       56.32260       2.579896    
  -2.500000       56.32260       2.580222    
   2.481762       56.36747       2.580568    
   7.434425       56.46896       2.580970    
   12.38829       56.56895       2.581406    
   17.37068       56.62033       2.581909    
   22.36992       56.63280       2.582433    
   27.36889       56.64702       2.582996    
   32.36626       56.67075       2.583594    
   37.36148       56.70303       2.584254    
   42.35468       56.74178       2.584998    
   47.34677       56.78361       2.585829    
   52.33939       56.82395       2.586822    
   57.33461       56.85595       2.587953    
   62.33282       56.87428       2.589247    
   67.33237       56.87487       2.590721    
   72.33087       56.85816       2.592368    
   77.32610       56.82657       2.594183    
   82.31709       56.78218       2.596156    
   87.30524       56.73100       2.598320    
   92.29430       56.68194       2.600710    
   97.28818       56.64646       2.603302    
   102.2866       56.63075       2.606103    
   107.2863       56.62318       2.609125    
   112.2728       56.58007       2.612411    
   117.2255       56.48058       2.616011    
   122.1606       56.36099       2.619966    
   127.1186       56.26780       2.624306    
   132.1048       56.21542       2.629028    
   137.1018       56.19307       2.634168    
   142.1004       56.20005       2.639919    
   147.0855       56.25055       2.646499    
   152.0289       56.35809       2.654469    
   156.9416       56.49662       2.665121    
   161.8866       56.60048       2.676025    
   166.8759       56.64007       2.687287    
   171.8755       56.64103       2.696907    
   176.8751       56.63219       2.705322    
   181.8749       56.62782       2.712466    
   186.8749       56.62766       2.718425    
   191.8749       56.62771       2.723737    
   196.8749       56.62772       2.728467    
   201.8749       56.62771       2.732700    
   206.8749       56.62769       2.736542    
   211.8749       56.62806       2.739936    
   216.8748       56.63167       2.742911    
   221.8745       56.64086       2.745471    
   226.8739       56.65160       2.747570    
   231.8736       56.65207       2.749252    
   236.8703       56.62919       2.750492    
   241.8605       56.58356       2.751280    
   246.8531       56.54750       2.751611    
   251.8497       56.55588       2.751486    
   256.8403       56.60051       2.750922    
   261.8292       56.64991       2.749909    
   266.8226       56.68734       2.748467    
   271.8200       56.71003       2.746603    
   276.8195       56.71720       2.744319    
   281.8193       56.71275       2.741615    
   286.8188       56.70240       2.738514    
   291.8181       56.68932       2.735032    
   296.8170       56.67411       2.731148    
   301.8156       56.65614       2.726903    
   306.8141       56.63882       2.722320    
   311.8136       56.63261       2.717394    
   316.8123       56.62173       2.712149    
   321.7794       56.55063       2.706486    
   326.7076       56.42514       2.700100    
   331.6619       56.38269       2.692195    
   336.6017       56.48443       2.676904    
   341.4941       56.63803       2.610220    
   346.3997       56.78168       2.573455    
   351.3318       56.90327       2.539870    
   356.3008       56.97953       2.500094    
   361.2956       57.01069       2.468081    
   366.2939       57.02999       2.447127    
   371.2916       57.05263       2.432701    
   376.2886       57.07835       2.423763    
   381.2849       57.10709       2.416812    
   386.2799       57.14006       2.410874    
   391.2732       57.17862       2.405481    
   396.2645       57.22235       2.400617    
   401.2549       57.26841       2.396175    
   406.2462       57.31217       2.392106    
   411.2407       57.34660       2.388347    
   416.2387       57.36561       2.384887    
   421.2385       57.37129       2.381701    
   426.2385       57.37189       2.378740    
   431.2385       57.37438       2.376028    
   436.2343       57.39801       2.373518    
   441.2233       57.44698       2.371248    
   446.2118       57.49723       2.369187    
   451.2035       57.53992       2.367308    
   456.1937       57.58617       2.365631    
   461.1783       57.64410       2.364139    
   466.1624       57.70342       2.362818    
   471.1551       57.73865       2.361667    
   476.1545       57.74687       2.360667    
   481.8401       57.74725       2.359860    
   489.3643       57.74725       2.359331    
   507.4286       57.74725       2.357698    
