        1545
  -33.77417       136.6885       1.797932    
  -15.70986       136.6885       1.771416    
  -8.185690       136.6885       1.598330    
  -2.500000       136.6885       1.288990    
   2.481762       136.9860       1.368603    
   7.434425       137.6588       1.385460    
   12.38829       138.3216       1.435796    
   17.37068       138.6622       1.429073    
   22.36992       138.7449       1.437208    
   27.36889       138.8391       1.459332    
   32.36626       138.9964       1.449316    
   37.36148       139.2104       1.411515    
   42.35468       139.4673       1.388110    
   47.34677       139.7446       1.332960    
   52.33939       140.0120       1.282776    
   57.33461       140.2241       1.298058    
   62.33282       140.3456       1.294197    
   67.33237       140.3495       1.290267    
   72.33087       140.2388       1.258164    
   77.32610       140.0294       1.285815    
   82.31709       139.7351       1.293138    
   87.30524       139.3958       1.296668    
   92.29430       139.0706       1.336527    
   97.28818       138.8354       1.388647    
   102.2866       138.7312       1.452979    
   107.2863       138.6811       1.474402    
   112.2728       138.3953       1.469058    
   117.2255       137.7357       1.343305    
   122.1606       136.9430       1.234401    
   127.1186       136.3252       1.229993    
   132.1048       135.9780       1.216375    
   137.1018       135.8299       1.210782    
   142.1004       135.8761       1.208831    
   147.0855       136.2108       1.278458    
   152.0289       136.9238       1.214586    
   156.9416       137.8421       1.292291    
   161.8866       138.5306       1.378459    
   166.8759       138.7930       1.335819    
   171.8755       138.7994       1.321504    
   176.8751       138.7408       1.313558    
   181.8749       138.7118       1.341092    
   186.8749       138.7108       1.328539    
   191.8749       138.7111       1.325873    
   196.8749       138.7112       1.326528    
   201.8749       138.7111       1.323950    
   206.8749       138.7109       1.325143    
   211.8749       138.7134       1.326192    
   216.8748       138.7373       1.321027    
   221.8745       138.7983       1.311346    
   226.8739       138.8695       1.295507    
   231.8736       138.8726       1.318370    
   236.8703       138.7209       1.290459    
   241.8605       138.4185       1.287733    
   246.8531       138.1794       1.296442    
   251.8497       138.2349       1.302994    
   256.8403       138.5308       1.291853    
   261.8292       138.8582       1.301161    
   266.8226       139.1064       1.325699    
   271.8200       139.2568       1.305237    
   276.8195       139.3043       1.310829    
   281.8193       139.2749       1.322155    
   286.8188       139.2062       1.317371    
   291.8181       139.1195       1.316262    
   296.8170       139.0187       1.340775    
   301.8156       138.8996       1.292887    
   306.8141       138.7848       1.291404    
   311.8136       138.7435       1.298840    
   316.8123       138.6715       1.297573    
   321.7794       138.2001       1.252932    
   326.7076       137.3683       1.235823    
   331.6619       137.0869       1.377374    
   336.6017       137.7613       1.365030    
   341.4941       138.7795       1.334760    
   346.3997       139.7317       1.283254    
   351.3318       140.5377       1.290843    
   356.3008       141.0433       1.369829    
   361.2956       141.2499       1.496238    
   366.2939       141.3779       1.663281    
   371.2916       141.5279       1.653464    
   376.2886       141.6984       1.587069    
   381.2849       141.8889       1.520977    
   386.2799       142.1075       1.348979    
   391.2732       142.3631       1.341413    
   396.2645       142.6530       1.314519    
   401.2549       142.9583       1.325548    
   406.2462       143.2484       1.277029    
   411.2407       143.4767       1.221284    
   416.2387       143.6027       1.187139    
   421.2385       143.6403       1.166591    
   426.2385       143.6443       1.193208    
   431.2385       143.6608       1.196279    
   436.2343       143.8174       1.192831    
   441.2233       144.1421       1.196830    
   446.2118       144.4751       1.254436    
   451.2035       144.7582       1.260700    
   456.1937       145.0647       1.278157    
   461.1783       145.4488       1.489376    
   466.1624       145.8420       1.477447    
   471.1551       146.0755       1.381365    
   476.1545       146.1300       1.205299    
   481.8401       146.1326       1.624140    
   489.3643       146.1326       1.792713    
   507.4286       146.1326       1.819928    
  -33.77417       134.0858       1.800191    
  -15.70986       134.0858       1.772636    
  -8.185690       134.0858       1.604569    
  -2.500000       134.0858       1.169910    
   2.481762       134.3752       1.205424    
   7.434425       135.0294       1.341598    
   12.38829       135.6740       1.400507    
   17.37068       136.0052       1.321434    
   22.36992       136.0857       1.313023    
   27.36889       136.1774       1.311629    
   32.36626       136.3303       1.308584    
   37.36148       136.5384       1.307101    
   42.35468       136.7882       1.228542    
   47.34677       137.0579       1.198651    
   52.33939       137.3180       1.190104    
   57.33461       137.5242       1.189938    
   62.33282       137.6424       1.130463    
   67.33237       137.6462       1.094575    
   72.33087       137.5385       1.117876    
   77.32610       137.3349       1.116314    
   82.31709       137.0487       1.104216    
   87.30524       136.7188       1.112354    
   92.29430       136.4025       1.161118    
   97.28818       136.1738       1.235004    
   102.2866       136.0724       1.306739    
   107.2863       136.0237       1.397980    
   112.2728       135.7457       1.352460    
   117.2255       135.1043       1.220991    
   122.1606       134.3334       1.231623    
   127.1186       133.7326       1.220214    
   132.1048       133.3949       1.216362    
   137.1018       133.2509       1.212862    
   142.1004       133.2958       1.217995    
   147.0855       133.6214       1.246756    
   152.0289       134.3147       1.230764    
   156.9416       135.2077       1.218735    
   161.8866       135.8773       1.233053    
   166.8759       136.1325       1.292916    
   171.8755       136.1387       1.223843    
   176.8751       136.0817       1.145756    
   181.8749       136.0535       1.201276    
   186.8749       136.0525       1.212875    
   191.8749       136.0529       1.204603    
   196.8749       136.0529       1.193405    
   201.8749       136.0529       1.209930    
   206.8749       136.0527       1.202641    
   211.8749       136.0551       1.186333    
   216.8748       136.0783       1.185118    
   221.8745       136.1376       1.177192    
   226.8739       136.2069       1.195546    
   231.8736       136.2099       1.152454    
   236.8703       136.0623       1.164596    
   241.8605       135.7682       1.122177    
   246.8531       135.5358       1.126752    
   251.8497       135.5898       1.077022    
   256.8403       135.8775       1.173987    
   261.8292       136.1960       1.190603    
   266.8226       136.4373       1.137796    
   271.8200       136.5835       1.219842    
   276.8195       136.6297       1.205949    
   281.8193       136.6011       1.137337    
   286.8188       136.5343       1.228408    
   291.8181       136.4500       1.211289    
   296.8170       136.3520       1.122194    
   301.8156       136.2361       1.163453    
   306.8141       136.1245       1.172089    
   311.8136       136.0844       1.049833    
   316.8123       136.0143       1.192106    
   321.7794       135.5559       1.258013    
   326.7076       134.7469       1.387633    
   331.6619       134.4733       1.053285    
   336.6017       135.1292       1.050063    
   341.4941       136.1194       1.286219    
   346.3997       137.0454       1.285509    
   351.3318       137.8293       1.288181    
   356.3008       138.3209       1.371725    
   361.2956       138.5218       1.679060    
   366.2939       138.6463       1.855178    
   371.2916       138.7922       1.811377    
   376.2886       138.9579       1.888813    
   381.2849       139.1433       1.591062    
   386.2799       139.3558       1.687401    
   391.2732       139.6044       1.277119    
   396.2645       139.8863       1.269941    
   401.2549       140.1832       1.335181    
   406.2462       140.4654       1.218173    
   411.2407       140.6873       1.213334    
   416.2387       140.8099       1.147367    
   421.2385       140.8465       1.147160    
   426.2385       140.8504       1.128771    
   431.2385       140.8664       1.170345    
   436.2343       141.0188       1.190710    
   441.2233       141.3345       1.195732    
   446.2118       141.6584       1.241973    
   451.2035       141.9337       1.249483    
   456.1937       142.2318       1.267143    
   461.1783       142.6053       1.277054    
   466.1624       142.9877       1.271066    
   471.1551       143.2148       1.231116    
   476.1545       143.2677       1.272157    
   481.8401       143.2702       1.626322    
   489.3643       143.2702       1.793898    
   507.4286       143.2702       1.821100    
  -33.77417       131.3152       1.803104    
  -15.70986       131.3152       1.777198    
  -8.185690       131.3152       1.620564    
  -2.500000       131.3152       1.273206    
   2.481762       131.5958       1.223316    
   7.434425       132.2304       1.331007    
   12.38829       132.8556       1.388677    
   17.37068       133.1768       1.328516    
   22.36992       133.2549       1.320019    
   27.36889       133.3438       1.316337    
   32.36626       133.4921       1.310853    
   37.36148       133.6940       1.309145    
   42.35468       133.9363       1.278277    
   47.34677       134.1978       1.250993    
   52.33939       134.4500       1.250303    
   57.33461       134.6501       1.249626    
   62.33282       134.7647       1.275682    
   67.33237       134.7684       1.281887    
   72.33087       134.6640       1.294314    
   77.32610       134.4664       1.292658    
   82.31709       134.1889       1.290162    
   87.30524       133.8689       1.297955    
   92.29430       133.5621       1.359280    
   97.28818       133.3403       1.358087    
   102.2866       133.2420       1.309051    
   107.2863       133.1947       1.315869    
   112.2728       132.9252       1.320942    
   117.2255       132.3031       1.307230    
   122.1606       131.5553       1.249735    
   127.1186       130.9726       1.226828    
   132.1048       130.6451       1.224278    
   137.1018       130.5054       1.221838    
   142.1004       130.5490       1.225920    
   147.0855       130.8647       1.231480    
   152.0289       131.5372       1.254321    
   156.9416       132.4034       1.273923    
   161.8866       133.0527       1.261090    
   166.8759       133.3003       1.279495    
   171.8755       133.3063       1.264735    
   176.8751       133.2510       1.265827    
   181.8749       133.2236       1.264235    
   186.8749       133.2227       1.255411    
   191.8749       133.2231       1.240184    
   196.8749       133.2231       1.220048    
   201.8749       133.2231       1.217110    
   206.8749       133.2229       1.227927    
   211.8749       133.2252       1.230206    
   216.8748       133.2477       1.235146    
   221.8745       133.3052       1.235459    
   226.8739       133.3724       1.221747    
   231.8736       133.3753       1.220953    
   236.8703       133.2322       1.271453    
   241.8605       132.9470       1.288075    
   246.8531       132.7215       1.291152    
   251.8497       132.7738       1.275245    
   256.8403       133.0529       1.257837    
   261.8292       133.3618       1.215163    
   266.8226       133.5959       1.210629    
   271.8200       133.7377       1.216420    
   276.8195       133.7825       1.217499    
   281.8193       133.7548       1.224564    
   286.8188       133.6900       1.235847    
   291.8181       133.6082       1.235193    
   296.8170       133.5132       1.237386    
   301.8156       133.4008       1.301648    
   306.8141       133.2925       1.325097    
   311.8136       133.2536       1.278907    
   316.8123       133.1856       1.251853    
   321.7794       132.7410       1.193414    
   326.7076       131.9564       1.216980    
   331.6619       131.6910       1.205674    
   336.6017       132.3271       1.224582    
   341.4941       133.2876       1.297355    
   346.3997       134.1857       1.303937    
   351.3318       134.9460       1.287625    
   356.3008       135.4228       1.263084    
   361.2956       135.6176      0.8972771    
   366.2939       135.7384      0.7300891    
   371.2916       135.8799      0.6930565    
   376.2886       136.0407      0.8116471    
   381.2849       136.2204      0.8446615    
   386.2799       136.4265      0.8602278    
   391.2732       136.6677       1.292783    
   396.2645       136.9411       1.209226    
   401.2549       137.2291       1.244481    
   406.2462       137.5027       1.246072    
   411.2407       137.7180       1.236456    
   416.2387       137.8369       1.235464    
   421.2385       137.8724       1.235436    
   426.2385       137.8761       1.217925    
   431.2385       137.8917       1.202940    
   436.2343       138.0394       1.209365    
   441.2233       138.3456       1.210762    
   446.2118       138.6598       1.221546    
   451.2035       138.9268       1.231766    
   456.1937       139.2159       1.242649    
   461.1783       139.5782       1.269694    
   466.1624       139.9491       1.264545    
   471.1551       140.1694       1.229946    
   476.1545       140.2207       1.303087    
   481.8401       140.2231       1.634573    
   489.3643       140.2231       1.795538    
   507.4286       140.2231       1.822504    
  -33.77417       128.3538       1.814798    
  -15.70986       128.3538       1.790559    
  -8.185690       128.3538       1.677739    
  -2.500000       128.3538       1.489100    
   2.481762       128.6251       1.417783    
   7.434425       129.2386       1.462170    
   12.38829       129.8431       1.517776    
   17.37068       130.1537       1.552054    
   22.36992       130.2291       1.555939    
   27.36889       130.3151       1.561640    
   32.36626       130.4585       1.564811    
   37.36148       130.6536       1.565394    
   42.35468       130.8879       1.558148    
   47.34677       131.1408       1.552674    
   52.33939       131.3846       1.551655    
   57.33461       131.5780       1.551606    
   62.33282       131.6889       1.553636    
   67.33237       131.6924       1.557499    
   72.33087       131.5914       1.562785    
   77.32610       131.4005       1.563276    
   82.31709       131.1322       1.565068    
   87.30524       130.8228       1.571740    
   92.29430       130.5262       1.606399    
   97.28818       130.3116       1.612845    
   102.2866       130.2167       1.585055    
   107.2863       130.1709       1.574157    
   112.2728       129.9104       1.509298    
   117.2255       129.3089       1.432558    
   122.1606       128.5859       1.375121    
   127.1186       128.0226       1.351688    
   132.1048       127.7059       1.346883    
   137.1018       127.5708       1.345427    
   142.1004       127.6130       1.347968    
   147.0855       127.9183       1.356257    
   152.0289       128.5684       1.363828    
   156.9416       129.4059       1.400097    
   161.8866       130.0337       1.415284    
   166.8759       130.2731       1.426589    
   171.8755       130.2789       1.437840    
   176.8751       130.2254       1.442797    
   181.8749       130.1989       1.443742    
   186.8749       130.1980       1.442466    
   191.8749       130.1983       1.441804    
   196.8749       130.1983       1.441022    
   201.8749       130.1983       1.442019    
   206.8749       130.1982       1.447135    
   211.8749       130.2005       1.450652    
   216.8748       130.2222       1.451854    
   221.8745       130.2778       1.452629    
   226.8739       130.3428       1.452801    
   231.8736       130.3456       1.456005    
   236.8703       130.2072       1.473994    
   241.8605       129.9314       1.483503    
   246.8531       129.7134       1.488792    
   251.8497       129.7641       1.489751    
   256.8403       130.0339       1.483965    
   261.8292       130.3325       1.482246    
   266.8226       130.5588       1.462657    
   271.8200       130.6960       1.460346    
   276.8195       130.7393       1.458016    
   281.8193       130.7124       1.448678    
   286.8188       130.6498       1.448645    
   291.8181       130.5708       1.449849    
   296.8170       130.4788       1.457959    
   301.8156       130.3701       1.479134    
   306.8141       130.2655       1.477565    
   311.8136       130.2279       1.466392    
   316.8123       130.1622       1.463591    
   321.7794       129.7323       1.460990    
   326.7076       128.9738       1.460923    
   331.6619       128.7171       1.462731    
   336.6017       129.3322       1.466017    
   341.4941       130.2607       1.420829    
   346.3997       131.1291       1.416994    
   351.3318       131.8641       1.365261    
   356.3008       132.3251       1.268436    
   361.2956       132.5135       1.276627    
   366.2939       132.6302       1.294897    
   371.2916       132.7671       1.289002    
   376.2886       132.9225       1.295358    
   381.2849       133.0963       1.330235    
   386.2799       133.2955       1.323967    
   391.2732       133.5287       1.298362    
   396.2645       133.7930       1.269848    
   401.2549       134.0715       1.274815    
   406.2462       134.3360       1.276845    
   411.2407       134.5442       1.277835    
   416.2387       134.6591       1.277223    
   421.2385       134.6935       1.274371    
   426.2385       134.6971       1.257800    
   431.2385       134.7121       1.253309    
   436.2343       134.8550       1.249736    
   441.2233       135.1510       1.246266    
   446.2118       135.4547       1.243931    
   451.2035       135.7129       1.241965    
   456.1937       135.9924       1.246428    
   461.1783       136.3427       1.266378    
   466.1624       136.7012       1.285506    
   471.1551       136.9142       1.320499    
   476.1545       136.9639       1.455251    
   481.8401       136.9662       1.675356    
   489.3643       136.9662       1.800581    
   507.4286       136.9662       1.826188    
  -33.77417       125.1739       1.832229    
  -15.70986       125.1739       1.813265    
  -8.185690       125.1739       1.758230    
  -2.500000       125.1739       1.672965    
   2.481762       125.4352       1.646650    
   7.434425       126.0261       1.663656    
   12.38829       126.6083       1.691873    
   17.37068       126.9075       1.705187    
   22.36992       126.9801       1.709937    
   27.36889       127.0629       1.716792    
   32.36626       127.2010       1.722923    
   37.36148       127.3890       1.729501    
   42.35468       127.6146       1.730914    
   47.34677       127.8582       1.732995    
   52.33939       128.0931       1.736099    
   57.33461       128.2793       1.739950    
   62.33282       128.3861       1.742646    
   67.33237       128.3895       1.751627    
   72.33087       128.2923       1.761379    
   77.32610       128.1083       1.766251    
   82.31709       127.8499       1.778007    
   87.30524       127.5519       1.785365    
   92.29430       127.2662       1.798093    
   97.28818       127.0596       1.799454    
   102.2866       126.9681       1.796557    
   107.2863       126.9241       1.778206    
   112.2728       126.6731       1.719682    
   117.2255       126.0938       1.635589    
   122.1606       125.3975       1.567761    
   127.1186       124.8549       1.551935    
   132.1048       124.5499       1.543005    
   137.1018       124.4198       1.539470    
   142.1004       124.4603       1.540573    
   147.0855       124.7544       1.549424    
   152.0289       125.3806       1.572344    
   156.9416       126.1872       1.593774    
   161.8866       126.7919       1.614159    
   166.8759       127.0225       1.641010    
   171.8755       127.0280       1.659374    
   176.8751       126.9765       1.670209    
   181.8749       126.9510       1.674492    
   186.8749       126.9501       1.677859    
   191.8749       126.9505       1.681143    
   196.8749       126.9505       1.683784    
   201.8749       126.9505       1.685023    
   206.8749       126.9503       1.686750    
   211.8749       126.9525       1.689546    
   216.8748       126.9735       1.691557    
   221.8745       127.0270       1.694619    
   226.8739       127.0896       1.697189    
   231.8736       127.0923       1.699652    
   236.8703       126.9591       1.703530    
   241.8605       126.6934       1.708649    
   246.8531       126.4834       1.711279    
   251.8497       126.5322       1.712628    
   256.8403       126.7921       1.710346    
   261.8292       127.0797       1.704772    
   266.8226       127.2977       1.693586    
   271.8200       127.4297       1.690170    
   276.8195       127.4715       1.690117    
   281.8193       127.4456       1.689777    
   286.8188       127.3853       1.690932    
   291.8181       127.3092       1.698763    
   296.8170       127.2206       1.717160    
   301.8156       127.1160       1.728174    
   306.8141       127.0152       1.728120    
   311.8136       126.9790       1.719634    
   316.8123       126.9157       1.712332    
   321.7794       126.5017       1.707271    
   326.7076       125.7710       1.697555    
   331.6619       125.5238       1.689464    
   336.6017       126.1162       1.685434    
   341.4941       127.0106       1.675375    
   346.3997       127.8469       1.670120    
   351.3318       128.5549       1.576760    
   356.3008       128.9989       1.422236    
   361.2956       129.1804       1.324613    
   366.2939       129.2928       1.307029    
   371.2916       129.4245       1.314758    
   376.2886       129.5742       1.316249    
   381.2849       129.7417       1.335788    
   386.2799       129.9336       1.357285    
   391.2732       130.1582       1.377422    
   396.2645       130.4128       1.381230    
   401.2549       130.6809       1.393809    
   406.2462       130.9357       1.397555    
   411.2407       131.1362       1.398198    
   416.2387       131.2469       1.399286    
   421.2385       131.2800       1.398888    
   426.2385       131.2835       1.390566    
   431.2385       131.2979       1.387573    
   436.2343       131.4355       1.381516    
   441.2233       131.7207       1.379250    
   446.2118       132.0132       1.378650    
   451.2035       132.2618       1.382622    
   456.1937       132.5311       1.391708    
   461.1783       132.8684       1.414633    
   466.1624       133.2138       1.441491    
   471.1551       133.4189       1.496171    
   476.1545       133.4668       1.610911    
   481.8401       133.4690       1.729840    
   489.3643       133.4690       1.809969    
   507.4286       133.4690       1.831248    
  -33.77417       121.7413       1.871679    
  -15.70986       121.7413       1.857785    
  -8.185690       121.7413       1.833516    
  -2.500000       121.7413       1.812069    
   2.481762       121.9919       1.805524    
   7.434425       122.5584       1.813394    
   12.38829       123.1165       1.819002    
   17.37068       123.4034       1.824701    
   22.36992       123.4730       1.830016    
   27.36889       123.5524       1.838935    
   32.36626       123.6848       1.849329    
   37.36148       123.8650       1.860336    
   42.35468       124.0813       1.866827    
   47.34677       124.3148       1.874977    
   52.33939       124.5400       1.882850    
   57.33461       124.7186       1.889748    
   62.33282       124.8209       1.896950    
   67.33237       124.8242       1.912147    
   72.33087       124.7309       1.922661    
   77.32610       124.5546       1.927564    
   82.31709       124.3068       1.939734    
   87.30524       124.0211       1.944285    
   92.29430       123.7473       1.946445    
   97.28818       123.5492       1.943927    
   102.2866       123.4615       1.934565    
   107.2863       123.4193       1.909371    
   112.2728       123.1786       1.874505    
   117.2255       122.6232       1.822387    
   122.1606       121.9557       1.779673    
   127.1186       121.4355       1.767263    
   132.1048       121.1431       1.759946    
   137.1018       121.0183       1.758307    
   142.1004       121.0573       1.760451    
   147.0855       121.3392       1.768392    
   152.0289       121.9395       1.783462    
   156.9416       122.7128       1.796033    
   161.8866       123.2925       1.829168    
   166.8759       123.5135       1.879549    
   171.8755       123.5189       1.921775    
   176.8751       123.4696       1.937582    
   181.8749       123.4451       1.941171    
   186.8749       123.4443       1.942682    
   191.8749       123.4446       1.945083    
   196.8749       123.4446       1.947188    
   201.8749       123.4446       1.948789    
   206.8749       123.4444       1.950283    
   211.8749       123.4465       1.953796    
   216.8748       123.4666       1.955855    
   221.8745       123.5179       1.961165    
   226.8739       123.5779       1.965221    
   231.8736       123.5806       1.969486    
   236.8703       123.4528       1.973232    
   241.8605       123.1981       1.977789    
   246.8531       122.9968       1.978621    
   251.8497       123.0435       1.980477    
   256.8403       123.2927       1.979238    
   261.8292       123.5684       1.977304    
   266.8226       123.7774       1.975644    
   271.8200       123.9041       1.977028    
   276.8195       123.9441       1.978247    
   281.8193       123.9193       1.978237    
   286.8188       123.8614       1.978102    
   291.8181       123.7885       1.981195    
   296.8170       123.7036       1.990100    
   301.8156       123.6032       1.998354    
   306.8141       123.5066       1.999148    
   311.8136       123.4719       1.993819    
   316.8123       123.4112       1.988265    
   321.7794       123.0143       1.979788    
   326.7076       122.3138       1.959808    
   331.6619       122.0768       1.942527    
   336.6017       122.6448       1.927709    
   341.4941       123.5022       1.911279    
   346.3997       124.3040       1.891716    
   351.3318       124.9827       1.810500    
   356.3008       125.4084       1.666999    
   361.2956       125.5824       1.546396    
   366.2939       125.6901       1.506981    
   371.2916       125.8165       1.497550    
   376.2886       125.9600       1.496756    
   381.2849       126.1205       1.512078    
   386.2799       126.3045       1.542641    
   391.2732       126.5198       1.559585    
   396.2645       126.7639       1.571375    
   401.2549       127.0210       1.580600    
   406.2462       127.2653       1.585378    
   411.2407       127.4575       1.585914    
   416.2387       127.5636       1.586809    
   421.2385       127.5953       1.585385    
   426.2385       127.5986       1.578420    
   431.2385       127.6125       1.573760    
   436.2343       127.7445       1.568649    
   441.2233       128.0178       1.562028    
   446.2118       128.2982       1.559804    
   451.2035       128.5366       1.560841    
   456.1937       128.7948       1.564606    
   461.1783       129.1181       1.577969    
   466.1624       129.4493       1.601087    
   471.1551       129.6459       1.640330    
   476.1545       129.6918       1.708846    
   481.8401       129.6939       1.781054    
   489.3643       129.6939       1.826467    
   507.4286       129.6939       1.840971    
  -33.77417       118.0135       1.911856    
  -15.70986       118.0135       1.907090    
  -8.185690       118.0135       1.902123    
  -2.500000       118.0135       1.900722    
   2.481762       118.2522       1.902862    
   7.434425       118.7923       1.905865    
   12.38829       119.3243       1.910541    
   17.37068       119.5977       1.914939    
   22.36992       119.6640       1.923005    
   27.36889       119.7397       1.933892    
   32.36626       119.8660       1.944826    
   37.36148       120.0378       1.962231    
   42.35468       120.2439       1.980708    
   47.34677       120.4665       1.994084    
   52.33939       120.6811       2.002764    
   57.33461       120.8514       2.008610    
   62.33282       120.9489       2.016830    
   67.33237       120.9520       2.028752    
   72.33087       120.8632       2.034717    
   77.32610       120.6951       2.039318    
   82.31709       120.4589       2.048058    
   87.30524       120.1866       2.051316    
   92.29430       119.9255       2.051079    
   97.28818       119.7367       2.045461    
   102.2866       119.6531       2.033055    
   107.2863       119.6129       2.017925    
   112.2728       119.3835       2.003859    
   117.2255       118.8540       1.982334    
   122.1606       118.2177       1.965985    
   127.1186       117.7218       1.959742    
   132.1048       117.4431       1.957334    
   137.1018       117.3242       1.958704    
   142.1004       117.3613       1.963964    
   147.0855       117.6301       1.970999    
   152.0289       118.2023       1.981990    
   156.9416       118.9394       1.991850    
   161.8866       119.4921       2.020150    
   166.8759       119.7027       2.070586    
   171.8755       119.7078       2.117928    
   176.8751       119.6608       2.142781    
   181.8749       119.6375       2.150631    
   186.8749       119.6367       2.156898    
   191.8749       119.6370       2.163477    
   196.8749       119.6370       2.165380    
   201.8749       119.6370       2.165781    
   206.8749       119.6368       2.165817    
   211.8749       119.6388       2.169170    
   216.8748       119.6580       2.172090    
   221.8745       119.7069       2.178027    
   226.8739       119.7641       2.181056    
   231.8736       119.7666       2.182526    
   236.8703       119.6448       2.184131    
   241.8605       119.4020       2.186768    
   246.8531       119.2101       2.187022    
   251.8497       119.2547       2.188341    
   256.8403       119.4922       2.186913    
   261.8292       119.7551       2.186103    
   266.8226       119.9542       2.186005    
   271.8200       120.0750       2.188403    
   276.8195       120.1131       2.190461    
   281.8193       120.0895       2.191779    
   286.8188       120.0343       2.193479    
   291.8181       119.9648       2.197990    
   296.8170       119.8839       2.205907    
   301.8156       119.7882       2.211046    
   306.8141       119.6961       2.210481    
   311.8136       119.6630       2.205786    
   316.8123       119.6051       2.201025    
   321.7794       119.2268       2.192343    
   326.7076       118.5591       2.173433    
   331.6619       118.3332       2.151314    
   336.6017       118.8746       2.130984    
   341.4941       119.6919       2.097587    
   346.3997       120.4562       2.062052    
   351.3318       121.1031       1.993829    
   356.3008       121.5089       1.880204    
   361.2956       121.6748       1.790946    
   366.2939       121.7775       1.746134    
   371.2916       121.8979       1.728449    
   376.2886       122.0348       1.723945    
   381.2849       122.1877       1.726760    
   386.2799       122.3631       1.733182    
   391.2732       122.5684       1.739273    
   396.2645       122.8010       1.744824    
   401.2549       123.0461       1.748362    
   406.2462       123.2790       1.750337    
   411.2407       123.4621       1.750012    
   416.2387       123.5633       1.749545    
   421.2385       123.5935       1.746369    
   426.2385       123.5967       1.739980    
   431.2385       123.6100       1.736469    
   436.2343       123.7357       1.729890    
   441.2233       123.9963       1.722380    
   446.2118       124.2636       1.719042    
   451.2035       124.4909       1.715091    
   456.1937       124.7369       1.716291    
   461.1783       125.0452       1.721613    
   466.1624       125.3608       1.736838    
   471.1551       125.5482       1.760785    
   476.1545       125.5920       1.797490    
   481.8401       125.5940       1.825369    
   489.3643       125.5940       1.845388    
   507.4286       125.5940       1.855736    
  -33.77417       113.9358       1.956860    
  -15.70986       113.9358       1.957006    
  -8.185690       113.9358       1.958533    
  -2.500000       113.9358       1.961808    
   2.481762       114.1617       1.965514    
   7.434425       114.6728       1.970204    
   12.38829       115.1762       1.975858    
   17.37068       115.4350       1.985096    
   22.36992       115.4978       1.993219    
   27.36889       115.5694       2.004191    
   32.36626       115.6889       2.020913    
   37.36148       115.8514       2.036575    
   42.35468       116.0465       2.051043    
   47.34677       116.2571       2.067827    
   52.33939       116.4603       2.084662    
   57.33461       116.6214       2.093312    
   62.33282       116.7137       2.103199    
   67.33237       116.7167       2.112883    
   72.33087       116.6326       2.116837    
   77.32610       116.4735       2.122628    
   82.31709       116.2499       2.130342    
   87.30524       115.9922       2.133514    
   92.29430       115.7452       2.133174    
   97.28818       115.5665       2.128861    
   102.2866       115.4874       2.121546    
   107.2863       115.4493       2.114989    
   112.2728       115.2323       2.107770    
   117.2255       114.7313       2.098097    
   122.1606       114.1291       2.092464    
   127.1186       113.6599       2.090022    
   132.1048       113.3961       2.089503    
   137.1018       113.2836       2.091899    
   142.1004       113.3186       2.099576    
   147.0855       113.5730       2.109793    
   152.0289       114.1145       2.120445    
   156.9416       114.8120       2.131139    
   161.8866       115.3350       2.154132    
   166.8759       115.5344       2.200847    
   171.8755       115.5392       2.240380    
   176.8751       115.4947       2.266433    
   181.8749       115.4726       2.275335    
   186.8749       115.4719       2.286391    
   191.8749       115.4722       2.297587    
   196.8749       115.4722       2.303380    
   201.8749       115.4722       2.306773    
   206.8749       115.4720       2.309609    
   211.8749       115.4739       2.313734    
   216.8748       115.4921       2.318706    
   221.8745       115.5383       2.325669    
   226.8739       115.5924       2.330757    
   231.8736       115.5948       2.333241    
   236.8703       115.4796       2.335594    
   241.8605       115.2498       2.337402    
   246.8531       115.0682       2.337380    
   251.8497       115.1104       2.337792    
   256.8403       115.3352       2.335673    
   261.8292       115.5839       2.333938    
   266.8226       115.7724       2.334040    
   271.8200       115.8866       2.335094    
   276.8195       115.9228       2.335391    
   281.8193       115.9004       2.335185    
   286.8188       115.8482       2.335757    
   291.8181       115.7824       2.337118    
   296.8170       115.7058       2.338948    
   301.8156       115.6153       2.341011    
   306.8141       115.5281       2.339245    
   311.8136       115.4968       2.335189    
   316.8123       115.4420       2.329601    
   321.7794       115.0840       2.319017    
   326.7076       114.4521       2.303232    
   331.6619       114.2384       2.282176    
   336.6017       114.7507       2.255531    
   341.4941       115.5241       2.214555    
   346.3997       116.2474       2.173162    
   351.3318       116.8596       2.116419    
   356.3008       117.2437       2.030094    
   361.2956       117.4006       1.960748    
   366.2939       117.4977       1.915761    
   371.2916       117.6117       1.888835    
   376.2886       117.7412       1.880334    
   381.2849       117.8860       1.878125    
   386.2799       118.0519       1.878480    
   391.2732       118.2462       1.878441    
   396.2645       118.4663       1.878387    
   401.2549       118.6983       1.877153    
   406.2462       118.9186       1.876310    
   411.2407       119.0920       1.874933    
   416.2387       119.1877       1.873407    
   421.2385       119.2163       1.868571    
   426.2385       119.2194       1.861048    
   431.2385       119.2319       1.854250    
   436.2343       119.3509       1.845510    
   441.2233       119.5975       1.838148    
   446.2118       119.8504       1.831634    
   451.2035       120.0655       1.826651    
   456.1937       120.2983       1.826893    
   461.1783       120.5900       1.829767    
   466.1624       120.8887       1.836310    
   471.1551       121.0661       1.845347    
   476.1545       121.1075       1.855642    
   481.8401       121.1095       1.864635    
   489.3643       121.1095       1.874122    
   507.4286       121.1095       1.878169    
  -33.77417       109.4377       1.992475    
  -15.70986       109.4377       1.995381    
  -8.185690       109.4377       1.999120    
  -2.500000       109.4377       2.003642    
   2.481762       109.6495       2.009780    
   7.434425       110.1285       2.018461    
   12.38829       110.6005       2.026103    
   17.37068       110.8431       2.034524    
   22.36992       110.9020       2.045350    
   27.36889       110.9691       2.058656    
   32.36626       111.0811       2.069142    
   37.36148       111.2335       2.080378    
   42.35468       111.4164       2.101081    
   47.34677       111.6138       2.118762    
   52.33939       111.8043       2.135843    
   57.33461       111.9553       2.149379    
   62.33282       112.0418       2.160883    
   67.33237       112.0446       2.168286    
   72.33087       111.9657       2.173671    
   77.32610       111.8166       2.179860    
   82.31709       111.6071       2.185462    
   87.30524       111.3655       2.188884    
   92.29430       111.1339       2.189186    
   97.28818       110.9664       2.187548    
   102.2866       110.8923       2.185221    
   107.2863       110.8566       2.183613    
   112.2728       110.6531       2.181351    
   117.2255       110.1834       2.179595    
   122.1606       109.6189       2.179359    
   127.1186       109.1790       2.179702    
   132.1048       108.9318       2.181365    
   137.1018       108.8263       2.184811    
   142.1004       108.8592       2.194043    
   147.0855       109.0976       2.202128    
   152.0289       109.6052       2.209001    
   156.9416       110.2591       2.221153    
   161.8866       110.7494       2.245946    
   166.8759       110.9363       2.284631    
   171.8755       110.9408       2.311530    
   176.8751       110.8991       2.338783    
   181.8749       110.8784       2.350252    
   186.8749       110.8776       2.361767    
   191.8749       110.8779       2.373935    
   196.8749       110.8779       2.381230    
   201.8749       110.8779       2.384850    
   206.8749       110.8778       2.387825    
   211.8749       110.8796       2.390723    
   216.8748       110.8966       2.396182    
   221.8745       110.9400       2.401604    
   226.8739       110.9907       2.406240    
   231.8736       110.9929       2.410515    
   236.8703       110.8849       2.413781    
   241.8605       110.6695       2.414819    
   246.8531       110.4993       2.415249    
   251.8497       110.5388       2.415820    
   256.8403       110.7495       2.414979    
   261.8292       110.9827       2.413960    
   266.8226       111.1594       2.413810    
   271.8200       111.2665       2.413204    
   276.8195       111.3003       2.411583    
   281.8193       111.2794       2.409900    
   286.8188       111.2305       2.408656    
   291.8181       111.1687       2.408148    
   296.8170       111.0969       2.406590    
   301.8156       111.0121       2.405802    
   306.8141       110.9304       2.402806    
   311.8136       110.9010       2.398340    
   316.8123       110.8497       2.392596    
   321.7794       110.5141       2.379643    
   326.7076       109.9218       2.362073    
   331.6619       109.7214       2.341281    
   336.6017       110.2016       2.311040    
   341.4941       110.9267       2.273242    
   346.3997       111.6047       2.238422    
   351.3318       112.1786       2.197081    
   356.3008       112.5386       2.134446    
   361.2956       112.6857       2.077654    
   366.2939       112.7768       2.033949    
   371.2916       112.8837       1.999920    
   376.2886       113.0050       1.987019    
   381.2849       113.1407       1.981098    
   386.2799       113.2963       1.978394    
   391.2732       113.4784       1.976428    
   396.2645       113.6848       1.973394    
   401.2549       113.9022       1.970280    
   406.2462       114.1088       1.967533    
   411.2407       114.2713       1.965326    
   416.2387       114.3611       1.960913    
   421.2385       114.3878       1.951958    
   426.2385       114.3907       1.944416    
   431.2385       114.4025       1.932634    
   436.2343       114.5140       1.922881    
   441.2233       114.7451       1.914786    
   446.2118       114.9823       1.906931    
   451.2035       115.1839       1.900350    
   456.1937       115.4022       1.897563    
   461.1783       115.6756       1.896431    
   466.1624       115.9556       1.896495    
   471.1551       116.1219       1.896945    
   476.1545       116.1607       1.897224    
   481.8401       116.1625       1.898705    
   489.3643       116.1625       1.900274    
   507.4286       116.1625       1.901910    
  -33.77417       104.4251       2.021068    
  -15.70986       104.4251       2.024844    
  -8.185690       104.4251       2.028475    
  -2.500000       104.4251       2.033503    
   2.481762       104.6212       2.040034    
   7.434425       105.0646       2.048206    
   12.38829       105.5015       2.058511    
   17.37068       105.7260       2.072382    
   22.36992       105.7805       2.082146    
   27.36889       105.8427       2.089607    
   32.36626       105.9463       2.100024    
   37.36148       106.0873       2.110242    
   42.35468       106.2567       2.126216    
   47.34677       106.4394       2.147024    
   52.33939       106.6157       2.164007    
   57.33461       106.7555       2.179285    
   62.33282       106.8356       2.188899    
   67.33237       106.8381       2.194585    
   72.33087       106.7651       2.204100    
   77.32610       106.6271       2.212607    
   82.31709       106.4332       2.218994    
   87.30524       106.2096       2.222917    
   92.29430       105.9952       2.225243    
   97.28818       105.8402       2.226560    
   102.2866       105.7715       2.227938    
   107.2863       105.7385       2.228802    
   112.2728       105.5501       2.229842    
   117.2255       105.1154       2.230745    
   122.1606       104.5929       2.232295    
   127.1186       104.1857       2.233761    
   132.1048       103.9569       2.236486    
   137.1018       103.8593       2.241279    
   142.1004       103.8897       2.251338    
   147.0855       104.1104       2.260119    
   152.0289       104.5803       2.268291    
   156.9416       105.1855       2.287444    
   161.8866       105.6393       2.310348    
   166.8759       105.8122       2.338334    
   171.8755       105.8165       2.358599    
   176.8751       105.7778       2.379941    
   181.8749       105.7587       2.392370    
   186.8749       105.7580       2.403521    
   191.8749       105.7582       2.418677    
   196.8749       105.7583       2.427895    
   201.8749       105.7583       2.433039    
   206.8749       105.7581       2.438072    
   211.8749       105.7598       2.440629    
   216.8748       105.7755       2.444803    
   221.8745       105.8157       2.448089    
   226.8739       105.8626       2.449800    
   231.8736       105.8647       2.452563    
   236.8703       105.7647       2.455272    
   241.8605       105.5654       2.455405    
   246.8531       105.4078       2.455997    
   251.8497       105.4444       2.456876    
   256.8403       105.6394       2.456828    
   261.8292       105.8553       2.456784    
   266.8226       106.0188       2.457478    
   271.8200       106.1179       2.456948    
   276.8195       106.1492       2.455429    
   281.8193       106.1298       2.454166    
   286.8188       106.0846       2.452874    
   291.8181       106.0275       2.451581    
   296.8170       105.9610       2.450229    
   301.8156       105.8824       2.448521    
   306.8141       105.8068       2.445608    
   311.8136       105.7796       2.440414    
   316.8123       105.7321       2.432825    
   321.7794       105.4215       2.417561    
   326.7076       104.8732       2.395412    
   331.6619       104.6877       2.370798    
   336.6017       105.1322       2.340156    
   341.4941       105.8034       2.307053    
   346.3997       106.4309       2.280556    
   351.3318       106.9622       2.249429    
   356.3008       107.2954       2.202941    
   361.2956       107.4315       2.155002    
   366.2939       107.5159       2.114631    
   371.2916       107.6148       2.081044    
   376.2886       107.7271       2.065089    
   381.2849       107.8528       2.054281    
   386.2799       107.9968       2.047596    
   391.2732       108.1653       2.041991    
   396.2645       108.3564       2.035853    
   401.2549       108.5576       2.031319    
   406.2462       108.7488       2.026573    
   411.2407       108.8992       2.022293    
   416.2387       108.9823       2.013329    
   421.2385       109.0071       2.005299    
   426.2385       109.0098       1.997855    
   431.2385       109.0207       1.985377    
   436.2343       109.1239       1.972405    
   441.2233       109.3378       1.962815    
   446.2118       109.5574       1.954274    
   451.2035       109.7439       1.946262    
   456.1937       109.9460       1.942761    
   461.1783       110.1991       1.939888    
   466.1624       110.4583       1.937589    
   471.1551       110.6122       1.933998    
   476.1545       110.6481       1.930740    
   481.8401       110.6497       1.928453    
   489.3643       110.6497       1.927886    
   507.4286       110.6497       1.926017    
  -33.77417       98.76926       2.043055    
  -15.70986       98.76926       2.044704    
  -8.185690       98.76926       2.047864    
  -2.500000       98.76926       2.051751    
   2.481762       98.94752       2.059569    
   7.434425       99.35075       2.071225    
   12.38829       99.74802       2.085009    
   17.37068       99.95215       2.094092    
   22.36992       100.0017       2.102270    
   27.36889       100.0582       2.110689    
   32.36626       100.1525       2.118343    
   37.36148       100.2807       2.128602    
   42.35468       100.4347       2.144398    
   47.34677       100.6009       2.164252    
   52.33939       100.7612       2.176972    
   57.33461       100.8883       2.191750    
   62.33282       100.9611       2.202969    
   67.33237       100.9634       2.210163    
   72.33087       100.8971       2.221472    
   77.32610       100.7716       2.230954    
   82.31709       100.5952       2.238554    
   87.30524       100.3919       2.242695    
   92.29430       100.1970       2.245437    
   97.28818       100.0560       2.248449    
   102.2866       99.99355       2.251249    
   107.2863       99.96349       2.254154    
   112.2728       99.79222       2.257134    
   117.2255       99.39693       2.259796    
   122.1606       98.92178       2.262476    
   127.1186       98.55151       2.265258    
   132.1048       98.34343       2.268788    
   137.1018       98.25465       2.274606    
   142.1004       98.28233       2.286157    
   147.0855       98.48299       2.295619    
   152.0289       98.91029       2.305283    
   156.9416       99.46066       2.323009    
   161.8866       99.87329       2.339820    
   166.8759       100.0306       2.363561    
   171.8755       100.0344       2.382823    
   176.8751       99.99930       2.399757    
   181.8749       99.98188       2.413156    
   186.8749       99.98126       2.423125    
   191.8749       99.98149       2.436370    
   196.8749       99.98150       2.446204    
   201.8749       99.98149       2.452555    
   206.8749       99.98139       2.458525    
   211.8749       99.98287       2.462294    
   216.8748       99.99718       2.466322    
   221.8745       100.0337       2.469690    
   226.8739       100.0764       2.470721    
   231.8736       100.0783       2.472625    
   236.8703       99.98734       2.475305    
   241.8605       99.80609       2.476162    
   246.8531       99.66279       2.477042    
   251.8497       99.69608       2.478147    
   256.8403       99.87341       2.477437    
   261.8292       100.0697       2.476367    
   266.8226       100.2184       2.475785    
   271.8200       100.3085       2.474720    
   276.8195       100.3370       2.473575    
   281.8193       100.3194       2.472827    
   286.8188       100.2782       2.472241    
   291.8181       100.2263       2.470759    
   296.8170       100.1659       2.468419    
   301.8156       100.0944       2.465898    
   306.8141       100.0256       2.463357    
   311.8136       100.0009       2.458927    
   316.8123       99.95772       2.448312    
   321.7794       99.67523       2.431564    
   326.7076       99.17667       2.410822    
   331.6619       99.00801       2.385382    
   336.6017       99.41222       2.357837    
   341.4941       100.0225       2.326521    
   346.3997       100.5932       2.302639    
   351.3318       101.0763       2.275529    
   356.3008       101.3793       2.242867    
   361.2956       101.5031       2.206445    
   366.2939       101.5798       2.172701    
   371.2916       101.6697       2.141742    
   376.2886       101.7719       2.120939    
   381.2849       101.8861       2.107546    
   386.2799       102.0170       2.096859    
   391.2732       102.1703       2.087230    
   396.2645       102.3440       2.079172    
   401.2549       102.5270       2.072611    
   406.2462       102.7009       2.066363    
   411.2407       102.8377       2.058838    
   416.2387       102.9132       2.048796    
   421.2385       102.9358       2.040808    
   426.2385       102.9382       2.031061    
   431.2385       102.9481       2.017212    
   436.2343       103.0419       2.002493    
   441.2233       103.2365       1.992817    
   446.2118       103.4361       1.982608    
   451.2035       103.6058       1.975723    
   456.1937       103.7895       1.970080    
   461.1783       104.0197       1.966096    
   466.1624       104.2553       1.962403    
   471.1551       104.3953       1.958730    
   476.1545       104.4279       1.953227    
   481.8401       104.4295       1.949117    
   489.3643       104.4295       1.944890    
   507.4286       104.4295       1.942435    
  -33.77417       92.28692       2.055885    
  -15.70986       92.28692       2.057808    
  -8.185690       92.28692       2.060459    
  -2.500000       92.28692       2.065669    
   2.481762       92.44483       2.075408    
   7.434425       92.80198       2.085580    
   12.38829       93.15384       2.096550    
   17.37068       93.33465       2.108404    
   22.36992       93.37855       2.116445    
   27.36889       93.42858       2.125968    
   32.36626       93.51208       2.134072    
   37.36148       93.62569       2.145458    
   42.35468       93.76205       2.157833    
   47.34677       93.90923       2.173072    
   52.33939       94.05121       2.188187    
   57.33461       94.16380       2.200857    
   62.33282       94.22831       2.211268    
   67.33237       94.23037       2.220569    
   72.33087       94.17159       2.232063    
   77.32610       94.06042       2.241352    
   82.31709       93.90422       2.248736    
   87.30524       93.72411       2.254773    
   92.29430       93.55146       2.258869    
   97.28818       93.42661       2.262884    
   102.2866       93.37131       2.266877    
   107.2863       93.34469       2.271267    
   112.2728       93.19299       2.275600    
   117.2255       92.84286       2.279474    
   122.1606       92.42202       2.283530    
   127.1186       92.09407       2.287924    
   132.1048       91.90976       2.292654    
   137.1018       91.83113       2.298621    
   142.1004       91.85565       2.309459    
   147.0855       92.03337       2.319368    
   152.0289       92.41184       2.330676    
   156.9416       92.89931       2.347128    
   161.8866       93.26480       2.363709    
   166.8759       93.40413       2.383002    
   171.8755       93.40750       2.397205    
   176.8751       93.37640       2.411382    
   181.8749       93.36098       2.424731    
   186.8749       93.36044       2.436195    
   191.8749       93.36063       2.448618    
   196.8749       93.36064       2.458000    
   201.8749       93.36063       2.464710    
   206.8749       93.36054       2.470744    
   211.8749       93.36186       2.474063    
   216.8748       93.37454       2.476769    
   221.8745       93.40688       2.480947    
   226.8739       93.44470       2.484050    
   231.8736       93.44635       2.486032    
   236.8703       93.36582       2.488722    
   241.8605       93.20527       2.490103    
   246.8531       93.07835       2.491469    
   251.8497       93.10783       2.493074    
   256.8403       93.26490       2.492866    
   261.8292       93.43874       2.490778    
   266.8226       93.57047       2.488588    
   271.8200       93.65030       2.487075    
   276.8195       93.67554       2.486292    
   281.8193       93.65989       2.485479    
   286.8188       93.62345       2.484900    
   291.8181       93.57744       2.483019    
   296.8170       93.52392       2.479819    
   301.8156       93.46066       2.476447    
   306.8141       93.39973       2.472598    
   311.8136       93.37785       2.467618    
   316.8123       93.33959       2.456917    
   321.7794       93.08938       2.440896    
   326.7076       92.64779       2.421585    
   331.6619       92.49840       2.396746    
   336.6017       92.85643       2.370392    
   341.4941       93.39696       2.340954    
   346.3997       93.90244       2.316576    
   351.3318       94.33030       2.292853    
   356.3008       94.59869       2.267963    
   361.2956       94.70834       2.238250    
   366.2939       94.77627       2.211457    
   371.2916       94.85593       2.183994    
   376.2886       94.94642       2.160381    
   381.2849       95.04758       2.146488    
   386.2799       95.16358       2.133579    
   391.2732       95.29931       2.122153    
   396.2645       95.45317       2.113497    
   401.2549       95.61526       2.106067    
   406.2462       95.76926       2.097895    
   411.2407       95.89043       2.084508    
   416.2387       95.95733       2.072561    
   421.2385       95.97731       2.061479    
   426.2385       95.97943       2.048177    
   431.2385       95.98818       2.036441    
   436.2343       96.07135       2.020830    
   441.2233       96.24365       2.009370    
   446.2118       96.42047       1.998457    
   451.2035       96.57073       1.991916    
   456.1937       96.73344       1.983337    
   461.1783       96.93733       1.979405    
   466.1624       97.14609       1.975590    
   471.1551       97.27006       1.971551    
   476.1545       97.29897       1.966254    
   481.8401       97.30029       1.962189    
   489.3643       97.30029       1.957445    
   507.4286       97.30029       1.954479    
  -33.77417       84.70639       2.064644    
  -15.70986       84.70639       2.066272    
  -8.185690       84.70639       2.069897    
  -2.500000       84.70639       2.074963    
   2.481762       84.84047       2.083155    
   7.434425       85.14374       2.092950    
   12.38829       85.44250       2.105352    
   17.37068       85.59602       2.116382    
   22.36992       85.63330       2.125375    
   27.36889       85.67580       2.135618    
   32.36626       85.74669       2.144838    
   37.36148       85.84315       2.154830    
   42.35468       85.95895       2.168516    
   47.34677       86.08392       2.182299    
   52.33939       86.20448       2.195023    
   57.33461       86.30008       2.206420    
   62.33282       86.35486       2.216810    
   67.33237       86.35661       2.226748    
   72.33087       86.30669       2.238132    
   77.32610       86.21230       2.248192    
   82.31709       86.07966       2.255896    
   87.30524       85.92673       2.262867    
   92.29430       85.78013       2.268088    
   97.28818       85.67411       2.273000    
   102.2866       85.62716       2.277597    
   107.2863       85.60456       2.282301    
   112.2728       85.47575       2.286184    
   117.2255       85.17844       2.290394    
   122.1606       84.82110       2.295811    
   127.1186       84.54264       2.301682    
   132.1048       84.38613       2.308045    
   137.1018       84.31937       2.314695    
   142.1004       84.34019       2.324827    
   147.0855       84.49109       2.335428    
   152.0289       84.81246       2.348070    
   156.9416       85.22638       2.364549    
   161.8866       85.53673       2.379470    
   166.8759       85.65503       2.394323    
   171.8755       85.65790       2.406337    
   176.8751       85.63148       2.420112    
   181.8749       85.61840       2.434751    
   186.8749       85.61794       2.446119    
   191.8749       85.61810       2.455354    
   196.8749       85.61810       2.464318    
   201.8749       85.61810       2.471445    
   206.8749       85.61802       2.477489    
   211.8749       85.61914       2.482050    
   216.8748       85.62991       2.485812    
   221.8745       85.65736       2.489353    
   226.8739       85.68948       2.492532    
   231.8736       85.69088       2.495613    
   236.8703       85.62250       2.499148    
   241.8605       85.48617       2.501163    
   246.8531       85.37840       2.501908    
   251.8497       85.40344       2.502970    
   256.8403       85.53680       2.503524    
   261.8292       85.68442       2.501819    
   266.8226       85.79627       2.498605    
   271.8200       85.86406       2.496469    
   276.8195       85.88549       2.495372    
   281.8193       85.87220       2.494346    
   286.8188       85.84126       2.493259    
   291.8181       85.80219       2.490699    
   296.8170       85.75674       2.487070    
   301.8156       85.70303       2.483217    
   306.8141       85.65130       2.477692    
   311.8136       85.63272       2.471429    
   316.8123       85.60023       2.462634    
   321.7794       85.38776       2.449162    
   326.7076       85.01280       2.430769    
   331.6619       84.88596       2.406904    
   336.6017       85.18996       2.380770    
   341.4941       85.64894       2.352845    
   346.3997       86.07815       2.327571    
   351.3318       86.44146       2.304961    
   356.3008       86.66934       2.280919    
   361.2956       86.76245       2.254643    
   366.2939       86.82014       2.232958    
   371.2916       86.88777       2.208938    
   376.2886       86.96461       2.187859    
   381.2849       87.05051       2.172674    
   386.2799       87.14902       2.158264    
   391.2732       87.26426       2.146556    
   396.2645       87.39491       2.135900    
   401.2549       87.53254       2.126745    
   406.2462       87.66331       2.116464    
   411.2407       87.76619       2.101500    
   416.2387       87.82300       2.086657    
   421.2385       87.83997       2.074358    
   426.2385       87.84176       2.059973    
   431.2385       87.84920       2.046972    
   436.2343       87.91981       2.033044    
   441.2233       88.06612       2.020185    
   446.2118       88.21626       2.010426    
   451.2035       88.34385       2.001469    
   456.1937       88.48203       1.993828    
   461.1783       88.65514       1.988428    
   466.1624       88.83239       1.983552    
   471.1551       88.93765       1.979257    
   476.1545       88.96221       1.975002    
   481.8401       88.96335       1.970520    
   489.3643       88.96335       1.966488    
   507.4286       88.96335       1.962336    
  -33.77417       75.60016       2.070333    
  -15.70986       75.60016       2.072752    
  -8.185690       75.60016       2.075731    
  -2.500000       75.60016       2.080666    
   2.481762       75.70561       2.088870    
   7.434425       75.94414       2.098211    
   12.38829       76.17914       2.110152    
   17.37068       76.29989       2.119548    
   22.36992       76.32921       2.132233    
   27.36889       76.36263       2.141351    
   32.36626       76.41840       2.153026    
   37.36148       76.49427       2.164093    
   42.35468       76.58534       2.174676    
   47.34677       76.68364       2.187646    
   52.33939       76.77846       2.198428    
   57.33461       76.85366       2.209970    
   62.33282       76.89674       2.221040    
   67.33237       76.89812       2.231163    
   72.33087       76.85886       2.242821    
   77.32610       76.78461       2.252535    
   82.31709       76.68029       2.260508    
   87.30524       76.56001       2.267334    
   92.29430       76.44469       2.273083    
   97.28818       76.36131       2.278731    
   102.2866       76.32438       2.284081    
   107.2863       76.30660       2.288963    
   112.2728       76.20528       2.293303    
   117.2255       75.97144       2.297782    
   122.1606       75.69038       2.304195    
   127.1186       75.47135       2.310894    
   132.1048       75.34826       2.317577    
   137.1018       75.29574       2.324633    
   142.1004       75.31212       2.334851    
   147.0855       75.43081       2.346145    
   152.0289       75.68358       2.358709    
   156.9416       76.00915       2.374111    
   161.8866       76.25325       2.388089    
   166.8759       76.34630       2.402090    
   171.8755       76.34855       2.414759    
   176.8751       76.32778       2.428231    
   181.8749       76.31749       2.442027    
   186.8749       76.31712       2.450721    
   191.8749       76.31725       2.459874    
   196.8749       76.31725       2.470254    
   201.8749       76.31725       2.476138    
   206.8749       76.31718       2.481783    
   211.8749       76.31807       2.486752    
   216.8748       76.32654       2.491614    
   221.8745       76.34814       2.496652    
   226.8739       76.37340       2.500278    
   231.8736       76.37450       2.502406    
   236.8703       76.32071       2.504912    
   241.8605       76.21349       2.508192    
   246.8531       76.12872       2.510152    
   251.8497       76.14841       2.510311    
   256.8403       76.25331       2.509965    
   261.8292       76.36942       2.508722    
   266.8226       76.45739       2.506412    
   271.8200       76.51070       2.504523    
   276.8195       76.52757       2.502311    
   281.8193       76.51711       2.500299    
   286.8188       76.49277       2.498705    
   291.8181       76.46204       2.496160    
   296.8170       76.42630       2.491921    
   301.8156       76.38405       2.486724    
   306.8141       76.34336       2.480388    
   311.8136       76.32875       2.474111    
   316.8123       76.30320       2.466705    
   321.7794       76.13609       2.455544    
   326.7076       75.84116       2.439448    
   331.6619       75.74139       2.417840    
   336.6017       75.98050       2.391932    
   341.4941       76.34151       2.362877    
   346.3997       76.67910       2.336804    
   351.3318       76.96486       2.313170    
   356.3008       77.14410       2.289429    
   361.2956       77.21733       2.265658    
   366.2939       77.26270       2.244196    
   371.2916       77.31591       2.222547    
   376.2886       77.37634       2.203471    
   381.2849       77.44391       2.187165    
   386.2799       77.52139       2.173519    
   391.2732       77.61202       2.160288    
   396.2645       77.71479       2.148806    
   401.2549       77.82304       2.138240    
   406.2462       77.92590       2.126004    
   411.2407       78.00681       2.111568    
   416.2387       78.05150       2.095229    
   421.2385       78.06484       2.081828    
   426.2385       78.06626       2.067359    
   431.2385       78.07211       2.053361    
   436.2343       78.12765       2.040595    
   441.2233       78.24273       2.027902    
   446.2118       78.36082       2.018785    
   451.2035       78.46117       2.008829    
   456.1937       78.56985       2.001168    
   461.1783       78.70601       1.993411    
   466.1624       78.84543       1.988990    
   471.1551       78.92822       1.984408    
   476.1545       78.94754       1.981669    
   481.8401       78.94843       1.977751    
   489.3643       78.94843       1.974324    
   507.4286       78.94843       1.966307    
  -33.77417       56.32260       2.074068    
  -15.70986       56.32260       2.076366    
  -8.185690       56.32260       2.079339    
  -2.500000       56.32260       2.084949    
   2.481762       56.36747       2.091861    
   7.434425       56.46896       2.100015    
   12.38829       56.56895       2.111688    
   17.37068       56.62033       2.122312    
   22.36992       56.63280       2.134219    
   27.36889       56.64702       2.146063    
   32.36626       56.67075       2.156882    
   37.36148       56.70303       2.167683    
   42.35468       56.74178       2.178731    
   47.34677       56.78361       2.189486    
   52.33939       56.82395       2.199813    
   57.33461       56.85595       2.211892    
   62.33282       56.87428       2.222972    
   67.33237       56.87487       2.233515    
   72.33087       56.85816       2.244932    
   77.32610       56.82657       2.254518    
   82.31709       56.78218       2.263004    
   87.30524       56.73100       2.269931    
   92.29430       56.68194       2.275752    
   97.28818       56.64646       2.281066    
   102.2866       56.63075       2.286026    
   107.2863       56.62318       2.291095    
   112.2728       56.58007       2.296918    
   117.2255       56.48058       2.303017    
   122.1606       56.36099       2.309690    
   127.1186       56.26780       2.316472    
   132.1048       56.21542       2.323117    
   137.1018       56.19307       2.330431    
   142.1004       56.20005       2.340018    
   147.0855       56.25055       2.351663    
   152.0289       56.35809       2.364487    
   156.9416       56.49662       2.378644    
   161.8866       56.60048       2.392263    
   166.8759       56.64007       2.406096    
   171.8755       56.64103       2.419652    
   176.8751       56.63219       2.432843    
   181.8749       56.62782       2.444991    
   186.8749       56.62766       2.454595    
   191.8749       56.62771       2.464027    
   196.8749       56.62772       2.472292    
   201.8749       56.62771       2.478934    
   206.8749       56.62769       2.486274    
   211.8749       56.62806       2.492223    
   216.8748       56.63167       2.497014    
   221.8745       56.64086       2.501473    
   226.8739       56.65160       2.504905    
   231.8736       56.65207       2.507717    
   236.8703       56.62919       2.510057    
   241.8605       56.58356       2.512058    
   246.8531       56.54750       2.513735    
   251.8497       56.55588       2.514689    
   256.8403       56.60051       2.514454    
   261.8292       56.64991       2.513365    
   266.8226       56.68734       2.512075    
   271.8200       56.71003       2.510396    
   276.8195       56.71720       2.507522    
   281.8193       56.71275       2.504304    
   286.8188       56.70240       2.501605    
   291.8181       56.68932       2.498462    
   296.8170       56.67411       2.494090    
   301.8156       56.65614       2.488860    
   306.8141       56.63882       2.483264    
   311.8136       56.63261       2.477341    
   316.8123       56.62173       2.469965    
   321.7794       56.55063       2.459690    
   326.7076       56.42514       2.445450    
   331.6619       56.38269       2.426361    
   336.6017       56.48443       2.400984    
   341.4941       56.63803       2.371270    
   346.3997       56.78168       2.343699    
   351.3318       56.90327       2.318046    
   356.3008       56.97953       2.294284    
   361.2956       57.01069       2.272453    
   366.2939       57.02999       2.250462    
   371.2916       57.05263       2.229449    
   376.2886       57.07835       2.211177    
   381.2849       57.10709       2.195207    
   386.2799       57.14006       2.182230    
   391.2732       57.17862       2.169075    
   396.2645       57.22235       2.156512    
   401.2549       57.26841       2.144404    
   406.2462       57.31217       2.131076    
   411.2407       57.34660       2.116702    
   416.2387       57.36561       2.101518    
   421.2385       57.37129       2.087221    
   426.2385       57.37189       2.072210    
   431.2385       57.37438       2.057547    
   436.2343       57.39801       2.044961    
   441.2233       57.44698       2.033821    
   446.2118       57.49723       2.023820    
   451.2035       57.53992       2.013825    
   456.1937       57.58617       2.005497    
   461.1783       57.64410       1.998028    
   466.1624       57.70342       1.992749    
   471.1551       57.73865       1.988940    
   476.1545       57.74687       1.986152    
   481.8401       57.74725       1.983683    
   489.3643       57.74725       1.982181    
   507.4286       57.74725       1.974079    
