        1545
  -33.77417       136.6885       1.722953    
  -15.70986       136.6885       1.723279    
  -8.185690       136.6885     -0.7323534    
  -2.500000       136.6885       1.363277    
   2.481762       136.9860       1.202285    
   7.434425       137.6588       1.233296    
   12.38829       138.3216       1.305869    
   17.37068       138.6622       1.316760    
   22.36992       138.7449       1.370940    
   27.36889       138.8391       1.422076    
   32.36626       138.9964       1.362013    
   37.36148       139.2104       1.330075    
   42.35468       139.4673       1.330982    
   47.34677       139.7446       1.265983    
   52.33939       140.0120       1.217084    
   57.33461       140.2241       1.232863    
   62.33282       140.3456       1.256334    
   67.33237       140.3495       1.280741    
   72.33087       140.2388       1.264975    
   77.32610       140.0294       1.296307    
   82.31709       139.7351       1.297547    
   87.30524       139.3958       1.235236    
   92.29430       139.0706       1.291150    
   97.28818       138.8354       1.291996    
   102.2866       138.7312       1.314218    
   107.2863       138.6811       1.365949    
   112.2728       138.3953       1.368624    
   117.2255       137.7357       1.214945    
   122.1606       136.9430       1.146871    
   127.1186       136.3252       1.304772    
   132.1048       135.9780       1.212151    
   137.1018       135.8299       1.211133    
   142.1004       135.8761       1.210980    
   147.0855       136.2108       1.348050    
   152.0289       136.9238       1.192403    
   156.9416       137.8421       1.202455    
   161.8866       138.5306       1.245851    
   166.8759       138.7930       1.266117    
   171.8755       138.7994       1.271617    
   176.8751       138.7408       1.272844    
   181.8749       138.7118       1.276579    
   186.8749       138.7108       1.271906    
   191.8749       138.7111       1.275663    
   196.8749       138.7112       1.277490    
   201.8749       138.7111       1.269593    
   206.8749       138.7109       1.274335    
   211.8749       138.7134       1.276493    
   216.8748       138.7373       1.272907    
   221.8745       138.7983       1.267962    
   226.8739       138.8695       1.255511    
   231.8736       138.8726       1.289883    
   236.8703       138.7209       1.265083    
   241.8605       138.4185       1.273899    
   246.8531       138.1794       1.277657    
   251.8497       138.2349       1.277663    
   256.8403       138.5308       1.266735    
   261.8292       138.8582       1.261005    
   266.8226       139.1064       1.268757    
   271.8200       139.2568       1.276398    
   276.8195       139.3043       1.266048    
   281.8193       139.2749       1.269827    
   286.8188       139.2062       1.273226    
   291.8181       139.1195       1.279643    
   296.8170       139.0187       1.282076    
   301.8156       138.8996       1.268724    
   306.8141       138.7848       1.271177    
   311.8136       138.7435       1.273590    
   316.8123       138.6715       1.243243    
   321.7794       138.2001       1.235191    
   326.7076       137.3683       1.234259    
   331.6619       137.0869       1.319428    
   336.6017       137.7613       1.369773    
   341.4941       138.7795       1.370509    
   346.3997       139.7317       1.188877    
   351.3318       140.5377       1.249519    
   356.3008       141.0433       1.260208    
   361.2956       141.2499       1.340642    
   366.2939       141.3779       1.318320    
   371.2916       141.5279       1.232639    
   376.2886       141.6984       1.272429    
   381.2849       141.8889       1.317278    
   386.2799       142.1075       1.247270    
   391.2732       142.3631       1.218106    
   396.2645       142.6530       1.196350    
   401.2549       142.9583       1.200611    
   406.2462       143.2484       1.204234    
   411.2407       143.4767       1.202665    
   416.2387       143.6027       1.198285    
   421.2385       143.6403       1.192611    
   426.2385       143.6443       1.192914    
   431.2385       143.6608       1.207597    
   436.2343       143.8174       1.215557    
   441.2233       144.1421       1.226363    
   446.2118       144.4751       1.208667    
   451.2035       144.7582       1.205310    
   456.1937       145.0647       1.156577    
   461.1783       145.4488       1.007696    
   466.1624       145.8420       1.087243    
   471.1551       146.0755       1.586063    
   476.1545       146.1300      0.5552199    
   481.8401       146.1326       2.360925    
   489.3643       146.1326       2.362530    
   507.4286       146.1326       2.362890    
  -33.77417       134.0858       1.723054    
  -15.70986       134.0858       1.723363    
  -8.185690       134.0858     -0.7323267    
  -2.500000       134.0858       2.777619    
   2.481762       134.3752      0.9715072    
   7.434425       135.0294       1.117436    
   12.38829       135.6740       1.085338    
   17.37068       136.0052       1.149047    
   22.36992       136.0857       1.096407    
   27.36889       136.1774       1.044591    
   32.36626       136.3303       1.138258    
   37.36148       136.5384       1.139221    
   42.35468       136.7882       1.036319    
   47.34677       137.0579       1.061113    
   52.33939       137.3180       1.084248    
   57.33461       137.5242       1.084567    
   62.33282       137.6424       1.106245    
   67.33237       137.6462       1.120263    
   72.33087       137.5385       1.234166    
   77.32610       137.3349       1.168785    
   82.31709       137.0487       1.163297    
   87.30524       136.7188       1.264028    
   92.29430       136.4025      0.8488265    
   97.28818       136.1738      0.9362566    
   102.2866       136.0724       1.107052    
   107.2863       136.0237       1.108523    
   112.2728       135.7457       1.055252    
   117.2255       135.1043       1.058806    
   122.1606       134.3334       1.225441    
   127.1186       133.7326       1.224324    
   132.1048       133.3949       1.212849    
   137.1018       133.2509       1.211610    
   142.1004       133.2958       1.211512    
   147.0855       133.6214       1.291716    
   152.0289       134.3147       1.289347    
   156.9416       135.2077       1.059349    
   161.8866       135.8773       1.110689    
   166.8759       136.1325       1.104387    
   171.8755       136.1387       1.096451    
   176.8751       136.0817       1.083559    
   181.8749       136.0535       1.093183    
   186.8749       136.0525       1.101323    
   191.8749       136.0529       1.095124    
   196.8749       136.0529       1.081886    
   201.8749       136.0529       1.101452    
   206.8749       136.0527       1.090315    
   211.8749       136.0551       1.071837    
   216.8748       136.0783       1.084707    
   221.8745       136.1376       1.080394    
   226.8739       136.2069       1.125917    
   231.8736       136.2099       1.055408    
   236.8703       136.0623       1.143570    
   241.8605       135.7682       1.081080    
   246.8531       135.5358       1.077886    
   251.8497       135.5898       1.065972    
   256.8403       135.8775       1.086028    
   261.8292       136.1960       1.100509    
   266.8226       136.4373       1.095391    
   271.8200       136.5835       1.089552    
   276.8195       136.6297       1.101492    
   281.8193       136.6011       1.086164    
   286.8188       136.5343       1.114673    
   291.8181       136.4500       1.091579    
   296.8170       136.3520       1.087597    
   301.8156       136.2361       1.108500    
   306.8141       136.1245       1.089557    
   311.8136       136.0844       1.021200    
   316.8123       136.0143       1.129806    
   321.7794       135.5559       1.265251    
   326.7076       134.7469       1.259321    
   331.6619       134.4733       1.051455    
   336.6017       135.1292      0.9677770    
   341.4941       136.1194       1.094384    
   346.3997       137.0454       1.094234    
   351.3318       137.8293       1.119959    
   356.3008       138.3209       1.255631    
   361.2956       138.5218       1.274584    
   366.2939       138.6463       1.462696    
   371.2916       138.7922       1.354091    
   376.2886       138.9579       1.354166    
   381.2849       139.1433       1.356583    
   386.2799       139.3558       1.510871    
   391.2732       139.6044       1.172385    
   396.2645       139.8863       1.198798    
   401.2549       140.1832       1.206504    
   406.2462       140.4654       1.210232    
   411.2407       140.6873       1.210451    
   416.2387       140.8099       1.208217    
   421.2385       140.8465       1.212019    
   426.2385       140.8504       1.221075    
   431.2385       140.8664       1.216245    
   436.2343       141.0188       1.211634    
   441.2233       141.3345       1.210969    
   446.2118       141.6584       1.221686    
   451.2035       141.9337       1.222658    
   456.1937       142.2318       1.218422    
   461.1783       142.6053       1.181184    
   466.1624       142.9877       1.179176    
   471.1551       143.2148      0.7107487    
   476.1545       143.2677     -0.2786090    
   481.8401       143.2702       2.361026    
   489.3643       143.2702       2.362672    
   507.4286       143.2702       2.363031    
  -33.77417       131.3152       1.723170    
  -15.70986       131.3152       1.723591    
  -8.185690       131.3152     -0.7323343    
  -2.500000       131.3152       2.777316    
   2.481762       131.5958      0.9725305    
   7.434425       132.2304       1.116761    
   12.38829       132.8556       1.108997    
   17.37068       133.1768       1.148312    
   22.36992       133.2549       1.140579    
   27.36889       133.3438       1.143861    
   32.36626       133.4921       1.142631    
   37.36148       133.6940       1.140671    
   42.35468       133.9363       1.033702    
   47.34677       134.1978       1.030885    
   52.33939       134.4500       1.000968    
   57.33461       134.6501      0.9902643    
   62.33282       134.7647      0.9173010    
   67.33237       134.7684      0.8730925    
   72.33087       134.6640      0.8587084    
   77.32610       134.4664      0.8574730    
   82.31709       134.1889      0.8235334    
   87.30524       133.8689      0.8114514    
   92.29430       133.5621       1.596141    
   97.28818       133.3403       1.596846    
   102.2866       133.2420       1.107378    
   107.2863       133.1947       1.108899    
   112.2728       132.9252       1.110265    
   117.2255       132.3031       1.224875    
   122.1606       131.5553       1.225698    
   127.1186       130.9726       1.218332    
   132.1048       130.6451       1.213874    
   137.1018       130.5054       1.212375    
   142.1004       130.5490       1.212090    
   147.0855       130.8647       1.212713    
   152.0289       131.5372       1.289447    
   156.9416       132.4034       1.290970    
   161.8866       133.0527       1.106458    
   166.8759       133.3003       1.080617    
   171.8755       133.3063       1.094000    
   176.8751       133.2510       1.099761    
   181.8749       133.2236       1.099741    
   186.8749       133.2227       1.100528    
   191.8749       133.2231       1.097945    
   196.8749       133.2231       1.098261    
   201.8749       133.2231       1.099032    
   206.8749       133.2229       1.097237    
   211.8749       133.2252       1.107221    
   216.8748       133.2477       1.108936    
   221.8745       133.3052       1.107694    
   226.8739       133.3724       1.104287    
   231.8736       133.3753       1.079364    
   236.8703       133.2322       1.077716    
   241.8605       132.9470       1.088530    
   246.8531       132.7215       1.107512    
   251.8497       132.7738       1.109183    
   256.8403       133.0529       1.105597    
   261.8292       133.3618       1.101651    
   266.8226       133.5959       1.094931    
   271.8200       133.7377       1.090966    
   276.8195       133.7825       1.097872    
   281.8193       133.7548       1.096199    
   286.8188       133.6900       1.093371    
   291.8181       133.6082       1.090930    
   296.8170       133.5132       1.086857    
   301.8156       133.4008       1.083851    
   306.8141       133.2925       1.086603    
   311.8136       133.2536       1.145512    
   316.8123       133.1856       1.141776    
   321.7794       132.7410      0.8629963    
   326.7076       131.9564       1.048011    
   331.6619       131.6910       1.052088    
   336.6017       132.3271       1.099917    
   341.4941       133.2876       1.096931    
   346.3997       134.1857       1.096396    
   351.3318       134.9460       1.119560    
   356.3008       135.4228       1.251649    
   361.2956       135.6176      0.8041056    
   366.2939       135.7384      0.8126531    
   371.2916       135.8799       1.047378    
   376.2886       136.0407       1.047664    
   381.2849       136.2204      0.6919965    
   386.2799       136.4265      0.7701229    
   391.2732       136.6677       1.283963    
   396.2645       136.9411       1.173464    
   401.2549       137.2291       1.175419    
   406.2462       137.5027       1.177858    
   411.2407       137.7180       1.175624    
   416.2387       137.8369       1.158528    
   421.2385       137.8724       1.146459    
   426.2385       137.8761       1.140397    
   431.2385       137.8917       1.135482    
   436.2343       138.0394       1.134332    
   441.2233       138.3456       1.140089    
   446.2118       138.6598       1.158492    
   451.2035       138.9268       1.174488    
   456.1937       139.2159       1.178590    
   461.1783       139.5782       1.179827    
   466.1624       139.9491       1.178793    
   471.1551       140.1694      0.7103562    
   476.1545       140.2207     -0.2789968    
   481.8401       140.2231       2.361228    
   489.3643       140.2231       2.362944    
   507.4286       140.2231       2.363286    
  -33.77417       128.3538       1.723411    
  -15.70986       128.3538       1.723989    
  -8.185690       128.3538       1.724273    
  -2.500000       128.3538       1.747308    
   2.481762       128.6251       1.746734    
   7.434425       129.2386       2.610399    
   12.38829       129.8431       2.610881    
   17.37068       130.1537       2.611210    
   22.36992       130.2291       2.611334    
   27.36889       130.3151       2.610853    
   32.36626       130.4585       2.609657    
   37.36148       130.6536       2.607767    
   42.35468       130.8879       2.605662    
   47.34677       131.1408       2.604061    
   52.33939       131.3846       2.603363    
   57.33461       131.5780       2.603787    
   62.33282       131.6889       2.605230    
   67.33237       131.6924       2.607167    
   72.33087       131.5914       2.609049    
   77.32610       131.4005       2.610585    
   82.31709       131.1322       2.611812    
   87.30524       130.8228       2.613017    
   92.29430       130.5262       2.614331    
   97.28818       130.3116       2.615891    
   102.2866       130.2167       2.617466    
   107.2863       130.1709       2.618748    
   112.2728       129.9104       2.619484    
   117.2255       129.3089       2.659063    
   122.1606       128.5859       1.225663    
   127.1186       128.0226       1.217505    
   132.1048       127.7059       1.214459    
   137.1018       127.5708       1.212911    
   142.1004       127.6130       1.212327    
   147.0855       127.9183       1.212408    
   152.0289       128.5684       1.211014    
   156.9416       129.4059       1.509791    
   161.8866       130.0337       1.506997    
   166.8759       130.2731       1.504593    
   171.8755       130.2789       1.504257    
   176.8751       130.2254       1.505377    
   181.8749       130.1989       1.506368    
   186.8749       130.1980       1.508209    
   191.8749       130.1983       1.509962    
   196.8749       130.1983       1.510465    
   201.8749       130.1983       1.510670    
   206.8749       130.1982       1.510803    
   211.8749       130.2005       1.510701    
   216.8748       130.2222       1.510367    
   221.8745       130.2778       1.509856    
   226.8739       130.3428       1.510108    
   231.8736       130.3456       1.510909    
   236.8703       130.2072       1.512048    
   241.8605       129.9314       1.514457    
   246.8531       129.7134       1.517397    
   251.8497       129.7641       1.518321    
   256.8403       130.0339       1.517248    
   261.8292       130.3325       1.515044    
   266.8226       130.5588       1.511622    
   271.8200       130.6960       1.508631    
   276.8195       130.7393       1.507233    
   281.8193       130.7124       1.506362    
   286.8188       130.6498       1.505675    
   291.8181       130.5708       1.506015    
   296.8170       130.4788       1.507285    
   301.8156       130.3701       1.542371    
   306.8141       130.2655       1.553187    
   311.8136       130.2279       1.569883    
   316.8123       130.1622       1.576257    
   321.7794       129.7323       1.580265    
   326.7076       128.9738       1.583777    
   331.6619       128.7171       1.587065    
   336.6017       129.3322       1.589324    
   341.4941       130.2607       1.604922    
   346.3997       131.1291       1.604957    
   351.3318       131.8641       1.251619    
   356.3008       132.3251       1.251511    
   361.2956       132.5135       1.252841    
   366.2939       132.6302       1.256414    
   371.2916       132.7671       1.258479    
   376.2886       132.9225       1.261885    
   381.2849       133.0963       1.267282    
   386.2799       133.2955       1.274077    
   391.2732       133.5287       1.281907    
   396.2645       133.7930       1.173687    
   401.2549       134.0715       1.174837    
   406.2462       134.3360       1.175198    
   411.2407       134.5442       1.171096    
   416.2387       134.6591       1.148814    
   421.2385       134.6935       1.138281    
   426.2385       134.6971       1.133962    
   431.2385       134.7121       1.132192    
   436.2343       134.8550       1.133241    
   441.2233       135.1510       1.139990    
   446.2118       135.4547       1.158394    
   451.2035       135.7129       1.173012    
   456.1937       135.9924       1.177254    
   461.1783       136.3427       1.178657    
   466.1624       136.7012       1.178283    
   471.1551       136.9142       1.177924    
   476.1545       136.9639       1.178079    
   481.8401       136.9662       2.361075    
   489.3643       136.9662       2.363449    
   507.4286       136.9662       2.363674    
  -33.77417       125.1739       1.724636    
  -15.70986       125.1739       1.726244    
  -8.185690       125.1739       1.740017    
  -2.500000       125.1739       1.743390    
   2.481762       125.4352       1.746644    
   7.434425       126.0261       1.772478    
   12.38829       126.6083       2.610444    
   17.37068       126.9075       2.610891    
   22.36992       126.9801       2.610961    
   27.36889       127.0629       2.610523    
   32.36626       127.2010       2.609426    
   37.36148       127.3890       2.607803    
   42.35468       127.6146       2.605995    
   47.34677       127.8582       2.604522    
   52.33939       128.0931       2.603838    
   57.33461       128.2793       2.604150    
   62.33282       128.3861       2.605275    
   67.33237       128.3895       2.607035    
   72.33087       128.2923       2.608763    
   77.32610       128.1083       2.610288    
   82.31709       127.8499       2.611692    
   87.30524       127.5519       2.613021    
   92.29430       127.2662       2.614496    
   97.28818       127.0596       2.616152    
   102.2866       126.9681       2.617748    
   107.2863       126.9241       2.619038    
   112.2728       126.6731       2.619684    
   117.2255       126.0938       2.457099    
   122.1606       125.3975      0.7311293    
   127.1186       124.8549      0.7315745    
   132.1048       124.5499      0.7316434    
   137.1018       124.4198      0.7316496    
   142.1004       124.4603      0.7317482    
   147.0855       124.7544      0.7315417    
   152.0289       125.3806      0.7090530    
   156.9416       126.1872       2.563992    
   161.8866       126.7919       2.513444    
   166.8759       127.0225       2.713916    
   171.8755       127.0280       2.717575    
   176.8751       126.9765       2.719458    
   181.8749       126.9510       2.722194    
   186.8749       126.9501       2.726014    
   191.8749       126.9505       2.730864    
   196.8749       126.9505       2.736755    
   201.8749       126.9505       2.743098    
   206.8749       126.9503       2.749479    
   211.8749       126.9525       2.755169    
   216.8748       126.9735       2.759856    
   221.8745       127.0270       2.763522    
   226.8739       127.0896       2.766348    
   231.8736       127.0923       2.768383    
   236.8703       126.9591       2.769815    
   241.8605       126.6934       2.770738    
   246.8531       126.4834       2.771010    
   251.8497       126.5322       2.770410    
   256.8403       126.7921       2.768819    
   261.8292       127.0797       2.766334    
   266.8226       127.2977       2.763123    
   271.8200       127.4297       2.759491    
   276.8195       127.4715       2.755646    
   281.8193       127.4456       2.751605    
   286.8188       127.3853       2.747348    
   291.8181       127.3092       2.742745    
   296.8170       127.2206       2.737874    
   301.8156       127.1160       2.732684    
   306.8141       127.0152       2.727104    
   311.8136       126.9790       2.720961    
   316.8123       126.9157       2.713994    
   321.7794       126.5017       2.706006    
   326.7076       125.7710       2.697087    
   331.6619       125.5238       2.686770    
   336.6017       126.1162       2.674384    
   341.4941       127.0106       2.656994    
   346.3997       127.8469       2.649753    
   351.3318       128.5549      0.9468225    
   356.3008       128.9989       1.251699    
   361.2956       129.1804       1.252851    
   366.2939       129.2928       1.255332    
   371.2916       129.4245       1.257773    
   376.2886       129.5742       1.261534    
   381.2849       129.7417       1.267006    
   386.2799       129.9336       1.273582    
   391.2732       130.1582       1.278486    
   396.2645       130.4128       1.278655    
   401.2549       130.6809       1.175041    
   406.2462       130.9357       1.173782    
   411.2407       131.1362       1.169380    
   416.2387       131.2469       1.146739    
   421.2385       131.2800       1.137017    
   426.2385       131.2835       1.132969    
   431.2385       131.2979       1.131603    
   436.2343       131.4355       1.133152    
   441.2233       131.7207       1.140369    
   446.2118       132.0132       1.158552    
   451.2035       132.2618       1.172106    
   456.1937       132.5311       1.176561    
   461.1783       132.8684       1.178413    
   466.1624       133.2138       1.178817    
   471.1551       133.4189       1.179040    
   476.1545       133.4668       2.310847    
   481.8401       133.4690       2.363761    
   489.3643       133.4690       2.364126    
   507.4286       133.4690       2.364160    
  -33.77417       121.7413       2.606155    
  -15.70986       121.7413       2.606461    
  -8.185690       121.7413       2.606883    
  -2.500000       121.7413       2.607422    
   2.481762       121.9919       2.608032    
   7.434425       122.5584       2.608888    
   12.38829       123.1165       2.609913    
   17.37068       123.4034       2.610420    
   22.36992       123.4730       2.610495    
   27.36889       123.5524       2.610097    
   32.36626       123.6848       2.609209    
   37.36148       123.8650       2.607898    
   42.35468       124.0813       2.606451    
   47.34677       124.3148       2.605234    
   52.33939       124.5400       2.604647    
   57.33461       124.7186       2.604840    
   62.33282       124.8209       2.605724    
   67.33237       124.8242       2.607360    
   72.33087       124.7309       2.608907    
   77.32610       124.5546       2.610409    
   82.31709       124.3068       2.611867    
   87.30524       124.0211       2.613361    
   92.29430       123.7473       2.614950    
   97.28818       123.5492       2.616677    
   102.2866       123.4615       2.618386    
   107.2863       123.4193       2.619809    
   112.2728       123.1786       2.620304    
   117.2255       122.6232       2.611961    
   122.1606       121.9557       2.613021    
   127.1186       121.4355       2.614424    
   132.1048       121.1431       2.615922    
   137.1018       121.0183       2.617445    
   142.1004       121.0573       2.619044    
   147.0855       121.3392       2.620550    
   152.0289       121.9395       2.621901    
   156.9416       122.7128       2.622777    
   161.8866       123.2925       2.622770    
   166.8759       123.5135       2.715727    
   171.8755       123.5189       2.721951    
   176.8751       123.4696       2.725112    
   181.8749       123.4451       2.728669    
   186.8749       123.4443       2.733188    
   191.8749       123.4446       2.738540    
   196.8749       123.4446       2.744267    
   201.8749       123.4446       2.749984    
   206.8749       123.4444       2.755327    
   211.8749       123.4465       2.760145    
   216.8748       123.4666       2.764242    
   221.8745       123.5179       2.767599    
   226.8739       123.5779       2.770290    
   231.8736       123.5806       2.772351    
   236.8703       123.4528       2.773796    
   241.8605       123.1981       2.774634    
   246.8531       122.9968       2.774804    
   251.8497       123.0435       2.774249    
   256.8403       123.2927       2.772938    
   261.8292       123.5684       2.770933    
   266.8226       123.7774       2.768345    
   271.8200       123.9041       2.765321    
   276.8195       123.9441       2.761995    
   281.8193       123.9193       2.758327    
   286.8188       123.8614       2.754328    
   291.8181       123.7885       2.750029    
   296.8170       123.7036       2.745463    
   301.8156       123.6032       2.740604    
   306.8141       123.5066       2.735242    
   311.8136       123.4719       2.729284    
   316.8123       123.4112       2.722687    
   321.7794       123.0143       2.715493    
   326.7076       122.3138       2.705406    
   331.6619       122.0768       2.693254    
   336.6017       122.6448       2.679572    
   341.4941       123.5022       2.653926    
   346.3997       124.3040       2.645150    
   351.3318       124.9827       2.612286    
   356.3008       125.4084       2.401554    
   361.2956       125.5824       2.377303    
   366.2939       125.6901       2.375858    
   371.2916       125.8165       2.374084    
   376.2886       125.9600       2.372167    
   381.2849       126.1205       2.370187    
   386.2799       126.3045       2.368242    
   391.2732       126.5198       2.366559    
   396.2645       126.7639       2.364981    
   401.2549       127.0210       2.363626    
   406.2462       127.2653       2.362547    
   411.2407       127.4575       2.361536    
   416.2387       127.5636       2.360525    
   421.2385       127.5953       2.359548    
   426.2385       127.5986       2.358831    
   431.2385       127.6125       2.358425    
   436.2343       127.7445       2.358333    
   441.2233       128.0178       2.358539    
   446.2118       128.2982       2.358860    
   451.2035       128.5366       2.359262    
   456.1937       128.7948       2.359520    
   461.1783       129.1181       2.359513    
   466.1624       129.4493       2.359226    
   471.1551       129.6459       2.358762    
   476.1545       129.6918       2.362145    
   481.8401       129.6939       2.365340    
   489.3643       129.6939       2.364920    
   507.4286       129.6939       2.364740    
  -33.77417       118.0135       2.607404    
  -15.70986       118.0135       2.607699    
  -8.185690       118.0135       2.608084    
  -2.500000       118.0135       2.608496    
   2.481762       118.2522       2.608936    
   7.434425       118.7923       2.609445    
   12.38829       119.3243       2.610005    
   17.37068       119.5977       2.610387    
   22.36992       119.6640       2.610450    
   27.36889       119.7397       2.610198    
   32.36626       119.8660       2.609609    
   37.36148       120.0378       2.608810    
   42.35468       120.2439       2.607948    
   47.34677       120.4665       2.607234    
   52.33939       120.6811       2.606949    
   57.33461       120.8514       2.607148    
   62.33282       120.9489       2.607816    
   67.33237       120.9520       2.608872    
   72.33087       120.8632       2.610192    
   77.32610       120.6951       2.611688    
   82.31709       120.4589       2.613282    
   87.30524       120.1866       2.615054    
   92.29430       119.9255       2.617060    
   97.28818       119.7367       2.619335    
   102.2866       119.6531       2.621918    
   107.2863       119.6129       2.624859    
   112.2728       119.3835       2.628430    
   117.2255       118.8540       2.632807    
   122.1606       118.2177       2.636905    
   127.1186       117.7218       2.641074    
   132.1048       117.4431       2.645230    
   137.1018       117.3242       2.649203    
   142.1004       117.3613       2.653009    
   147.0855       117.6301       2.656687    
   152.0289       118.2023       2.660054    
   156.9416       118.9394       2.662862    
   161.8866       119.4921       2.665068    
   166.8759       119.7027       2.715392    
   171.8755       119.7078       2.721551    
   176.8751       119.6608       2.725233    
   181.8749       119.6375       2.728946    
   186.8749       119.6367       2.733524    
   191.8749       119.6370       2.738808    
   196.8749       119.6370       2.744347    
   201.8749       119.6370       2.749829    
   206.8749       119.6368       2.754948    
   211.8749       119.6388       2.759538    
   216.8748       119.6580       2.763498    
   221.8745       119.7069       2.766826    
   226.8739       119.7641       2.769530    
   231.8736       119.7666       2.771609    
   236.8703       119.6448       2.773026    
   241.8605       119.4020       2.773803    
   246.8531       119.2101       2.773950    
   251.8497       119.2547       2.773399    
   256.8403       119.4922       2.772168    
   261.8292       119.7551       2.770287    
   266.8226       119.9542       2.767835    
   271.8200       120.0750       2.764949    
   276.8195       120.1131       2.761652    
   281.8193       120.0895       2.758005    
   286.8188       120.0343       2.754038    
   291.8181       119.9648       2.749772    
   296.8170       119.8839       2.745240    
   301.8156       119.7882       2.740381    
   306.8141       119.6961       2.735088    
   311.8136       119.6630       2.729209    
   316.8123       119.6051       2.722737    
   321.7794       119.2268       2.715549    
   326.7076       118.5591       2.706295    
   331.6619       118.3332       2.694678    
   336.6017       118.8746       2.681177    
   341.4941       119.6919       2.648904    
   346.3997       120.4562       2.638441    
   351.3318       121.1031       2.610057    
   356.3008       121.5089       2.493012    
   361.2956       121.6748       2.426532    
   366.2939       121.7775       2.423374    
   371.2916       121.8979       2.419705    
   376.2886       122.0348       2.415716    
   381.2849       122.1877       2.411658    
   386.2799       122.3631       2.407744    
   391.2732       122.5684       2.404028    
   396.2645       122.8010       2.400524    
   401.2549       123.0461       2.397358    
   406.2462       123.2790       2.394492    
   411.2407       123.4621       2.391767    
   416.2387       123.5633       2.389160    
   421.2385       123.5935       2.386663    
   426.2385       123.5967       2.384366    
   431.2385       123.6100       2.382304    
   436.2343       123.7357       2.380455    
   441.2233       123.9963       2.378830    
   446.2118       124.2636       2.377337    
   451.2035       124.4909       2.375913    
   456.1937       124.7369       2.374519    
   461.1783       125.0452       2.373115    
   466.1624       125.3608       2.371665    
   471.1551       125.5482       2.370112    
   476.1545       125.5920       2.368412    
   481.8401       125.5940       2.366748    
   489.3643       125.5940       2.365834    
   507.4286       125.5940       2.365430    
  -33.77417       113.9358       2.607659    
  -15.70986       113.9358       2.607952    
  -8.185690       113.9358       2.608294    
  -2.500000       113.9358       2.608675    
   2.481762       114.1617       2.609091    
   7.434425       114.6728       2.609515    
   12.38829       115.1762       2.609911    
   17.37068       115.4350       2.610171    
   22.36992       115.4978       2.610221    
   27.36889       115.5694       2.610023    
   32.36626       115.6889       2.609668    
   37.36148       115.8514       2.609156    
   42.35468       116.0465       2.608584    
   47.34677       116.2571       2.608181    
   52.33939       116.4603       2.608088    
   57.33461       116.6214       2.608356    
   62.33282       116.7137       2.608981    
   67.33237       116.7167       2.609911    
   72.33087       116.6326       2.611146    
   77.32610       116.4735       2.612630    
   82.31709       116.2499       2.614296    
   87.30524       115.9922       2.616178    
   92.29430       115.7452       2.618327    
   97.28818       115.5665       2.620790    
   102.2866       115.4874       2.623546    
   107.2863       115.4493       2.626614    
   112.2728       115.2323       2.630089    
   117.2255       114.7313       2.633981    
   122.1606       114.1291       2.638015    
   127.1186       113.6599       2.642199    
   132.1048       113.3961       2.646433    
   137.1018       113.2836       2.650646    
   142.1004       113.3186       2.654928    
   147.0855       113.5730       2.659303    
   152.0289       114.1145       2.663487    
   156.9416       114.8120       2.667122    
   161.8866       115.3350       2.670156    
   166.8759       115.5344       2.714322    
   171.8755       115.5392       2.720599    
   176.8751       115.4947       2.725022    
   181.8749       115.4726       2.729048    
   186.8749       115.4719       2.733707    
   191.8749       115.4722       2.738871    
   196.8749       115.4722       2.744165    
   201.8749       115.4722       2.749380    
   206.8749       115.4720       2.754237    
   211.8749       115.4739       2.758586    
   216.8748       115.4921       2.762381    
   221.8745       115.5383       2.765622    
   226.8739       115.5924       2.768273    
   231.8736       115.5948       2.770290    
   236.8703       115.4796       2.771677    
   241.8605       115.2498       2.772440    
   246.8531       115.0682       2.772559    
   251.8497       115.1104       2.772038    
   256.8403       115.3352       2.770885    
   261.8292       115.5839       2.769143    
   266.8226       115.7724       2.766879    
   271.8200       115.8866       2.764129    
   276.8195       115.9228       2.760939    
   281.8193       115.9004       2.757354    
   286.8188       115.8482       2.753453    
   291.8181       115.7824       2.749255    
   296.8170       115.7058       2.744766    
   301.8156       115.6153       2.739975    
   306.8141       115.5281       2.734741    
   311.8136       115.4968       2.728988    
   316.8123       115.4420       2.722706    
   321.7794       115.0840       2.715712    
   326.7076       114.4521       2.707103    
   331.6619       114.2384       2.696230    
   336.6017       114.7507       2.682504    
   341.4941       115.5241       2.643077    
   346.3997       116.2474       2.631069    
   351.3318       116.8596       2.605398    
   356.3008       117.2437       2.495849    
   361.2956       117.4006       2.441716    
   366.2939       117.4977       2.431960    
   371.2916       117.6117       2.425758    
   376.2886       117.7412       2.420435    
   381.2849       117.8860       2.415478    
   386.2799       118.0519       2.410987    
   391.2732       118.2462       2.406859    
   396.2645       118.4663       2.403051    
   401.2549       118.6983       2.399615    
   406.2462       118.9186       2.396475    
   411.2407       119.0920       2.393576    
   416.2387       119.1877       2.390854    
   421.2385       119.2163       2.388281    
   426.2385       119.2194       2.385886    
   431.2385       119.2319       2.383691    
   436.2343       119.3509       2.381701    
   441.2233       119.5975       2.379923    
   446.2118       119.8504       2.378318    
   451.2035       120.0655       2.376785    
   456.1937       120.2983       2.375282    
   461.1783       120.5900       2.373789    
   466.1624       120.8887       2.372263    
   471.1551       121.0661       2.370723    
   476.1545       121.1075       2.369175    
   481.8401       121.1095       2.367768    
   489.3643       121.1095       2.366802    
   507.4286       121.1095       2.366255    
  -33.77417       109.4377       2.607741    
  -15.70986       109.4377       2.608025    
  -8.185690       109.4377       2.608351    
  -2.500000       109.4377       2.608726    
   2.481762       109.6495       2.609113    
   7.434425       110.1285       2.609447    
   12.38829       110.6005       2.609739    
   17.37068       110.8431       2.609920    
   22.36992       110.9020       2.609959    
   27.36889       110.9691       2.609869    
   32.36626       111.0811       2.609679    
   37.36148       111.2335       2.609418    
   42.35468       111.4164       2.609138    
   47.34677       111.6138       2.608975    
   52.33939       111.8043       2.609038    
   57.33461       111.9553       2.609387    
   62.33282       112.0418       2.610011    
   67.33237       112.0446       2.610909    
   72.33087       111.9657       2.612112    
   77.32610       111.8166       2.613595    
   82.31709       111.6071       2.615327    
   87.30524       111.3655       2.617261    
   92.29430       111.1339       2.619442    
   97.28818       110.9664       2.621941    
   102.2866       110.8923       2.624725    
   107.2863       110.8566       2.627768    
   112.2728       110.6531       2.631121    
   117.2255       110.1834       2.634784    
   122.1606       109.6189       2.638741    
   127.1186       109.1790       2.642916    
   132.1048       108.9318       2.647211    
   137.1018       108.8263       2.651548    
   142.1004       108.8592       2.656160    
   147.0855       109.0976       2.660969    
   152.0289       109.6052       2.665782    
   156.9416       110.2591       2.670737    
   161.8866       110.7494       2.676999    
   166.8759       110.9363       2.712524    
   171.8755       110.9408       2.719121    
   176.8751       110.8991       2.724369    
   181.8749       110.8784       2.728733    
   186.8749       110.8776       2.733474    
   191.8749       110.8779       2.738539    
   196.8749       110.8779       2.743602    
   201.8749       110.8779       2.748545    
   206.8749       110.8778       2.753116    
   211.8749       110.8796       2.757221    
   216.8748       110.8966       2.760849    
   221.8745       110.9400       2.763943    
   226.8739       110.9907       2.766491    
   231.8736       110.9929       2.768448    
   236.8703       110.8849       2.769780    
   241.8605       110.6695       2.770496    
   246.8531       110.4993       2.770614    
   251.8497       110.5388       2.770143    
   256.8403       110.7495       2.769096    
   261.8292       110.9827       2.767519    
   266.8226       111.1594       2.765422    
   271.8200       111.2665       2.762814    
   276.8195       111.3003       2.759750    
   281.8193       111.2794       2.756289    
   286.8188       111.2305       2.752488    
   291.8181       111.1687       2.748391    
   296.8170       111.0969       2.744007    
   301.8156       111.0121       2.739290    
   306.8141       110.9304       2.734146    
   311.8136       110.9010       2.728544    
   316.8123       110.8497       2.722532    
   321.7794       110.5141       2.715862    
   326.7076       109.9218       2.707844    
   331.6619       109.7214       2.697814    
   336.6017       110.2016       2.683937    
   341.4941       110.9267       2.636846    
   346.3997       111.6047       2.623123    
   351.3318       112.1786       2.598487    
   356.3008       112.5386       2.496328    
   361.2956       112.6857       2.448070    
   366.2939       112.7768       2.435609    
   371.2916       112.8837       2.427002    
   376.2886       113.0050       2.421578    
   381.2849       113.1407       2.416506    
   386.2799       113.2963       2.411909    
   391.2732       113.4784       2.407725    
   396.2645       113.6848       2.403857    
   401.2549       113.9022       2.400321    
   406.2462       114.1088       2.397106    
   411.2407       114.2713       2.394146    
   416.2387       114.3611       2.391387    
   421.2385       114.3878       2.388803    
   426.2385       114.3907       2.386428    
   431.2385       114.4025       2.384178    
   436.2343       114.5140       2.382149    
   441.2233       114.7451       2.380311    
   446.2118       114.9823       2.378651    
   451.2035       115.1839       2.377106    
   456.1937       115.4022       2.375583    
   461.1783       115.6756       2.374103    
   466.1624       115.9556       2.372627    
   471.1551       116.1219       2.371155    
   476.1545       116.1607       2.369778    
   481.8401       116.1625       2.368553    
   489.3643       116.1625       2.367643    
   507.4286       116.1625       2.367023    
  -33.77417       104.4251       2.607793    
  -15.70986       104.4251       2.608082    
  -8.185690       104.4251       2.608413    
  -2.500000       104.4251       2.608745    
   2.481762       104.6212       2.609066    
   7.434425       105.0646       2.609364    
   12.38829       105.5015       2.609611    
   17.37068       105.7260       2.609783    
   22.36992       105.7805       2.609856    
   27.36889       105.8427       2.609828    
   32.36626       105.9463       2.609788    
   37.36148       106.0873       2.609699    
   42.35468       106.2567       2.609615    
   47.34677       106.4394       2.609656    
   52.33939       106.6157       2.609874    
   57.33461       106.7555       2.610329    
   62.33282       106.8356       2.611017    
   67.33237       106.8381       2.611952    
   72.33087       106.7651       2.613183    
   77.32610       106.6271       2.614662    
   82.31709       106.4332       2.616383    
   87.30524       106.2096       2.618362    
   92.29430       105.9952       2.620562    
   97.28818       105.8402       2.623025    
   102.2866       105.7715       2.625754    
   107.2863       105.7385       2.628704    
   112.2728       105.5501       2.631962    
   117.2255       105.1154       2.635528    
   122.1606       104.5929       2.639368    
   127.1186       104.1857       2.643450    
   132.1048       103.9569       2.647721    
   137.1018       103.8593       2.652102    
   142.1004       103.8897       2.656865    
   147.0855       104.1104       2.661830    
   152.0289       104.5803       2.666859    
   156.9416       105.1855       2.673405    
   161.8866       105.6393       2.680784    
   166.8759       105.8122       2.710297    
   171.8755       105.8165       2.717434    
   176.8751       105.7778       2.723314    
   181.8749       105.7587       2.728067    
   186.8749       105.7580       2.732886    
   191.8749       105.7582       2.737866    
   196.8749       105.7583       2.742717    
   201.8749       105.7583       2.747360    
   206.8749       105.7581       2.751671    
   211.8749       105.7598       2.755539    
   216.8748       105.7755       2.758921    
   221.8745       105.8157       2.761828    
   226.8739       105.8626       2.764220    
   231.8736       105.8647       2.766077    
   236.8703       105.7647       2.767376    
   241.8605       105.5654       2.768089    
   246.8531       105.4078       2.768228    
   251.8497       105.4444       2.767809    
   256.8403       105.6394       2.766867    
   261.8292       105.8553       2.765410    
   266.8226       106.0188       2.763444    
   271.8200       106.1179       2.760992    
   276.8195       106.1492       2.758087    
   281.8193       106.1298       2.754788    
   286.8188       106.0846       2.751138    
   291.8181       106.0275       2.747194    
   296.8170       105.9610       2.742943    
   301.8156       105.8824       2.738340    
   306.8141       105.8068       2.733349    
   311.8136       105.7796       2.727960    
   316.8123       105.7321       2.722204    
   321.7794       105.4215       2.715866    
   326.7076       104.8732       2.708435    
   331.6619       104.6877       2.699207    
   336.6017       105.1322       2.685403    
   341.4941       105.8034       2.630875    
   346.3997       106.4309       2.614685    
   351.3318       106.9622       2.589772    
   356.3008       107.2954       2.497209    
   361.2956       107.4315       2.450831    
   366.2939       107.5159       2.437951    
   371.2916       107.6148       2.428250    
   376.2886       107.7271       2.422585    
   381.2849       107.8528       2.417466    
   386.2799       107.9968       2.412837    
   391.2732       108.1653       2.408644    
   396.2645       108.3564       2.404710    
   401.2549       108.5576       2.401124    
   406.2462       108.7488       2.397858    
   411.2407       108.8992       2.394773    
   416.2387       108.9823       2.391962    
   421.2385       109.0071       2.389331    
   426.2385       109.0098       2.386906    
   431.2385       109.0207       2.384681    
   436.2343       109.1239       2.382584    
   441.2233       109.3378       2.380703    
   446.2118       109.5574       2.378986    
   451.2035       109.7439       2.377421    
   456.1937       109.9460       2.375930    
   461.1783       110.1991       2.374440    
   466.1624       110.4583       2.373014    
   471.1551       110.6122       2.371644    
   476.1545       110.6481       2.370383    
   481.8401       110.6497       2.369293    
   489.3643       110.6497       2.368401    
   507.4286       110.6497       2.367754    
  -33.77417       98.76926       2.607834    
  -15.70986       98.76926       2.608121    
  -8.185690       98.76926       2.608424    
  -2.500000       98.76926       2.608702    
   2.481762       98.94752       2.608991    
   7.434425       99.35075       2.609252    
   12.38829       99.74802       2.609502    
   17.37068       99.95215       2.609692    
   22.36992       100.0017       2.609819    
   27.36889       100.0582       2.609890    
   32.36626       100.1525       2.609955    
   37.36148       100.2807       2.610011    
   42.35468       100.4347       2.610079    
   47.34677       100.6009       2.610277    
   52.33939       100.7612       2.610628    
   57.33461       100.8883       2.611184    
   62.33282       100.9611       2.611967    
   67.33237       100.9634       2.612988    
   72.33087       100.8971       2.614284    
   77.32610       100.7716       2.615798    
   82.31709       100.5952       2.617505    
   87.30524       100.3919       2.619458    
   92.29430       100.1970       2.621646    
   97.28818       100.0560       2.624067    
   102.2866       99.99355       2.626721    
   107.2863       99.96349       2.629627    
   112.2728       99.79222       2.632818    
   117.2255       99.39693       2.636332    
   122.1606       98.92178       2.640113    
   127.1186       98.55151       2.644093    
   132.1048       98.34343       2.648274    
   137.1018       98.25465       2.652714    
   142.1004       98.28233       2.657611    
   147.0855       98.48299       2.662632    
   152.0289       98.91029       2.667880    
   156.9416       99.46066       2.675389    
   161.8866       99.87329       2.683423    
   166.8759       100.0306       2.708040    
   171.8755       100.0344       2.715628    
   176.8751       99.99930       2.721921    
   181.8749       99.98188       2.727087    
   186.8749       99.98126       2.731979    
   191.8749       99.98149       2.736876    
   196.8749       99.98150       2.741518    
   201.8749       99.98149       2.745897    
   206.8749       99.98139       2.749953    
   211.8749       99.98287       2.753583    
   216.8748       99.99718       2.756755    
   221.8745       100.0337       2.759456    
   226.8739       100.0764       2.761700    
   231.8736       100.0783       2.763424    
   236.8703       99.98734       2.764623    
   241.8605       99.80609       2.765308    
   246.8531       99.66279       2.765442    
   251.8497       99.69608       2.765070    
   256.8403       99.87341       2.764224    
   261.8292       100.0697       2.762899    
   266.8226       100.2184       2.761088    
   271.8200       100.3085       2.758816    
   276.8195       100.3370       2.756115    
   281.8193       100.3194       2.752994    
   286.8188       100.2782       2.749530    
   291.8181       100.2263       2.745756    
   296.8170       100.1659       2.741671    
   301.8156       100.0944       2.737231    
   306.8141       100.0256       2.732391    
   311.8136       100.0009       2.727228    
   316.8123       99.95772       2.721733    
   321.7794       99.67523       2.715734    
   326.7076       99.17667       2.708903    
   331.6619       99.00801       2.700299    
   336.6017       99.41222       2.686809    
   341.4941       100.0225       2.625671    
   346.3997       100.5932       2.606260    
   351.3318       101.0763       2.579959    
   356.3008       101.3793       2.498603    
   361.2956       101.5031       2.453443    
   366.2939       101.5798       2.440311    
   371.2916       101.6697       2.429740    
   376.2886       101.7719       2.423589    
   381.2849       101.8861       2.418467    
   386.2799       102.0170       2.413790    
   391.2732       102.1703       2.409502    
   396.2645       102.3440       2.405566    
   401.2549       102.5270       2.401961    
   406.2462       102.7009       2.398636    
   411.2407       102.8377       2.395460    
   416.2387       102.9132       2.392542    
   421.2385       102.9358       2.389867    
   426.2385       102.9382       2.387404    
   431.2385       102.9481       2.385169    
   436.2343       103.0419       2.383044    
   441.2233       103.2365       2.381099    
   446.2118       103.4361       2.379328    
   451.2035       103.6058       2.377754    
   456.1937       103.7895       2.376264    
   461.1783       104.0197       2.374794    
   466.1624       104.2553       2.373416    
   471.1551       104.3953       2.372148    
   476.1545       104.4279       2.370996    
   481.8401       104.4295       2.369977    
   489.3643       104.4295       2.369116    
   507.4286       104.4295       2.368452    
  -33.77417       92.28692       2.607866    
  -15.70986       92.28692       2.608104    
  -8.185690       92.28692       2.608387    
  -2.500000       92.28692       2.608660    
   2.481762       92.44483       2.608941    
   7.434425       92.80198       2.609218    
   12.38829       93.15384       2.609471    
   17.37068       93.33465       2.609678    
   22.36992       93.37855       2.609863    
   27.36889       93.42858       2.610036    
   32.36626       93.51208       2.610228    
   37.36148       93.62569       2.610440    
   42.35468       93.76205       2.610685    
   47.34677       93.90923       2.611042    
   52.33939       94.05121       2.611516    
   57.33461       94.16380       2.612173    
   62.33282       94.22831       2.613021    
   67.33237       94.23037       2.614078    
   72.33087       94.17159       2.615402    
   77.32610       94.06042       2.616932    
   82.31709       93.90422       2.618656    
   87.30524       93.72411       2.620576    
   92.29430       93.55146       2.622722    
   97.28818       93.42661       2.625117    
   102.2866       93.37131       2.627733    
   107.2863       93.34469       2.630610    
   112.2728       93.19299       2.633775    
   117.2255       92.84286       2.637195    
   122.1606       92.42202       2.640880    
   127.1186       92.09407       2.644804    
   132.1048       91.90976       2.648938    
   137.1018       91.83113       2.653353    
   142.1004       91.85565       2.658273    
   147.0855       92.03337       2.663404    
   152.0289       92.41184       2.668993    
   156.9416       92.89931       2.677224    
   161.8866       93.26480       2.686033    
   166.8759       93.40413       2.705793    
   171.8755       93.40750       2.713747    
   176.8751       93.37640       2.720386    
   181.8749       93.36098       2.725910    
   186.8749       93.36044       2.730878    
   191.8749       93.36063       2.735664    
   196.8749       93.36064       2.740109    
   201.8749       93.36063       2.744252    
   206.8749       93.36054       2.748069    
   211.8749       93.36186       2.751471    
   216.8748       93.37454       2.754440    
   221.8745       93.40688       2.756971    
   226.8739       93.44470       2.759043    
   231.8736       93.44635       2.760670    
   236.8703       93.36582       2.761812    
   241.8605       93.20527       2.762466    
   246.8531       93.07835       2.762662    
   251.8497       93.10783       2.762355    
   256.8403       93.26490       2.761575    
   261.8292       93.43874       2.760332    
   266.8226       93.57047       2.758643    
   271.8200       93.65030       2.756526    
   276.8195       93.67554       2.753990    
   281.8193       93.65989       2.751090    
   286.8188       93.62345       2.747800    
   291.8181       93.57744       2.744182    
   296.8170       93.52392       2.740266    
   301.8156       93.46066       2.736002    
   306.8141       93.39973       2.731376    
   311.8136       93.37785       2.726398    
   316.8123       93.33959       2.721134    
   321.7794       93.08938       2.715498    
   326.7076       92.64779       2.709213    
   331.6619       92.49840       2.701180    
   336.6017       92.85643       2.687925    
   341.4941       93.39696       2.621507    
   346.3997       93.90244       2.597903    
   351.3318       94.33030       2.569954    
   356.3008       94.59869       2.500072    
   361.2956       94.70834       2.456326    
   366.2939       94.77627       2.442699    
   371.2916       94.85593       2.431351    
   376.2886       94.94642       2.424703    
   381.2849       95.04758       2.419517    
   386.2799       95.16358       2.414727    
   391.2732       95.29931       2.410325    
   396.2645       95.45317       2.406338    
   401.2549       95.61526       2.402708    
   406.2462       95.76926       2.399310    
   411.2407       95.89043       2.396062    
   416.2387       95.95733       2.393073    
   421.2385       95.97731       2.390365    
   426.2385       95.97943       2.387886    
   431.2385       95.98818       2.385600    
   436.2343       96.07135       2.383468    
   441.2233       96.24365       2.381534    
   446.2118       96.42047       2.379754    
   451.2035       96.57073       2.378160    
   456.1937       96.73344       2.376693    
   461.1783       96.93733       2.375318    
   466.1624       97.14609       2.374037    
   471.1551       97.27006       2.372801    
   476.1545       97.29897       2.371660    
   481.8401       97.30029       2.370687    
   489.3643       97.30029       2.369829    
   507.4286       97.30029       2.369122    
  -33.77417       84.70639       2.607864    
  -15.70986       84.70639       2.608087    
  -8.185690       84.70639       2.608336    
  -2.500000       84.70639       2.608603    
   2.481762       84.84047       2.608900    
   7.434425       85.14374       2.609220    
   12.38829       85.44250       2.609487    
   17.37068       85.59602       2.609741    
   22.36992       85.63330       2.609981    
   27.36889       85.67580       2.610254    
   32.36626       85.74669       2.610539    
   37.36148       85.84315       2.610865    
   42.35468       85.95895       2.611252    
   47.34677       86.08392       2.611721    
   52.33939       86.20448       2.612325    
   57.33461       86.30008       2.613055    
   62.33282       86.35486       2.613980    
   67.33237       86.35661       2.615105    
   72.33087       86.30669       2.616439    
   77.32610       86.21230       2.618005    
   82.31709       86.07966       2.619746    
   87.30524       85.92673       2.621665    
   92.29430       85.78013       2.623784    
   97.28818       85.67411       2.626112    
   102.2866       85.62716       2.628705    
   107.2863       85.60456       2.631546    
   112.2728       85.47575       2.634621    
   117.2255       85.17844       2.637975    
   122.1606       84.82110       2.641606    
   127.1186       84.54264       2.645494    
   132.1048       84.38613       2.649640    
   137.1018       84.31937       2.654042    
   142.1004       84.34019       2.658933    
   147.0855       84.49109       2.664234    
   152.0289       84.81246       2.670228    
   156.9416       85.22638       2.678997    
   161.8866       85.53673       2.688293    
   166.8759       85.65503       2.703711    
   171.8755       85.65790       2.711874    
   176.8751       85.63148       2.718776    
   181.8749       85.61840       2.724621    
   186.8749       85.61794       2.729619    
   191.8749       85.61810       2.734281    
   196.8749       85.61810       2.738575    
   201.8749       85.61810       2.742511    
   206.8749       85.61802       2.746126    
   211.8749       85.61914       2.749338    
   216.8748       85.62991       2.752134    
   221.8745       85.65736       2.754518    
   226.8739       85.68948       2.756479    
   231.8736       85.69088       2.758011    
   236.8703       85.62250       2.759113    
   241.8605       85.48617       2.759784    
   246.8531       85.37840       2.760014    
   251.8497       85.40344       2.759778    
   256.8403       85.53680       2.759054    
   261.8292       85.68442       2.757888    
   266.8226       85.79627       2.756308    
   271.8200       85.86406       2.754329    
   276.8195       85.88549       2.751970    
   281.8193       85.87220       2.749206    
   286.8188       85.84126       2.746082    
   291.8181       85.80219       2.742625    
   296.8170       85.75674       2.738846    
   301.8156       85.70303       2.734738    
   306.8141       85.65130       2.730289    
   311.8136       85.63272       2.725538    
   316.8123       85.60023       2.720492    
   321.7794       85.38776       2.715145    
   326.7076       85.01280       2.709289    
   331.6619       84.88596       2.701785    
   336.6017       85.18996       2.688685    
   341.4941       85.64894       2.618405    
   346.3997       86.07815       2.590300    
   351.3318       86.44146       2.560592    
   356.3008       86.66934       2.501135    
   361.2956       86.76245       2.459812    
   366.2939       86.82014       2.445075    
   371.2916       86.88777       2.433021    
   376.2886       86.96461       2.425983    
   381.2849       87.05051       2.420578    
   386.2799       87.14902       2.415666    
   391.2732       87.26426       2.411212    
   396.2645       87.39491       2.407185    
   401.2549       87.53254       2.403484    
   406.2462       87.66331       2.400041    
   411.2407       87.76619       2.396760    
   416.2387       87.82300       2.393711    
   421.2385       87.83997       2.390958    
   426.2385       87.84176       2.388424    
   431.2385       87.84920       2.386103    
   436.2343       87.91981       2.383969    
   441.2233       88.06612       2.382027    
   446.2118       88.21626       2.380228    
   451.2035       88.34385       2.378584    
   456.1937       88.48203       2.377151    
   461.1783       88.65514       2.375856    
   466.1624       88.83239       2.374645    
   471.1551       88.93765       2.373523    
   476.1545       88.96221       2.372467    
   481.8401       88.96335       2.371478    
   489.3643       88.96335       2.370579    
   507.4286       88.96335       2.369720    
  -33.77417       75.60016       2.607870    
  -15.70986       75.60016       2.608061    
  -8.185690       75.60016       2.608294    
  -2.500000       75.60016       2.608549    
   2.481762       75.70561       2.608856    
   7.434425       75.94414       2.609149    
   12.38829       76.17914       2.609452    
   17.37068       76.29989       2.609754    
   22.36992       76.32921       2.610098    
   27.36889       76.36263       2.610445    
   32.36626       76.41840       2.610818    
   37.36148       76.49427       2.611223    
   42.35468       76.58534       2.611685    
   47.34677       76.68364       2.612262    
   52.33939       76.77846       2.612952    
   57.33461       76.85366       2.613800    
   62.33282       76.89674       2.614804    
   67.33237       76.89812       2.616004    
   72.33087       76.85886       2.617397    
   77.32610       76.78461       2.618953    
   82.31709       76.68029       2.620697    
   87.30524       76.56001       2.622606    
   92.29430       76.44469       2.624719    
   97.28818       76.36131       2.627034    
   102.2866       76.32438       2.629585    
   107.2863       76.30660       2.632379    
   112.2728       76.20528       2.635396    
   117.2255       75.97144       2.638675    
   122.1606       75.69038       2.642279    
   127.1186       75.47135       2.646158    
   132.1048       75.34826       2.650312    
   137.1018       75.29574       2.654745    
   142.1004       75.31212       2.659667    
   147.0855       75.43081       2.665131    
   152.0289       75.68358       2.671512    
   156.9416       76.00915       2.680576    
   161.8866       76.25325       2.689960    
   166.8759       76.34630       2.701967    
   171.8755       76.34855       2.710165    
   176.8751       76.32778       2.717234    
   181.8749       76.31749       2.723300    
   186.8749       76.31712       2.728316    
   191.8749       76.31725       2.732916    
   196.8749       76.31725       2.737119    
   201.8749       76.31725       2.740893    
   206.8749       76.31718       2.744319    
   211.8749       76.31807       2.747393    
   216.8748       76.32654       2.750062    
   221.8745       76.34814       2.752329    
   226.8739       76.37340       2.754222    
   231.8736       76.37450       2.755699    
   236.8703       76.32071       2.756780    
   241.8605       76.21349       2.757463    
   246.8531       76.12872       2.757705    
   251.8497       76.14841       2.757492    
   256.8403       76.25331       2.756834    
   261.8292       76.36942       2.755747    
   266.8226       76.45739       2.754238    
   271.8200       76.51070       2.752359    
   276.8195       76.52757       2.750115    
   281.8193       76.51711       2.747493    
   286.8188       76.49277       2.744502    
   291.8181       76.46204       2.741182    
   296.8170       76.42630       2.737538    
   301.8156       76.38405       2.733561    
   306.8141       76.34336       2.729263    
   311.8136       76.32875       2.724667    
   316.8123       76.30320       2.719818    
   321.7794       76.13609       2.714693    
   326.7076       75.84116       2.709059    
   331.6619       75.74139       2.702027    
   336.6017       75.98050       2.689037    
   341.4941       76.34151       2.616078    
   346.3997       76.67910       2.584013    
   351.3318       76.96486       2.552400    
   356.3008       77.14410       2.501391    
   361.2956       77.21733       2.463971    
   366.2939       77.26270       2.447235    
   371.2916       77.31591       2.434742    
   376.2886       77.37634       2.427394    
   381.2849       77.44391       2.421673    
   386.2799       77.52139       2.416638    
   391.2732       77.61202       2.412061    
   396.2645       77.71479       2.407922    
   401.2549       77.82304       2.404154    
   406.2462       77.92590       2.400613    
   411.2407       78.00681       2.397336    
   416.2387       78.05150       2.394332    
   421.2385       78.06484       2.391543    
   426.2385       78.06626       2.388998    
   431.2385       78.07211       2.386680    
   436.2343       78.12765       2.384526    
   441.2233       78.24273       2.382569    
   446.2118       78.36082       2.380772    
   451.2035       78.46117       2.379160    
   456.1937       78.56985       2.377739    
   461.1783       78.70601       2.376435    
   466.1624       78.84543       2.375279    
   471.1551       78.92822       2.374236    
   476.1545       78.94754       2.373278    
   481.8401       78.94843       2.372369    
   489.3643       78.94843       2.371446    
   507.4286       78.94843       2.370146    
  -33.77417       56.32260       2.607895    
  -15.70986       56.32260       2.608074    
  -8.185690       56.32260       2.608293    
  -2.500000       56.32260       2.608544    
   2.481762       56.36747       2.608804    
   7.434425       56.46896       2.609097    
   12.38829       56.56895       2.609413    
   17.37068       56.62033       2.609779    
   22.36992       56.63280       2.610163    
   27.36889       56.64702       2.610580    
   32.36626       56.67075       2.611028    
   37.36148       56.70303       2.611526    
   42.35468       56.74178       2.612091    
   47.34677       56.78361       2.612738    
   52.33939       56.82395       2.613533    
   57.33461       56.85595       2.614462    
   62.33282       56.87428       2.615550    
   67.33237       56.87487       2.616808    
   72.33087       56.85816       2.618227    
   77.32610       56.82657       2.619807    
   82.31709       56.78218       2.621539    
   87.30524       56.73100       2.623454    
   92.29430       56.68194       2.625577    
   97.28818       56.64646       2.627896    
   102.2866       56.63075       2.630417    
   107.2863       56.62318       2.633140    
   112.2728       56.58007       2.636092    
   117.2255       56.48058       2.639313    
   122.1606       56.36099       2.642835    
   127.1186       56.26780       2.646685    
   132.1048       56.21542       2.650851    
   137.1018       56.19307       2.655354    
   142.1004       56.20005       2.660350    
   147.0855       56.25055       2.666015    
   152.0289       56.35809       2.672795    
   156.9416       56.49662       2.681780    
   161.8866       56.60048       2.691025    
   166.8759       56.64007       2.700628    
   171.8755       56.64103       2.708783    
   176.8751       56.63219       2.715908    
   181.8749       56.62782       2.722001    
   186.8749       56.62766       2.727144    
   191.8749       56.62771       2.731741    
   196.8749       56.62772       2.735859    
   201.8749       56.62771       2.739558    
   206.8749       56.62769       2.742899    
   211.8749       56.62806       2.745855    
   216.8748       56.63167       2.748447    
   221.8745       56.64086       2.750666    
   226.8739       56.65160       2.752483    
   231.8736       56.65207       2.753929    
   236.8703       56.62919       2.754977    
   241.8605       56.58356       2.755619    
   246.8531       56.54750       2.755844    
   251.8497       56.55588       2.755641    
   256.8403       56.60051       2.755030    
   261.8292       56.64991       2.754005    
   266.8226       56.68734       2.752589    
   271.8200       56.71003       2.750795    
   276.8195       56.71720       2.748631    
   281.8193       56.71275       2.746106    
   286.8188       56.70240       2.743234    
   291.8181       56.68932       2.740017    
   296.8170       56.67411       2.736447    
   301.8156       56.65614       2.732558    
   306.8141       56.63882       2.728373    
   311.8136       56.63261       2.723906    
   316.8123       56.62173       2.719189    
   321.7794       56.55063       2.714149    
   326.7076       56.42514       2.708550    
   331.6619       56.38269       2.701770    
   336.6017       56.48443       2.688875    
   341.4941       56.63803       2.614416    
   346.3997       56.78168       2.579292    
   351.3318       56.90327       2.545979    
   356.3008       56.97953       2.501176    
   361.2956       57.01069       2.468144    
   366.2939       57.02999       2.449094    
   371.2916       57.05263       2.436557    
   376.2886       57.07835       2.428827    
   381.2849       57.10709       2.422756    
   386.2799       57.14006       2.417538    
   391.2732       57.17862       2.412804    
   396.2645       57.22235       2.408534    
   401.2549       57.26841       2.404641    
   406.2462       57.31217       2.401088    
   411.2407       57.34660       2.397825    
   416.2387       57.36561       2.394831    
   421.2385       57.37129       2.392077    
   426.2385       57.37189       2.389522    
   431.2385       57.37438       2.387192    
   436.2343       57.39801       2.385049    
   441.2233       57.44698       2.383110    
   446.2118       57.49723       2.381342    
   451.2035       57.53992       2.379718    
   456.1937       57.58617       2.378267    
   461.1783       57.64410       2.376988    
   466.1624       57.70342       2.375867    
   471.1551       57.73865       2.374892    
   476.1545       57.74687       2.374054    
   481.8401       57.74725       2.373381    
   489.3643       57.74725       2.372931    
   507.4286       57.74725       2.371601    
