        1545
  -33.77417       136.6885       1.616518    
  -15.70986       136.6885       1.616870    
  -8.185690       136.6885     -0.1178985    
  -2.500000       136.6885       1.273085    
   2.481762       136.9860       1.200155    
   7.434425       137.6588       1.210952    
   12.38829       138.3216       1.305716    
   17.37068       138.6622       1.344042    
   22.36992       138.7449       1.387652    
   27.36889       138.8391       1.431396    
   32.36626       138.9964       1.378956    
   37.36148       139.2104       1.343318    
   42.35468       139.4673       1.340790    
   47.34677       139.7446       1.265911    
   52.33939       140.0120       1.204226    
   57.33461       140.2241       1.228144    
   62.33282       140.3456       1.236316    
   67.33237       140.3495       1.248171    
   72.33087       140.2388       1.221822    
   77.32610       140.0294       1.250584    
   82.31709       139.7351       1.262502    
   87.30524       139.3958       1.224527    
   92.29430       139.0706       1.292961    
   97.28818       138.8354       1.310549    
   102.2866       138.7312       1.327613    
   107.2863       138.6811       1.373287    
   112.2728       138.3953       1.371705    
   117.2255       137.7357       1.227036    
   122.1606       136.9430       1.170452    
   127.1186       136.3252       1.261754    
   132.1048       135.9780       1.150217    
   137.1018       135.8299       1.144850    
   142.1004       135.8761       1.143200    
   147.0855       136.2108       1.310706    
   152.0289       136.9238       1.200006    
   156.9416       137.8421       1.211451    
   161.8866       138.5306       1.277512    
   166.8759       138.7930       1.264798    
   171.8755       138.7994       1.249717    
   176.8751       138.7408       1.266260    
   181.8749       138.7118       1.282065    
   186.8749       138.7108       1.260797    
   191.8749       138.7111       1.268142    
   196.8749       138.7112       1.285174    
   201.8749       138.7111       1.261308    
   206.8749       138.7109       1.264621    
   211.8749       138.7134       1.279545    
   216.8748       138.7373       1.270654    
   221.8745       138.7983       1.255495    
   226.8739       138.8695       1.254336    
   231.8736       138.8726       1.293094    
   236.8703       138.7209       1.258923    
   241.8605       138.4185       1.263782    
   246.8531       138.1794       1.275732    
   251.8497       138.2349       1.278726    
   256.8403       138.5308       1.260347    
   261.8292       138.8582       1.260283    
   266.8226       139.1064       1.271262    
   271.8200       139.2568       1.268545    
   276.8195       139.3043       1.260055    
   281.8193       139.2749       1.267846    
   286.8188       139.2062       1.267572    
   291.8181       139.1195       1.274104    
   296.8170       139.0187       1.283054    
   301.8156       138.8996       1.260994    
   306.8141       138.7848       1.265552    
   311.8136       138.7435       1.272984    
   316.8123       138.6715       1.245823    
   321.7794       138.2001       1.238526    
   326.7076       137.3683       1.223257    
   331.6619       137.0869       1.356448    
   336.6017       137.7613       1.366720    
   341.4941       138.7795       1.373231    
   346.3997       139.7317       1.177773    
   351.3318       140.5377       1.250036    
   356.3008       141.0433       1.259733    
   361.2956       141.2499       1.351822    
   366.2939       141.3779       1.358734    
   371.2916       141.5279       1.258712    
   376.2886       141.6984       1.290382    
   381.2849       141.8889       1.345808    
   386.2799       142.1075       1.260765    
   391.2732       142.3631       1.225173    
   396.2645       142.6530       1.194937    
   401.2549       142.9583       1.197438    
   406.2462       143.2484       1.199586    
   411.2407       143.4767       1.193415    
   416.2387       143.6027       1.182874    
   421.2385       143.6403       1.174651    
   426.2385       143.6443       1.174850    
   431.2385       143.6608       1.185641    
   436.2343       143.8174       1.191858    
   441.2233       144.1421       1.193776    
   446.2118       144.4751       1.225228    
   451.2035       144.7582       1.230598    
   456.1937       145.0647       1.229097    
   461.1783       145.4488       1.041808    
   466.1624       145.8420       1.080742    
   471.1551       146.0755       1.370740    
   476.1545       146.1300      0.4873999    
   481.8401       146.1326       2.308647    
   489.3643       146.1326       2.331176    
   507.4286       146.1326       2.331461    
  -33.77417       134.0858       1.616767    
  -15.70986       134.0858       1.616887    
  -8.185690       134.0858     -0.1175482    
  -2.500000       134.0858       1.479698    
   2.481762       134.3752       1.212873    
   7.434425       135.0294       1.087883    
   12.38829       135.6740       1.109644    
   17.37068       136.0052       1.155251    
   22.36992       136.0857       1.145952    
   27.36889       136.1774       1.103421    
   32.36626       136.3303       1.154143    
   37.36148       136.5384       1.153738    
   42.35468       136.7882       1.051809    
   47.34677       137.0579       1.056715    
   52.33939       137.3180       1.063014    
   57.33461       137.5242       1.056818    
   62.33282       137.6424       1.025027    
   67.33237       137.6462       1.023562    
   72.33087       137.5385       1.096113    
   77.32610       137.3349       1.059082    
   82.31709       137.0487       1.051189    
   87.30524       136.7188       1.131022    
   92.29430       136.4025      0.8877027    
   97.28818       136.1738      0.9781837    
   102.2866       136.0724       1.122669    
   107.2863       136.0237       1.133672    
   112.2728       135.7457       1.094408    
   117.2255       135.1043       1.105915    
   122.1606       134.3334       1.192081    
   127.1186       133.7326       1.191707    
   132.1048       133.3949       1.150892    
   137.1018       133.2509       1.144778    
   142.1004       133.2958       1.143058    
   147.0855       133.6214       1.256858    
   152.0289       134.3147       1.253891    
   156.9416       135.2077       1.108842    
   161.8866       135.8773       1.123641    
   166.8759       136.1325       1.118691    
   171.8755       136.1387       1.106115    
   176.8751       136.0817       1.038369    
   181.8749       136.0535       1.057291    
   186.8749       136.0525       1.110579    
   191.8749       136.0529       1.095253    
   196.8749       136.0529       1.043305    
   201.8749       136.0529       1.103222    
   206.8749       136.0527       1.101203    
   211.8749       136.0551       1.034984    
   216.8748       136.0783       1.073196    
   221.8745       136.1376       1.090586    
   226.8739       136.2069       1.106364    
   231.8736       136.2099       1.056707    
   236.8703       136.0623       1.149446    
   241.8605       135.7682       1.076304    
   246.8531       135.5358       1.075188    
   251.8497       135.5898       1.047087    
   256.8403       135.8775       1.087067    
   261.8292       136.1960       1.094770    
   266.8226       136.4373       1.071200    
   271.8200       136.5835       1.092050    
   276.8195       136.6297       1.092775    
   281.8193       136.6011       1.060184    
   286.8188       136.5343       1.116798    
   291.8181       136.4500       1.083523    
   296.8170       136.3520       1.068102    
   301.8156       136.2361       1.099769    
   306.8141       136.1245       1.088158    
   311.8136       136.0844       1.011759    
   316.8123       136.0143       1.127014    
   321.7794       135.5559       1.246650    
   326.7076       134.7469       1.393651    
   331.6619       134.4733      0.9992469    
   336.6017       135.1292      0.9871705    
   341.4941       136.1194       1.084446    
   346.3997       137.0454       1.087231    
   351.3318       137.8293       1.107376    
   356.3008       138.3209       1.265203    
   361.2956       138.5218       1.317210    
   366.2939       138.6463       1.504831    
   371.2916       138.7922       1.409992    
   376.2886       138.9579       1.403829    
   381.2849       139.1433       1.360324    
   386.2799       139.3558       1.581558    
   391.2732       139.6044       1.167543    
   396.2645       139.8863       1.192193    
   401.2549       140.1832       1.200899    
   406.2462       140.4654       1.198300    
   411.2407       140.6873       1.196273    
   416.2387       140.8099       1.184915    
   421.2385       140.8465       1.178387    
   426.2385       140.8504       1.179419    
   431.2385       140.8664       1.179274    
   436.2343       141.0188       1.186062    
   441.2233       141.3345       1.186958    
   446.2118       141.6584       1.247535    
   451.2035       141.9337       1.248609    
   456.1937       142.2318       1.243099    
   461.1783       142.6053       1.169438    
   466.1624       142.9877       1.162126    
   471.1551       143.2148      0.7052242    
   476.1545       143.2677     -0.2248625    
   481.8401       143.2702       2.308597    
   489.3643       143.2702       2.331144    
   507.4286       143.2702       2.331576    
  -33.77417       131.3152       1.617005    
  -15.70986       131.3152       1.617330    
  -8.185690       131.3152     -0.1171689    
  -2.500000       131.3152       1.476004    
   2.481762       131.5958       1.218222    
   7.434425       132.2304       1.088121    
   12.38829       132.8556       1.119521    
   17.37068       133.1768       1.153359    
   22.36992       133.2549       1.148820    
   27.36889       133.3438       1.149869    
   32.36626       133.4921       1.155942    
   37.36148       133.6940       1.155701    
   42.35468       133.9363       1.050906    
   47.34677       134.1978       1.053769    
   52.33939       134.4500       1.051998    
   57.33461       134.6501       1.046736    
   62.33282       134.7647       1.013730    
   67.33237       134.7684      0.9886345    
   72.33087       134.6640      0.9720205    
   77.32610       134.4664      0.9620181    
   82.31709       134.1889      0.9524752    
   87.30524       133.8689      0.9461135    
   92.29430       133.5621       1.419865    
   97.28818       133.3403       1.422348    
   102.2866       133.2420       1.124144    
   107.2863       133.1947       1.127534    
   112.2728       132.9252       1.134649    
   117.2255       132.3031       1.184189    
   122.1606       131.5553       1.189172    
   127.1186       130.9726       1.165290    
   132.1048       130.6451       1.150872    
   137.1018       130.5054       1.144608    
   142.1004       130.5490       1.141563    
   147.0855       130.8647       1.138981    
   152.0289       131.5372       1.253834    
   156.9416       132.4034       1.256026    
   161.8866       133.0527       1.115561    
   166.8759       133.3003       1.099874    
   171.8755       133.3063       1.105284    
   176.8751       133.2510       1.113494    
   181.8749       133.2236       1.111244    
   186.8749       133.2227       1.107939    
   191.8749       133.2231       1.097160    
   196.8749       133.2231       1.097697    
   201.8749       133.2231       1.100248    
   206.8749       133.2229       1.102722    
   211.8749       133.2252       1.108178    
   216.8748       133.2477       1.113933    
   221.8745       133.3052       1.112965    
   226.8739       133.3724       1.088660    
   231.8736       133.3753       1.072839    
   236.8703       133.2322       1.066360    
   241.8605       132.9470       1.087443    
   246.8531       132.7215       1.095803    
   251.8497       132.7738       1.097643    
   256.8403       133.0529       1.095955    
   261.8292       133.3618       1.093874    
   266.8226       133.5959       1.089678    
   271.8200       133.7377       1.089344    
   276.8195       133.7825       1.091125    
   281.8193       133.7548       1.090539    
   286.8188       133.6900       1.086627    
   291.8181       133.6082       1.082186    
   296.8170       133.5132       1.080367    
   301.8156       133.4008       1.080001    
   306.8141       133.2925       1.084822    
   311.8136       133.2536       1.129637    
   316.8123       133.1856       1.128254    
   321.7794       132.7410      0.8757234    
   326.7076       131.9564      0.9796587    
   331.6619       131.6910      0.9819710    
   336.6017       132.3271       1.087675    
   341.4941       133.2876       1.086391    
   346.3997       134.1857       1.089700    
   351.3318       134.9460       1.105263    
   356.3008       135.4228       1.254646    
   361.2956       135.6176      0.8000090    
   366.2939       135.7384      0.7161357    
   371.2916       135.8799       1.015633    
   376.2886       136.0407       1.016545    
   381.2849       136.2204      0.6576815    
   386.2799       136.4265      0.7238845    
   391.2732       136.6677       1.298388    
   396.2645       136.9411       1.184280    
   401.2549       137.2291       1.182268    
   406.2462       137.5027       1.182050    
   411.2407       137.7180       1.177537    
   416.2387       137.8369       1.170721    
   421.2385       137.8724       1.166325    
   426.2385       137.8761       1.165460    
   431.2385       137.8917       1.164883    
   436.2343       138.0394       1.164327    
   441.2233       138.3456       1.168944    
   446.2118       138.6598       1.175329    
   451.2035       138.9268       1.181226    
   456.1937       139.2159       1.182618    
   461.1783       139.5782       1.177369    
   466.1624       139.9491       1.170369    
   471.1551       140.1694      0.7053922    
   476.1545       140.2207     -0.2252977    
   481.8401       140.2231       2.308366    
   489.3643       140.2231       2.331142    
   507.4286       140.2231       2.331735    
  -33.77417       128.3538       1.617924    
  -15.70986       128.3538       1.617939    
  -8.185690       128.3538       1.602165    
  -2.500000       128.3538       1.736602    
   2.481762       128.6251       1.729152    
   7.434425       129.2386       2.418580    
   12.38829       129.8431       2.425470    
   17.37068       130.1537       2.425872    
   22.36992       130.2291       2.425097    
   27.36889       130.3151       2.423199    
   32.36626       130.4585       2.421151    
   37.36148       130.6536       2.418771    
   42.35468       130.8879       2.417010    
   47.34677       131.1408       2.416578    
   52.33939       131.3846       2.417933    
   57.33461       131.5780       2.421536    
   62.33282       131.6889       2.427664    
   67.33237       131.6924       2.434123    
   72.33087       131.5914       2.439369    
   77.32610       131.4005       2.442331    
   82.31709       131.1322       2.444080    
   87.30524       130.8228       2.445307    
   92.29430       130.5262       2.445499    
   97.28818       130.3116       2.445369    
   102.2866       130.2167       2.445130    
   107.2863       130.1709       2.445035    
   112.2728       129.9104       2.443731    
   117.2255       129.3089       2.039355    
   122.1606       128.5859       1.187745    
   127.1186       128.0226       1.160128    
   132.1048       127.7059       1.150781    
   137.1018       127.5708       1.144825    
   142.1004       127.6130       1.140574    
   147.0855       127.9183       1.137551    
   152.0289       128.5684       1.133740    
   156.9416       129.4059       1.569205    
   161.8866       130.0337       1.567106    
   166.8759       130.2731       1.564680    
   171.8755       130.2789       1.557953    
   176.8751       130.2254       1.558672    
   181.8749       130.1989       1.557594    
   186.8749       130.1980       1.557682    
   191.8749       130.1983       1.559351    
   196.8749       130.1983       1.561075    
   201.8749       130.1983       1.562422    
   206.8749       130.1982       1.564510    
   211.8749       130.2005       1.567306    
   216.8748       130.2222       1.569087    
   221.8745       130.2778       1.569845    
   226.8739       130.3428       1.571173    
   231.8736       130.3456       1.571626    
   236.8703       130.2072       1.572407    
   241.8605       129.9314       1.575880    
   246.8531       129.7134       1.580914    
   251.8497       129.7641       1.583752    
   256.8403       130.0339       1.585017    
   261.8292       130.3325       1.585291    
   266.8226       130.5588       1.583697    
   271.8200       130.6960       1.582543    
   276.8195       130.7393       1.583837    
   281.8193       130.7124       1.585184    
   286.8188       130.6498       1.586027    
   291.8181       130.5708       1.587691    
   296.8170       130.4788       1.591663    
   301.8156       130.3701       1.612163    
   306.8141       130.2655       1.619264    
   311.8136       130.2279       1.626950    
   316.8123       130.1622       1.631065    
   321.7794       129.7323       1.634313    
   326.7076       128.9738       1.636719    
   331.6619       128.7171       1.638571    
   336.6017       129.3322       1.639249    
   341.4941       130.2607       1.693694    
   346.3997       131.1291       1.693607    
   351.3318       131.8641       1.254438    
   356.3008       132.3251       1.255523    
   361.2956       132.5135       1.260298    
   366.2939       132.6302       1.275305    
   371.2916       132.7671       1.279390    
   376.2886       132.9225       1.283988    
   381.2849       133.0963       1.287766    
   386.2799       133.2955       1.291482    
   391.2732       133.5287       1.296531    
   396.2645       133.7930       1.183638    
   401.2549       134.0715       1.180899    
   406.2462       134.3360       1.178188    
   411.2407       134.5442       1.172758    
   416.2387       134.6591       1.164240    
   421.2385       134.6935       1.159385    
   426.2385       134.6971       1.158820    
   431.2385       134.7121       1.159535    
   436.2343       134.8550       1.161757    
   441.2233       135.1510       1.167786    
   446.2118       135.4547       1.175320    
   451.2035       135.7129       1.181557    
   456.1937       135.9924       1.183160    
   461.1783       136.3427       1.180033    
   466.1624       136.7012       1.175393    
   471.1551       136.9142       1.176819    
   476.1545       136.9639       1.177982    
   481.8401       136.9662       2.297115    
   489.3643       136.9662       2.331229    
   507.4286       136.9662       2.331909    
  -33.77417       125.1739       1.632617    
  -15.70986       125.1739       1.638079    
  -8.185690       125.1739       1.701110    
  -2.500000       125.1739       1.710668    
   2.481762       125.4352       1.729080    
   7.434425       126.0261       1.811477    
   12.38829       126.6083       2.424762    
   17.37068       126.9075       2.425557    
   22.36992       126.9801       2.425092    
   27.36889       127.0629       2.423808    
   32.36626       127.2010       2.421951    
   37.36148       127.3890       2.420306    
   42.35468       127.6146       2.418972    
   47.34677       127.8582       2.418383    
   52.33939       128.0931       2.419006    
   57.33461       128.2793       2.421500    
   62.33282       128.3861       2.425401    
   67.33237       128.3895       2.431522    
   72.33087       128.2923       2.435908    
   77.32610       128.1083       2.438737    
   82.31709       127.8499       2.441229    
   87.30524       127.5519       2.442852    
   92.29430       127.2662       2.444166    
   97.28818       127.0596       2.444522    
   102.2866       126.9681       2.444587    
   107.2863       126.9241       2.443987    
   112.2728       126.6731       2.440409    
   117.2255       126.0938       1.631590    
   122.1606       125.3975      0.9892625    
   127.1186       124.8549      0.9895200    
   132.1048       124.5499      0.9894285    
   137.1018       124.4198      0.9894927    
   142.1004       124.4603      0.9892275    
   147.0855       124.7544      0.9899827    
   152.0289       125.3806       1.070807    
   156.9416       126.1872       1.685301    
   161.8866       126.7919       1.765668    
   166.8759       127.0225       2.538436    
   171.8755       127.0280       2.567622    
   176.8751       126.9765       2.569885    
   181.8749       126.9510       2.571324    
   186.8749       126.9501       2.573357    
   191.8749       126.9505       2.575819    
   196.8749       126.9505       2.578702    
   201.8749       126.9505       2.582100    
   206.8749       126.9503       2.585646    
   211.8749       126.9525       2.589196    
   216.8748       126.9735       2.592173    
   221.8745       127.0270       2.594472    
   226.8739       127.0896       2.596255    
   231.8736       127.0923       2.597639    
   236.8703       126.9591       2.598975    
   241.8605       126.6934       2.600389    
   246.8531       126.4834       2.601535    
   251.8497       126.5322       2.602041    
   256.8403       126.7921       2.601924    
   261.8292       127.0797       2.601510    
   266.8226       127.2977       2.600888    
   271.8200       127.4297       2.600431    
   276.8195       127.4715       2.600219    
   281.8193       127.4456       2.599865    
   286.8188       127.3853       2.599537    
   291.8181       127.3092       2.599207    
   296.8170       127.2206       2.599192    
   301.8156       127.1160       2.599314    
   306.8141       127.0152       2.599644    
   311.8136       126.9790       2.599895    
   316.8123       126.9157       2.599864    
   321.7794       126.5017       2.599298    
   326.7076       125.7710       2.598453    
   331.6619       125.5238       2.597252    
   336.6017       126.1162       2.596180    
   341.4941       127.0106       2.595134    
   346.3997       127.8469       2.594633    
   351.3318       128.5549      0.9117200    
   356.3008       128.9989       1.265702    
   361.2956       129.1804       1.268765    
   366.2939       129.2928       1.273726    
   371.2916       129.4245       1.278318    
   376.2886       129.5742       1.283266    
   381.2849       129.7417       1.287094    
   386.2799       129.9336       1.289955    
   391.2732       130.1582       1.289619    
   396.2645       130.4128       1.284043    
   401.2549       130.6809       1.181065    
   406.2462       130.9357       1.172896    
   411.2407       131.1362       1.168414    
   416.2387       131.2469       1.159483    
   421.2385       131.2800       1.155226    
   426.2385       131.2835       1.154476    
   431.2385       131.2979       1.156442    
   436.2343       131.4355       1.160629    
   441.2233       131.7207       1.167788    
   446.2118       132.0132       1.176450    
   451.2035       132.2618       1.183766    
   456.1937       132.5311       1.188204    
   461.1783       132.8684       1.191945    
   466.1624       133.2138       1.193308    
   471.1551       133.4189       1.196188    
   476.1545       133.4668       2.008602    
   481.8401       133.4690       2.322639    
   489.3643       133.4690       2.331432    
   507.4286       133.4690       2.332155    
  -33.77417       121.7413       2.404577    
  -15.70986       121.7413       2.405675    
  -8.185690       121.7413       2.407499    
  -2.500000       121.7413       2.410576    
   2.481762       121.9919       2.413960    
   7.434425       122.5584       2.419720    
   12.38829       123.1165       2.424298    
   17.37068       123.4034       2.425497    
   22.36992       123.4730       2.425476    
   27.36889       123.5524       2.424774    
   32.36626       123.6848       2.423623    
   37.36148       123.8650       2.422498    
   42.35468       124.0813       2.421572    
   47.34677       124.3148       2.421087    
   52.33939       124.5400       2.421667    
   57.33461       124.7186       2.423011    
   62.33282       124.8209       2.425673    
   67.33237       124.8242       2.432792    
   72.33087       124.7309       2.436059    
   77.32610       124.5546       2.438373    
   82.31709       124.3068       2.440252    
   87.30524       124.0211       2.441792    
   92.29430       123.7473       2.443064    
   97.28818       123.5492       2.443803    
   102.2866       123.4615       2.443612    
   107.2863       123.4193       2.442458    
   112.2728       123.1786       2.431535    
   117.2255       122.6232       2.208233    
   122.1606       121.9557       2.202118    
   127.1186       121.4355       2.201080    
   132.1048       121.1431       2.200518    
   137.1018       121.0183       2.200372    
   142.1004       121.0573       2.200153    
   147.0855       121.3392       2.199852    
   152.0289       121.9395       2.200137    
   156.9416       122.7128       2.199891    
   161.8866       123.2925       2.200835    
   166.8759       123.5135       2.607975    
   171.8755       123.5189       2.645639    
   176.8751       123.4696       2.654711    
   181.8749       123.4451       2.660138    
   186.8749       123.4443       2.666442    
   191.8749       123.4446       2.673279    
   196.8749       123.4446       2.680199    
   201.8749       123.4446       2.687188    
   206.8749       123.4444       2.693950    
   211.8749       123.4465       2.700229    
   216.8748       123.4666       2.705297    
   221.8745       123.5179       2.709306    
   226.8739       123.5779       2.712470    
   231.8736       123.5806       2.715143    
   236.8703       123.4528       2.717285    
   241.8605       123.1981       2.718692    
   246.8531       122.9968       2.719356    
   251.8497       123.0435       2.719467    
   256.8403       123.2927       2.718992    
   261.8292       123.5684       2.717727    
   266.8226       123.7774       2.715711    
   271.8200       123.9041       2.713269    
   276.8195       123.9441       2.710654    
   281.8193       123.9193       2.707860    
   286.8188       123.8614       2.704665    
   291.8181       123.7885       2.700981    
   296.8170       123.7036       2.696891    
   301.8156       123.6032       2.692412    
   306.8141       123.5066       2.687320    
   311.8136       123.4719       2.681365    
   316.8123       123.4112       2.674531    
   321.7794       123.0143       2.667046    
   326.7076       122.3138       2.652948    
   331.6619       122.0768       2.638259    
   336.6017       122.6448       2.624842    
   341.4941       123.5022       2.605924    
   346.3997       124.3040       2.594471    
   351.3318       124.9827       2.558052    
   356.3008       125.4084       2.265778    
   361.2956       125.5824       2.180019    
   366.2939       125.6901       2.179608    
   371.2916       125.8165       2.179407    
   376.2886       125.9600       2.179284    
   381.2849       126.1205       2.178925    
   386.2799       126.3045       2.177037    
   391.2732       126.5198       2.175977    
   396.2645       126.7639       2.174744    
   401.2549       127.0210       2.173430    
   406.2462       127.2653       2.172207    
   411.2407       127.4575       2.171194    
   416.2387       127.5636       2.170440    
   421.2385       127.5953       2.170302    
   426.2385       127.5986       2.170965    
   431.2385       127.6125       2.172780    
   436.2343       127.7445       2.175698    
   441.2233       128.0178       2.179224    
   446.2118       128.2982       2.183121    
   451.2035       128.5366       2.187192    
   456.1937       128.7948       2.190871    
   461.1783       129.1181       2.193785    
   466.1624       129.4493       2.195984    
   471.1551       129.6459       2.198780    
   476.1545       129.6918       2.268917    
   481.8401       129.6939       2.330401    
   489.3643       129.6939       2.332062    
   507.4286       129.6939       2.332686    
  -33.77417       118.0135       2.425703    
  -15.70986       118.0135       2.426633    
  -8.185690       118.0135       2.427733    
  -2.500000       118.0135       2.428771    
   2.481762       118.2522       2.429827    
   7.434425       118.7923       2.430874    
   12.38829       119.3243       2.431913    
   17.37068       119.5977       2.432526    
   22.36992       119.6640       2.433159    
   27.36889       119.7397       2.433757    
   32.36626       119.8660       2.434370    
   37.36148       120.0378       2.435436    
   42.35468       120.2439       2.436878    
   47.34677       120.4665       2.437940    
   52.33939       120.6811       2.439257    
   57.33461       120.8514       2.441069    
   62.33282       120.9489       2.443495    
   67.33237       120.9520       2.446607    
   72.33087       120.8632       2.449259    
   77.32610       120.6951       2.452050    
   82.31709       120.4589       2.454916    
   87.30524       120.1866       2.457586    
   92.29430       119.9255       2.460201    
   97.28818       119.7367       2.462632    
   102.2866       119.6531       2.465042    
   107.2863       119.6129       2.467338    
   112.2728       119.3835       2.469539    
   117.2255       118.8540       2.471850    
   122.1606       118.2177       2.474469    
   127.1186       117.7218       2.477137    
   132.1048       117.4431       2.479656    
   137.1018       117.3242       2.482087    
   142.1004       117.3613       2.484504    
   147.0855       117.6301       2.486808    
   152.0289       118.2023       2.489029    
   156.9416       118.9394       2.491055    
   161.8866       119.4921       2.496437    
   166.8759       119.7027       2.616382    
   171.8755       119.7078       2.643659    
   176.8751       119.6608       2.653970    
   181.8749       119.6375       2.659472    
   186.8749       119.6367       2.666003    
   191.8749       119.6370       2.673056    
   196.8749       119.6370       2.679815    
   201.8749       119.6370       2.686453    
   206.8749       119.6368       2.692770    
   211.8749       119.6388       2.698606    
   216.8748       119.6580       2.703594    
   221.8745       119.7069       2.707783    
   226.8739       119.7641       2.711220    
   231.8736       119.7666       2.714011    
   236.8703       119.6448       2.716128    
   241.8605       119.4020       2.717555    
   246.8531       119.2101       2.718365    
   251.8497       119.2547       2.718585    
   256.8403       119.4922       2.718160    
   261.8292       119.7551       2.717064    
   266.8226       119.9542       2.715330    
   271.8200       120.0750       2.713110    
   276.8195       120.1131       2.710539    
   281.8193       120.0895       2.707633    
   286.8188       120.0343       2.704305    
   291.8181       119.9648       2.700473    
   296.8170       119.8839       2.696194    
   301.8156       119.7882       2.691542    
   306.8141       119.6961       2.686382    
   311.8136       119.6630       2.680430    
   316.8123       119.6051       2.673635    
   321.7794       119.2268       2.665914    
   326.7076       118.5591       2.655138    
   331.6619       118.3332       2.641962    
   336.6017       118.8746       2.628382    
   341.4941       119.6919       2.603416    
   346.3997       120.4562       2.590488    
   351.3318       121.1031       2.559430    
   356.3008       121.5089       2.461384    
   361.2956       121.6748       2.377556    
   366.2939       121.7775       2.373488    
   371.2916       121.8979       2.372101    
   376.2886       122.0348       2.370698    
   381.2849       122.1877       2.369166    
   386.2799       122.3631       2.367390    
   391.2732       122.5684       2.365289    
   396.2645       122.8010       2.363018    
   401.2549       123.0461       2.360796    
   406.2462       123.2790       2.358615    
   411.2407       123.4621       2.356070    
   416.2387       123.5633       2.353129    
   421.2385       123.5935       2.350196    
   426.2385       123.5967       2.347526    
   431.2385       123.6100       2.345221    
   436.2343       123.7357       2.343091    
   441.2233       123.9963       2.341379    
   446.2118       124.2636       2.340212    
   451.2035       124.4909       2.339369    
   456.1937       124.7369       2.338582    
   461.1783       125.0452       2.337754    
   466.1624       125.3608       2.336934    
   471.1551       125.5482       2.336134    
   476.1545       125.5920       2.335208    
   481.8401       125.5940       2.334394    
   489.3643       125.5940       2.333897    
   507.4286       125.5940       2.333921    
  -33.77417       113.9358       2.429287    
  -15.70986       113.9358       2.429832    
  -8.185690       113.9358       2.430550    
  -2.500000       113.9358       2.431370    
   2.481762       114.1617       2.432110    
   7.434425       114.6728       2.432874    
   12.38829       115.1762       2.433751    
   17.37068       115.4350       2.434713    
   22.36992       115.4978       2.435616    
   27.36889       115.5694       2.436500    
   32.36626       115.6889       2.437504    
   37.36148       115.8514       2.438575    
   42.35468       116.0465       2.439753    
   47.34677       116.2571       2.441499    
   52.33939       116.4603       2.443720    
   57.33461       116.6214       2.445869    
   62.33282       116.7137       2.448488    
   67.33237       116.7167       2.451334    
   72.33087       116.6326       2.454159    
   77.32610       116.4735       2.457161    
   82.31709       116.2499       2.460340    
   87.30524       115.9922       2.463554    
   92.29430       115.7452       2.466850    
   97.28818       115.5665       2.470262    
   102.2866       115.4874       2.473754    
   107.2863       115.4493       2.477469    
   112.2728       115.2323       2.481301    
   117.2255       114.7313       2.485159    
   122.1606       114.1291       2.489341    
   127.1186       113.6599       2.493907    
   132.1048       113.3961       2.498839    
   137.1018       113.2836       2.504062    
   142.1004       113.3186       2.509849    
   147.0855       113.5730       2.515953    
   152.0289       114.1145       2.521624    
   156.9416       114.8120       2.526147    
   161.8866       115.3350       2.532173    
   166.8759       115.5344       2.617367    
   171.8755       115.5392       2.640381    
   176.8751       115.4947       2.652390    
   181.8749       115.4726       2.658389    
   186.8749       115.4719       2.665269    
   191.8749       115.4722       2.672556    
   196.8749       115.4722       2.679278    
   201.8749       115.4722       2.685733    
   206.8749       115.4720       2.691837    
   211.8749       115.4739       2.697410    
   216.8748       115.4921       2.702337    
   221.8745       115.5383       2.706594    
   226.8739       115.5924       2.710118    
   231.8736       115.5948       2.712931    
   236.8703       115.4796       2.715014    
   241.8605       115.2498       2.716470    
   246.8531       115.0682       2.717363    
   251.8497       115.1104       2.717603    
   256.8403       115.3352       2.717192    
   261.8292       115.5839       2.716225    
   266.8226       115.7724       2.714711    
   271.8200       115.8866       2.712678    
   276.8195       115.9228       2.710170    
   281.8193       115.9004       2.707203    
   286.8188       115.8482       2.703792    
   291.8181       115.7824       2.699946    
   296.8170       115.7058       2.695651    
   301.8156       115.6153       2.690950    
   306.8141       115.5281       2.685763    
   311.8136       115.4968       2.679858    
   316.8123       115.4420       2.673159    
   321.7794       115.0840       2.665348    
   326.7076       114.4521       2.655300    
   331.6619       114.2384       2.642838    
   336.6017       114.7507       2.628034    
   341.4941       115.5241       2.600304    
   346.3997       116.2474       2.585454    
   351.3318       116.8596       2.557880    
   356.3008       117.2437       2.496669    
   361.2956       117.4006       2.441079    
   366.2939       117.4977       2.422966    
   371.2916       117.6117       2.416376    
   376.2886       117.7412       2.412056    
   381.2849       117.8860       2.407665    
   386.2799       118.0519       2.403160    
   391.2732       118.2462       2.398567    
   396.2645       118.4663       2.393955    
   401.2549       118.6983       2.389376    
   406.2462       118.9186       2.384981    
   411.2407       119.0920       2.380686    
   416.2387       119.1877       2.376257    
   421.2385       119.2163       2.371660    
   426.2385       119.2194       2.367124    
   431.2385       119.2319       2.363116    
   436.2343       119.3509       2.359346    
   441.2233       119.5975       2.355995    
   446.2118       119.8504       2.353122    
   451.2035       120.0655       2.350723    
   456.1937       120.2983       2.348587    
   461.1783       120.5900       2.346547    
   466.1624       120.8887       2.344487    
   471.1551       121.0661       2.342374    
   476.1545       121.1075       2.340381    
   481.8401       121.1095       2.338835    
   489.3643       121.1095       2.337805    
   507.4286       121.1095       2.337202    
  -33.77417       109.4377       2.429801    
  -15.70986       109.4377       2.430305    
  -8.185690       109.4377       2.430946    
  -2.500000       109.4377       2.431623    
   2.481762       109.6495       2.432282    
   7.434425       110.1285       2.432971    
   12.38829       110.6005       2.433791    
   17.37068       110.8431       2.434780    
   22.36992       110.9020       2.435810    
   27.36889       110.9691       2.436866    
   32.36626       111.0811       2.437984    
   37.36148       111.2335       2.439175    
   42.35468       111.4164       2.440771    
   47.34677       111.6138       2.442636    
   52.33939       111.8043       2.444839    
   57.33461       111.9553       2.447281    
   62.33282       112.0418       2.449921    
   67.33237       112.0446       2.452701    
   72.33087       111.9657       2.455688    
   77.32610       111.8166       2.458812    
   82.31709       111.6071       2.462095    
   87.30524       111.3655       2.465491    
   92.29430       111.1339       2.469114    
   97.28818       110.9664       2.472950    
   102.2866       110.8923       2.476931    
   107.2863       110.8566       2.481165    
   112.2728       110.6531       2.485744    
   117.2255       110.1834       2.490701    
   122.1606       109.6189       2.496109    
   127.1186       109.1790       2.502022    
   132.1048       108.9318       2.508453    
   137.1018       108.8263       2.515396    
   142.1004       108.8592       2.523441    
   147.0855       109.0976       2.531555    
   152.0289       109.6052       2.539402    
   156.9416       110.2591       2.547786    
   161.8866       110.7494       2.563655    
   166.8759       110.9363       2.616610    
   171.8755       110.9408       2.636047    
   176.8751       110.8991       2.649700    
   181.8749       110.8784       2.656700    
   186.8749       110.8776       2.663970    
   191.8749       110.8779       2.671534    
   196.8749       110.8779       2.678314    
   201.8749       110.8779       2.684651    
   206.8749       110.8778       2.690574    
   211.8749       110.8796       2.695993    
   216.8748       110.8966       2.700811    
   221.8745       110.9400       2.704969    
   226.8739       110.9907       2.708479    
   231.8736       110.9929       2.711271    
   236.8703       110.8849       2.713359    
   241.8605       110.6695       2.714889    
   246.8531       110.4993       2.715880    
   251.8497       110.5388       2.716226    
   256.8403       110.7495       2.715919    
   261.8292       110.9827       2.715030    
   266.8226       111.1594       2.713590    
   271.8200       111.2665       2.711635    
   276.8195       111.3003       2.709172    
   281.8193       111.2794       2.706180    
   286.8188       111.2305       2.702736    
   291.8181       111.1687       2.698932    
   296.8170       111.0969       2.694706    
   301.8156       111.0121       2.690007    
   306.8141       110.9304       2.684809    
   311.8136       110.9010       2.679028    
   316.8123       110.8497       2.672521    
   321.7794       110.5141       2.664825    
   326.7076       109.9218       2.655186    
   331.6619       109.7214       2.643222    
   336.6017       110.2016       2.626745    
   341.4941       110.9267       2.596962    
   346.3997       111.6047       2.580192    
   351.3318       112.1786       2.554603    
   356.3008       112.5386       2.504218    
   361.2956       112.6857       2.465136    
   366.2939       112.7768       2.442508    
   371.2916       112.8837       2.426032    
   376.2886       113.0050       2.419803    
   381.2849       113.1407       2.413798    
   386.2799       113.2963       2.408083    
   391.2732       113.4784       2.402750    
   396.2645       113.6848       2.397608    
   401.2549       113.9022       2.392519    
   406.2462       114.1088       2.387583    
   411.2407       114.2713       2.382909    
   416.2387       114.3611       2.378373    
   421.2385       114.3878       2.373817    
   426.2385       114.3907       2.369581    
   431.2385       114.4025       2.365197    
   436.2343       114.5140       2.361486    
   441.2233       114.7451       2.358271    
   446.2118       114.9823       2.355316    
   451.2035       115.1839       2.352611    
   456.1937       115.4022       2.350264    
   461.1783       115.6756       2.348189    
   466.1624       115.9556       2.346177    
   471.1551       116.1219       2.344204    
   476.1545       116.1607       2.342404    
   481.8401       116.1625       2.340952    
   489.3643       116.1625       2.339921    
   507.4286       116.1625       2.339353    
  -33.77417       104.4251       2.430091    
  -15.70986       104.4251       2.430604    
  -8.185690       104.4251       2.431229    
  -2.500000       104.4251       2.431838    
   2.481762       104.6212       2.432448    
   7.434425       105.0646       2.433118    
   12.38829       105.5015       2.433909    
   17.37068       105.7260       2.434853    
   22.36992       105.7805       2.435921    
   27.36889       105.8427       2.437082    
   32.36626       105.9463       2.438361    
   37.36148       106.0873       2.439770    
   42.35468       106.2567       2.441476    
   47.34677       106.4394       2.443517    
   52.33939       106.6157       2.445757    
   57.33461       106.7555       2.448269    
   62.33282       106.8356       2.450953    
   67.33237       106.8381       2.453748    
   72.33087       106.7651       2.456824    
   77.32610       106.6271       2.460070    
   82.31709       106.4332       2.463410    
   87.30524       106.2096       2.466904    
   92.29430       105.9952       2.470588    
   97.28818       105.8402       2.474490    
   102.2866       105.7715       2.478601    
   107.2863       105.7385       2.482949    
   112.2728       105.5501       2.487661    
   117.2255       105.1154       2.492836    
   122.1606       104.5929       2.498531    
   127.1186       104.1857       2.504703    
   132.1048       103.9569       2.511364    
   137.1018       103.8593       2.518647    
   142.1004       103.8897       2.527245    
   147.0855       104.1104       2.535962    
   152.0289       104.5803       2.544975    
   156.9416       105.1855       2.559774    
   161.8866       105.6393       2.577027    
   166.8759       105.8122       2.614414    
   171.8755       105.8165       2.632131    
   176.8751       105.7778       2.646246    
   181.8749       105.7587       2.654540    
   186.8749       105.7580       2.662179    
   191.8749       105.7582       2.670022    
   196.8749       105.7583       2.676858    
   201.8749       105.7583       2.683104    
   206.8749       105.7581       2.688951    
   211.8749       105.7598       2.694216    
   216.8748       105.7755       2.698877    
   221.8745       105.8157       2.702878    
   226.8739       105.8626       2.706234    
   231.8736       105.8647       2.708948    
   236.8703       105.7647       2.711039    
   241.8605       105.5654       2.712571    
   246.8531       105.4078       2.713575    
   251.8497       105.4444       2.714016    
   256.8403       105.6394       2.713851    
   261.8292       105.8553       2.713061    
   266.8226       106.0188       2.711684    
   271.8200       106.1179       2.709793    
   276.8195       106.1492       2.707413    
   281.8193       106.1298       2.704514    
   286.8188       106.0846       2.701174    
   291.8181       106.0275       2.697477    
   296.8170       105.9610       2.693314    
   301.8156       105.8824       2.688632    
   306.8141       105.8068       2.683518    
   311.8136       105.7796       2.677918    
   316.8123       105.7321       2.671661    
   321.7794       105.4215       2.664244    
   326.7076       104.8732       2.654964    
   331.6619       104.6877       2.643056    
   336.6017       105.1322       2.625567    
   341.4941       105.8034       2.593464    
   346.3997       106.4309       2.574851    
   351.3318       106.9622       2.550064    
   356.3008       107.2954       2.505929    
   361.2956       107.4315       2.469964    
   366.2939       107.5159       2.448448    
   371.2916       107.6148       2.430694    
   376.2886       107.7271       2.422983    
   381.2849       107.8528       2.416210    
   386.2799       107.9968       2.410062    
   391.2732       108.1653       2.404277    
   396.2645       108.3564       2.398682    
   401.2549       108.5576       2.393436    
   406.2462       108.7488       2.388514    
   411.2407       108.8992       2.383787    
   416.2387       108.9823       2.379082    
   421.2385       109.0071       2.374745    
   426.2385       109.0098       2.370632    
   431.2385       109.0207       2.366477    
   436.2343       109.1239       2.362750    
   441.2233       109.3378       2.359580    
   446.2118       109.5574       2.356662    
   451.2035       109.7439       2.353955    
   456.1937       109.9460       2.351623    
   461.1783       110.1991       2.349573    
   466.1624       110.4583       2.347640    
   471.1551       110.6122       2.345820    
   476.1545       110.6481       2.344196    
   481.8401       110.6497       2.342799    
   489.3643       110.6497       2.341756    
   507.4286       110.6497       2.341106    
  -33.77417       98.76926       2.430405    
  -15.70986       98.76926       2.430891    
  -8.185690       98.76926       2.431489    
  -2.500000       98.76926       2.432092    
   2.481762       98.94752       2.432699    
   7.434425       99.35075       2.433416    
   12.38829       99.74802       2.434219    
   17.37068       99.95215       2.435161    
   22.36992       100.0017       2.436251    
   27.36889       100.0582       2.437528    
   32.36626       100.1525       2.438917    
   37.36148       100.2807       2.440516    
   42.35468       100.4347       2.442312    
   47.34677       100.6009       2.444517    
   52.33939       100.7612       2.446740    
   57.33461       100.8883       2.449336    
   62.33282       100.9611       2.452104    
   67.33237       100.9634       2.454962    
   72.33087       100.8971       2.458170    
   77.32610       100.7716       2.461471    
   82.31709       100.5952       2.464913    
   87.30524       100.3919       2.468456    
   92.29430       100.1970       2.472146    
   97.28818       100.0560       2.476054    
   102.2866       99.99355       2.480186    
   107.2863       99.96349       2.484612    
   112.2728       99.79222       2.489405    
   117.2255       99.39693       2.494658    
   122.1606       98.92178       2.500485    
   127.1186       98.55151       2.506791    
   132.1048       98.34343       2.513581    
   137.1018       98.25465       2.520946    
   142.1004       98.28233       2.529837    
   147.0855       98.48299       2.538825    
   152.0289       98.91029       2.548591    
   156.9416       99.46066       2.564502    
   161.8866       99.87329       2.581096    
   166.8759       100.0306       2.612186    
   171.8755       100.0344       2.628894    
   176.8751       99.99930       2.642622    
   181.8749       99.98188       2.652155    
   186.8749       99.98126       2.660205    
   191.8749       99.98149       2.668161    
   196.8749       99.98150       2.675038    
   201.8749       99.98149       2.681217    
   206.8749       99.98139       2.686920    
   211.8749       99.98287       2.692044    
   216.8748       99.99718       2.696537    
   221.8745       100.0337       2.700379    
   226.8739       100.0764       2.703596    
   231.8736       100.0783       2.706193    
   236.8703       99.98734       2.708200    
   241.8605       99.80609       2.709649    
   246.8531       99.66279       2.710580    
   251.8497       99.69608       2.711032    
   256.8403       99.87341       2.710964    
   261.8292       100.0697       2.710284    
   266.8226       100.2184       2.709030    
   271.8200       100.3085       2.707299    
   276.8195       100.3370       2.705086    
   281.8193       100.3194       2.702373    
   286.8188       100.2782       2.699220    
   291.8181       100.2263       2.695656    
   296.8170       100.1659       2.691599    
   301.8156       100.0944       2.687020    
   306.8141       100.0256       2.682003    
   311.8136       100.0009       2.676582    
   316.8123       99.95772       2.670535    
   321.7794       99.67523       2.663448    
   326.7076       99.17667       2.654697    
   331.6619       99.00801       2.642569    
   336.6017       99.41222       2.624541    
   341.4941       100.0225       2.590446    
   346.3997       100.5932       2.569808    
   351.3318       101.0763       2.545120    
   356.3008       101.3793       2.506853    
   361.2956       101.5031       2.472514    
   366.2939       101.5798       2.452210    
   371.2916       101.6697       2.434469    
   376.2886       101.7719       2.424966    
   381.2849       101.8861       2.417919    
   386.2799       102.0170       2.411500    
   391.2732       102.1703       2.405416    
   396.2645       102.3440       2.399635    
   401.2549       102.5270       2.394342    
   406.2462       102.7009       2.389426    
   411.2407       102.8377       2.384537    
   416.2387       102.9132       2.379797    
   421.2385       102.9358       2.375548    
   426.2385       102.9382       2.371507    
   431.2385       102.9481       2.367603    
   436.2343       103.0419       2.363948    
   441.2233       103.2365       2.360785    
   446.2118       103.4361       2.357890    
   451.2035       103.6058       2.355340    
   456.1937       103.7895       2.353052    
   461.1783       104.0197       2.350992    
   466.1624       104.2553       2.349114    
   471.1551       104.3953       2.347390    
   476.1545       104.4279       2.345851    
   481.8401       104.4295       2.344491    
   489.3643       104.4295       2.343351    
   507.4286       104.4295       2.342566    
  -33.77417       92.28692       2.430755    
  -15.70986       92.28692       2.431195    
  -8.185690       92.28692       2.431782    
  -2.500000       92.28692       2.432431    
   2.481762       92.44483       2.433177    
   7.434425       92.80198       2.433907    
   12.38829       93.15384       2.434777    
   17.37068       93.33465       2.435787    
   22.36992       93.37855       2.436954    
   27.36889       93.42858       2.438254    
   32.36626       93.51208       2.439762    
   37.36148       93.62569       2.441427    
   42.35468       93.76205       2.443346    
   47.34677       93.90923       2.445533    
   52.33939       94.05121       2.447918    
   57.33461       94.16380       2.450551    
   62.33282       94.22831       2.453316    
   67.33237       94.23037       2.456305    
   72.33087       94.17159       2.459597    
   77.32610       94.06042       2.462922    
   82.31709       93.90422       2.466406    
   87.30524       93.72411       2.470000    
   92.29430       93.55146       2.473735    
   97.28818       93.42661       2.477725    
   102.2866       93.37131       2.481951    
   107.2863       93.34469       2.486465    
   112.2728       93.19299       2.491330    
   117.2255       92.84286       2.496621    
   122.1606       92.42202       2.502470    
   127.1186       92.09407       2.508869    
   132.1048       91.90976       2.515710    
   137.1018       91.83113       2.523128    
   142.1004       91.85565       2.532053    
   147.0855       92.03337       2.541380    
   152.0289       92.41184       2.551954    
   156.9416       92.89931       2.568141    
   161.8866       93.26480       2.584917    
   166.8759       93.40413       2.610233    
   171.8755       93.40750       2.625826    
   176.8751       93.37640       2.639257    
   181.8749       93.36098       2.649717    
   186.8749       93.36044       2.658169    
   191.8749       93.36063       2.666077    
   196.8749       93.36064       2.672960    
   201.8749       93.36063       2.679045    
   206.8749       93.36054       2.684578    
   211.8749       93.36186       2.689513    
   216.8748       93.37454       2.693846    
   221.8745       93.40688       2.697561    
   226.8739       93.44470       2.700660    
   231.8736       93.44635       2.703164    
   236.8703       93.36582       2.705092    
   241.8605       93.20527       2.706480    
   246.8531       93.07835       2.707411    
   251.8497       93.10783       2.707911    
   256.8403       93.26490       2.707906    
   261.8292       93.43874       2.707335    
   266.8226       93.57047       2.706227    
   271.8200       93.65030       2.704661    
   276.8195       93.67554       2.702646    
   281.8193       93.65989       2.700106    
   286.8188       93.62345       2.697044    
   291.8181       93.57744       2.693554    
   296.8170       93.52392       2.689647    
   301.8156       93.46066       2.685227    
   306.8141       93.39973       2.680311    
   311.8136       93.37785       2.674999    
   316.8123       93.33959       2.669169    
   321.7794       93.08938       2.662458    
   326.7076       92.64779       2.654210    
   331.6619       92.49840       2.642030    
   336.6017       92.85643       2.623522    
   341.4941       93.39696       2.588129    
   346.3997       93.90244       2.564854    
   351.3318       94.33030       2.540293    
   356.3008       94.59869       2.507152    
   361.2956       94.70834       2.474460    
   366.2939       94.77627       2.455241    
   371.2916       94.85593       2.437649    
   376.2886       94.94642       2.426719    
   381.2849       95.04758       2.419458    
   386.2799       95.16358       2.412678    
   391.2732       95.29931       2.406411    
   396.2645       95.45317       2.400649    
   401.2549       95.61526       2.395331    
   406.2462       95.76926       2.390254    
   411.2407       95.89043       2.385093    
   416.2387       95.95733       2.380447    
   421.2385       95.97731       2.376236    
   426.2385       95.97943       2.372149    
   431.2385       95.98818       2.368465    
   436.2343       96.07135       2.364932    
   441.2233       96.24365       2.361761    
   446.2118       96.42047       2.358914    
   451.2035       96.57073       2.356497    
   456.1937       96.73344       2.354330    
   461.1783       96.93733       2.352386    
   466.1624       97.14609       2.350626    
   471.1551       97.27006       2.348984    
   476.1545       97.29897       2.347497    
   481.8401       97.30029       2.346184    
   489.3643       97.30029       2.344948    
   507.4286       97.30029       2.343916    
  -33.77417       84.70639       2.431048    
  -15.70986       84.70639       2.431517    
  -8.185690       84.70639       2.432106    
  -2.500000       84.70639       2.432854    
   2.481762       84.84047       2.433678    
   7.434425       85.14374       2.434570    
   12.38829       85.44250       2.435520    
   17.37068       85.59602       2.436657    
   22.36992       85.63330       2.437867    
   27.36889       85.67580       2.439235    
   32.36626       85.74669       2.440752    
   37.36148       85.84315       2.442481    
   42.35468       85.95895       2.444443    
   47.34677       86.08392       2.446685    
   52.33939       86.20448       2.449165    
   57.33461       86.30008       2.451787    
   62.33282       86.35486       2.454651    
   67.33237       86.35661       2.457680    
   72.33087       86.30669       2.460992    
   77.32610       86.21230       2.464420    
   82.31709       86.07966       2.467907    
   87.30524       85.92673       2.471603    
   92.29430       85.78013       2.475449    
   97.28818       85.67411       2.479543    
   102.2866       85.62716       2.483862    
   107.2863       85.60456       2.488411    
   112.2728       85.47575       2.493252    
   117.2255       85.17844       2.498532    
   122.1606       84.82110       2.504393    
   127.1186       84.54264       2.510789    
   132.1048       84.38613       2.517683    
   137.1018       84.31937       2.525107    
   142.1004       84.34019       2.533998    
   147.0855       84.49109       2.543702    
   152.0289       84.81246       2.555048    
   156.9416       85.22638       2.571410    
   161.8866       85.53673       2.587880    
   166.8759       85.65503       2.608433    
   171.8755       85.65790       2.623097    
   176.8751       85.63148       2.636348    
   181.8749       85.61840       2.647481    
   186.8749       85.61794       2.656065    
   191.8749       85.61810       2.663808    
   196.8749       85.61810       2.670751    
   201.8749       85.61810       2.676759    
   206.8749       85.61802       2.682146    
   211.8749       85.61914       2.686941    
   216.8748       85.62991       2.691148    
   221.8745       85.65736       2.694754    
   226.8739       85.68948       2.697786    
   231.8736       85.69088       2.700272    
   236.8703       85.62250       2.702239    
   241.8605       85.48617       2.703720    
   246.8531       85.37840       2.704740    
   251.8497       85.40344       2.705313    
   256.8403       85.53680       2.705403    
   261.8292       85.68442       2.704950    
   266.8226       85.79627       2.703966    
   271.8200       85.86406       2.702494    
   276.8195       85.88549       2.700557    
   281.8193       85.87220       2.698096    
   286.8188       85.84126       2.695062    
   291.8181       85.80219       2.691578    
   296.8170       85.75674       2.687736    
   301.8156       85.70303       2.683430    
   306.8141       85.65130       2.678579    
   311.8136       85.63272       2.673330    
   316.8123       85.60023       2.667696    
   321.7794       85.38776       2.661315    
   326.7076       85.01280       2.653364    
   331.6619       84.88596       2.641468    
   336.6017       85.18996       2.622587    
   341.4941       85.64894       2.586406    
   346.3997       86.07815       2.560482    
   351.3318       86.44146       2.536005    
   356.3008       86.66934       2.506579    
   361.2956       86.76245       2.476442    
   366.2939       86.82014       2.457679    
   371.2916       86.88777       2.439977    
   376.2886       86.96461       2.428554    
   381.2849       87.05051       2.420764    
   386.2799       87.14902       2.413691    
   391.2732       87.26426       2.407312    
   396.2645       87.39491       2.401481    
   401.2549       87.53254       2.396081    
   406.2462       87.66331       2.390857    
   411.2407       87.76619       2.385669    
   416.2387       87.82300       2.380999    
   421.2385       87.83997       2.376778    
   426.2385       87.84176       2.372612    
   431.2385       87.84920       2.368954    
   436.2343       87.91981       2.365572    
   441.2233       88.06612       2.362464    
   446.2118       88.21626       2.359739    
   451.2035       88.34385       2.357401    
   456.1937       88.48203       2.355370    
   461.1783       88.65514       2.353579    
   466.1624       88.83239       2.351990    
   471.1551       88.93765       2.350533    
   476.1545       88.96221       2.349155    
   481.8401       88.96335       2.347853    
   489.3643       88.96335       2.346510    
   507.4286       88.96335       2.345073    
  -33.77417       75.60016       2.431306    
  -15.70986       75.60016       2.431789    
  -8.185690       75.60016       2.432467    
  -2.500000       75.60016       2.433198    
   2.481762       75.70561       2.434066    
   7.434425       75.94414       2.435071    
   12.38829       76.17914       2.436212    
   17.37068       76.29989       2.437385    
   22.36992       76.32921       2.438708    
   27.36889       76.36263       2.440136    
   32.36626       76.41840       2.441715    
   37.36148       76.49427       2.443490    
   42.35468       76.58534       2.445506    
   47.34677       76.68364       2.447841    
   52.33939       76.77846       2.450303    
   57.33461       76.85366       2.453079    
   62.33282       76.89674       2.456001    
   67.33237       76.89812       2.459076    
   72.33087       76.85886       2.462448    
   77.32610       76.78461       2.465903    
   82.31709       76.68029       2.469518    
   87.30524       76.56001       2.473286    
   92.29430       76.44469       2.477214    
   97.28818       76.36131       2.481344    
   102.2866       76.32438       2.485651    
   107.2863       76.30660       2.490167    
   112.2728       76.20528       2.494988    
   117.2255       75.97144       2.500235    
   122.1606       75.69038       2.506129    
   127.1186       75.47135       2.512546    
   132.1048       75.34826       2.519458    
   137.1018       75.29574       2.526968    
   142.1004       75.31212       2.535842    
   147.0855       75.43081       2.545935    
   152.0289       75.68358       2.557878    
   156.9416       76.00915       2.574074    
   161.8866       76.25325       2.589821    
   166.8759       76.34630       2.607066    
   171.8755       76.34855       2.621109    
   176.8751       76.32778       2.634082    
   181.8749       76.31749       2.645328    
   186.8749       76.31712       2.653847    
   191.8749       76.31725       2.661627    
   196.8749       76.31725       2.668675    
   201.8749       76.31725       2.674595    
   206.8749       76.31718       2.679896    
   211.8749       76.31807       2.684615    
   216.8748       76.32654       2.688792    
   221.8745       76.34814       2.692395    
   226.8739       76.37340       2.695415    
   231.8736       76.37450       2.697942    
   236.8703       76.32071       2.699993    
   241.8605       76.21349       2.701537    
   246.8531       76.12872       2.702591    
   251.8497       76.14841       2.703182    
   256.8403       76.25331       2.703315    
   261.8292       76.36942       2.702970    
   266.8226       76.45739       2.702104    
   271.8200       76.51070       2.700698    
   276.8195       76.52757       2.698773    
   281.8193       76.51711       2.696334    
   286.8188       76.49277       2.693385    
   291.8181       76.46204       2.689953    
   296.8170       76.42630       2.686087    
   301.8156       76.38405       2.681772    
   306.8141       76.34336       2.676968    
   311.8136       76.32875       2.671799    
   316.8123       76.30320       2.666260    
   321.7794       76.13609       2.659996    
   326.7076       75.84116       2.652207    
   331.6619       75.74139       2.640875    
   336.6017       75.98050       2.621810    
   341.4941       76.34151       2.585019    
   346.3997       76.67910       2.557187    
   351.3318       76.96486       2.532259    
   356.3008       77.14410       2.505331    
   361.2956       77.21733       2.478823    
   366.2939       77.26270       2.459441    
   371.2916       77.31591       2.441894    
   376.2886       77.37634       2.430212    
   381.2849       77.44391       2.421742    
   386.2799       77.52139       2.414586    
   391.2732       77.61202       2.407989    
   396.2645       77.71479       2.402076    
   401.2549       77.82304       2.396618    
   406.2462       77.92590       2.391339    
   411.2407       78.00681       2.386265    
   416.2387       78.05150       2.381501    
   421.2385       78.06484       2.377216    
   426.2385       78.06626       2.373114    
   431.2385       78.07211       2.369477    
   436.2343       78.12765       2.366182    
   441.2233       78.24273       2.363163    
   446.2118       78.36082       2.360585    
   451.2035       78.46117       2.358386    
   456.1937       78.56985       2.356480    
   461.1783       78.70601       2.354741    
   466.1624       78.84543       2.353251    
   471.1551       78.92822       2.351955    
   476.1545       78.94754       2.350707    
   481.8401       78.94843       2.349420    
   489.3643       78.94843       2.347992    
   507.4286       78.94843       2.345840    
  -33.77417       56.32260       2.431528    
  -15.70986       56.32260       2.432080    
  -8.185690       56.32260       2.432788    
  -2.500000       56.32260       2.433587    
   2.481762       56.36747       2.434465    
   7.434425       56.46896       2.435526    
   12.38829       56.56895       2.436729    
   17.37068       56.62033       2.437952    
   22.36992       56.63280       2.439289    
   27.36889       56.64702       2.440773    
   32.36626       56.67075       2.442423    
   37.36148       56.70303       2.444251    
   42.35468       56.74178       2.446356    
   47.34677       56.78361       2.448706    
   52.33939       56.82395       2.451241    
   57.33461       56.85595       2.454093    
   62.33282       56.87428       2.457070    
   67.33237       56.87487       2.460232    
   72.33087       56.85816       2.463624    
   77.32610       56.82657       2.467106    
   82.31709       56.78218       2.470778    
   87.30524       56.73100       2.474549    
   92.29430       56.68194       2.478471    
   97.28818       56.64646       2.482585    
   102.2866       56.63075       2.486899    
   107.2863       56.62318       2.491465    
   112.2728       56.58007       2.496386    
   117.2255       56.48058       2.501751    
   122.1606       56.36099       2.507639    
   127.1186       56.26780       2.514071    
   132.1048       56.21542       2.521037    
   137.1018       56.19307       2.528708    
   142.1004       56.20005       2.537565    
   147.0855       56.25055       2.547976    
   152.0289       56.35809       2.560412    
   156.9416       56.49662       2.575819    
   161.8866       56.60048       2.590926    
   166.8759       56.64007       2.605997    
   171.8755       56.64103       2.619713    
   176.8751       56.63219       2.632259    
   181.8749       56.62782       2.643117    
   186.8749       56.62766       2.651951    
   191.8749       56.62771       2.659839    
   196.8749       56.62772       2.666741    
   201.8749       56.62771       2.672705    
   206.8749       56.62769       2.678038    
   211.8749       56.62806       2.682773    
   216.8748       56.63167       2.686949    
   221.8745       56.64086       2.690571    
   226.8739       56.65160       2.693657    
   231.8736       56.65207       2.696215    
   236.8703       56.62919       2.698245    
   241.8605       56.58356       2.699752    
   246.8531       56.54750       2.700753    
   251.8497       56.55588       2.701279    
   256.8403       56.60051       2.701375    
   261.8292       56.64991       2.701060    
   266.8226       56.68734       2.700277    
   271.8200       56.71003       2.698949    
   276.8195       56.71720       2.697063    
   281.8193       56.71275       2.694676    
   286.8188       56.70240       2.691817    
   291.8181       56.68932       2.688481    
   296.8170       56.67411       2.684650    
   301.8156       56.65614       2.680338    
   306.8141       56.63882       2.675612    
   311.8136       56.63261       2.670483    
   316.8123       56.62173       2.664873    
   321.7794       56.55063       2.658517    
   326.7076       56.42514       2.650743    
   331.6619       56.38269       2.640057    
   336.6017       56.48443       2.620948    
   341.4941       56.63803       2.583961    
   346.3997       56.78168       2.554994    
   351.3318       56.90327       2.529263    
   356.3008       56.97953       2.504016    
   361.2956       57.01069       2.481172    
   366.2939       57.02999       2.460827    
   371.2916       57.05263       2.443666    
   376.2886       57.07835       2.431698    
   381.2849       57.10709       2.422565    
   386.2799       57.14006       2.415191    
   391.2732       57.17862       2.408485    
   396.2645       57.22235       2.402450    
   401.2549       57.26841       2.396904    
   406.2462       57.31217       2.391636    
   411.2407       57.34660       2.386670    
   416.2387       57.36561       2.381987    
   421.2385       57.37129       2.377693    
   426.2385       57.37189       2.373707    
   431.2385       57.37438       2.370140    
   436.2343       57.39801       2.366986    
   441.2233       57.44698       2.364174    
   446.2118       57.49723       2.361720    
   451.2035       57.53992       2.359590    
   456.1937       57.58617       2.357708    
   461.1783       57.64410       2.355986    
   466.1624       57.70342       2.354487    
   471.1551       57.73865       2.353210    
   476.1545       57.74687       2.352023    
   481.8401       57.74725       2.350965    
   489.3643       57.74725       2.350242    
   507.4286       57.74725       2.348101    
