        1545
  -33.77417       136.6885       1.829771    
  -15.70986       136.6885       1.815476    
  -8.185690       136.6885       1.405470    
  -2.500000       136.6885       1.009301    
   2.481762       136.9860       1.229012    
   7.434425       137.6588       1.289802    
   12.38829       138.3216       1.392298    
   17.37068       138.6622       1.399657    
   22.36992       138.7449       1.424451    
   27.36889       138.8391       1.437845    
   32.36626       138.9964       1.414106    
   37.36148       139.2104       1.369210    
   42.35468       139.4673       1.352343    
   47.34677       139.7446       1.287931    
   52.33939       140.0120       1.235260    
   57.33461       140.2241       1.251934    
   62.33282       140.3456       1.253446    
   67.33237       140.3495       1.254802    
   72.33087       140.2388       1.219131    
   77.32610       140.0294       1.247700    
   82.31709       139.7351       1.257719    
   87.30524       139.3958       1.258105    
   92.29430       139.0706       1.301858    
   97.28818       138.8354       1.345243    
   102.2866       138.7312       1.387889    
   107.2863       138.6811       1.413128    
   112.2728       138.3953       1.420820    
   117.2255       137.7357       1.290253    
   122.1606       136.9430       1.198719    
   127.1186       136.3252       1.205113    
   132.1048       135.9780       1.155578    
   137.1018       135.8299       1.147980    
   142.1004       135.8761       1.146281    
   147.0855       136.2108       1.271476    
   152.0289       136.9238       1.180711    
   156.9416       137.8421       1.246549    
   161.8866       138.5306       1.346488    
   166.8759       138.7930       1.295840    
   171.8755       138.7994       1.279527    
   176.8751       138.7408       1.281529    
   181.8749       138.7118       1.310480    
   186.8749       138.7108       1.295736    
   191.8749       138.7111       1.293878    
   196.8749       138.7112       1.299244    
   201.8749       138.7111       1.292978    
   206.8749       138.7109       1.293961    
   211.8749       138.7134       1.297215    
   216.8748       138.7373       1.293090    
   221.8745       138.7983       1.279739    
   226.8739       138.8695       1.270666    
   231.8736       138.8726       1.299382    
   236.8703       138.7209       1.269809    
   241.8605       138.4185       1.263419    
   246.8531       138.1794       1.274010    
   251.8497       138.2349       1.286210    
   256.8403       138.5308       1.263131    
   261.8292       138.8582       1.278127    
   266.8226       139.1064       1.302206    
   271.8200       139.2568       1.283375    
   276.8195       139.3043       1.279634    
   281.8193       139.2749       1.297128    
   286.8188       139.2062       1.290364    
   291.8181       139.1195       1.290358    
   296.8170       139.0187       1.318773    
   301.8156       138.8996       1.267614    
   306.8141       138.7848       1.271474    
   311.8136       138.7435       1.283198    
   316.8123       138.6715       1.276655    
   321.7794       138.2001       1.229198    
   326.7076       137.3683       1.174925    
   331.6619       137.0869       1.414154    
   336.6017       137.7613       1.409749    
   341.4941       138.7795       1.268559    
   346.3997       139.7317       1.222544    
   351.3318       140.5377       1.218917    
   356.3008       141.0433       1.298662    
   361.2956       141.2499       1.492945    
   366.2939       141.3779       1.645587    
   371.2916       141.5279       1.596393    
   376.2886       141.6984       1.502298    
   381.2849       141.8889       1.419538    
   386.2799       142.1075       1.281519    
   391.2732       142.3631       1.274369    
   396.2645       142.6530       1.258624    
   401.2549       142.9583       1.261279    
   406.2462       143.2484       1.231752    
   411.2407       143.4767       1.194645    
   416.2387       143.6027       1.178037    
   421.2385       143.6403       1.154378    
   426.2385       143.6443       1.168236    
   431.2385       143.6608       1.170057    
   436.2343       143.8174       1.171939    
   441.2233       144.1421       1.175166    
   446.2118       144.4751       1.242586    
   451.2035       144.7582       1.247473    
   456.1937       145.0647       1.298266    
   461.1783       145.4488       1.448534    
   466.1624       145.8420       1.435601    
   471.1551       146.0755       1.368387    
   476.1545       146.1300      0.7737580    
   481.8401       146.1326       1.614736    
   489.3643       146.1326       1.951933    
   507.4286       146.1326       1.965180    
  -33.77417       134.0858       1.830974    
  -15.70986       134.0858       1.816261    
  -8.185690       134.0858       1.409024    
  -2.500000       134.0858      0.7040289    
   2.481762       134.3752      0.8692333    
   7.434425       135.0294       1.226192    
   12.38829       135.6740       1.342587    
   17.37068       136.0052       1.232675    
   22.36992       136.0857       1.236508    
   27.36889       136.1774       1.228444    
   32.36626       136.3303       1.221742    
   37.36148       136.5384       1.218561    
   42.35468       136.7882       1.129012    
   47.34677       137.0579       1.119050    
   52.33939       137.3180       1.116046    
   57.33461       137.5242       1.116713    
   62.33282       137.6424       1.046107    
   67.33237       137.6462       1.016733    
   72.33087       137.5385       1.043178    
   77.32610       137.3349       1.040519    
   82.31709       137.0487       1.029004    
   87.30524       136.7188       1.049926    
   92.29430       136.4025       1.040642    
   97.28818       136.1738       1.093698    
   102.2866       136.0724       1.195392    
   107.2863       136.0237       1.288830    
   112.2728       135.7457       1.237314    
   117.2255       135.1043       1.169487    
   122.1606       134.3334       1.184623    
   127.1186       133.7326       1.163455    
   132.1048       133.3949       1.154774    
   137.1018       133.2509       1.149233    
   142.1004       133.2958       1.151234    
   147.0855       133.6214       1.201643    
   152.0289       134.3147       1.203925    
   156.9416       135.2077       1.177029    
   161.8866       135.8773       1.162081    
   166.8759       136.1325       1.237466    
   171.8755       136.1387       1.180989    
   176.8751       136.0817       1.067257    
   181.8749       136.0535       1.140253    
   186.8749       136.0525       1.160798    
   191.8749       136.0529       1.152376    
   196.8749       136.0529       1.129920    
   201.8749       136.0529       1.152606    
   206.8749       136.0527       1.152091    
   211.8749       136.0551       1.119888    
   216.8748       136.0783       1.125599    
   221.8745       136.1376       1.131916    
   226.8739       136.2069       1.148834    
   231.8736       136.2099       1.108805    
   236.8703       136.0623       1.124742    
   241.8605       135.7682       1.075321    
   246.8531       135.5358       1.070031    
   251.8497       135.5898       1.007893    
   256.8403       135.8775       1.116883    
   261.8292       136.1960       1.146734    
   266.8226       136.4373       1.085863    
   271.8200       136.5835       1.163408    
   276.8195       136.6297       1.160006    
   281.8193       136.6011       1.078567    
   286.8188       136.5343       1.186460    
   291.8181       136.4500       1.153126    
   296.8170       136.3520       1.074963    
   301.8156       136.2361       1.128989    
   306.8141       136.1245       1.131023    
   311.8136       136.0844       1.022628    
   316.8123       136.0143       1.167070    
   321.7794       135.5559       1.216468    
   326.7076       134.7469       1.534589    
   331.6619       134.4733      0.9224048    
   336.6017       135.1292      0.9309040    
   341.4941       136.1194       1.205402    
   346.3997       137.0454       1.208259    
   351.3318       137.8293       1.208141    
   356.3008       138.3209       1.297736    
   361.2956       138.5218       1.662193    
   366.2939       138.6463       1.837002    
   371.2916       138.7922       1.774193    
   376.2886       138.9579       1.736071    
   381.2849       139.1433       1.499104    
   386.2799       139.3558       1.547685    
   391.2732       139.6044       1.213691    
   396.2645       139.8863       1.204034    
   401.2549       140.1832       1.259353    
   406.2462       140.4654       1.190484    
   411.2407       140.6873       1.191544    
   416.2387       140.8099       1.140198    
   421.2385       140.8465       1.142834    
   426.2385       140.8504       1.127480    
   431.2385       140.8664       1.145911    
   436.2343       141.0188       1.171149    
   441.2233       141.3345       1.175785    
   446.2118       141.6584       1.250416    
   451.2035       141.9337       1.250747    
   456.1937       142.2318       1.241121    
   461.1783       142.6053       1.204707    
   466.1624       142.9877       1.183892    
   471.1551       143.2148      0.9357174    
   476.1545       143.2677      0.7376041    
   481.8401       143.2702       1.616024    
   489.3643       143.2702       1.952661    
   507.4286       143.2702       1.966048    
  -33.77417       131.3152       1.832839    
  -15.70986       131.3152       1.818784    
  -8.185690       131.3152       1.424640    
  -2.500000       131.3152      0.7401848    
   2.481762       131.5958      0.8572968    
   7.434425       132.2304       1.230766    
   12.38829       132.8556       1.345475    
   17.37068       133.1768       1.240641    
   22.36992       133.2549       1.237359    
   27.36889       133.3438       1.231243    
   32.36626       133.4921       1.222871    
   37.36148       133.6940       1.219187    
   42.35468       133.9363       1.157758    
   47.34677       134.1978       1.117965    
   52.33939       134.4500       1.117118    
   57.33461       134.6501       1.117898    
   62.33282       134.7647       1.161600    
   67.33237       134.7684       1.168108    
   72.33087       134.6640       1.178623    
   77.32610       134.4664       1.177615    
   82.31709       134.1889       1.177242    
   87.30524       133.8689       1.185828    
   92.29430       133.5621       1.332012    
   97.28818       133.3403       1.332225    
   102.2866       133.2420       1.198942    
   107.2863       133.1947       1.202534    
   112.2728       132.9252       1.208254    
   117.2255       132.3031       1.215074    
   122.1606       131.5553       1.174948    
   127.1186       130.9726       1.158344    
   132.1048       130.6451       1.155128    
   137.1018       130.5054       1.152966    
   142.1004       130.5490       1.156245    
   147.0855       130.8647       1.165546    
   152.0289       131.5372       1.208351    
   156.9416       132.4034       1.210345    
   161.8866       133.0527       1.187274    
   166.8759       133.3003       1.191400    
   171.8755       133.3063       1.187846    
   176.8751       133.2510       1.189471    
   181.8749       133.2236       1.187516    
   186.8749       133.2227       1.179704    
   191.8749       133.2231       1.163077    
   196.8749       133.2231       1.148589    
   201.8749       133.2231       1.150337    
   206.8749       133.2229       1.160617    
   211.8749       133.2252       1.162833    
   216.8748       133.2477       1.168072    
   221.8745       133.3052       1.167564    
   226.8739       133.3724       1.144381    
   231.8736       133.3753       1.142176    
   236.8703       133.2322       1.217838    
   241.8605       132.9470       1.249756    
   246.8531       132.7215       1.254127    
   251.8497       132.7738       1.255590    
   256.8403       133.0529       1.236299    
   261.8292       133.3618       1.159158    
   266.8226       133.5959       1.157923    
   271.8200       133.7377       1.161770    
   276.8195       133.7825       1.163469    
   281.8193       133.7548       1.169379    
   286.8188       133.6900       1.177326    
   291.8181       133.6082       1.173788    
   296.8170       133.5132       1.174163    
   301.8156       133.4008       1.224751    
   306.8141       133.2925       1.239108    
   311.8136       133.2536       1.222781    
   316.8123       133.1856       1.181858    
   321.7794       132.7410       1.066763    
   326.7076       131.9564       1.119993    
   331.6619       131.6910       1.127056    
   336.6017       132.3271       1.159516    
   341.4941       133.2876       1.200127    
   346.3997       134.1857       1.200033    
   351.3318       134.9460       1.207043    
   356.3008       135.4228       1.253405    
   361.2956       135.6176      0.6410657    
   366.2939       135.7384      0.5631986    
   371.2916       135.8799      0.5851476    
   376.2886       136.0407      0.8231715    
   381.2849       136.2204      0.8782235    
   386.2799       136.4265      0.9008543    
   391.2732       136.6677       1.276262    
   396.2645       136.9411       1.190905    
   401.2549       137.2291       1.210723    
   406.2462       137.5027       1.212369    
   411.2407       137.7180       1.214847    
   416.2387       137.8369       1.215085    
   421.2385       137.8724       1.214242    
   426.2385       137.8761       1.191375    
   431.2385       137.8917       1.176880    
   436.2343       138.0394       1.179505    
   441.2233       138.3456       1.181893    
   446.2118       138.6598       1.194998    
   451.2035       138.9268       1.199560    
   456.1937       139.2159       1.198223    
   461.1783       139.5782       1.189258    
   466.1624       139.9491       1.175942    
   471.1551       140.1694      0.9382052    
   476.1545       140.2207      0.7436466    
   481.8401       140.2231       1.622941    
   489.3643       140.2231       1.953783    
   507.4286       140.2231       1.967480    
  -33.77417       128.3538       1.842777    
  -15.70986       128.3538       1.829548    
  -8.185690       128.3538       1.590237    
  -2.500000       128.3538       1.355000    
   2.481762       128.6251       1.442685    
   7.434425       129.2386       1.553926    
   12.38829       129.8431       1.718470    
   17.37068       130.1537       1.759215    
   22.36992       130.2291       1.760863    
   27.36889       130.3151       1.762101    
   32.36626       130.4585       1.762185    
   37.36148       130.6536       1.761716    
   42.35468       130.8879       1.756143    
   47.34677       131.1408       1.751304    
   52.33939       131.3846       1.750727    
   57.33461       131.5780       1.750594    
   62.33282       131.6889       1.751723    
   67.33237       131.6924       1.754081    
   72.33087       131.5914       1.756526    
   77.32610       131.4005       1.756707    
   82.31709       131.1322       1.758818    
   87.30524       130.8228       1.764100    
   92.29430       130.5262       1.815754    
   97.28818       130.3116       1.819059    
   102.2866       130.2167       1.802918    
   107.2863       130.1709       1.795473    
   112.2728       129.9104       1.665500    
   117.2255       129.3089       1.433022    
   122.1606       128.5859       1.254462    
   127.1186       128.0226       1.221177    
   132.1048       127.7059       1.216887    
   137.1018       127.5708       1.216159    
   142.1004       127.6130       1.219692    
   147.0855       127.9183       1.228585    
   152.0289       128.5684       1.238650    
   156.9416       129.4059       1.331739    
   161.8866       130.0337       1.345394    
   166.8759       130.2731       1.355213    
   171.8755       130.2789       1.370326    
   176.8751       130.2254       1.376234    
   181.8749       130.1989       1.377959    
   186.8749       130.1980       1.378016    
   191.8749       130.1983       1.377965    
   196.8749       130.1983       1.377996    
   201.8749       130.1983       1.379580    
   206.8749       130.1982       1.384933    
   211.8749       130.2005       1.388908    
   216.8748       130.2222       1.391635    
   221.8745       130.2778       1.392817    
   226.8739       130.3428       1.392270    
   231.8736       130.3456       1.392727    
   236.8703       130.2072       1.400002    
   241.8605       129.9314       1.406227    
   246.8531       129.7134       1.409467    
   251.8497       129.7641       1.409420    
   256.8403       130.0339       1.405310    
   261.8292       130.3325       1.403192    
   266.8226       130.5588       1.383817    
   271.8200       130.6960       1.381426    
   276.8195       130.7393       1.380291    
   281.8193       130.7124       1.376059    
   286.8188       130.6498       1.375138    
   291.8181       130.5708       1.374509    
   296.8170       130.4788       1.375777    
   301.8156       130.3701       1.386314    
   306.8141       130.2655       1.387047    
   311.8136       130.2279       1.385991    
   316.8123       130.1622       1.385234    
   321.7794       129.7323       1.384182    
   326.7076       128.9738       1.385066    
   331.6619       128.7171       1.386738    
   336.6017       129.3322       1.389259    
   341.4941       130.2607       1.339126    
   346.3997       131.1291       1.334875    
   351.3318       131.8641       1.276465    
   356.3008       132.3251       1.265533    
   361.2956       132.5135       1.283338    
   366.2939       132.6302       1.331882    
   371.2916       132.7671       1.331656    
   376.2886       132.9225       1.333368    
   381.2849       133.0963       1.325591    
   386.2799       133.2955       1.319590    
   391.2732       133.5287       1.280638    
   396.2645       133.7930       1.229073    
   401.2549       134.0715       1.226741    
   406.2462       134.3360       1.224788    
   411.2407       134.5442       1.223102    
   416.2387       134.6591       1.220373    
   421.2385       134.6935       1.216113    
   426.2385       134.6971       1.196410    
   431.2385       134.7121       1.192958    
   436.2343       134.8550       1.191823    
   441.2233       135.1510       1.191976    
   446.2118       135.4547       1.193148    
   451.2035       135.7129       1.194874    
   456.1937       135.9924       1.196804    
   461.1783       136.3427       1.187618    
   466.1624       136.7012       1.175330    
   471.1551       136.9142       1.132920    
   476.1545       136.9639       1.097499    
   481.8401       136.9662       1.713689    
   489.3643       136.9662       1.956828    
   507.4286       136.9662       1.970534    
  -33.77417       125.1739       1.864297    
  -15.70986       125.1739       1.856058    
  -8.185690       125.1739       1.812330    
  -2.500000       125.1739       1.800460    
   2.481762       125.4352       1.809019    
   7.434425       126.0261       1.828038    
   12.38829       126.6083       1.872266    
   17.37068       126.9075       1.884421    
   22.36992       126.9801       1.887908    
   27.36889       127.0629       1.892265    
   32.36626       127.2010       1.895785    
   37.36148       127.3890       1.899442    
   42.35468       127.6146       1.900702    
   47.34677       127.8582       1.902219    
   52.33939       128.0931       1.904701    
   57.33461       128.2793       1.907883    
   62.33282       128.3861       1.911149    
   67.33237       128.3895       1.919086    
   72.33087       128.2923       1.927419    
   77.32610       128.1083       1.931768    
   82.31709       127.8499       1.941821    
   87.30524       127.5519       1.947390    
   92.29430       127.2662       1.956915    
   97.28818       127.0596       1.958738    
   102.2866       126.9681       1.958231    
   107.2863       126.9241       1.949624    
   112.2728       126.6731       1.886310    
   117.2255       126.0938       1.735255    
   122.1606       125.3975       1.633041    
   127.1186       124.8549       1.624372    
   132.1048       124.5499       1.621676    
   137.1018       124.4198       1.622058    
   142.1004       124.4603       1.625499    
   147.0855       124.7544       1.635772    
   152.0289       125.3806       1.680374    
   156.9416       126.1872       1.727663    
   161.8866       126.7919       1.774157    
   166.8759       127.0225       1.847210    
   171.8755       127.0280       1.886173    
   176.8751       126.9765       1.903588    
   181.8749       126.9510       1.909958    
   186.8749       126.9501       1.915089    
   191.8749       126.9505       1.919981    
   196.8749       126.9505       1.924227    
   201.8749       126.9505       1.928205    
   206.8749       126.9503       1.932657    
   211.8749       126.9525       1.937367    
   216.8748       126.9735       1.941251    
   221.8745       127.0270       1.945010    
   226.8739       127.0896       1.947418    
   231.8736       127.0923       1.949507    
   236.8703       126.9591       1.951912    
   241.8605       126.6934       1.955013    
   246.8531       126.4834       1.957509    
   251.8497       126.5322       1.958465    
   256.8403       126.7921       1.957594    
   261.8292       127.0797       1.956202    
   266.8226       127.2977       1.954132    
   271.8200       127.4297       1.953221    
   276.8195       127.4715       1.953382    
   281.8193       127.4456       1.953945    
   286.8188       127.3853       1.954794    
   291.8181       127.3092       1.958982    
   296.8170       127.2206       1.971042    
   301.8156       127.1160       1.979643    
   306.8141       127.0152       1.980119    
   311.8136       126.9790       1.979548    
   316.8123       126.9157       1.976882    
   321.7794       126.5017       1.975570    
   326.7076       125.7710       1.971799    
   331.6619       125.5238       1.968807    
   336.6017       126.1162       1.966612    
   341.4941       127.0106       1.960711    
   346.3997       127.8469       1.957845    
   351.3318       128.5549       1.774284    
   356.3008       128.9989       1.482331    
   361.2956       129.1804       1.354579    
   366.2939       129.2928       1.344757    
   371.2916       129.4245       1.345650    
   376.2886       129.5742       1.344574    
   381.2849       129.7417       1.330332    
   386.2799       129.9336       1.324244    
   391.2732       130.1582       1.311267    
   396.2645       130.4128       1.308463    
   401.2549       130.6809       1.297322    
   406.2462       130.9357       1.293091    
   411.2407       131.1362       1.288873    
   416.2387       131.2469       1.284940    
   421.2385       131.2800       1.280902    
   426.2385       131.2835       1.271959    
   431.2385       131.2979       1.268510    
   436.2343       131.4355       1.264021    
   441.2233       131.7207       1.262296    
   446.2118       132.0132       1.261554    
   451.2035       132.2618       1.262892    
   456.1937       132.5311       1.267378    
   461.1783       132.8684       1.280846    
   466.1624       133.2138       1.295805    
   471.1551       133.4189       1.343293    
   476.1545       133.4668       1.574441    
   481.8401       133.4690       1.840814    
   489.3643       133.4690       1.963032    
   507.4286       133.4690       1.975007    
  -33.77417       121.7413       1.952795    
  -15.70986       121.7413       1.948578    
  -8.185690       121.7413       1.946464    
  -2.500000       121.7413       1.952283    
   2.481762       121.9919       1.954988    
   7.434425       122.5584       1.963957    
   12.38829       123.1165       1.970850    
   17.37068       123.4034       1.977412    
   22.36992       123.4730       1.983330    
   27.36889       123.5524       1.992259    
   32.36626       123.6848       2.002886    
   37.36148       123.8650       2.013793    
   42.35468       124.0813       2.020360    
   47.34677       124.3148       2.028628    
   52.33939       124.5400       2.036926    
   57.33461       124.7186       2.044583    
   62.33282       124.8209       2.053059    
   67.33237       124.8242       2.072793    
   72.33087       124.7309       2.084967    
   77.32610       124.5546       2.090866    
   82.31709       124.3068       2.103215    
   87.30524       124.0211       2.107577    
   92.29430       123.7473       2.109776    
   97.28818       123.5492       2.109502    
   102.2866       123.4615       2.105614    
   107.2863       123.4193       2.088833    
   112.2728       123.1786       2.058212    
   117.2255       122.6232       1.997657    
   122.1606       121.9557       1.959490    
   127.1186       121.4355       1.953515    
   132.1048       121.1431       1.950950    
   137.1018       121.0183       1.951342    
   142.1004       121.0573       1.954198    
   147.0855       121.3392       1.961730    
   152.0289       121.9395       1.979765    
   156.9416       122.7128       1.995750    
   161.8866       123.2925       2.071344    
   166.8759       123.5135       2.231684    
   171.8755       123.5189       2.344500    
   176.8751       123.4696       2.366910    
   181.8749       123.4451       2.372425    
   186.8749       123.4443       2.376442    
   191.8749       123.4446       2.380509    
   196.8749       123.4446       2.384140    
   201.8749       123.4446       2.387542    
   206.8749       123.4444       2.391016    
   211.8749       123.4465       2.395290    
   216.8748       123.4666       2.398489    
   221.8745       123.5179       2.403097    
   226.8739       123.5779       2.406530    
   231.8736       123.5806       2.409828    
   236.8703       123.4528       2.412787    
   241.8605       123.1981       2.415935    
   246.8531       122.9968       2.417770    
   251.8497       123.0435       2.419475    
   256.8403       123.2927       2.419622    
   261.8292       123.5684       2.419215    
   266.8226       123.7774       2.418974    
   271.8200       123.9041       2.419342    
   276.8195       123.9441       2.419851    
   281.8193       123.9193       2.419882    
   286.8188       123.8614       2.419085    
   291.8181       123.7885       2.419164    
   296.8170       123.7036       2.419632    
   301.8156       123.6032       2.420554    
   306.8141       123.5066       2.419885    
   311.8136       123.4719       2.417140    
   316.8123       123.4112       2.413043    
   321.7794       123.0143       2.407734    
   326.7076       122.3138       2.392239    
   331.6619       122.0768       2.378425    
   336.6017       122.6448       2.368823    
   341.4941       123.5022       2.357395    
   346.3997       124.3040       2.342835    
   351.3318       124.9827       2.229051    
   356.3008       125.4084       1.975284    
   361.2956       125.5824       1.776018    
   366.2939       125.6901       1.734512    
   371.2916       125.8165       1.727360    
   376.2886       125.9600       1.724991    
   381.2849       126.1205       1.717904    
   386.2799       126.3045       1.686510    
   391.2732       126.5198       1.676008    
   396.2645       126.7639       1.669412    
   401.2549       127.0210       1.663859    
   406.2462       127.2653       1.659857    
   411.2407       127.4575       1.655666    
   416.2387       127.5636       1.651519    
   421.2385       127.5953       1.646752    
   426.2385       127.5986       1.638985    
   431.2385       127.6125       1.634198    
   436.2343       127.7445       1.629899    
   441.2233       128.0178       1.625491    
   446.2118       128.2982       1.623506    
   451.2035       128.5366       1.623141    
   456.1937       128.7948       1.624441    
   461.1783       129.1181       1.630602    
   466.1624       129.4493       1.645197    
   471.1551       129.6459       1.683243    
   476.1545       129.6918       1.799800    
   481.8401       129.6939       1.928090    
   489.3643       129.6939       1.976520    
   507.4286       129.6939       1.984477    
  -33.77417       118.0135       2.034409    
  -15.70986       118.0135       2.036166    
  -8.185690       118.0135       2.038854    
  -2.500000       118.0135       2.042651    
   2.481762       118.2522       2.047587    
   7.434425       118.7923       2.052897    
   12.38829       119.3243       2.059147    
   17.37068       119.5977       2.065095    
   22.36992       119.6640       2.073875    
   27.36889       119.7397       2.085532    
   32.36626       119.8660       2.096870    
   37.36148       120.0378       2.116481    
   42.35468       120.2439       2.137005    
   47.34677       120.4665       2.149737    
   52.33939       120.6811       2.157482    
   57.33461       120.8514       2.162986    
   62.33282       120.9489       2.170102    
   67.33237       120.9520       2.180370    
   72.33087       120.8632       2.185631    
   77.32610       120.6951       2.189942    
   82.31709       120.4589       2.196458    
   87.30524       120.1866       2.199367    
   92.29430       119.9255       2.200516    
   97.28818       119.7367       2.199768    
   102.2866       119.6531       2.196925    
   107.2863       119.6129       2.193161    
   112.2728       119.3835       2.189762    
   117.2255       118.8540       2.185909    
   122.1606       118.2177       2.183429    
   127.1186       117.7218       2.182697    
   132.1048       117.4431       2.183347    
   137.1018       117.3242       2.185802    
   142.1004       117.3613       2.190447    
   147.0855       117.6301       2.196376    
   152.0289       118.2023       2.205799    
   156.9416       118.9394       2.214813    
   161.8866       119.4921       2.253042    
   166.8759       119.7027       2.356952    
   171.8755       119.7078       2.447006    
   176.8751       119.6608       2.477344    
   181.8749       119.6375       2.484373    
   186.8749       119.6367       2.490034    
   191.8749       119.6370       2.495405    
   196.8749       119.6370       2.497979    
   201.8749       119.6370       2.499848    
   206.8749       119.6368       2.501735    
   211.8749       119.6388       2.504762    
   216.8748       119.6580       2.507474    
   221.8745       119.7069       2.511027    
   226.8739       119.7641       2.512961    
   231.8736       119.7666       2.514050    
   236.8703       119.6448       2.515249    
   241.8605       119.4020       2.516563    
   246.8531       119.2101       2.516974    
   251.8497       119.2547       2.517350    
   256.8403       119.4922       2.516435    
   261.8292       119.7551       2.515546    
   266.8226       119.9542       2.514953    
   271.8200       120.0750       2.515083    
   276.8195       120.1131       2.515304    
   281.8193       120.0895       2.515594    
   286.8188       120.0343       2.516220    
   291.8181       119.9648       2.517853    
   296.8170       119.8839       2.520364    
   301.8156       119.7882       2.521708    
   306.8141       119.6961       2.521042    
   311.8136       119.6630       2.518457    
   316.8123       119.6051       2.515507    
   321.7794       119.2268       2.510220    
   326.7076       118.5591       2.497044    
   331.6619       118.3332       2.480948    
   336.6017       118.8746       2.467037    
   341.4941       119.6919       2.439623    
   346.3997       120.4562       2.410550    
   351.3318       121.1031       2.338507    
   356.3008       121.5089       2.167617    
   361.2956       121.6748       2.031160    
   366.2939       121.7775       1.975443    
   371.2916       121.8979       1.959083    
   376.2886       122.0348       1.954409    
   381.2849       122.1877       1.951989    
   386.2799       122.3631       1.948901    
   391.2732       122.5684       1.945412    
   396.2645       122.8010       1.941791    
   401.2549       123.0461       1.938257    
   406.2462       123.2790       1.934727    
   411.2407       123.4621       1.930869    
   416.2387       123.5633       1.927260    
   421.2385       123.5935       1.922577    
   426.2385       123.5967       1.915972    
   431.2385       123.6100       1.911658    
   436.2343       123.7357       1.905979    
   441.2233       123.9963       1.900452    
   446.2118       124.2636       1.897671    
   451.2035       124.4909       1.895155    
   456.1937       124.7369       1.894938    
   461.1783       125.0452       1.896699    
   466.1624       125.3608       1.903880    
   471.1551       125.5482       1.920503    
   476.1545       125.5920       1.958591    
   481.8401       125.5940       1.983031    
   489.3643       125.5940       1.995651    
   507.4286       125.5940       2.001197    
  -33.77417       113.9358       2.108139    
  -15.70986       113.9358       2.110074    
  -8.185690       113.9358       2.112998    
  -2.500000       113.9358       2.116642    
   2.481762       114.1617       2.120393    
   7.434425       114.6728       2.124697    
   12.38829       115.1762       2.129771    
   17.37068       115.4350       2.137526    
   22.36992       115.4978       2.144557    
   27.36889       115.5694       2.154026    
   32.36626       115.6889       2.169816    
   37.36148       115.8514       2.184113    
   42.35468       116.0465       2.196836    
   47.34677       116.2571       2.211732    
   52.33939       116.4603       2.226379    
   57.33461       116.6214       2.233488    
   62.33282       116.7137       2.241496    
   67.33237       116.7167       2.249333    
   72.33087       116.6326       2.253459    
   77.32610       116.4735       2.258590    
   82.31709       116.2499       2.264727    
   87.30524       115.9922       2.267960    
   92.29430       115.7452       2.269557    
   97.28818       115.5665       2.269753    
   102.2866       115.4874       2.269107    
   107.2863       115.4493       2.268550    
   112.2728       115.2323       2.267900    
   117.2255       114.7313       2.266997    
   122.1606       114.1291       2.266872    
   127.1186       113.6599       2.267704    
   132.1048       113.3961       2.269520    
   137.1018       113.2836       2.272839    
   142.1004       113.3186       2.279315    
   147.0855       113.5730       2.287901    
   152.0289       114.1145       2.297120    
   156.9416       114.8120       2.306648    
   161.8866       115.3350       2.331374    
   166.8759       115.5344       2.405370    
   171.8755       115.5392       2.458789    
   176.8751       115.4947       2.486666    
   181.8749       115.4726       2.494046    
   186.8749       115.4719       2.502700    
   191.8749       115.4722       2.511133    
   196.8749       115.4722       2.515850    
   201.8749       115.4722       2.519461    
   206.8749       115.4720       2.523091    
   211.8749       115.4739       2.527507    
   216.8748       115.4921       2.532359    
   221.8745       115.5383       2.537907    
   226.8739       115.5924       2.541906    
   231.8736       115.5948       2.544222    
   236.8703       115.4796       2.546104    
   241.8605       115.2498       2.547384    
   246.8531       115.0682       2.547704    
   251.8497       115.1104       2.547778    
   256.8403       115.3352       2.546577    
   261.8292       115.5839       2.545126    
   266.8226       115.7724       2.544032    
   271.8200       115.8866       2.542823    
   276.8195       115.9228       2.541091    
   281.8193       115.9004       2.539137    
   286.8188       115.8482       2.537463    
   291.8181       115.7824       2.535931    
   296.8170       115.7058       2.534431    
   301.8156       115.6153       2.532870    
   306.8141       115.5281       2.530043    
   311.8136       115.4968       2.526201    
   316.8123       115.4420       2.521519    
   321.7794       115.0840       2.513594    
   326.7076       114.4521       2.501738    
   331.6619       114.2384       2.485930    
   336.6017       114.7507       2.466205    
   341.4941       115.5241       2.435139    
   346.3997       116.2474       2.407057    
   351.3318       116.8596       2.362956    
   356.3008       117.2437       2.266656    
   361.2956       117.4006       2.184980    
   366.2939       117.4977       2.135669    
   371.2916       117.6117       2.109846    
   376.2886       117.7412       2.102888    
   381.2849       117.8860       2.099259    
   386.2799       118.0519       2.096244    
   391.2732       118.2462       2.092977    
   396.2645       118.4663       2.089671    
   401.2549       118.6983       2.085965    
   406.2462       118.9186       2.082374    
   411.2407       119.0920       2.078480    
   416.2387       119.1877       2.074375    
   421.2385       119.2163       2.068330    
   426.2385       119.2194       2.060174    
   431.2385       119.2319       2.052841    
   436.2343       119.3509       2.044249    
   441.2233       119.5975       2.037042    
   446.2118       119.8504       2.030730    
   451.2035       120.0655       2.025835    
   456.1937       120.2983       2.023654    
   461.1783       120.5900       2.022761    
   466.1624       120.8887       2.023188    
   471.1551       121.0661       2.024667    
   476.1545       121.1075       2.026835    
   481.8401       121.1095       2.028845    
   489.3643       121.1095       2.031034    
   507.4286       121.1095       2.031030    
  -33.77417       109.4377       2.147342    
  -15.70986       109.4377       2.149874    
  -8.185690       109.4377       2.153151    
  -2.500000       109.4377       2.156852    
   2.481762       109.6495       2.161506    
   7.434425       110.1285       2.167756    
   12.38829       110.6005       2.173382    
   17.37068       110.8431       2.179539    
   22.36992       110.9020       2.187656    
   27.36889       110.9691       2.197990    
   32.36626       111.0811       2.206033    
   37.36148       111.2335       2.214612    
   42.35468       111.4164       2.231738    
   47.34677       111.6138       2.245881    
   52.33939       111.8043       2.259391    
   57.33461       111.9553       2.270053    
   62.33282       112.0418       2.279264    
   67.33237       112.0446       2.285779    
   72.33087       111.9657       2.291265    
   77.32610       111.8166       2.297245    
   82.31709       111.6071       2.302760    
   87.30524       111.3655       2.306935    
   92.29430       111.1339       2.309650    
   97.28818       110.9664       2.311620    
   102.2866       110.8923       2.313331    
   107.2863       110.8566       2.315227    
   112.2728       110.6531       2.316987    
   117.2255       110.1834       2.318968    
   122.1606       109.6189       2.321497    
   127.1186       109.1790       2.324347    
   132.1048       108.9318       2.327908    
   137.1018       108.8263       2.332435    
   142.1004       108.8592       2.340630    
   147.0855       109.0976       2.348053    
   152.0289       109.6052       2.354576    
   156.9416       110.2591       2.364994    
   161.8866       110.7494       2.389416    
   166.8759       110.9363       2.435168    
   171.8755       110.9408       2.460995    
   176.8751       110.8991       2.485911    
   181.8749       110.8784       2.494848    
   186.8749       110.8776       2.504147    
   191.8749       110.8779       2.514277    
   196.8749       110.8779       2.520676    
   201.8749       110.8779       2.524964    
   206.8749       110.8778       2.528857    
   211.8749       110.8796       2.532473    
   216.8748       110.8966       2.536916    
   221.8745       110.9400       2.540833    
   226.8739       110.9907       2.543937    
   231.8736       110.9929       2.546546    
   236.8703       110.8849       2.548485    
   241.8605       110.6695       2.549377    
   246.8531       110.4993       2.549824    
   251.8497       110.5388       2.550055    
   256.8403       110.7495       2.549628    
   261.8292       110.9827       2.548962    
   266.8226       111.1594       2.548431    
   271.8200       111.2665       2.547534    
   276.8195       111.3003       2.546076    
   281.8193       111.2794       2.544428    
   286.8188       111.2305       2.542751    
   291.8181       111.1687       2.541160    
   296.8170       111.0969       2.538958    
   301.8156       111.0121       2.536894    
   306.8141       110.9304       2.533842    
   311.8136       110.9010       2.529971    
   316.8123       110.8497       2.525339    
   321.7794       110.5141       2.515937    
   326.7076       109.9218       2.502590    
   331.6619       109.7214       2.486699    
   336.6017       110.2016       2.463448    
   341.4941       110.9267       2.434564    
   346.3997       111.6047       2.410916    
   351.3318       112.1786       2.380954    
   356.3008       112.5386       2.324557    
   361.2956       112.6857       2.269748    
   366.2939       112.7768       2.227751    
   371.2916       112.8837       2.195348    
   376.2886       113.0050       2.185638    
   381.2849       113.1407       2.180461    
   386.2799       113.2963       2.176699    
   391.2732       113.4784       2.173105    
   396.2645       113.6848       2.168899    
   401.2549       113.9022       2.164477    
   406.2462       114.1088       2.160013    
   411.2407       114.2713       2.155589    
   416.2387       114.3611       2.149682    
   421.2385       114.3878       2.140006    
   426.2385       114.3907       2.131541    
   431.2385       114.4025       2.119018    
   436.2343       114.5140       2.108732    
   441.2233       114.7451       2.100021    
   446.2118       114.9823       2.091623    
   451.2035       115.1839       2.084287    
   456.1937       115.4022       2.079354    
   461.1783       115.6756       2.075232    
   466.1624       115.9556       2.071632    
   471.1551       116.1219       2.068229    
   476.1545       116.1607       2.064890    
   481.8401       116.1625       2.062178    
   489.3643       116.1625       2.059746    
   507.4286       116.1625       2.058369    
  -33.77417       104.4251       2.170098    
  -15.70986       104.4251       2.172527    
  -8.185690       104.4251       2.175158    
  -2.500000       104.4251       2.178567    
   2.481762       104.6212       2.182827    
   7.434425       105.0646       2.188030    
   12.38829       105.5015       2.194779    
   17.37068       105.7260       2.204308    
   22.36992       105.7805       2.211236    
   27.36889       105.8427       2.216924    
   32.36626       105.9463       2.224566    
   37.36148       106.0873       2.232180    
   42.35468       106.2567       2.244206    
   47.34677       106.4394       2.260019    
   52.33939       106.6157       2.272364    
   57.33461       106.7555       2.283826    
   62.33282       106.8356       2.291606    
   67.33237       106.8381       2.297157    
   72.33087       106.7651       2.305365    
   77.32610       106.6271       2.312944    
   82.31709       106.4332       2.319209    
   87.30524       106.2096       2.324147    
   92.29430       105.9952       2.328373    
   97.28818       105.8402       2.332216    
   102.2866       105.7715       2.336051    
   107.2863       105.7385       2.339642    
   112.2728       105.5501       2.343280    
   117.2255       105.1154       2.346887    
   122.1606       104.5929       2.350778    
   127.1186       104.1857       2.354721    
   132.1048       103.9569       2.359302    
   137.1018       103.8593       2.365011    
   142.1004       103.8897       2.374238    
   147.0855       104.1104       2.382420    
   152.0289       104.5803       2.390014    
   156.9416       105.1855       2.407084    
   161.8866       105.6393       2.427528    
   166.8759       105.8122       2.454046    
   171.8755       105.8165       2.471268    
   176.8751       105.7778       2.489177    
   181.8749       105.7587       2.499037    
   186.8749       105.7580       2.507753    
   191.8749       105.7582       2.519319    
   196.8749       105.7583       2.526603    
   201.8749       105.7583       2.531445    
   206.8749       105.7581       2.536072    
   211.8749       105.7598       2.539361    
   216.8748       105.7755       2.543094    
   221.8745       105.8157       2.546239    
   226.8739       105.8626       2.548481    
   231.8736       105.8647       2.550825    
   236.8703       105.7647       2.552891    
   241.8605       105.5654       2.553792    
   246.8531       105.4078       2.554569    
   251.8497       105.4444       2.555218    
   256.8403       105.6394       2.555284    
   261.8292       105.8553       2.555107    
   266.8226       106.0188       2.554932    
   271.8200       106.1179       2.554143    
   276.8195       106.1492       2.552832    
   281.8193       106.1298       2.551404    
   286.8188       106.0846       2.549796    
   291.8181       106.0275       2.548012    
   296.8170       105.9610       2.546012    
   301.8156       105.8824       2.543742    
   306.8141       105.8068       2.540864    
   311.8136       105.7796       2.536863    
   316.8123       105.7321       2.531431    
   321.7794       105.4215       2.521314    
   326.7076       104.8732       2.506466    
   331.6619       104.6877       2.488787    
   336.6017       105.1322       2.465428    
   341.4941       105.8034       2.437327    
   346.3997       106.4309       2.416413    
   351.3318       106.9622       2.392200    
   356.3008       107.2954       2.354559    
   361.2956       107.4315       2.313311    
   366.2939       107.5159       2.278020    
   371.2916       107.6148       2.248022    
   376.2886       107.7271       2.235841    
   381.2849       107.8528       2.227242    
   386.2799       107.9968       2.220974    
   391.2732       108.1653       2.214960    
   396.2645       108.3564       2.208314    
   401.2549       108.5576       2.202437    
   406.2462       108.7488       2.196245    
   411.2407       108.8992       2.190157    
   416.2387       108.9823       2.180545    
   421.2385       109.0071       2.171771    
   426.2385       109.0098       2.163510    
   431.2385       109.0207       2.150961    
   436.2343       109.1239       2.138208    
   441.2233       109.3378       2.128869    
   446.2118       109.5574       2.120579    
   451.2035       109.7439       2.112904    
   456.1937       109.9460       2.107984    
   461.1783       110.1991       2.103411    
   466.1624       110.4583       2.099106    
   471.1551       110.6122       2.094303    
   476.1545       110.6481       2.089857    
   481.8401       110.6497       2.086184    
   489.3643       110.6497       2.083656    
   507.4286       110.6497       2.081129    
  -33.77417       98.76926       2.183732    
  -15.70986       98.76926       2.184759    
  -8.185690       98.76926       2.186813    
  -2.500000       98.76926       2.189435    
   2.481762       98.94752       2.194123    
   7.434425       99.35075       2.201072    
   12.38829       99.74802       2.209617    
   17.37068       99.95215       2.215819    
   22.36992       100.0017       2.221743    
   27.36889       100.0582       2.228015    
   32.36626       100.1525       2.233993    
   37.36148       100.2807       2.241588    
   42.35468       100.4347       2.253010    
   47.34677       100.6009       2.267657    
   52.33939       100.7612       2.277381    
   57.33461       100.8883       2.288408    
   62.33282       100.9611       2.296972    
   67.33237       100.9634       2.303293    
   72.33087       100.8971       2.312398    
   77.32610       100.7716       2.320359    
   82.31709       100.5952       2.327234    
   87.30524       100.3919       2.332348    
   92.29430       100.1970       2.336877    
   97.28818       100.0560       2.341573    
   102.2866       99.99355       2.346200    
   107.2863       99.96349       2.350881    
   112.2728       99.79222       2.355602    
   117.2255       99.39693       2.360227    
   122.1606       98.92178       2.364938    
   127.1186       98.55151       2.369762    
   132.1048       98.34343       2.374988    
   137.1018       98.25465       2.381450    
   142.1004       98.28233       2.391839    
   147.0855       98.48299       2.400702    
   152.0289       98.91029       2.409713    
   156.9416       99.46066       2.425756    
   161.8866       99.87329       2.440708    
   166.8759       100.0306       2.462268    
   171.8755       100.0344       2.478141    
   176.8751       99.99930       2.492385    
   181.8749       99.98188       2.503376    
   186.8749       99.98126       2.511802    
   191.8749       99.98149       2.522314    
   196.8749       99.98150       2.529949    
   201.8749       99.98149       2.535306    
   206.8749       99.98139       2.540244    
   211.8749       99.98287       2.543949    
   216.8748       99.99718       2.547585    
   221.8745       100.0337       2.550771    
   226.8739       100.0764       2.552847    
   231.8736       100.0783       2.554928    
   236.8703       99.98734       2.557002    
   241.8605       99.80609       2.558153    
   246.8531       99.66279       2.559092    
   251.8497       99.69608       2.559911    
   256.8403       99.87341       2.559918    
   261.8292       100.0697       2.559550    
   266.8226       100.2184       2.559083    
   271.8200       100.3085       2.558179    
   276.8195       100.3370       2.556991    
   281.8193       100.3194       2.555713    
   286.8188       100.2782       2.554314    
   291.8181       100.2263       2.552451    
   296.8170       100.1659       2.550125    
   301.8156       100.0944       2.547527    
   306.8141       100.0256       2.544721    
   311.8136       100.0009       2.541037    
   316.8123       99.95772       2.534364    
   321.7794       99.67523       2.523745    
   326.7076       99.17667       2.509639    
   331.6619       99.00801       2.490884    
   336.6017       99.41222       2.468508    
   341.4941       100.0225       2.440629    
   346.3997       100.5932       2.419962    
   351.3318       101.0763       2.397060    
   356.3008       101.3793       2.368975    
   361.2956       101.5031       2.337418    
   366.2939       101.5798       2.309005    
   371.2916       101.6697       2.282159    
   376.2886       101.7719       2.265143    
   381.2849       101.8861       2.254341    
   386.2799       102.0170       2.245244    
   391.2732       102.1703       2.236559    
   396.2645       102.3440       2.228679    
   401.2549       102.5270       2.221548    
   406.2462       102.7009       2.214381    
   411.2407       102.8377       2.206121    
   416.2387       102.9132       2.196002    
   421.2385       102.9358       2.187585    
   426.2385       102.9382       2.178035    
   431.2385       102.9481       2.165637    
   436.2343       103.0419       2.152546    
   441.2233       103.2365       2.143784    
   446.2118       103.4361       2.134887    
   451.2035       103.6058       2.128358    
   456.1937       103.7895       2.122586    
   461.1783       104.0197       2.117771    
   466.1624       104.2553       2.113190    
   471.1551       104.3953       2.108727    
   476.1545       104.4279       2.103550    
   481.8401       104.4295       2.099291    
   489.3643       104.4295       2.095387    
   507.4286       104.4295       2.092864    
  -33.77417       92.28692       2.190687    
  -15.70986       92.28692       2.191937    
  -8.185690       92.28692       2.193802    
  -2.500000       92.28692       2.197005    
   2.481762       92.44483       2.202490    
   7.434425       92.80198       2.208573    
   12.38829       93.15384       2.215457    
   17.37068       93.33465       2.222984    
   22.36992       93.37855       2.228785    
   27.36889       93.42858       2.235619    
   32.36626       93.51208       2.241858    
   37.36148       93.62569       2.250141    
   42.35468       93.76205       2.259474    
   47.34677       93.90923       2.271009    
   52.33939       94.05121       2.281985    
   57.33461       94.16380       2.291649    
   62.33282       94.22831       2.299886    
   67.33237       94.23037       2.307406    
   72.33087       94.17159       2.316543    
   77.32610       94.06042       2.324381    
   82.31709       93.90422       2.331123    
   87.30524       93.72411       2.337134    
   92.29430       93.55146       2.342250    
   97.28818       93.42661       2.347384    
   102.2866       93.37131       2.352544    
   107.2863       93.34469       2.357923    
   112.2728       93.19299       2.363308    
   117.2255       92.84286       2.368581    
   122.1606       92.42202       2.374072    
   127.1186       92.09407       2.379820    
   132.1048       91.90976       2.385761    
   137.1018       91.83113       2.392365    
   142.1004       91.85565       2.402183    
   147.0855       92.03337       2.411452    
   152.0289       92.41184       2.421839    
   156.9416       92.89931       2.436769    
   161.8866       93.26480       2.451483    
   166.8759       93.40413       2.468900    
   171.8755       93.40750       2.481671    
   176.8751       93.37640       2.494308    
   181.8749       93.36098       2.505647    
   186.8749       93.36044       2.514906    
   191.8749       93.36063       2.524542    
   196.8749       93.36064       2.531975    
   201.8749       93.36063       2.537609    
   206.8749       93.36054       2.542683    
   211.8749       93.36186       2.546368    
   216.8748       93.37454       2.549602    
   221.8745       93.40688       2.553084    
   226.8739       93.44470       2.555829    
   231.8736       93.44635       2.557897    
   236.8703       93.36582       2.559932    
   241.8605       93.20527       2.561250    
   246.8531       93.07835       2.562340    
   251.8497       93.10783       2.563327    
   256.8403       93.26490       2.563525    
   261.8292       93.43874       2.562879    
   266.8226       93.57047       2.561928    
   271.8200       93.65030       2.560917    
   276.8195       93.67554       2.559874    
   281.8193       93.65989       2.558609    
   286.8188       93.62345       2.557238    
   291.8181       93.57744       2.555263    
   296.8170       93.52392       2.552618    
   301.8156       93.46066       2.549709    
   306.8141       93.39973       2.546380    
   311.8136       93.37785       2.542403    
   316.8123       93.33959       2.535576    
   321.7794       93.08938       2.525269    
   326.7076       92.64779       2.511822    
   331.6619       92.49840       2.492935    
   336.6017       92.85643       2.470829    
   341.4941       93.39696       2.443752    
   346.3997       93.90244       2.421771    
   351.3318       94.33030       2.400084    
   356.3008       94.59869       2.376707    
   361.2956       94.70834       2.349498    
   366.2939       94.77627       2.326607    
   371.2916       94.85593       2.302943    
   376.2886       94.94642       2.283250    
   381.2849       95.04758       2.271855    
   386.2799       95.16358       2.260966    
   391.2732       95.29931       2.251044    
   396.2645       95.45317       2.242826    
   401.2549       95.61526       2.235292    
   406.2462       95.76926       2.227302    
   411.2407       95.89043       2.215645    
   416.2387       95.95733       2.205075    
   421.2385       95.97731       2.195362    
   426.2385       95.97943       2.183991    
   431.2385       95.98818       2.173641    
   436.2343       96.07135       2.160695    
   441.2233       96.24365       2.151172    
   446.2118       96.42047       2.142298    
   451.2035       96.57073       2.136173    
   456.1937       96.73344       2.129163    
   461.1783       96.93733       2.124621    
   466.1624       97.14609       2.120240    
   471.1551       97.27006       2.115896    
   476.1545       97.29897       2.111101    
   481.8401       97.30029       2.107115    
   489.3643       97.30029       2.103176    
   507.4286       97.30029       2.100427    
  -33.77417       84.70639       2.195393    
  -15.70986       84.70639       2.196650    
  -8.185690       84.70639       2.198969    
  -2.500000       84.70639       2.202124    
   2.481762       84.84047       2.206935    
   7.434425       85.14374       2.212750    
   12.38829       85.44250       2.220187    
   17.37068       85.59602       2.227181    
   22.36992       85.63330       2.233466    
   27.36889       85.67580       2.240575    
   32.36626       85.74669       2.247406    
   37.36148       85.84315       2.254875    
   42.35468       85.95895       2.264642    
   47.34677       86.08392       2.274914    
   52.33939       86.20448       2.284587    
   57.33461       86.30008       2.293572    
   62.33282       86.35486       2.301898    
   67.33237       86.35661       2.309886    
   72.33087       86.30669       2.318929    
   77.32610       86.21230       2.327093    
   82.31709       86.07966       2.333933    
   87.30524       85.92673       2.340377    
   92.29430       85.78013       2.345970    
   97.28818       85.67411       2.351491    
   102.2866       85.62716       2.356929    
   107.2863       85.60456       2.362485    
   112.2728       85.47575       2.367741    
   117.2255       85.17844       2.373207    
   122.1606       84.82110       2.379364    
   127.1186       84.54264       2.385795    
   132.1048       84.38613       2.392479    
   137.1018       84.31937       2.399385    
   142.1004       84.34019       2.408624    
   147.0855       84.49109       2.418323    
   152.0289       84.81246       2.429641    
   156.9416       85.22638       2.444466    
   161.8866       85.53673       2.458156    
   166.8759       85.65503       2.472244    
   171.8755       85.65790       2.483678    
   176.8751       85.63148       2.495891    
   181.8749       85.61840       2.507973    
   186.8749       85.61794       2.517233    
   191.8749       85.61810       2.525161    
   196.8749       85.61810       2.532541    
   201.8749       85.61810       2.538446    
   206.8749       85.61802       2.543578    
   211.8749       85.61914       2.547794    
   216.8748       85.62991       2.551430    
   221.8745       85.65736       2.554702    
   226.8739       85.68948       2.557481    
   231.8736       85.69088       2.559873    
   236.8703       85.62250       2.562161    
   241.8605       85.48617       2.563682    
   246.8531       85.37840       2.564576    
   251.8497       85.40344       2.565381    
   256.8403       85.53680       2.565813    
   261.8292       85.68442       2.565278    
   266.8226       85.79627       2.563990    
   271.8200       85.86406       2.562803    
   276.8195       85.88549       2.561712    
   281.8193       85.87220       2.560424    
   286.8188       85.84126       2.558935    
   291.8181       85.80219       2.556734    
   296.8170       85.75674       2.553921    
   301.8156       85.70303       2.550779    
   306.8141       85.65130       2.546737    
   311.8136       85.63272       2.542113    
   316.8123       85.60023       2.535950    
   321.7794       85.38776       2.526797    
   326.7076       85.01280       2.513759    
   331.6619       84.88596       2.495269    
   336.6017       85.18996       2.472962    
   341.4941       85.64894       2.446534    
   346.3997       86.07815       2.423224    
   351.3318       86.44146       2.402125    
   356.3008       86.66934       2.379653    
   361.2956       86.76245       2.354929    
   366.2939       86.82014       2.335068    
   371.2916       86.88777       2.313461    
   376.2886       86.96461       2.295361    
   381.2849       87.05051       2.282658    
   386.2799       87.14902       2.270697    
   391.2732       87.26426       2.260579    
   396.2645       87.39491       2.251249    
   401.2549       87.53254       2.242923    
   406.2462       87.66331       2.233974    
   411.2407       87.76619       2.221935    
   416.2387       87.82300       2.210023    
   421.2385       87.83997       2.199940    
   426.2385       87.84176       2.188244    
   431.2385       87.84920       2.177515    
   436.2343       87.91981       2.166184    
   441.2233       88.06612       2.156007    
   446.2118       88.21626       2.148048    
   451.2035       88.34385       2.140784    
   456.1937       88.48203       2.134425    
   461.1783       88.65514       2.129375    
   466.1624       88.83239       2.124801    
   471.1551       88.93765       2.120591    
   476.1545       88.96221       2.116515    
   481.8401       88.96335       2.112473    
   489.3643       88.96335       2.108808    
   507.4286       88.96335       2.105229    
  -33.77417       75.60016       2.198624    
  -15.70986       75.60016       2.200280    
  -8.185690       75.60016       2.202441    
  -2.500000       75.60016       2.205577    
   2.481762       75.70561       2.210366    
   7.434425       75.94414       2.215943    
   12.38829       76.17914       2.223170    
   17.37068       76.29989       2.229315    
   22.36992       76.32921       2.237327    
   27.36889       76.36263       2.243793    
   32.36626       76.41840       2.251728    
   37.36148       76.49427       2.259651    
   42.35468       76.58534       2.267695    
   47.34677       76.68364       2.277355    
   52.33939       76.77846       2.285812    
   57.33461       76.85366       2.294852    
   62.33282       76.89674       2.303534    
   67.33237       76.89812       2.311673    
   72.33087       76.85886       2.320880    
   77.32610       76.78461       2.328886    
   82.31709       76.68029       2.335902    
   87.30524       76.56001       2.342308    
   92.29430       76.44469       2.348152    
   97.28818       76.36131       2.353982    
   102.2866       76.32438       2.359744    
   107.2863       76.30660       2.365394    
   112.2728       76.20528       2.370903    
   117.2255       75.97144       2.376532    
   122.1606       75.69038       2.383156    
   127.1186       75.47135       2.389938    
   132.1048       75.34826       2.396706    
   137.1018       75.29574       2.403723    
   142.1004       75.31212       2.412859    
   147.0855       75.43081       2.422999    
   152.0289       75.68358       2.434416    
   156.9416       76.00915       2.448517    
   161.8866       76.25325       2.461453    
   166.8759       76.34630       2.474444    
   171.8755       76.34855       2.486039    
   176.8751       76.32778       2.497913    
   181.8749       76.31749       2.509586    
   186.8749       76.31712       2.517505    
   191.8749       76.31725       2.525302    
   196.8749       76.31725       2.533340    
   201.8749       76.31725       2.538748    
   206.8749       76.31718       2.543827    
   211.8749       76.31807       2.548282    
   216.8748       76.32654       2.552349    
   221.8745       76.34814       2.556158    
   226.8739       76.37340       2.559060    
   231.8736       76.37450       2.561111    
   236.8703       76.32071       2.563037    
   241.8605       76.21349       2.564993    
   246.8531       76.12872       2.566279    
   251.8497       76.14841       2.566769    
   256.8403       76.25331       2.566880    
   261.8292       76.36942       2.566462    
   266.8226       76.45739       2.565454    
   271.8200       76.51070       2.564362    
   276.8195       76.52757       2.562940    
   281.8193       76.51711       2.561361    
   286.8188       76.49277       2.559728    
   291.8181       76.46204       2.557549    
   296.8170       76.42630       2.554500    
   301.8156       76.38405       2.550824    
   306.8141       76.34336       2.546376    
   311.8136       76.32875       2.541618    
   316.8123       76.30320       2.535948    
   321.7794       76.13609       2.527769    
   326.7076       75.84116       2.515741    
   331.6619       75.74139       2.498545    
   336.6017       75.98050       2.476172    
   341.4941       76.34151       2.448997    
   346.3997       76.67910       2.424857    
   351.3318       76.96486       2.403035    
   356.3008       77.14410       2.380986    
   361.2956       77.21733       2.358730    
   366.2939       77.26270       2.338887    
   371.2916       77.31591       2.318893    
   376.2886       77.37634       2.302043    
   381.2849       77.44391       2.288303    
   386.2799       77.52139       2.276863    
   391.2732       77.61202       2.265814    
   396.2645       77.71479       2.256057    
   401.2549       77.82304       2.247088    
   406.2462       77.92590       2.237160    
   411.2407       78.00681       2.225707    
   416.2387       78.05150       2.213055    
   421.2385       78.06484       2.202481    
   426.2385       78.06626       2.190942    
   431.2385       78.07211       2.179789    
   436.2343       78.12765       2.169537    
   441.2233       78.24273       2.159605    
   446.2118       78.36082       2.152105    
   451.2035       78.46117       2.144366    
   456.1937       78.56985       2.138170    
   461.1783       78.70601       2.132243    
   466.1624       78.84543       2.128096    
   471.1551       78.92822       2.124059    
   476.1545       78.94754       2.120865    
   481.8401       78.94843       2.117310    
   489.3643       78.94843       2.113871    
   507.4286       78.94843       2.107859    
  -33.77417       56.32260       2.200839    
  -15.70986       56.32260       2.202536    
  -8.185690       56.32260       2.204769    
  -2.500000       56.32260       2.208232    
   2.481762       56.36747       2.212501    
   7.434425       56.46896       2.217542    
   12.38829       56.56895       2.224576    
   17.37068       56.62033       2.231229    
   22.36992       56.63280       2.238845    
   27.36889       56.64702       2.246610    
   32.36626       56.67075       2.254093    
   37.36148       56.70303       2.261831    
   42.35468       56.74178       2.270006    
   47.34677       56.78361       2.278265    
   52.33939       56.82395       2.286353    
   57.33461       56.85595       2.295658    
   62.33282       56.87428       2.304354    
   67.33237       56.87487       2.312752    
   72.33087       56.85816       2.321846    
   77.32610       56.82657       2.329787    
   82.31709       56.78218       2.337098    
   87.30524       56.73100       2.343560    
   92.29430       56.68194       2.349483    
   97.28818       56.64646       2.355197    
   102.2866       56.63075       2.360808    
   107.2863       56.62318       2.366538    
   112.2728       56.58007       2.372703    
   117.2255       56.48058       2.379059    
   122.1606       56.36099       2.385766    
   127.1186       56.26780       2.392542    
   132.1048       56.21542       2.399249    
   137.1018       56.19307       2.406392    
   142.1004       56.20005       2.415137    
   147.0855       56.25055       2.425553    
   152.0289       56.35809       2.437201    
   156.9416       56.49662       2.450309    
   161.8866       56.60048       2.462858    
   166.8759       56.64007       2.475434    
   171.8755       56.64103       2.487506    
   176.8751       56.63219       2.499100    
   181.8749       56.62782       2.509631    
   186.8749       56.62766       2.517950    
   191.8749       56.62771       2.525890    
   196.8749       56.62772       2.532873    
   201.8749       56.62771       2.538631    
   206.8749       56.62769       2.544478    
   211.8749       56.62806       2.549329    
   216.8748       56.63167       2.553368    
   221.8745       56.64086       2.556944    
   226.8739       56.65160       2.559790    
   231.8736       56.65207       2.562099    
   236.8703       56.62919       2.563967    
   241.8605       56.58356       2.565489    
   246.8531       56.54750       2.566681    
   251.8497       56.55588       2.567415    
   256.8403       56.60051       2.567538    
   261.8292       56.64991       2.567146    
   266.8226       56.68734       2.566474    
   271.8200       56.71003       2.565460    
   276.8195       56.71720       2.563818    
   281.8193       56.71275       2.561835    
   286.8188       56.70240       2.559819    
   291.8181       56.68932       2.557423    
   296.8170       56.67411       2.554303    
   301.8156       56.65614       2.550563    
   306.8141       56.63882       2.546347    
   311.8136       56.63261       2.541656    
   316.8123       56.62173       2.535912    
   321.7794       56.55063       2.528072    
   326.7076       56.42514       2.516974    
   331.6619       56.38269       2.501351    
   336.6017       56.48443       2.479092    
   341.4941       56.63803       2.451421    
   346.3997       56.78168       2.426338    
   351.3318       56.90327       2.403153    
   356.3008       56.97953       2.381351    
   361.2956       57.01069       2.361159    
   366.2939       57.02999       2.340853    
   371.2916       57.05263       2.321531    
   376.2886       57.07835       2.305274    
   381.2849       57.10709       2.291491    
   386.2799       57.14006       2.280412    
   391.2732       57.17862       2.269376    
   396.2645       57.22235       2.259028    
   401.2549       57.26841       2.249255    
   406.2462       57.31217       2.238741    
   411.2407       57.34660       2.227442    
   416.2387       57.36561       2.215503    
   421.2385       57.37129       2.204365    
   426.2385       57.37189       2.192683    
   431.2385       57.37438       2.181278    
   436.2343       57.39801       2.171361    
   441.2233       57.44698       2.162493    
   446.2118       57.49723       2.154555    
   451.2035       57.53992       2.146862    
   456.1937       57.58617       2.140450    
   461.1783       57.64410       2.134797    
   466.1624       57.70342       2.130479    
   471.1551       57.73865       2.127017    
   476.1545       57.74687       2.124208    
   481.8401       57.74725       2.121800    
   489.3643       57.74725       2.120269    
   507.4286       57.74725       2.114182    
