        1545
  -33.77417       136.6885       1.798530    
  -15.70986       136.6885       1.798455    
  -8.185690       136.6885     -0.8002677    
  -2.500000       136.6885       1.364615    
   2.481762       136.9860       1.200086    
   7.434425       137.6588       1.229955    
   12.38829       138.3216       1.307291    
   17.37068       138.6622       1.313988    
   22.36992       138.7449       1.371183    
   27.36889       138.8391       1.422221    
   32.36626       138.9964       1.359112    
   37.36148       139.2104       1.327764    
   42.35468       139.4673       1.328694    
   47.34677       139.7446       1.264867    
   52.33939       140.0120       1.225797    
   57.33461       140.2241       1.236632    
   62.33282       140.3456       1.261297    
   67.33237       140.3495       1.286689    
   72.33087       140.2388       1.266005    
   77.32610       140.0294       1.296298    
   82.31709       139.7351       1.298317    
   87.30524       139.3958       1.245763    
   92.29430       139.0706       1.295257    
   97.28818       138.8354       1.296733    
   102.2866       138.7312       1.325069    
   107.2863       138.6811       1.363689    
   112.2728       138.3953       1.360094    
   117.2255       137.7357       1.215012    
   122.1606       136.9430       1.148133    
   127.1186       136.3252       1.304517    
   132.1048       135.9780       1.225634    
   137.1018       135.8299       1.225835    
   142.1004       135.8761       1.225933    
   147.0855       136.2108       1.312494    
   152.0289       136.9238       1.194345    
   156.9416       137.8421       1.204391    
   161.8866       138.5306       1.237740    
   166.8759       138.7930       1.264065    
   171.8755       138.7994       1.271738    
   176.8751       138.7408       1.271228    
   181.8749       138.7118       1.272643    
   186.8749       138.7108       1.271555    
   191.8749       138.7111       1.273500    
   196.8749       138.7112       1.273080    
   201.8749       138.7111       1.269995    
   206.8749       138.7109       1.273690    
   211.8749       138.7134       1.274811    
   216.8748       138.7373       1.271554    
   221.8745       138.7983       1.267697    
   226.8739       138.8695       1.254739    
   231.8736       138.8726       1.285630    
   236.8703       138.7209       1.262681    
   241.8605       138.4185       1.275346    
   246.8531       138.1794       1.278450    
   251.8497       138.2349       1.275452    
   256.8403       138.5308       1.265571    
   261.8292       138.8582       1.259744    
   266.8226       139.1064       1.264786    
   271.8200       139.2568       1.272639    
   276.8195       139.3043       1.264347    
   281.8193       139.2749       1.267302    
   286.8188       139.2062       1.268905    
   291.8181       139.1195       1.275962    
   296.8170       139.0187       1.276797    
   301.8156       138.8996       1.267255    
   306.8141       138.7848       1.269407    
   311.8136       138.7435       1.271337    
   316.8123       138.6715       1.237731    
   321.7794       138.2001       1.231352    
   326.7076       137.3683       1.229530    
   331.6619       137.0869       1.310432    
   336.6017       137.7613       1.372414    
   341.4941       138.7795       1.371819    
   346.3997       139.7317       1.184657    
   351.3318       140.5377       1.249960    
   356.3008       141.0433       1.255349    
   361.2956       141.2499       1.333523    
   366.2939       141.3779       1.312518    
   371.2916       141.5279       1.244061    
   376.2886       141.6984       1.282868    
   381.2849       141.8889       1.315633    
   386.2799       142.1075       1.252572    
   391.2732       142.3631       1.220908    
   396.2645       142.6530       1.202022    
   401.2549       142.9583       1.202360    
   406.2462       143.2484       1.203673    
   411.2407       143.4767       1.202454    
   416.2387       143.6027       1.199301    
   421.2385       143.6403       1.194412    
   426.2385       143.6443       1.193945    
   431.2385       143.6608       1.209081    
   436.2343       143.8174       1.218678    
   441.2233       144.1421       1.233621    
   446.2118       144.4751       1.200560    
   451.2035       144.7582       1.196486    
   456.1937       145.0647       1.143551    
   461.1783       145.4488       1.043164    
   466.1624       145.8420       1.109774    
   471.1551       146.0755       1.771382    
   476.1545       146.1300      0.5805429    
   481.8401       146.1326       2.472979    
   489.3643       146.1326       2.473184    
   507.4286       146.1326       2.473211    
  -33.77417       134.0858       1.798537    
  -15.70986       134.0858       1.798661    
  -8.185690       134.0858     -0.8001380    
  -2.500000       134.0858       2.657714    
   2.481762       134.3752       1.004992    
   7.434425       135.0294       1.103674    
   12.38829       135.6740       1.088036    
   17.37068       136.0052       1.146909    
   22.36992       136.0857       1.094412    
   27.36889       136.1774       1.039288    
   32.36626       136.3303       1.136554    
   37.36148       136.5384       1.136122    
   42.35468       136.7882       1.030707    
   47.34677       137.0579       1.068629    
   52.33939       137.3180       1.101161    
   57.33461       137.5242       1.101594    
   62.33282       137.6424       1.125537    
   67.33237       137.6462       1.128617    
   72.33087       137.5385       1.241293    
   77.32610       137.3349       1.170103    
   82.31709       137.0487       1.167010    
   87.30524       136.7188       1.258884    
   92.29430       136.4025      0.9001375    
   97.28818       136.1738      0.9940384    
   102.2866       136.0724       1.108719    
   107.2863       136.0237       1.108158    
   112.2728       135.7457       1.052214    
   117.2255       135.1043       1.051653    
   122.1606       134.3334       1.225269    
   127.1186       133.7326       1.225820    
   132.1048       133.3949       1.225430    
   137.1018       133.2509       1.225754    
   142.1004       133.2958       1.226113    
   147.0855       133.6214       1.260871    
   152.0289       134.3147       1.260416    
   156.9416       135.2077       1.054159    
   161.8866       135.8773       1.099305    
   166.8759       136.1325       1.092062    
   171.8755       136.1387       1.086832    
   176.8751       136.0817       1.083973    
   181.8749       136.0535       1.090174    
   186.8749       136.0525       1.090965    
   191.8749       136.0529       1.088049    
   196.8749       136.0529       1.082481    
   201.8749       136.0529       1.089933    
   206.8749       136.0527       1.083269    
   211.8749       136.0551       1.073643    
   216.8748       136.0783       1.079521    
   221.8745       136.1376       1.075163    
   226.8739       136.2069       1.119451    
   231.8736       136.2099       1.046095    
   236.8703       136.0623       1.127958    
   241.8605       135.7682       1.074909    
   246.8531       135.5358       1.072007    
   251.8497       135.5898       1.069484    
   256.8403       135.8775       1.082828    
   261.8292       136.1960       1.090281    
   266.8226       136.4373       1.088991    
   271.8200       136.5835       1.081696    
   276.8195       136.6297       1.089038    
   281.8193       136.6011       1.082008    
   286.8188       136.5343       1.101040    
   291.8181       136.4500       1.080005    
   296.8170       136.3520       1.080138    
   301.8156       136.2361       1.095409    
   306.8141       136.1245       1.082193    
   311.8136       136.0844       1.022794    
   316.8123       136.0143       1.131953    
   321.7794       135.5559       1.242114    
   326.7076       134.7469       1.239350    
   331.6619       134.4733       1.056578    
   336.6017       135.1292      0.9519751    
   341.4941       136.1194       1.091274    
   346.3997       137.0454       1.091742    
   351.3318       137.8293       1.108508    
   356.3008       138.3209       1.252437    
   361.2956       138.5218       1.266575    
   366.2939       138.6463       1.463035    
   371.2916       138.7922       1.368506    
   376.2886       138.9579       1.370265    
   381.2849       139.1433       1.373015    
   386.2799       139.3558       1.480732    
   391.2732       139.6044       1.198604    
   396.2645       139.8863       1.204020    
   401.2549       140.1832       1.210530    
   406.2462       140.4654       1.214205    
   411.2407       140.6873       1.213721    
   416.2387       140.8099       1.213631    
   421.2385       140.8465       1.218932    
   426.2385       140.8504       1.227576    
   431.2385       140.8664       1.222533    
   436.2343       141.0188       1.219883    
   441.2233       141.3345       1.220900    
   446.2118       141.6584       1.212009    
   451.2035       141.9337       1.208960    
   456.1937       142.2318       1.204292    
   461.1783       142.6053       1.156281    
   466.1624       142.9877       1.155546    
   471.1551       143.2148      0.7091311    
   476.1545       143.2677     -0.3571356    
   481.8401       143.2702       2.472963    
   489.3643       143.2702       2.473052    
   507.4286       143.2702       2.473173    
  -33.77417       131.3152       1.798551    
  -15.70986       131.3152       1.798972    
  -8.185690       131.3152     -0.8002790    
  -2.500000       131.3152       2.657703    
   2.481762       131.5958       1.005319    
   7.434425       132.2304       1.103568    
   12.38829       132.8556       1.104317    
   17.37068       133.1768       1.146251    
   22.36992       133.2549       1.142319    
   27.36889       133.3438       1.139808    
   32.36626       133.4921       1.138047    
   37.36148       133.6940       1.136824    
   42.35468       133.9363       1.029315    
   47.34677       134.1978       1.027950    
   52.33939       134.4500      0.9639222    
   57.33461       134.6501      0.9570677    
   62.33282       134.7647      0.8999075    
   67.33237       134.7684      0.8586543    
   72.33087       134.6640      0.8542956    
   77.32610       134.4664      0.8538576    
   82.31709       134.1889      0.8237590    
   87.30524       133.8689      0.8213141    
   92.29430       133.5621       1.293434    
   97.28818       133.3403       1.293711    
   102.2866       133.2420       1.108917    
   107.2863       133.1947       1.108279    
   112.2728       132.9252       1.107744    
   117.2255       132.3031       1.223918    
   122.1606       131.5553       1.224836    
   127.1186       130.9726       1.225174    
   132.1048       130.6451       1.225400    
   137.1018       130.5054       1.225615    
   142.1004       130.5490       1.226075    
   147.0855       130.8647       1.227083    
   152.0289       131.5372       1.260322    
   156.9416       132.4034       1.259739    
   161.8866       133.0527       1.099553    
   166.8759       133.3003       1.080717    
   171.8755       133.3063       1.086010    
   176.8751       133.2510       1.088132    
   181.8749       133.2236       1.089646    
   186.8749       133.2227       1.090568    
   191.8749       133.2231       1.089475    
   196.8749       133.2231       1.089128    
   201.8749       133.2231       1.089646    
   206.8749       133.2229       1.089032    
   211.8749       133.2252       1.094068    
   216.8748       133.2477       1.094572    
   221.8745       133.3052       1.093657    
   226.8739       133.3724       1.093568    
   231.8736       133.3753       1.076848    
   236.8703       133.2322       1.076898    
   241.8605       132.9470       1.078826    
   246.8531       132.7215       1.090081    
   251.8497       132.7738       1.091065    
   256.8403       133.0529       1.091280    
   261.8292       133.3618       1.090456    
   266.8226       133.5959       1.087992    
   271.8200       133.7377       1.083064    
   276.8195       133.7825       1.085533    
   281.8193       133.7548       1.083600    
   286.8188       133.6900       1.082772    
   291.8181       133.6082       1.080917    
   296.8170       133.5132       1.079986    
   301.8156       133.4008       1.080420    
   306.8141       133.2925       1.081500    
   311.8136       133.2536       1.126374    
   316.8123       133.1856       1.126806    
   321.7794       132.7410      0.8793454    
   326.7076       131.9564       1.054056    
   331.6619       131.6910       1.056314    
   336.6017       132.3271       1.091012    
   341.4941       133.2876       1.091369    
   346.3997       134.1857       1.092067    
   351.3318       134.9460       1.108374    
   356.3008       135.4228       1.248930    
   361.2956       135.6176      0.8231882    
   366.2939       135.7384      0.8237047    
   371.2916       135.8799       1.009074    
   376.2886       136.0407       1.009376    
   381.2849       136.2204      0.7286158    
   386.2799       136.4265      0.7976876    
   391.2732       136.6677       1.238596    
   396.2645       136.9411       1.169106    
   401.2549       137.2291       1.168764    
   406.2462       137.5027       1.168542    
   411.2407       137.7180       1.166876    
   416.2387       137.8369       1.142645    
   421.2385       137.8724       1.131945    
   426.2385       137.8761       1.129339    
   431.2385       137.8917       1.128460    
   436.2343       138.0394       1.129565    
   441.2233       138.3456       1.133438    
   446.2118       138.6598       1.148458    
   451.2035       138.9268       1.154374    
   456.1937       139.2159       1.155271    
   461.1783       139.5782       1.155524    
   466.1624       139.9491       1.155295    
   471.1551       140.1694      0.7090616    
   476.1545       140.2207     -0.3571599    
   481.8401       140.2231       2.472874    
   489.3643       140.2231       2.472860    
   507.4286       140.2231       2.473051    
  -33.77417       128.3538       1.798743    
  -15.70986       128.3538       1.799103    
  -8.185690       128.3538       1.799632    
  -2.500000       128.3538       1.801760    
   2.481762       128.6251       1.802301    
   7.434425       129.2386       2.669377    
   12.38829       129.8431       2.669680    
   17.37068       130.1537       2.669564    
   22.36992       130.2291       2.669288    
   27.36889       130.3151       2.668932    
   32.36626       130.4585       2.668467    
   37.36148       130.6536       2.667994    
   42.35468       130.8879       2.667512    
   47.34677       131.1408       2.667076    
   52.33939       131.3846       2.666704    
   57.33461       131.5780       2.666361    
   62.33282       131.6889       2.666157    
   67.33237       131.6924       2.666080    
   72.33087       131.5914       2.666227    
   77.32610       131.4005       2.666480    
   82.31709       131.1322       2.666691    
   87.30524       130.8228       2.666714    
   92.29430       130.5262       2.666557    
   97.28818       130.3116       2.666344    
   102.2866       130.2167       2.666117    
   107.2863       130.1709       2.666003    
   112.2728       129.9104       2.665962    
   117.2255       129.3089       2.665231    
   122.1606       128.5859       1.224937    
   127.1186       128.0226       1.224905    
   132.1048       127.7059       1.225483    
   137.1018       127.5708       1.225770    
   142.1004       127.6130       1.226058    
   147.0855       127.9183       1.227060    
   152.0289       128.5684       1.227029    
   156.9416       129.4059       1.568313    
   161.8866       130.0337       1.568924    
   166.8759       130.2731       1.569459    
   171.8755       130.2789       1.570949    
   176.8751       130.2254       1.572875    
   181.8749       130.1989       1.575224    
   186.8749       130.1980       1.578007    
   191.8749       130.1983       1.580570    
   196.8749       130.1983       1.582767    
   201.8749       130.1983       1.584643    
   206.8749       130.1982       1.586060    
   211.8749       130.2005       1.587889    
   216.8748       130.2222       1.589310    
   221.8745       130.2778       1.590392    
   226.8739       130.3428       1.592000    
   231.8736       130.3456       1.593968    
   236.8703       130.2072       1.595453    
   241.8605       129.9314       1.597730    
   246.8531       129.7134       1.599783    
   251.8497       129.7641       1.601097    
   256.8403       130.0339       1.601763    
   261.8292       130.3325       1.601630    
   266.8226       130.5588       1.601279    
   271.8200       130.6960       1.600579    
   276.8195       130.7393       1.599914    
   281.8193       130.7124       1.599715    
   286.8188       130.6498       1.599819    
   291.8181       130.5708       1.600191    
   296.8170       130.4788       1.600770    
   301.8156       130.3701       1.619615    
   306.8141       130.2655       1.623642    
   311.8136       130.2279       1.631741    
   316.8123       130.1622       1.634428    
   321.7794       129.7323       1.636216    
   326.7076       128.9738       1.637639    
   331.6619       128.7171       1.638824    
   336.6017       129.3322       1.639429    
   341.4941       130.2607       1.640201    
   346.3997       131.1291       1.639840    
   351.3318       131.8641       1.247152    
   356.3008       132.3251       1.247196    
   361.2956       132.5135       1.245202    
   366.2939       132.6302       1.243569    
   371.2916       132.7671       1.242557    
   376.2886       132.9225       1.241339    
   381.2849       133.0963       1.239951    
   386.2799       133.2955       1.239052    
   391.2732       133.5287       1.238597    
   396.2645       133.7930       1.168630    
   401.2549       134.0715       1.167675    
   406.2462       134.3360       1.166860    
   411.2407       134.5442       1.164584    
   416.2387       134.6591       1.136712    
   421.2385       134.6935       1.129503    
   426.2385       134.6971       1.127925    
   431.2385       134.7121       1.127999    
   436.2343       134.8550       1.129345    
   441.2233       135.1510       1.133283    
   446.2118       135.4547       1.147844    
   451.2035       135.7129       1.153517    
   456.1937       135.9924       1.154567    
   461.1783       136.3427       1.154961    
   466.1624       136.7012       1.155075    
   471.1551       136.9142       1.155136    
   476.1545       136.9639       1.155364    
   481.8401       136.9662       2.472671    
   489.3643       136.9662       2.472739    
   507.4286       136.9662       2.472867    
  -33.77417       125.1739       1.798963    
  -15.70986       125.1739       1.799398    
  -8.185690       125.1739       1.800822    
  -2.500000       125.1739       1.802167    
   2.481762       125.4352       1.802883    
   7.434425       126.0261       1.805894    
   12.38829       126.6083       2.669946    
   17.37068       126.9075       2.669750    
   22.36992       126.9801       2.669379    
   27.36889       127.0629       2.668895    
   32.36626       127.2010       2.668403    
   37.36148       127.3890       2.667928    
   42.35468       127.6146       2.667460    
   47.34677       127.8582       2.667073    
   52.33939       128.0931       2.666753    
   57.33461       128.2793       2.666447    
   62.33282       128.3861       2.666223    
   67.33237       128.3895       2.666147    
   72.33087       128.2923       2.666256    
   77.32610       128.1083       2.666441    
   82.31709       127.8499       2.666616    
   87.30524       127.5519       2.666644    
   92.29430       127.2662       2.666494    
   97.28818       127.0596       2.666293    
   102.2866       126.9681       2.666191    
   107.2863       126.9241       2.666087    
   112.2728       126.6731       2.665875    
   117.2255       126.0938       2.637037    
   122.1606       125.3975      0.7256710    
   127.1186       124.8549      0.7255781    
   132.1048       124.5499      0.7258285    
   137.1018       124.4198      0.7262936    
   142.1004       124.4603      0.7267821    
   147.0855       124.7544      0.7270851    
   152.0289       125.3806      0.7270427    
   156.9416       126.1872       2.662688    
   161.8866       126.7919       2.660745    
   166.8759       127.0225       2.673689    
   171.8755       127.0280       2.673491    
   176.8751       126.9765       2.673458    
   181.8749       126.9510       2.673851    
   186.8749       126.9501       2.674495    
   191.8749       126.9505       2.675316    
   196.8749       126.9505       2.676460    
   201.8749       126.9505       2.677535    
   206.8749       126.9503       2.678042    
   211.8749       126.9525       2.678094    
   216.8748       126.9735       2.678139    
   221.8745       127.0270       2.678378    
   226.8739       127.0896       2.678566    
   231.8736       127.0923       2.678616    
   236.8703       126.9591       2.678500    
   241.8605       126.6934       2.678311    
   246.8531       126.4834       2.678219    
   251.8497       126.5322       2.678118    
   256.8403       126.7921       2.677926    
   261.8292       127.0797       2.677516    
   266.8226       127.2977       2.676943    
   271.8200       127.4297       2.676196    
   276.8195       127.4715       2.675262    
   281.8193       127.4456       2.674186    
   286.8188       127.3853       2.672830    
   291.8181       127.3092       2.671340    
   296.8170       127.2206       2.669785    
   301.8156       127.1160       2.668120    
   306.8141       127.0152       2.666248    
   311.8136       126.9790       2.664047    
   316.8123       126.9157       2.661347    
   321.7794       126.5017       2.658164    
   326.7076       125.7710       2.654263    
   331.6619       125.5238       2.649173    
   336.6017       126.1162       2.641910    
   341.4941       127.0106       2.626504    
   346.3997       127.8469       2.622583    
   351.3318       128.5549       1.006722    
   356.3008       128.9989       1.246110    
   361.2956       129.1804       1.244887    
   366.2939       129.2928       1.243626    
   371.2916       129.4245       1.242388    
   376.2886       129.5742       1.241263    
   381.2849       129.7417       1.239995    
   386.2799       129.9336       1.238881    
   391.2732       130.1582       1.238100    
   396.2645       130.4128       1.237200    
   401.2549       130.6809       1.166762    
   406.2462       130.9357       1.165876    
   411.2407       131.1362       1.163642    
   416.2387       131.2469       1.135875    
   421.2385       131.2800       1.129265    
   426.2385       131.2835       1.127819    
   431.2385       131.2979       1.127928    
   436.2343       131.4355       1.129300    
   441.2233       131.7207       1.133237    
   446.2118       132.0132       1.147405    
   451.2035       132.2618       1.152971    
   456.1937       132.5311       1.154127    
   461.1783       132.8684       1.154661    
   466.1624       133.2138       1.154950    
   471.1551       133.4189       1.155173    
   476.1545       133.4668       2.465470    
   481.8401       133.4690       2.472165    
   489.3643       133.4690       2.472513    
   507.4286       133.4690       2.472612    
  -33.77417       121.7413       2.674212    
  -15.70986       121.7413       2.673781    
  -8.185690       121.7413       2.673164    
  -2.500000       121.7413       2.672452    
   2.481762       121.9919       2.671730    
   7.434425       122.5584       2.671091    
   12.38829       123.1165       2.670459    
   17.37068       123.4034       2.669985    
   22.36992       123.4730       2.669435    
   27.36889       123.5524       2.668914    
   32.36626       123.6848       2.668370    
   37.36148       123.8650       2.667888    
   42.35468       124.0813       2.667392    
   47.34677       124.3148       2.667008    
   52.33939       124.5400       2.666670    
   57.33461       124.7186       2.666416    
   62.33282       124.8209       2.666267    
   67.33237       124.8242       2.666198    
   72.33087       124.7309       2.666258    
   77.32610       124.5546       2.666330    
   82.31709       124.3068       2.666409    
   87.30524       124.0211       2.666402    
   92.29430       123.7473       2.666380    
   97.28818       123.5492       2.666350    
   102.2866       123.4615       2.666268    
   107.2863       123.4193       2.666119    
   112.2728       123.1786       2.665789    
   117.2255       122.6232       2.665357    
   122.1606       121.9557       2.665238    
   127.1186       121.4355       2.665347    
   132.1048       121.1431       2.665357    
   137.1018       121.0183       2.665363    
   142.1004       121.0573       2.665609    
   147.0855       121.3392       2.665686    
   152.0289       121.9395       2.665886    
   156.9416       122.7128       2.666143    
   161.8866       123.2925       2.666263    
   166.8759       123.5135       2.673868    
   171.8755       123.5189       2.673751    
   176.8751       123.4696       2.673664    
   181.8749       123.4451       2.674027    
   186.8749       123.4443       2.674737    
   191.8749       123.4446       2.675527    
   196.8749       123.4446       2.676435    
   201.8749       123.4446       2.677412    
   206.8749       123.4444       2.677920    
   211.8749       123.4465       2.677918    
   216.8748       123.4666       2.677942    
   221.8745       123.5179       2.678244    
   226.8739       123.5779       2.678581    
   231.8736       123.5806       2.678687    
   236.8703       123.4528       2.678609    
   241.8605       123.1981       2.678478    
   246.8531       122.9968       2.678345    
   251.8497       123.0435       2.678201    
   256.8403       123.2927       2.678020    
   261.8292       123.5684       2.677677    
   266.8226       123.7774       2.677029    
   271.8200       123.9041       2.676291    
   276.8195       123.9441       2.675368    
   281.8193       123.9193       2.674137    
   286.8188       123.8614       2.672768    
   291.8181       123.7885       2.671171    
   296.8170       123.7036       2.669610    
   301.8156       123.6032       2.668082    
   306.8141       123.5066       2.666308    
   311.8136       123.4719       2.664184    
   316.8123       123.4112       2.661734    
   321.7794       123.0143       2.658800    
   326.7076       122.3138       2.654977    
   331.6619       122.0768       2.649967    
   336.6017       122.6448       2.643258    
   341.4941       123.5022       2.624587    
   346.3997       124.3040       2.620131    
   351.3318       124.9827       2.605720    
   356.3008       125.4084       2.491103    
   361.2956       125.5824       2.487594    
   366.2939       125.6901       2.486949    
   371.2916       125.8165       2.486278    
   376.2886       125.9600       2.485346    
   381.2849       126.1205       2.484279    
   386.2799       126.3045       2.483139    
   391.2732       126.5198       2.481921    
   396.2645       126.7639       2.480732    
   401.2549       127.0210       2.479822    
   406.2462       127.2653       2.479100    
   411.2407       127.4575       2.478233    
   416.2387       127.5636       2.477278    
   421.2385       127.5953       2.476660    
   426.2385       127.5986       2.475971    
   431.2385       127.6125       2.475254    
   436.2343       127.7445       2.474720    
   441.2233       128.0178       2.474228    
   446.2118       128.2982       2.473590    
   451.2035       128.5366       2.472862    
   456.1937       128.7948       2.472310    
   461.1783       129.1181       2.471772    
   466.1624       129.4493       2.471243    
   471.1551       129.6459       2.470945    
   476.1545       129.6918       2.471046    
   481.8401       129.6939       2.471808    
   489.3643       129.6939       2.472152    
   507.4286       129.6939       2.472303    
  -33.77417       118.0135       2.674315    
  -15.70986       118.0135       2.673913    
  -8.185690       118.0135       2.673327    
  -2.500000       118.0135       2.672607    
   2.481762       118.2522       2.671873    
   7.434425       118.7923       2.671255    
   12.38829       119.3243       2.670731    
   17.37068       119.5977       2.670123    
   22.36992       119.6640       2.669422    
   27.36889       119.7397       2.668948    
   32.36626       119.8660       2.668355    
   37.36148       120.0378       2.667866    
   42.35468       120.2439       2.667386    
   47.34677       120.4665       2.666989    
   52.33939       120.6811       2.666743    
   57.33461       120.8514       2.666505    
   62.33282       120.9489       2.666409    
   67.33237       120.9520       2.666350    
   72.33087       120.8632       2.666325    
   77.32610       120.6951       2.666247    
   82.31709       120.4589       2.666207    
   87.30524       120.1866       2.666213    
   92.29430       119.9255       2.666237    
   97.28818       119.7367       2.666346    
   102.2866       119.6531       2.666260    
   107.2863       119.6129       2.666067    
   112.2728       119.3835       2.665727    
   117.2255       118.8540       2.665697    
   122.1606       118.2177       2.666026    
   127.1186       117.7218       2.666426    
   132.1048       117.4431       2.666631    
   137.1018       117.3242       2.666946    
   142.1004       117.3613       2.667451    
   147.0855       117.6301       2.667969    
   152.0289       118.2023       2.668504    
   156.9416       118.9394       2.669152    
   161.8866       119.4921       2.669617    
   166.8759       119.7027       2.673950    
   171.8755       119.7078       2.674002    
   176.8751       119.6608       2.673926    
   181.8749       119.6375       2.674177    
   186.8749       119.6367       2.674821    
   191.8749       119.6370       2.675606    
   196.8749       119.6370       2.676412    
   201.8749       119.6370       2.677211    
   206.8749       119.6368       2.677652    
   211.8749       119.6388       2.677698    
   216.8748       119.6580       2.677808    
   221.8745       119.7069       2.678219    
   226.8739       119.7641       2.678615    
   231.8736       119.7666       2.678788    
   236.8703       119.6448       2.678796    
   241.8605       119.4020       2.678780    
   246.8531       119.2101       2.678694    
   251.8497       119.2547       2.678468    
   256.8403       119.4922       2.678233    
   261.8292       119.7551       2.677810    
   266.8226       119.9542       2.677141    
   271.8200       120.0750       2.676348    
   276.8195       120.1131       2.675370    
   281.8193       120.0895       2.674132    
   286.8188       120.0343       2.672633    
   291.8181       119.9648       2.671022    
   296.8170       119.8839       2.669474    
   301.8156       119.7882       2.668014    
   306.8141       119.6961       2.666269    
   311.8136       119.6630       2.664258    
   316.8123       119.6051       2.661944    
   321.7794       119.2268       2.659171    
   326.7076       118.5591       2.655588    
   331.6619       118.3332       2.650882    
   336.6017       118.8746       2.644698    
   341.4941       119.6919       2.621424    
   346.3997       120.4562       2.616577    
   351.3318       121.1031       2.604682    
   356.3008       121.5089       2.516378    
   361.2956       121.6748       2.493067    
   366.2939       121.7775       2.491639    
   371.2916       121.8979       2.489850    
   376.2886       122.0348       2.487849    
   381.2849       122.1877       2.486288    
   386.2799       122.3631       2.484954    
   391.2732       122.5684       2.483514    
   396.2645       122.8010       2.482152    
   401.2549       123.0461       2.480834    
   406.2462       123.2790       2.479549    
   411.2407       123.4621       2.478336    
   416.2387       123.5633       2.477123    
   421.2385       123.5935       2.475849    
   426.2385       123.5967       2.474887    
   431.2385       123.6100       2.474225    
   436.2343       123.7357       2.473516    
   441.2233       123.9963       2.472689    
   446.2118       124.2636       2.472089    
   451.2035       124.4909       2.471887    
   456.1937       124.7369       2.471678    
   461.1783       125.0452       2.471346    
   466.1624       125.3608       2.471063    
   471.1551       125.5482       2.471061    
   476.1545       125.5920       2.471170    
   481.8401       125.5940       2.471455    
   489.3643       125.5940       2.471740    
   507.4286       125.5940       2.472003    
  -33.77417       113.9358       2.674285    
  -15.70986       113.9358       2.673862    
  -8.185690       113.9358       2.673414    
  -2.500000       113.9358       2.672760    
   2.481762       114.1617       2.672028    
   7.434425       114.6728       2.671313    
   12.38829       115.1762       2.670736    
   17.37068       115.4350       2.670135    
   22.36992       115.4978       2.669525    
   27.36889       115.5694       2.669001    
   32.36626       115.6889       2.668356    
   37.36148       115.8514       2.667877    
   42.35468       116.0465       2.667442    
   47.34677       116.2571       2.667043    
   52.33939       116.4603       2.666801    
   57.33461       116.6214       2.666598    
   62.33282       116.7137       2.666559    
   67.33237       116.7167       2.666447    
   72.33087       116.6326       2.666335    
   77.32610       116.4735       2.666176    
   82.31709       116.2499       2.666013    
   87.30524       115.9922       2.666070    
   92.29430       115.7452       2.666190    
   97.28818       115.5665       2.666355    
   102.2866       115.4874       2.666231    
   107.2863       115.4493       2.666007    
   112.2728       115.2323       2.665804    
   117.2255       114.7313       2.665816    
   122.1606       114.1291       2.666206    
   127.1186       113.6599       2.666557    
   132.1048       113.3961       2.666846    
   137.1018       113.2836       2.667235    
   142.1004       113.3186       2.667707    
   147.0855       113.5730       2.668254    
   152.0289       114.1145       2.668846    
   156.9416       114.8120       2.669507    
   161.8866       115.3350       2.670019    
   166.8759       115.5344       2.674049    
   171.8755       115.5392       2.674300    
   176.8751       115.4947       2.674340    
   181.8749       115.4726       2.674551    
   186.8749       115.4719       2.675103    
   191.8749       115.4722       2.675814    
   196.8749       115.4722       2.676539    
   201.8749       115.4722       2.677176    
   206.8749       115.4720       2.677508    
   211.8749       115.4739       2.677599    
   216.8748       115.4921       2.677757    
   221.8745       115.5383       2.678144    
   226.8739       115.5924       2.678523    
   231.8736       115.5948       2.678671    
   236.8703       115.4796       2.678584    
   241.8605       115.2498       2.678361    
   246.8531       115.0682       2.678133    
   251.8497       115.1104       2.677914    
   256.8403       115.3352       2.677644    
   261.8292       115.5839       2.677328    
   266.8226       115.7724       2.676862    
   271.8200       115.8866       2.676169    
   276.8195       115.9228       2.675223    
   281.8193       115.9004       2.674001    
   286.8188       115.8482       2.672521    
   291.8181       115.7824       2.670939    
   296.8170       115.7058       2.669502    
   301.8156       115.6153       2.668011    
   306.8141       115.5281       2.666334    
   311.8136       115.4968       2.664426    
   316.8123       115.4420       2.662233    
   321.7794       115.0840       2.659624    
   326.7076       114.4521       2.656363    
   331.6619       114.2384       2.652154    
   336.6017       114.7507       2.646564    
   341.4941       115.5241       2.617582    
   346.3997       116.2474       2.612665    
   351.3318       116.8596       2.602591    
   356.3008       117.2437       2.516695    
   361.2956       117.4006       2.494904    
   366.2939       117.4977       2.492374    
   371.2916       117.6117       2.490313    
   376.2886       117.7412       2.488245    
   381.2849       117.8860       2.486575    
   386.2799       118.0519       2.485142    
   391.2732       118.2462       2.483794    
   396.2645       118.4663       2.482436    
   401.2549       118.6983       2.481074    
   406.2462       118.9186       2.479683    
   411.2407       119.0920       2.478327    
   416.2387       119.1877       2.477025    
   421.2385       119.2163       2.475807    
   426.2385       119.2194       2.474997    
   431.2385       119.2319       2.474216    
   436.2343       119.3509       2.473377    
   441.2233       119.5975       2.472600    
   446.2118       119.8504       2.471888    
   451.2035       120.0655       2.471551    
   456.1937       120.2983       2.471250    
   461.1783       120.5900       2.471113    
   466.1624       120.8887       2.470981    
   471.1551       121.0661       2.470990    
   476.1545       121.1075       2.471044    
   481.8401       121.1095       2.471181    
   489.3643       121.1095       2.471479    
   507.4286       121.1095       2.471718    
  -33.77417       109.4377       2.674087    
  -15.70986       109.4377       2.673793    
  -8.185690       109.4377       2.673407    
  -2.500000       109.4377       2.672796    
   2.481762       109.6495       2.672116    
   7.434425       110.1285       2.671359    
   12.38829       110.6005       2.670660    
   17.37068       110.8431       2.670074    
   22.36992       110.9020       2.669463    
   27.36889       110.9691       2.668844    
   32.36626       111.0811       2.668365    
   37.36148       111.2335       2.667993    
   42.35468       111.4164       2.667614    
   47.34677       111.6138       2.667252    
   52.33939       111.8043       2.667023    
   57.33461       111.9553       2.666821    
   62.33282       112.0418       2.666678    
   67.33237       112.0446       2.666520    
   72.33087       111.9657       2.666268    
   77.32610       111.8166       2.666072    
   82.31709       111.6071       2.665986    
   87.30524       111.3655       2.666124    
   92.29430       111.1339       2.666281    
   97.28818       110.9664       2.666422    
   102.2866       110.8923       2.666339    
   107.2863       110.8566       2.666134    
   112.2728       110.6531       2.666091    
   117.2255       110.1834       2.666175    
   122.1606       109.6189       2.666414    
   127.1186       109.1790       2.666713    
   132.1048       108.9318       2.667118    
   137.1018       108.8263       2.667591    
   142.1004       108.8592       2.668096    
   147.0855       109.0976       2.668602    
   152.0289       109.6052       2.669232    
   156.9416       110.2591       2.669911    
   161.8866       110.7494       2.670565    
   166.8759       110.9363       2.674128    
   171.8755       110.9408       2.674419    
   176.8751       110.8991       2.674564    
   181.8749       110.8784       2.674822    
   186.8749       110.8776       2.675316    
   191.8749       110.8779       2.675962    
   196.8749       110.8779       2.676603    
   201.8749       110.8779       2.677109    
   206.8749       110.8778       2.677402    
   211.8749       110.8796       2.677613    
   216.8748       110.8966       2.677902    
   221.8745       110.9400       2.678235    
   226.8739       110.9907       2.678497    
   231.8736       110.9929       2.678584    
   236.8703       110.8849       2.678421    
   241.8605       110.6695       2.678097    
   246.8531       110.4993       2.677814    
   251.8497       110.5388       2.677586    
   256.8403       110.7495       2.677341    
   261.8292       110.9827       2.677039    
   266.8226       111.1594       2.676607    
   271.8200       111.2665       2.676008    
   276.8195       111.3003       2.675102    
   281.8193       111.2794       2.673873    
   286.8188       111.2305       2.672484    
   291.8181       111.1687       2.671046    
   296.8170       111.0969       2.669630    
   301.8156       111.0121       2.668206    
   306.8141       110.9304       2.666556    
   311.8136       110.9010       2.664650    
   316.8123       110.8497       2.662505    
   321.7794       110.5141       2.660021    
   326.7076       109.9218       2.657108    
   331.6619       109.7214       2.653521    
   336.6017       110.2016       2.648527    
   341.4941       110.9267       2.613569    
   346.3997       111.6047       2.608354    
   351.3318       112.1786       2.599075    
   356.3008       112.5386       2.517426    
   361.2956       112.6857       2.496069    
   366.2939       112.7768       2.492978    
   371.2916       112.8837       2.490657    
   376.2886       113.0050       2.488668    
   381.2849       113.1407       2.486800    
   386.2799       113.2963       2.485245    
   391.2732       113.4784       2.483993    
   396.2645       113.6848       2.482592    
   401.2549       113.9022       2.481186    
   406.2462       114.1088       2.479826    
   411.2407       114.2713       2.478411    
   416.2387       114.3611       2.477154    
   421.2385       114.3878       2.476080    
   426.2385       114.3907       2.475266    
   431.2385       114.4025       2.474285    
   436.2343       114.5140       2.473382    
   441.2233       114.7451       2.472583    
   446.2118       114.9823       2.471807    
   451.2035       115.1839       2.471284    
   456.1937       115.4022       2.470901    
   461.1783       115.6756       2.470929    
   466.1624       115.9556       2.470895    
   471.1551       116.1219       2.470911    
   476.1545       116.1607       2.471003    
   481.8401       116.1625       2.471106    
   489.3643       116.1625       2.471277    
   507.4286       116.1625       2.471309    
  -33.77417       104.4251       2.673796    
  -15.70986       104.4251       2.673625    
  -8.185690       104.4251       2.673191    
  -2.500000       104.4251       2.672641    
   2.481762       104.6212       2.672076    
   7.434425       105.0646       2.671373    
   12.38829       105.5015       2.670676    
   17.37068       105.7260       2.670054    
   22.36992       105.7805       2.669430    
   27.36889       105.8427       2.668841    
   32.36626       105.9463       2.668379    
   37.36148       106.0873       2.668007    
   42.35468       106.2567       2.667677    
   47.34677       106.4394       2.667380    
   52.33939       106.6157       2.667194    
   57.33461       106.7555       2.667008    
   62.33282       106.8356       2.666801    
   67.33237       106.8381       2.666592    
   72.33087       106.7651       2.666308    
   77.32610       106.6271       2.666134    
   82.31709       106.4332       2.666137    
   87.30524       106.2096       2.666346    
   92.29430       105.9952       2.666464    
   97.28818       105.8402       2.666506    
   102.2866       105.7715       2.666454    
   107.2863       105.7385       2.666398    
   112.2728       105.5501       2.666395    
   117.2255       105.1154       2.666450    
   122.1606       104.5929       2.666553    
   127.1186       104.1857       2.666891    
   132.1048       103.9569       2.667395    
   137.1018       103.8593       2.667890    
   142.1004       103.8897       2.668404    
   147.0855       104.1104       2.668940    
   152.0289       104.5803       2.669558    
   156.9416       105.1855       2.670246    
   161.8866       105.6393       2.670961    
   166.8759       105.8122       2.674056    
   171.8755       105.8165       2.674392    
   176.8751       105.7778       2.674736    
   181.8749       105.7587       2.675093    
   186.8749       105.7580       2.675469    
   191.8749       105.7582       2.676061    
   196.8749       105.7583       2.676653    
   201.8749       105.7583       2.677058    
   206.8749       105.7581       2.677347    
   211.8749       105.7598       2.677582    
   216.8748       105.7755       2.677872    
   221.8745       105.8157       2.678256    
   226.8739       105.8626       2.678504    
   231.8736       105.8647       2.678475    
   236.8703       105.7647       2.678246    
   241.8605       105.5654       2.677913    
   246.8531       105.4078       2.677551    
   251.8497       105.4444       2.677239    
   256.8403       105.6394       2.676998    
   261.8292       105.8553       2.676730    
   266.8226       106.0188       2.676363    
   271.8200       106.1179       2.675819    
   276.8195       106.1492       2.674947    
   281.8193       106.1298       2.673744    
   286.8188       106.0846       2.672434    
   291.8181       106.0275       2.671114    
   296.8170       105.9610       2.669800    
   301.8156       105.8824       2.668408    
   306.8141       105.8068       2.666742    
   311.8136       105.7796       2.664832    
   316.8123       105.7321       2.662730    
   321.7794       105.4215       2.660384    
   326.7076       104.8732       2.657758    
   331.6619       104.6877       2.654713    
   336.6017       105.1322       2.650293    
   341.4941       105.8034       2.609451    
   346.3997       106.4309       2.603684    
   351.3318       106.9622       2.594155    
   356.3008       107.2954       2.518777    
   361.2956       107.4315       2.497291    
   366.2939       107.5159       2.493917    
   371.2916       107.6148       2.491106    
   376.2886       107.7271       2.489102    
   381.2849       107.8528       2.487345    
   386.2799       107.9968       2.485622    
   391.2732       108.1653       2.484241    
   396.2645       108.3564       2.482762    
   401.2549       108.5576       2.481361    
   406.2462       108.7488       2.480167    
   411.2407       108.8992       2.478860    
   416.2387       108.9823       2.477681    
   421.2385       109.0071       2.476550    
   426.2385       109.0098       2.475605    
   431.2385       109.0207       2.474757    
   436.2343       109.1239       2.473903    
   441.2233       109.3378       2.472991    
   446.2118       109.5574       2.472181    
   451.2035       109.7439       2.471566    
   456.1937       109.9460       2.471090    
   461.1783       110.1991       2.471023    
   466.1624       110.4583       2.470929    
   471.1551       110.6122       2.470948    
   476.1545       110.6481       2.471065    
   481.8401       110.6497       2.470981    
   489.3643       110.6497       2.470944    
   507.4286       110.6497       2.470875    
  -33.77417       98.76926       2.673519    
  -15.70986       98.76926       2.673307    
  -8.185690       98.76926       2.672911    
  -2.500000       98.76926       2.672587    
   2.481762       98.94752       2.672067    
   7.434425       99.35075       2.671344    
   12.38829       99.74802       2.670721    
   17.37068       99.95215       2.670142    
   22.36992       100.0017       2.669502    
   27.36889       100.0582       2.668907    
   32.36626       100.1525       2.668468    
   37.36148       100.2807       2.668121    
   42.35468       100.4347       2.667797    
   47.34677       100.6009       2.667575    
   52.33939       100.7612       2.667421    
   57.33461       100.8883       2.667186    
   62.33282       100.9611       2.666931    
   67.33237       100.9634       2.666677    
   72.33087       100.8971       2.666448    
   77.32610       100.7716       2.666298    
   82.31709       100.5952       2.666344    
   87.30524       100.3919       2.666592    
   92.29430       100.1970       2.666698    
   97.28818       100.0560       2.666758    
   102.2866       99.99355       2.666728    
   107.2863       99.96349       2.666723    
   112.2728       99.79222       2.666707    
   117.2255       99.39693       2.666678    
   122.1606       98.92178       2.666831    
   127.1186       98.55151       2.667140    
   132.1048       98.34343       2.667603    
   137.1018       98.25465       2.668102    
   142.1004       98.28233       2.668587    
   147.0855       98.48299       2.669146    
   152.0289       98.91029       2.669694    
   156.9416       99.46066       2.670417    
   161.8866       99.87329       2.671262    
   166.8759       100.0306       2.673864    
   171.8755       100.0344       2.674359    
   176.8751       99.99930       2.674802    
   181.8749       99.98188       2.675154    
   186.8749       99.98126       2.675512    
   191.8749       99.98149       2.675983    
   196.8749       99.98150       2.676413    
   201.8749       99.98149       2.676815    
   206.8749       99.98139       2.677147    
   211.8749       99.98287       2.677494    
   216.8748       99.99718       2.677855    
   221.8745       100.0337       2.678167    
   226.8739       100.0764       2.678403    
   231.8736       100.0783       2.678421    
   236.8703       99.98734       2.678275    
   241.8605       99.80609       2.678030    
   246.8531       99.66279       2.677691    
   251.8497       99.69608       2.677344    
   256.8403       99.87341       2.677044    
   261.8292       100.0697       2.676728    
   266.8226       100.2184       2.676250    
   271.8200       100.3085       2.675581    
   276.8195       100.3370       2.674657    
   281.8193       100.3194       2.673525    
   286.8188       100.2782       2.672289    
   291.8181       100.2263       2.671048    
   296.8170       100.1659       2.669847    
   301.8156       100.0944       2.668528    
   306.8141       100.0256       2.666923    
   311.8136       100.0009       2.665005    
   316.8123       99.95772       2.662922    
   321.7794       99.67523       2.660697    
   326.7076       99.17667       2.658324    
   331.6619       99.00801       2.655699    
   336.6017       99.41222       2.651814    
   341.4941       100.0225       2.605788    
   346.3997       100.5932       2.598920    
   351.3318       101.0763       2.588384    
   356.3008       101.3793       2.520567    
   361.2956       101.5031       2.498666    
   366.2939       101.5798       2.495182    
   371.2916       101.6697       2.492012    
   376.2886       101.7719       2.489788    
   381.2849       101.8861       2.487993    
   386.2799       102.0170       2.486184    
   391.2732       102.1703       2.484656    
   396.2645       102.3440       2.483258    
   401.2549       102.5270       2.481921    
   406.2462       102.7009       2.480671    
   411.2407       102.8377       2.479345    
   416.2387       102.9132       2.478188    
   421.2385       102.9358       2.477101    
   426.2385       102.9382       2.476094    
   431.2385       102.9481       2.475155    
   436.2343       103.0419       2.474232    
   441.2233       103.2365       2.473271    
   446.2118       103.4361       2.472416    
   451.2035       103.6058       2.471878    
   456.1937       103.7895       2.471416    
   461.1783       104.0197       2.471271    
   466.1624       104.2553       2.471232    
   471.1551       104.3953       2.471338    
   476.1545       104.4279       2.471352    
   481.8401       104.4295       2.471011    
   489.3643       104.4295       2.470800    
   507.4286       104.4295       2.470678    
  -33.77417       92.28692       2.673323    
  -15.70986       92.28692       2.673065    
  -8.185690       92.28692       2.672781    
  -2.500000       92.28692       2.672503    
   2.481762       92.44483       2.672015    
   7.434425       92.80198       2.671408    
   12.38829       93.15384       2.670857    
   17.37068       93.33465       2.670263    
   22.36992       93.37855       2.669575    
   27.36889       93.42858       2.669005    
   32.36626       93.51208       2.668652    
   37.36148       93.62569       2.668334    
   42.35468       93.76205       2.668053    
   47.34677       93.90923       2.667878    
   52.33939       94.05121       2.667633    
   57.33461       94.16380       2.667421    
   62.33282       94.22831       2.667200    
   67.33237       94.23037       2.666946    
   72.33087       94.17159       2.666893    
   77.32610       94.06042       2.666828    
   82.31709       93.90422       2.666806    
   87.30524       93.72411       2.666906    
   92.29430       93.55146       2.666964    
   97.28818       93.42661       2.667006    
   102.2866       93.37131       2.667023    
   107.2863       93.34469       2.666977    
   112.2728       93.19299       2.666957    
   117.2255       92.84286       2.666935    
   122.1606       92.42202       2.667083    
   127.1186       92.09407       2.667332    
   132.1048       91.90976       2.667745    
   137.1018       91.83113       2.668230    
   142.1004       91.85565       2.668782    
   147.0855       92.03337       2.669241    
   152.0289       92.41184       2.669781    
   156.9416       92.89931       2.670649    
   161.8866       93.26480       2.671578    
   166.8759       93.40413       2.673629    
   171.8755       93.40750       2.674261    
   176.8751       93.37640       2.674694    
   181.8749       93.36098       2.675025    
   186.8749       93.36044       2.675394    
   191.8749       93.36063       2.675784    
   196.8749       93.36064       2.676175    
   201.8749       93.36063       2.676587    
   206.8749       93.36054       2.676920    
   211.8749       93.36186       2.677251    
   216.8748       93.37454       2.677591    
   221.8745       93.40688       2.677824    
   226.8739       93.44470       2.677986    
   231.8736       93.44635       2.678133    
   236.8703       93.36582       2.678058    
   241.8605       93.20527       2.677809    
   246.8531       93.07835       2.677533    
   251.8497       93.10783       2.677187    
   256.8403       93.26490       2.676820    
   261.8292       93.43874       2.676345    
   266.8226       93.57047       2.675751    
   271.8200       93.65030       2.675030    
   276.8195       93.67554       2.674129    
   281.8193       93.65989       2.673086    
   286.8188       93.62345       2.671996    
   291.8181       93.57744       2.670863    
   296.8170       93.52392       2.669691    
   301.8156       93.46066       2.668400    
   306.8141       93.39973       2.666773    
   311.8136       93.37785       2.664942    
   316.8123       93.33959       2.662975    
   321.7794       93.08938       2.660924    
   326.7076       92.64779       2.658823    
   331.6619       92.49840       2.656519    
   336.6017       92.85643       2.653027    
   341.4941       93.39696       2.603230    
   346.3997       93.90244       2.594169    
   351.3318       94.33030       2.581898    
   356.3008       94.59869       2.522472    
   361.2956       94.70834       2.500133    
   366.2939       94.77627       2.496325    
   371.2916       94.85593       2.493208    
   376.2886       94.94642       2.490934    
   381.2849       95.04758       2.489057    
   386.2799       95.16358       2.487157    
   391.2732       95.29931       2.485492    
   396.2645       95.45317       2.483958    
   401.2549       95.61526       2.482425    
   406.2462       95.76926       2.481039    
   411.2407       95.89043       2.479620    
   416.2387       95.95733       2.478463    
   421.2385       95.97731       2.477361    
   426.2385       95.97943       2.476179    
   431.2385       95.98818       2.475034    
   436.2343       96.07135       2.474168    
   441.2233       96.24365       2.473414    
   446.2118       96.42047       2.472675    
   451.2035       96.57073       2.472173    
   456.1937       96.73344       2.471715    
   461.1783       96.93733       2.471517    
   466.1624       97.14609       2.471472    
   471.1551       97.27006       2.471431    
   476.1545       97.29897       2.471359    
   481.8401       97.30029       2.471108    
   489.3643       97.30029       2.470822    
   507.4286       97.30029       2.470632    
  -33.77417       84.70639       2.673121    
  -15.70986       84.70639       2.672901    
  -8.185690       84.70639       2.672657    
  -2.500000       84.70639       2.672339    
   2.481762       84.84047       2.671940    
   7.434425       85.14374       2.671465    
   12.38829       85.44250       2.670918    
   17.37068       85.59602       2.670331    
   22.36992       85.63330       2.669746    
   27.36889       85.67580       2.669305    
   32.36626       85.74669       2.669002    
   37.36148       85.84315       2.668617    
   42.35468       85.95895       2.668278    
   47.34677       86.08392       2.668012    
   52.33939       86.20448       2.667721    
   57.33461       86.30008       2.667571    
   62.33282       86.35486       2.667445    
   67.33237       86.35661       2.667282    
   72.33087       86.30669       2.667248    
   77.32610       86.21230       2.667296    
   82.31709       86.07966       2.667315    
   87.30524       85.92673       2.667319    
   92.29430       85.78013       2.667364    
   97.28818       85.67411       2.667350    
   102.2866       85.62716       2.667340    
   107.2863       85.60456       2.667284    
   112.2728       85.47575       2.667228    
   117.2255       85.17844       2.667287    
   122.1606       84.82110       2.667406    
   127.1186       84.54264       2.667642    
   132.1048       84.38613       2.668084    
   137.1018       84.31937       2.668531    
   142.1004       84.34019       2.668984    
   147.0855       84.49109       2.669401    
   152.0289       84.81246       2.670035    
   156.9416       85.22638       2.670936    
   161.8866       85.53673       2.671790    
   166.8759       85.65503       2.673268    
   171.8755       85.65790       2.673932    
   176.8751       85.63148       2.674436    
   181.8749       85.61840       2.674853    
   186.8749       85.61794       2.675177    
   191.8749       85.61810       2.675519    
   196.8749       85.61810       2.676008    
   201.8749       85.61810       2.676482    
   206.8749       85.61802       2.676837    
   211.8749       85.61914       2.677145    
   216.8748       85.62991       2.677311    
   221.8745       85.65736       2.677382    
   226.8739       85.68948       2.677427    
   231.8736       85.69088       2.677397    
   236.8703       85.62250       2.677339    
   241.8605       85.48617       2.677146    
   246.8531       85.37840       2.676875    
   251.8497       85.40344       2.676597    
   256.8403       85.53680       2.676188    
   261.8292       85.68442       2.675715    
   266.8226       85.79627       2.675139    
   271.8200       85.86406       2.674450    
   276.8195       85.88549       2.673656    
   281.8193       85.87220       2.672805    
   286.8188       85.84126       2.671879    
   291.8181       85.80219       2.670830    
   296.8170       85.75674       2.669688    
   301.8156       85.70303       2.668313    
   306.8141       85.65130       2.666687    
   311.8136       85.63272       2.664884    
   316.8123       85.60023       2.663035    
   321.7794       85.38776       2.661144    
   326.7076       85.01280       2.659252    
   331.6619       84.88596       2.657176    
   336.6017       85.18996       2.653951    
   341.4941       85.64894       2.601196    
   346.3997       86.07815       2.589926    
   351.3318       86.44146       2.575706    
   356.3008       86.66934       2.524257    
   361.2956       86.76245       2.502073    
   366.2939       86.82014       2.497433    
   371.2916       86.88777       2.494145    
   376.2886       86.96461       2.491805    
   381.2849       87.05051       2.489853    
   386.2799       87.14902       2.488042    
   391.2732       87.26426       2.486304    
   396.2645       87.39491       2.484655    
   401.2549       87.53254       2.483056    
   406.2462       87.66331       2.481590    
   411.2407       87.76619       2.480086    
   416.2387       87.82300       2.478707    
   421.2385       87.83997       2.477559    
   426.2385       87.84176       2.476426    
   431.2385       87.84920       2.475413    
   436.2343       87.91981       2.474488    
   441.2233       88.06612       2.473642    
   446.2118       88.21626       2.473001    
   451.2035       88.34385       2.472498    
   456.1937       88.48203       2.472034    
   461.1783       88.65514       2.471846    
   466.1624       88.83239       2.471727    
   471.1551       88.93765       2.471580    
   476.1545       88.96221       2.471492    
   481.8401       88.96335       2.471272    
   489.3643       88.96335       2.470916    
   507.4286       88.96335       2.470626    
  -33.77417       75.60016       2.672877    
  -15.70986       75.60016       2.672691    
  -8.185690       75.60016       2.672496    
  -2.500000       75.60016       2.672230    
   2.481762       75.70561       2.671860    
   7.434425       75.94414       2.671418    
   12.38829       76.17914       2.670932    
   17.37068       76.29989       2.670450    
   22.36992       76.32921       2.669999    
   27.36889       76.36263       2.669593    
   32.36626       76.41840       2.669170    
   37.36148       76.49427       2.668816    
   42.35468       76.58534       2.668566    
   47.34677       76.68364       2.668300    
   52.33939       76.77846       2.668002    
   57.33461       76.85366       2.667849    
   62.33282       76.89674       2.667839    
   67.33237       76.89812       2.667817    
   72.33087       76.85886       2.667792    
   77.32610       76.78461       2.667775    
   82.31709       76.68029       2.667761    
   87.30524       76.56001       2.667758    
   92.29430       76.44469       2.667756    
   97.28818       76.36131       2.667756    
   102.2866       76.32438       2.667703    
   107.2863       76.30660       2.667708    
   112.2728       76.20528       2.667710    
   117.2255       75.97144       2.667731    
   122.1606       75.69038       2.667841    
   127.1186       75.47135       2.668064    
   132.1048       75.34826       2.668396    
   137.1018       75.29574       2.668746    
   142.1004       75.31212       2.669112    
   147.0855       75.43081       2.669641    
   152.0289       75.68358       2.670306    
   156.9416       76.00915       2.671133    
   161.8866       76.25325       2.671915    
   166.8759       76.34630       2.672923    
   171.8755       76.34855       2.673573    
   176.8751       76.32778       2.674170    
   181.8749       76.31749       2.674720    
   186.8749       76.31712       2.675151    
   191.8749       76.31725       2.675516    
   196.8749       76.31725       2.675910    
   201.8749       76.31725       2.676303    
   206.8749       76.31718       2.676624    
   211.8749       76.31807       2.676822    
   216.8748       76.32654       2.676910    
   221.8745       76.34814       2.676932    
   226.8739       76.37340       2.676909    
   231.8736       76.37450       2.676851    
   236.8703       76.32071       2.676754    
   241.8605       76.21349       2.676622    
   246.8531       76.12872       2.676416    
   251.8497       76.14841       2.676119    
   256.8403       76.25331       2.675764    
   261.8292       76.36942       2.675303    
   266.8226       76.45739       2.674746    
   271.8200       76.51070       2.674050    
   276.8195       76.52757       2.673300    
   281.8193       76.51711       2.672520    
   286.8188       76.49277       2.671655    
   291.8181       76.46204       2.670705    
   296.8170       76.42630       2.669571    
   301.8156       76.38405       2.668224    
   306.8141       76.34336       2.666672    
   311.8136       76.32875       2.664948    
   316.8123       76.30320       2.663136    
   321.7794       76.13609       2.661379    
   326.7076       75.84116       2.659585    
   331.6619       75.74139       2.657691    
   336.6017       75.98050       2.654578    
   341.4941       76.34151       2.599485    
   346.3997       76.67910       2.586089    
   351.3318       76.96486       2.570142    
   356.3008       77.14410       2.525712    
   361.2956       77.21733       2.504365    
   366.2939       77.26270       2.498420    
   371.2916       77.31591       2.494766    
   376.2886       77.37634       2.492291    
   381.2849       77.44391       2.490160    
   386.2799       77.52139       2.488335    
   391.2732       77.61202       2.486589    
   396.2645       77.71479       2.484968    
   401.2549       77.82304       2.483374    
   406.2462       77.92590       2.481849    
   411.2407       78.00681       2.480363    
   416.2387       78.05150       2.478934    
   421.2385       78.06484       2.477751    
   426.2385       78.06626       2.476785    
   431.2385       78.07211       2.475869    
   436.2343       78.12765       2.474914    
   441.2233       78.24273       2.474103    
   446.2118       78.36082       2.473518    
   451.2035       78.46117       2.473038    
   456.1937       78.56985       2.472618    
   461.1783       78.70601       2.472346    
   466.1624       78.84543       2.472137    
   471.1551       78.92822       2.471923    
   476.1545       78.94754       2.471798    
   481.8401       78.94843       2.471620    
   489.3643       78.94843       2.471222    
   507.4286       78.94843       2.470701    
  -33.77417       56.32260       2.672667    
  -15.70986       56.32260       2.672523    
  -8.185690       56.32260       2.672339    
  -2.500000       56.32260       2.672045    
   2.481762       56.36747       2.671678    
   7.434425       56.46896       2.671311    
   12.38829       56.56895       2.670961    
   17.37068       56.62033       2.670574    
   22.36992       56.63280       2.670172    
   27.36889       56.64702       2.669793    
   32.36626       56.67075       2.669439    
   37.36148       56.70303       2.669081    
   42.35468       56.74178       2.668775    
   47.34677       56.78361       2.668504    
   52.33939       56.82395       2.668262    
   57.33461       56.85595       2.668123    
   62.33282       56.87428       2.668095    
   67.33237       56.87487       2.668104    
   72.33087       56.85816       2.668103    
   77.32610       56.82657       2.668082    
   82.31709       56.78218       2.668054    
   87.30524       56.73100       2.668066    
   92.29430       56.68194       2.668058    
   97.28818       56.64646       2.668059    
   102.2866       56.63075       2.668077    
   107.2863       56.62318       2.668089    
   112.2728       56.58007       2.668101    
   117.2255       56.48058       2.668102    
   122.1606       56.36099       2.668188    
   127.1186       56.26780       2.668390    
   132.1048       56.21542       2.668637    
   137.1018       56.19307       2.668947    
   142.1004       56.20005       2.669382    
   147.0855       56.25055       2.669909    
   152.0289       56.35809       2.670481    
   156.9416       56.49662       2.671270    
   161.8866       56.60048       2.672067    
   166.8759       56.64007       2.672750    
   171.8755       56.64103       2.673328    
   176.8751       56.63219       2.673954    
   181.8749       56.62782       2.674508    
   186.8749       56.62766       2.674992    
   191.8749       56.62771       2.675501    
   196.8749       56.62772       2.675920    
   201.8749       56.62771       2.676229    
   206.8749       56.62769       2.676476    
   211.8749       56.62806       2.676581    
   216.8748       56.63167       2.676616    
   221.8745       56.64086       2.676625    
   226.8739       56.65160       2.676549    
   231.8736       56.65207       2.676440    
   236.8703       56.62919       2.676301    
   241.8605       56.58356       2.676152    
   246.8531       56.54750       2.675970    
   251.8497       56.55588       2.675674    
   256.8403       56.60051       2.675314    
   261.8292       56.64991       2.674899    
   266.8226       56.68734       2.674361    
   271.8200       56.71003       2.673733    
   276.8195       56.71720       2.673032    
   281.8193       56.71275       2.672279    
   286.8188       56.70240       2.671466    
   291.8181       56.68932       2.670546    
   296.8170       56.67411       2.669443    
   301.8156       56.65614       2.668121    
   306.8141       56.63882       2.666615    
   311.8136       56.63261       2.664945    
   316.8123       56.62173       2.663231    
   321.7794       56.55063       2.661535    
   326.7076       56.42514       2.659840    
   331.6619       56.38269       2.657959    
   336.6017       56.48443       2.654835    
   341.4941       56.63803       2.598418    
   346.3997       56.78168       2.583203    
   351.3318       56.90327       2.565697    
   356.3008       56.97953       2.526771    
   361.2956       57.01069       2.506336    
   366.2939       57.02999       2.498912    
   371.2916       57.05263       2.494923    
   376.2886       57.07835       2.492307    
   381.2849       57.10709       2.490016    
   386.2799       57.14006       2.488035    
   391.2732       57.17862       2.486378    
   396.2645       57.22235       2.484880    
   401.2549       57.26841       2.483376    
   406.2462       57.31217       2.481914    
   411.2407       57.34660       2.480564    
   416.2387       57.36561       2.479300    
   421.2385       57.37129       2.478201    
   426.2385       57.37189       2.477211    
   431.2385       57.37438       2.476280    
   436.2343       57.39801       2.475444    
   441.2233       57.44698       2.474688    
   446.2118       57.49723       2.474081    
   451.2035       57.53992       2.473619    
   456.1937       57.58617       2.473322    
   461.1783       57.64410       2.473133    
   466.1624       57.70342       2.472925    
   471.1551       57.73865       2.472691    
   476.1545       57.74687       2.472475    
   481.8401       57.74725       2.472274    
   489.3643       57.74725       2.472046    
   507.4286       57.74725       2.471714    
