   172641.105978793     
  -33.77417       136.6885      -5.161985    
  -15.70986       136.6885      -5.866955    
  -8.185690       136.6885      -2.816230    
  -2.500000       136.6885      -1.687049    
   2.481762       136.9860      -1.822786    
   7.434425       137.6588      -1.300892    
   12.38829       138.3216     -0.8769109    
   17.37068       138.6622     -0.8445435    
   22.36992       138.7449     -0.8748029    
   27.36889       138.8391     -0.9158365    
   32.36626       138.9964     -0.7566466    
   37.36148       139.2104     -0.4785699    
   42.35468       139.4673     -0.4692095    
   47.34677       139.7446     -0.5870054    
   52.33939       140.0120     -0.7798418    
   57.33461       140.2241     -0.2256719    
   62.33282       140.3456     -0.3339550    
   67.33237       140.3495     -0.7120721    
   72.33087       140.2388     -0.3962067    
   77.32610       140.0294     -0.3133661    
   82.31709       139.7351     -0.4060147    
   87.30524       139.3958     -0.8861117    
   92.29430       139.0706      -1.035309    
   97.28818       138.8354     -0.9103041    
   102.2866       138.7312     -0.9690660    
   107.2863       138.6811     -0.4689348    
   112.2728       138.3953     -0.7689444    
   117.2255       137.7357      -1.389818    
   122.1606       136.9430     -0.8199646    
   127.1186       136.3252      -1.323783    
   132.1048       135.9780      -3.665011    
   137.1018       135.8299      -3.904963    
   142.1004       135.8761      -3.552010    
   147.0855       136.2108      -1.434909    
   152.0289       136.9238     -0.7714170    
   156.9416       137.8421      -1.465405    
   161.8866       138.5306     -0.2818242    
   166.8759       138.7930     -0.1239626    
   171.8755       138.7994     -0.4042351    
   176.8751       138.7408     -0.4594769    
   181.8749       138.7118     -0.2183221    
   186.8749       138.7108     -4.3600872E-02
   191.8749       138.7111     -5.5573475E-02
   196.8749       138.7112     -5.4601137E-02
   201.8749       138.7111     -0.1489397    
   206.8749       138.7109     -0.1134494    
   211.8749       138.7134     -9.1976963E-02
   216.8748       138.7373     -1.5428955E-02
   221.8745       138.7983      0.0000000E+00
   226.8739       138.8695     -0.3261956    
   231.8736       138.8726     -7.7009052E-02
   236.8703       138.7209     -0.1195075    
   241.8605       138.4185     -0.8989932    
   246.8531       138.1794     -0.1931526    
   251.8497       138.2349     -0.1516722    
   256.8403       138.5308     -0.4929276    
   261.8292       138.8582     -0.1543946    
   266.8226       139.1064     -1.1288422E-02
   271.8200       139.2568     -2.5729524E-02
   276.8195       139.3043     -0.2133828    
   281.8193       139.2749     -0.1039358    
   286.8188       139.2062     -9.1333017E-02
   291.8181       139.1195     -5.9966531E-02
   296.8170       139.0187     -3.5589706E-02
   301.8156       138.8996     -0.1558926    
   306.8141       138.7848     -0.1987754    
   311.8136       138.7435     -0.3909007    
   316.8123       138.6715     -0.7074341    
   321.7794       138.2001     -0.7308241    
   326.7076       137.3683     -0.3187097    
   331.6619       137.0869     -0.6199091    
   336.6017       137.7613      -1.204454    
   341.4941       138.7795      -1.316125    
   346.3997       139.7317     -0.3684848    
   351.3318       140.5377     -0.3822274    
   356.3008       141.0433     -0.6115797    
   361.2956       141.2499     -0.7442504    
   366.2939       141.3779     -0.8193867    
   371.2916       141.5279     -0.4527397    
   376.2886       141.6984     -0.4241259    
   381.2849       141.8889     -0.4516465    
   386.2799       142.1075     -0.3667103    
   391.2732       142.3631     -0.6880725    
   396.2645       142.6530     -0.5377257    
   401.2549       142.9583     -0.6583284    
   406.2462       143.2484     -0.3912812    
   411.2407       143.4767     -0.1650898    
   416.2387       143.6027     -0.1553768    
   421.2385       143.6403     -0.1568711    
   426.2385       143.6443     -0.3799134    
   431.2385       143.6608     -0.7809069    
   436.2343       143.8174     -0.6275671    
   441.2233       144.1421      -1.250086    
   446.2118       144.4751     -0.7020673    
   451.2035       144.7582     -0.5731143    
   456.1937       145.0647      -1.734319    
   461.1783       145.4488      -2.532863    
   466.1624       145.8420      -2.762137    
   471.1551       146.0755      -2.594645    
   476.1545       146.1300      -2.137455    
   481.8401       146.1326      -5.663684    
   489.3643       146.1326      -5.704961    
   507.4286       146.1326      -5.495668    
  -33.77417       134.0858      -5.112432    
  -15.70986       134.0858      -5.803414    
  -8.185690       134.0858      -2.766145    
  -2.500000       134.0858      -4.467749    
   2.481762       134.3752      -2.622612    
   7.434425       135.0294      -2.270934    
   12.38829       135.6740      -1.663731    
   17.37068       136.0052      -1.416617    
   22.36992       136.0857      -1.215991    
   27.36889       136.1774      -1.286851    
   32.36626       136.3303      -1.316012    
   37.36148       136.5384      -1.200852    
   42.35468       136.7882     -0.9644762    
   47.34677       137.0579     -0.8040348    
   52.33939       137.3180     -0.7804897    
   57.33461       137.5242      -1.037309    
   62.33282       137.6424     -0.8740029    
   67.33237       137.6462     -0.6405102    
   72.33087       137.5385     -0.8632014    
   77.32610       137.3349     -0.9436589    
   82.31709       137.0487      -1.182533    
   87.30524       136.7188      -1.650660    
   92.29430       136.4025      -1.117177    
   97.28818       136.1738      -1.256572    
   102.2866       136.0724      -1.214841    
   107.2863       136.0237      -1.095481    
   112.2728       135.7457      -1.136837    
   117.2255       135.1043     -0.9086331    
   122.1606       134.3334      -1.744453    
   127.1186       133.7326      -2.220671    
   132.1048       133.3949      -3.646265    
   137.1018       133.2509      -3.963089    
   142.1004       133.2958      -3.590141    
   147.0855       133.6214      -2.271215    
   152.0289       134.3147      -1.780525    
   156.9416       135.2077     -0.8462975    
   161.8866       135.8773     -0.9716613    
   166.8759       136.1325     -0.8347178    
   171.8755       136.1387     -0.7005665    
   176.8751       136.0817     -0.8926892    
   181.8749       136.0535     -0.8039241    
   186.8749       136.0525     -0.6984208    
   191.8749       136.0529     -0.5192673    
   196.8749       136.0529     -0.4672476    
   201.8749       136.0529     -0.5263278    
   206.8749       136.0527     -0.5919757    
   211.8749       136.0551     -0.4653441    
   216.8748       136.0783     -0.4966865    
   221.8745       136.1376     -0.3668911    
   226.8739       136.2069     -0.4424737    
   231.8736       136.2099     -0.6945958    
   236.8703       136.0623     -0.9724996    
   241.8605       135.7682     -0.7080721    
   246.8531       135.5358     -0.8986499    
   251.8497       135.5898     -0.8317255    
   256.8403       135.8775     -0.6866749    
   261.8292       136.1960     -0.7048155    
   266.8226       136.4373     -0.5356543    
   271.8200       136.5835     -0.4620457    
   276.8195       136.6297     -0.4571939    
   281.8193       136.6011     -0.5197338    
   286.8188       136.5343     -0.5006065    
   291.8181       136.4500     -0.4191678    
   296.8170       136.3520     -0.5557153    
   301.8156       136.2361     -0.6662887    
   306.8141       136.1245     -0.8405594    
   311.8136       136.0844      -1.054474    
   316.8123       136.0143      -1.237092    
   321.7794       135.5559      -1.036247    
   326.7076       134.7469      -1.182047    
   331.6619       134.4733      -1.197517    
   336.6017       135.1292      -1.086856    
   341.4941       136.1194      -1.605168    
   346.3997       137.0454      -1.365445    
   351.3318       137.8293     -0.8687757    
   356.3008       138.3209     -0.6965579    
   361.2956       138.5218      -1.090448    
   366.2939       138.6463      -1.314448    
   371.2916       138.7922      -1.127346    
   376.2886       138.9579     -0.8248763    
   381.2849       139.1433     -0.7065674    
   386.2799       139.3558      -1.017825    
   391.2732       139.6044     -0.7533871    
   396.2645       139.8863      -1.458565    
   401.2549       140.1832      -1.136007    
   406.2462       140.4654      -1.008241    
   411.2407       140.6873     -0.7450618    
   416.2387       140.8099     -0.5855778    
   421.2385       140.8465     -0.5512670    
   426.2385       140.8504     -0.7151614    
   431.2385       140.8664     -0.9740182    
   436.2343       141.0188      -1.951914    
   441.2233       141.3345      -1.088102    
   446.2118       141.6584      -1.021713    
   451.2035       141.9337      -1.299352    
   456.1937       142.2318      -2.691588    
   461.1783       142.6053      -3.230632    
   466.1624       142.9877      -2.833467    
   471.1551       143.2148      -2.852996    
   476.1545       143.2677      -2.006458    
   481.8401       143.2702      -5.567858    
   489.3643       143.2702      -5.651715    
   507.4286       143.2702      -5.450619    
  -33.77417       131.3152      -5.062784    
  -15.70986       131.3152      -5.724494    
  -8.185690       131.3152      -2.710377    
  -2.500000       131.3152      -4.457441    
   2.481762       131.5958      -2.943652    
   7.434425       132.2304      -2.752007    
   12.38829       132.8556      -2.445191    
   17.37068       133.1768      -2.099727    
   22.36992       133.2549      -1.958590    
   27.36889       133.3438      -2.025375    
   32.36626       133.4921      -1.865562    
   37.36148       133.6940      -1.737657    
   42.35468       133.9363      -1.610668    
   47.34677       134.1978      -1.368150    
   52.33939       134.4500      -1.290579    
   57.33461       134.6501      -1.521253    
   62.33282       134.7647      -1.333190    
   67.33237       134.7684      -1.101694    
   72.33087       134.6640      -1.192514    
   77.32610       134.4664      -1.286062    
   82.31709       134.1889      -1.247092    
   87.30524       133.8689      -1.375352    
   92.29430       133.5621      -2.523013    
   97.28818       133.3403      -2.547870    
   102.2866       133.2420      -1.702617    
   107.2863       133.1947      -1.496335    
   112.2728       132.9252      -1.620989    
   117.2255       132.3031      -1.666264    
   122.1606       131.5553      -2.563994    
   127.1186       130.9726      -3.087356    
   132.1048       130.6451      -3.847258    
   137.1018       130.5054      -4.059729    
   142.1004       130.5490      -3.803968    
   147.0855       130.8647      -3.043332    
   152.0289       131.5372      -2.516087    
   156.9416       132.4034      -1.859235    
   161.8866       133.0527      -1.558076    
   166.8759       133.3003      -1.429122    
   171.8755       133.3063      -1.371193    
   176.8751       133.2510      -1.541197    
   181.8749       133.2236      -1.430894    
   186.8749       133.2227      -1.323953    
   191.8749       133.2231      -1.199389    
   196.8749       133.2231      -1.170998    
   201.8749       133.2231      -1.165105    
   206.8749       133.2229      -1.239626    
   211.8749       133.2252      -1.210620    
   216.8748       133.2477      -1.218926    
   221.8745       133.3052      -1.122670    
   226.8739       133.3724      -1.052810    
   231.8736       133.3753      -1.287676    
   236.8703       133.2322      -1.282093    
   241.8605       132.9470      -1.317490    
   246.8531       132.7215      -1.454566    
   251.8497       132.7738      -1.417964    
   256.8403       133.0529      -1.263545    
   261.8292       133.3618      -1.239434    
   266.8226       133.5959      -1.186759    
   271.8200       133.7377      -1.159656    
   276.8195       133.7825      -1.139855    
   281.8193       133.7548      -1.252220    
   286.8188       133.6900      -1.208257    
   291.8181       133.6082      -1.154349    
   296.8170       133.5132      -1.242719    
   301.8156       133.4008      -1.251244    
   306.8141       133.2925      -1.341651    
   311.8136       133.2536      -1.554648    
   316.8123       133.1856      -1.375415    
   321.7794       132.7410      -1.215705    
   326.7076       131.9564      -1.431687    
   331.6619       131.6910      -1.783658    
   336.6017       132.3271      -1.876869    
   341.4941       133.2876      -1.799571    
   346.3997       134.1857      -1.732146    
   351.3318       134.9460      -1.653379    
   356.3008       135.4228      -1.490260    
   361.2956       135.6176      -1.686113    
   366.2939       135.7384      -1.901409    
   371.2916       135.8799      -1.982767    
   376.2886       136.0407      -1.681961    
   381.2849       136.2204      -1.485468    
   386.2799       136.4265      -1.488892    
   391.2732       136.6677      -1.806163    
   396.2645       136.9411      -1.901919    
   401.2549       137.2291      -1.830681    
   406.2462       137.5027      -1.795866    
   411.2407       137.7180      -1.668780    
   416.2387       137.8369      -1.544682    
   421.2385       137.8724      -1.548886    
   426.2385       137.8761      -1.701062    
   431.2385       137.8917      -1.954133    
   436.2343       138.0394      -2.544144    
   441.2233       138.3456      -2.136435    
   446.2118       138.6598      -2.076012    
   451.2035       138.9268      -2.380607    
   456.1937       139.2159      -3.108378    
   461.1783       139.5782      -3.525055    
   466.1624       139.9491      -3.344178    
   471.1551       140.1694      -3.262175    
   476.1545       140.2207      -1.963311    
   481.8401       140.2231      -5.421808    
   489.3643       140.2231      -5.600464    
   507.4286       140.2231      -5.410904    
  -33.77417       128.3538      -5.013144    
  -15.70986       128.3538      -5.601522    
  -8.185690       128.3538      -4.427566    
  -2.500000       128.3538      -2.752914    
   2.481762       128.6251      -3.647708    
   7.434425       129.2386      -5.049470    
   12.38829       129.8431      -4.789592    
   17.37068       130.1537      -4.847645    
   22.36992       130.2291      -4.813653    
   27.36889       130.3151      -4.775428    
   32.36626       130.4585      -4.695385    
   37.36148       130.6536      -4.590814    
   42.35468       130.8879      -4.533494    
   47.34677       131.1408      -4.479499    
   52.33939       131.3846      -4.508972    
   57.33461       131.5780      -4.498374    
   62.33282       131.6889      -4.545920    
   67.33237       131.6924      -4.624690    
   72.33087       131.5914      -4.616015    
   77.32610       131.4005      -4.633156    
   82.31709       131.1322      -4.734123    
   87.30524       130.8228      -4.807454    
   92.29430       130.5262      -4.494526    
   97.28818       130.3116      -4.540831    
   102.2866       130.2167      -4.669205    
   107.2863       130.1709      -4.464223    
   112.2728       129.9104      -4.427868    
   117.2255       129.3089      -4.415237    
   122.1606       128.5859      -2.941443    
   127.1186       128.0226      -3.728329    
   132.1048       127.7059      -4.071271    
   137.1018       127.5708      -4.144712    
   142.1004       127.6130      -3.991401    
   147.0855       127.9183      -3.653312    
   152.0289       128.5684      -2.963073    
   156.9416       129.4059      -2.206234    
   161.8866       130.0337      -2.461295    
   166.8759       130.2731      -2.407206    
   171.8755       130.2789      -2.397706    
   176.8751       130.2254      -2.501715    
   181.8749       130.1989      -2.425997    
   186.8749       130.1980      -2.324497    
   191.8749       130.1983      -2.240087    
   196.8749       130.1983      -2.205047    
   201.8749       130.1983      -2.198359    
   206.8749       130.1982      -2.250624    
   211.8749       130.2005      -2.239973    
   216.8748       130.2222      -2.241545    
   221.8745       130.2778      -2.153100    
   226.8739       130.3428      -2.099577    
   231.8736       130.3456      -2.240563    
   236.8703       130.2072      -2.265328    
   241.8605       129.9314      -2.331019    
   246.8531       129.7134      -2.427498    
   251.8497       129.7641      -2.389480    
   256.8403       130.0339      -2.256943    
   261.8292       130.3325      -2.209418    
   266.8226       130.5588      -2.204561    
   271.8200       130.6960      -2.197157    
   276.8195       130.7393      -2.186424    
   281.8193       130.7124      -2.270289    
   286.8188       130.6498      -2.269628    
   291.8181       130.5708      -2.234471    
   296.8170       130.4788      -2.292798    
   301.8156       130.3701      -2.342121    
   306.8141       130.2655      -2.425078    
   311.8136       130.2279      -2.434059    
   316.8123       130.1622      -2.314510    
   321.7794       129.7323      -2.719323    
   326.7076       128.9738      -2.709614    
   331.6619       128.7171      -3.042300    
   336.6017       129.3322      -3.023271    
   341.4941       130.2607      -2.883027    
   346.3997       131.1291      -2.349903    
   351.3318       131.8641      -2.283109    
   356.3008       132.3251      -2.041376    
   361.2956       132.5135      -2.723928    
   366.2939       132.6302      -2.891378    
   371.2916       132.7671      -2.598800    
   376.2886       132.9225      -2.423460    
   381.2849       133.0963      -2.773850    
   386.2799       133.2955      -2.618851    
   391.2732       133.5287      -2.039269    
   396.2645       133.7930      -2.146260    
   401.2549       134.0715      -2.200140    
   406.2462       134.3360      -2.225739    
   411.2407       134.5442      -2.211956    
   416.2387       134.6591      -2.173362    
   421.2385       134.6935      -2.200149    
   426.2385       134.6971      -2.318272    
   431.2385       134.7121      -2.498805    
   436.2343       134.8550      -2.784466    
   441.2233       135.1510      -2.803089    
   446.2118       135.4547      -2.924452    
   451.2035       135.7129      -3.224082    
   456.1937       135.9924      -3.526598    
   461.1783       136.3427      -3.742620    
   466.1624       136.7012      -3.731289    
   471.1551       136.9142      -4.158177    
   476.1545       136.9639      -4.621794    
   481.8401       136.9662      -5.237458    
   489.3643       136.9662      -5.565434    
   507.4286       136.9662      -5.378105    
  -33.77417       125.1739      -4.959974    
  -15.70986       125.1739      -5.666900    
  -8.185690       125.1739      -4.889812    
  -2.500000       125.1739      -3.774260    
   2.481762       125.4352      -4.463011    
   7.434425       126.0261      -4.940041    
   12.38829       126.6083      -5.576591    
   17.37068       126.9075      -5.285646    
   22.36992       126.9801      -5.228157    
   27.36889       127.0629      -5.158177    
   32.36626       127.2010      -5.078527    
   37.36148       127.3890      -4.998134    
   42.35468       127.6146      -4.935344    
   47.34677       127.8582      -4.892524    
   52.33939       128.0931      -4.882200    
   57.33461       128.2793      -4.886262    
   62.33282       128.3861      -4.926138    
   67.33237       128.3895      -4.975211    
   72.33087       128.2923      -4.992063    
   77.32610       128.1083      -5.010871    
   82.31709       127.8499      -5.045916    
   87.30524       127.5519      -5.027161    
   92.29430       127.2662      -4.915606    
   97.28818       127.0596      -4.919711    
   102.2866       126.9681      -4.940475    
   107.2863       126.9241      -4.831675    
   112.2728       126.6731      -4.694104    
   117.2255       126.0938      -4.213089    
   122.1606       125.3975      -3.115769    
   127.1186       124.8549      -3.181872    
   132.1048       124.5499      -3.222589    
   137.1018       124.4198      -3.207160    
   142.1004       124.4603      -3.133914    
   147.0855       124.7544      -3.017611    
   152.0289       125.3806      -2.863458    
   156.9416       126.1872      -4.298331    
   161.8866       126.7919      -4.363753    
   166.8759       127.0225      -4.598496    
   171.8755       127.0280      -4.621406    
   176.8751       126.9765      -4.643688    
   181.8749       126.9510      -4.603045    
   186.8749       126.9501      -4.541867    
   191.8749       126.9505      -4.509797    
   196.8749       126.9505      -4.504888    
   201.8749       126.9505      -4.515731    
   206.8749       126.9503      -4.538850    
   211.8749       126.9525      -4.525206    
   216.8748       126.9735      -4.498732    
   221.8745       127.0270      -4.500565    
   226.8739       127.0896      -4.504968    
   231.8736       127.0923      -4.517755    
   236.8703       126.9591      -4.553746    
   241.8605       126.6934      -4.591725    
   246.8531       126.4834      -4.581785    
   251.8497       126.5322      -4.566792    
   256.8403       126.7921      -4.569015    
   261.8292       127.0797      -4.557665    
   266.8226       127.2977      -4.524652    
   271.8200       127.4297      -4.532775    
   276.8195       127.4715      -4.576464    
   281.8193       127.4456      -4.583927    
   286.8188       127.3853      -4.558527    
   291.8181       127.3092      -4.560050    
   296.8170       127.2206      -4.570802    
   301.8156       127.1160      -4.544845    
   306.8141       127.0152      -4.551995    
   311.8136       126.9790      -4.554497    
   316.8123       126.9157      -4.586443    
   321.7794       126.5017      -4.720256    
   326.7076       125.7710      -4.759839    
   331.6619       125.5238      -4.789952    
   336.6017       126.1162      -4.768873    
   341.4941       127.0106      -4.661447    
   346.3997       127.8469      -4.295986    
   351.3318       128.5549      -2.715902    
   356.3008       128.9989      -2.403146    
   361.2956       129.1804      -2.712119    
   366.2939       129.2928      -2.920104    
   371.2916       129.4245      -2.778083    
   376.2886       129.5742      -2.691648    
   381.2849       129.7417      -2.805289    
   386.2799       129.9336      -2.671944    
   391.2732       130.1582      -2.336187    
   396.2645       130.4128      -2.373506    
   401.2549       130.6809      -2.370082    
   406.2462       130.9357      -2.369128    
   411.2407       131.1362      -2.383798    
   416.2387       131.2469      -2.401709    
   421.2385       131.2800      -2.435795    
   426.2385       131.2835      -2.528118    
   431.2385       131.2979      -2.673382    
   436.2343       131.4355      -2.863327    
   441.2233       131.7207      -3.022913    
   446.2118       132.0132      -3.294859    
   451.2035       132.2618      -3.596820    
   456.1937       132.5311      -3.741316    
   461.1783       132.8684      -3.842493    
   466.1624       133.2138      -3.967891    
   471.1551       133.4189      -4.328513    
   476.1545       133.4668      -5.720050    
   481.8401       133.4690      -5.090116    
   489.3643       133.4690      -5.566654    
   507.4286       133.4690      -5.352926    
  -33.77417       121.7413      -6.384761    
  -15.70986       121.7413      -6.787098    
  -8.185690       121.7413      -6.335746    
  -2.500000       121.7413      -5.791400    
   2.481762       121.9919      -5.703639    
   7.434425       122.5584      -5.734776    
   12.38829       123.1165      -5.686085    
   17.37068       123.4034      -5.623995    
   22.36992       123.4730      -5.514712    
   27.36889       123.5524      -5.435873    
   32.36626       123.6848      -5.359243    
   37.36148       123.8650      -5.289270    
   42.35468       124.0813      -5.232182    
   47.34677       124.3148      -5.192382    
   52.33939       124.5400      -5.173844    
   57.33461       124.7186      -5.177450    
   62.33282       124.8209      -5.203365    
   67.33237       124.8242      -5.236258    
   72.33087       124.7309      -5.260424    
   77.32610       124.5546      -5.279324    
   82.31709       124.3068      -5.287076    
   87.30524       124.0211      -5.261538    
   92.29430       123.7473      -5.216372    
   97.28818       123.5492      -5.205244    
   102.2866       123.4615      -5.186774    
   107.2863       123.4193      -5.097697    
   112.2728       123.1786      -4.909526    
   117.2255       122.6232      -4.556876    
   122.1606       121.9557      -5.201154    
   127.1186       121.4355      -5.670810    
   132.1048       121.1431      -5.852737    
   137.1018       121.0183      -5.905488    
   142.1004       121.0573      -5.846848    
   147.0855       121.3392      -5.699858    
   152.0289       121.9395      -5.358922    
   156.9416       122.7128      -4.631832    
   161.8866       123.2925      -4.903339    
   166.8759       123.5135      -4.894896    
   171.8755       123.5189      -4.929406    
   176.8751       123.4696      -4.935837    
   181.8749       123.4451      -4.912752    
   186.8749       123.4443      -4.878704    
   191.8749       123.4446      -4.857407    
   196.8749       123.4446      -4.850815    
   201.8749       123.4446      -4.853576    
   206.8749       123.4444      -4.859499    
   211.8749       123.4465      -4.854023    
   216.8748       123.4666      -4.840721    
   221.8745       123.5179      -4.831227    
   226.8739       123.5779      -4.823704    
   231.8736       123.5806      -4.824043    
   236.8703       123.4528      -4.841753    
   241.8605       123.1981      -4.868662    
   246.8531       122.9968      -4.878715    
   251.8497       123.0435      -4.875971    
   256.8403       123.2927      -4.871244    
   261.8292       123.5684      -4.865890    
   266.8226       123.7774      -4.861618    
   271.8200       123.9041      -4.870893    
   276.8195       123.9441      -4.890978    
   281.8193       123.9193      -4.900675    
   286.8188       123.8614      -4.898561    
   291.8181       123.7885      -4.899656    
   296.8170       123.7036      -4.898818    
   301.8156       123.6032      -4.888563    
   306.8141       123.5066      -4.887496    
   311.8136       123.4719      -4.892406    
   316.8123       123.4112      -4.921856    
   321.7794       123.0143      -5.007253    
   326.7076       122.3138      -5.087670    
   331.6619       122.0768      -5.107502    
   336.6017       122.6448      -5.071036    
   341.4941       123.5022      -4.971463    
   346.3997       124.3040      -4.696474    
   351.3318       124.9827      -5.157116    
   356.3008       125.4084      -4.677269    
   361.2956       125.5824      -4.855409    
   366.2939       125.6901      -4.896534    
   371.2916       125.8165      -4.847340    
   376.2886       125.9600      -4.809324    
   381.2849       126.1205      -4.804797    
   386.2799       126.3045      -4.729338    
   391.2732       126.5198      -4.589148    
   396.2645       126.7639      -4.517658    
   401.2549       127.0210      -4.591725    
   406.2462       127.2653      -4.576077    
   411.2407       127.4575      -4.573379    
   416.2387       127.5636      -4.603957    
   421.2385       127.5953      -4.650479    
   426.2385       127.5986      -4.718303    
   431.2385       127.6125      -4.801009    
   436.2343       127.7445      -4.890545    
   441.2233       128.0178      -4.965197    
   446.2118       128.2982      -5.028390    
   451.2035       128.5366      -5.111177    
   456.1937       128.7948      -5.223610    
   461.1783       129.1181      -5.353025    
   466.1624       129.4493      -5.458559    
   471.1551       129.6459      -5.386490    
   476.1545       129.6918      -5.277909    
   481.8401       129.6939      -5.415873    
   489.3643       129.6939      -5.585095    
   507.4286       129.6939      -5.340663    
  -33.77417       118.0135      -6.385308    
  -15.70986       118.0135      -6.787521    
  -8.185690       118.0135      -6.488531    
  -2.500000       118.0135      -6.265050    
   2.481762       118.2522      -6.082124    
   7.434425       118.7923      -6.001360    
   12.38829       119.3243      -5.926150    
   17.37068       119.5977      -5.836274    
   22.36992       119.6640      -5.747653    
   27.36889       119.7397      -5.667458    
   32.36626       119.8660      -5.595705    
   37.36148       120.0378      -5.532987    
   42.35468       120.2439      -5.481944    
   47.34677       120.4665      -5.445636    
   52.33939       120.6811      -5.426470    
   57.33461       120.8514      -5.425958    
   62.33282       120.9489      -5.441170    
   67.33237       120.9520      -5.463655    
   72.33087       120.8632      -5.485029    
   77.32610       120.6951      -5.499936    
   82.31709       120.4589      -5.501719    
   87.30524       120.1866      -5.486233    
   92.29430       119.9255      -5.464768    
   97.28818       119.7367      -5.448459    
   102.2866       119.6531      -5.417293    
   107.2863       119.6129      -5.340251    
   112.2728       119.3835      -5.217983    
   117.2255       118.8540      -5.229373    
   122.1606       118.2177      -5.503954    
   127.1186       117.7218      -5.730386    
   132.1048       117.4431      -5.862321    
   137.1018       117.3242      -5.903056    
   142.1004       117.3613      -5.867499    
   147.0855       117.6301      -5.764156    
   152.0289       118.2023      -5.586274    
   156.9416       118.9394      -5.308975    
   161.8866       119.4921      -5.224066    
   166.8759       119.7027      -5.181045    
   171.8755       119.7078      -5.189816    
   176.8751       119.6608      -5.188215    
   181.8749       119.6375      -5.172020    
   186.8749       119.6367      -5.150930    
   191.8749       119.6370      -5.135929    
   196.8749       119.6370      -5.129009    
   201.8749       119.6370      -5.127416    
   206.8749       119.6368      -5.126796    
   211.8749       119.6388      -5.121691    
   216.8748       119.6580      -5.111295    
   221.8745       119.7069      -5.098725    
   226.8739       119.7641      -5.087029    
   231.8736       119.7666      -5.082606    
   236.8703       119.6448      -5.092632    
   241.8605       119.4020      -5.114140    
   246.8531       119.2101      -5.128654    
   251.8497       119.2547      -5.131315    
   256.8403       119.4922      -5.127027    
   261.8292       119.7551      -5.123693    
   266.8226       119.9542      -5.125802    
   271.8200       120.0750      -5.133489    
   276.8195       120.1131      -5.144817    
   281.8193       120.0895      -5.154026    
   286.8188       120.0343      -5.159302    
   291.8181       119.9648      -5.163000    
   296.8170       119.8839      -5.164249    
   301.8156       119.7882      -5.163744    
   306.8141       119.6961      -5.167490    
   311.8136       119.6630      -5.175838    
   316.8123       119.6051      -5.199577    
   321.7794       119.2268      -5.267673    
   326.7076       118.5591      -5.346387    
   331.6619       118.3332      -5.362442    
   336.6017       118.8746      -5.332793    
   341.4941       119.6919      -5.253873    
   346.3997       120.4562      -5.209143    
   351.3318       121.1031      -5.284999    
   356.3008       121.5089      -5.171168    
   361.2956       121.6748      -5.111309    
   366.2939       121.7775      -5.133563    
   371.2916       121.8979      -5.113307    
   376.2886       122.0348      -5.088008    
   381.2849       122.1877      -5.063986    
   386.2799       122.3631      -5.015402    
   391.2732       122.5684      -4.942477    
   396.2645       122.8010      -4.892107    
   401.2549       123.0461      -4.886199    
   406.2462       123.2790      -4.881359    
   411.2407       123.4621      -4.883195    
   416.2387       123.5633      -4.903563    
   421.2385       123.5935      -4.939450    
   426.2385       123.5967      -4.986754    
   431.2385       123.6100      -5.043406    
   436.2343       123.7357      -5.103935    
   441.2233       123.9963      -5.161745    
   446.2118       124.2636      -5.222904    
   451.2035       124.4909      -5.297235    
   456.1937       124.7369      -5.384512    
   461.1783       125.0452      -5.473632    
   466.1624       125.3608      -5.536763    
   471.1551       125.5482      -5.560483    
   476.1545       125.5920      -5.606069    
   481.8401       125.5940      -5.588522    
   489.3643       125.5940      -5.670945    
   507.4286       125.5940      -5.341465    
  -33.77417       113.9358      -6.388690    
  -15.70986       113.9358      -6.797650    
  -8.185690       113.9358      -6.639468    
  -2.500000       113.9358      -6.548750    
   2.481762       114.1617      -6.360588    
   7.434425       114.6728      -6.227564    
   12.38829       115.1762      -6.119207    
   17.37068       115.4350      -6.026625    
   22.36992       115.4978      -5.948566    
   27.36889       115.5694      -5.875281    
   32.36626       115.6889      -5.809442    
   37.36148       115.8514      -5.752829    
   42.35468       116.0465      -5.706850    
   47.34677       116.2571      -5.673543    
   52.33939       116.4603      -5.654091    
   57.33461       116.6214      -5.649112    
   62.33282       116.7137      -5.656188    
   67.33237       116.7167      -5.670426    
   72.33087       116.6326      -5.685715    
   77.32610       116.4735      -5.696457    
   82.31709       116.2499      -5.698595    
   87.30524       115.9922      -5.691696    
   92.29430       115.7452      -5.679886    
   97.28818       115.5665      -5.663056    
   102.2866       115.4874      -5.631294    
   107.2863       115.4493      -5.575781    
   112.2728       115.2323      -5.535099    
   117.2255       114.7313      -5.592287    
   122.1606       114.1291      -5.729571    
   127.1186       113.6599      -5.852408    
   132.1048       113.3961      -5.931890    
   137.1018       113.2836      -5.959194    
   142.1004       113.3186      -5.936837    
   147.0855       113.5730      -5.870059    
   152.0289       114.1145      -5.760596    
   156.9416       114.8120      -5.609008    
   161.8866       115.3350      -5.490750    
   166.8759       115.5344      -5.435489    
   171.8755       115.5392      -5.423884    
   176.8751       115.4947      -5.414644    
   181.8749       115.4726      -5.400217    
   186.8749       115.4719      -5.384695    
   191.8749       115.4722      -5.373063    
   196.8749       115.4722      -5.366055    
   201.8749       115.4722      -5.361967    
   206.8749       115.4720      -5.358109    
   211.8749       115.4739      -5.351913    
   216.8748       115.4921      -5.342067    
   221.8745       115.5383      -5.329443    
   226.8739       115.5924      -5.317020    
   231.8736       115.5948      -5.310676    
   236.8703       115.4796      -5.316991    
   241.8605       115.2498      -5.334710    
   246.8531       115.0682      -5.348459    
   251.8497       115.1104      -5.352547    
   256.8403       115.3352      -5.349148    
   261.8292       115.5839      -5.345965    
   266.8226       115.7724      -5.348203    
   271.8200       115.8866      -5.354156    
   276.8195       115.9228      -5.362535    
   281.8193       115.9004      -5.371258    
   286.8188       115.8482      -5.378863    
   291.8181       115.7824      -5.385221    
   296.8170       115.7058      -5.390567    
   301.8156       115.6153      -5.396745    
   306.8141       115.5281      -5.405786    
   311.8136       115.4968      -5.416775    
   316.8123       115.4420      -5.437139    
   321.7794       115.0840      -5.494700    
   326.7076       114.4521      -5.562812    
   331.6619       114.2384      -5.576584    
   336.6017       114.7507      -5.557561    
   341.4941       115.5241      -5.498414    
   346.3997       116.2474      -5.467965    
   351.3318       116.8596      -5.464438    
   356.3008       117.2437      -5.391423    
   361.2956       117.4006      -5.345859    
   366.2939       117.4977      -5.342104    
   371.2916       117.6117      -5.333029    
   376.2886       117.7412      -5.315572    
   381.2849       117.8860      -5.293304    
   386.2799       118.0519      -5.260308    
   391.2732       118.2462      -5.217368    
   396.2645       118.4663      -5.179918    
   401.2549       118.6983      -5.158706    
   406.2462       118.9186      -5.148722    
   411.2407       119.0920      -5.149154    
   416.2387       119.1877      -5.163492    
   421.2385       119.2163      -5.190524    
   426.2385       119.2194      -5.226452    
   431.2385       119.2319      -5.269497    
   436.2343       119.3509      -5.314939    
   441.2233       119.5975      -5.359790    
   446.2118       119.8504      -5.410991    
   451.2035       120.0655      -5.473752    
   456.1937       120.2983      -5.543521    
   461.1783       120.5900      -5.611376    
   466.1624       120.8887      -5.669381    
   471.1551       121.0661      -5.727585    
   476.1545       121.1075      -5.814322    
   481.8401       121.1095      -5.763083    
   489.3643       121.1095      -5.774239    
   507.4286       121.1095      -5.360414    
  -33.77417       109.4377      -6.395682    
  -15.70986       109.4377      -6.833700    
  -8.185690       109.4377      -6.769584    
  -2.500000       109.4377      -6.746411    
   2.481762       109.6495      -6.575141    
   7.434425       110.1285      -6.429124    
   12.38829       110.6005      -6.305217    
   17.37068       110.8431      -6.208381    
   22.36992       110.9020      -6.134923    
   27.36889       110.9691      -6.068303    
   32.36626       111.0811      -6.008454    
   37.36148       111.2335      -5.957088    
   42.35468       111.4164      -5.915113    
   47.34677       111.6138      -5.883708    
   52.33939       111.8043      -5.863261    
   57.33461       111.9553      -5.854046    
   62.33282       112.0418      -5.854475    
   67.33237       112.0446      -5.861556    
   72.33087       111.9657      -5.870819    
   77.32610       111.8166      -5.878141    
   82.31709       111.6071      -5.881148    
   87.30524       111.3655      -5.878988    
   92.29430       111.1339      -5.871705    
   97.28818       110.9664      -5.856881    
   102.2866       110.8923      -5.830839    
   107.2863       110.8566      -5.796759    
   112.2728       110.6531      -5.789372    
   117.2255       110.1834      -5.838160    
   122.1606       109.6189      -5.913552    
   127.1186       109.1790      -5.977682    
   132.1048       108.9318      -6.020259    
   137.1018       108.8263      -6.034115    
   142.1004       108.8592      -6.018200    
   147.0855       109.0976      -5.974274    
   152.0289       109.6052      -5.904221    
   156.9416       110.2591      -5.804631    
   161.8866       110.7494      -5.708376    
   166.8759       110.9363      -5.653874    
   171.8755       110.9408      -5.633629    
   176.8751       110.8991      -5.619493    
   181.8749       110.8784      -5.604896    
   186.8749       110.8776      -5.591288    
   191.8749       110.8779      -5.580846    
   196.8749       110.8779      -5.573364    
   201.8749       110.8779      -5.567580    
   206.8749       110.8778      -5.561795    
   211.8749       110.8796      -5.554667    
   216.8748       110.8966      -5.545147    
   221.8745       110.9400      -5.533323    
   226.8739       110.9907      -5.521472    
   231.8736       110.9929      -5.514674    
   236.8703       110.8849      -5.518922    
   241.8605       110.6695      -5.533525    
   246.8531       110.4993      -5.545021    
   251.8497       110.5388      -5.548695    
   256.8403       110.7495      -5.545449    
   261.8292       110.9827      -5.541644    
   266.8226       111.1594      -5.542633    
   271.8200       111.2665      -5.547236    
   276.8195       111.3003      -5.554569    
   281.8193       111.2794      -5.563255    
   286.8188       111.2305      -5.571962    
   291.8181       111.1687      -5.580338    
   296.8170       111.0969      -5.588929    
   301.8156       111.0121      -5.599142    
   306.8141       110.9304      -5.611408    
   311.8136       110.9010      -5.623744    
   316.8123       110.8497      -5.641940    
   321.7794       110.5141      -5.691670    
   326.7076       109.9218      -5.749823    
   331.6619       109.7214      -5.761923    
   336.6017       110.2016      -5.752884    
   341.4941       110.9267      -5.704637    
   346.3997       111.6047      -5.673640    
   351.3318       112.1786      -5.651217    
   356.3008       112.5386      -5.583248    
   361.2956       112.6857      -5.543224    
   366.2939       112.7768      -5.537652    
   371.2916       112.8837      -5.531488    
   376.2886       113.0050      -5.522026    
   381.2849       113.1407      -5.507159    
   386.2799       113.2963      -5.486133    
   391.2732       113.4784      -5.459483    
   396.2645       113.6848      -5.432200    
   401.2549       113.9022      -5.410322    
   406.2462       114.1088      -5.396591    
   411.2407       114.2713      -5.392874    
   416.2387       114.3611      -5.401278    
   421.2385       114.3878      -5.420735    
   426.2385       114.3907      -5.448033    
   431.2385       114.4025      -5.481226    
   436.2343       114.5140      -5.516334    
   441.2233       114.7451      -5.551032    
   446.2118       114.9823      -5.591706    
   451.2035       115.1839      -5.642810    
   456.1937       115.4022      -5.699992    
   461.1783       115.6756      -5.757893    
   466.1624       115.9556      -5.816020    
   471.1551       116.1219      -5.885913    
   476.1545       116.1607      -5.981989    
   481.8401       116.1625      -5.915946    
   489.3643       116.1625      -5.883393    
   507.4286       116.1625      -5.397068    
  -33.77417       104.4251      -6.407730    
  -15.70986       104.4251      -6.885883    
  -8.185690       104.4251      -6.881849    
  -2.500000       104.4251      -6.900358    
   2.481762       104.6212      -6.749471    
   7.434425       105.0646      -6.608719    
   12.38829       105.5015      -6.483017    
   17.37068       105.7260      -6.384900    
   22.36992       105.7805      -6.313524    
   27.36889       105.8427      -6.251444    
   32.36626       105.9463      -6.196538    
   37.36148       106.0873      -6.149335    
   42.35468       106.2567      -6.110189    
   47.34677       106.4394      -6.079725    
   52.33939       106.6157      -6.057846    
   57.33461       106.7555      -6.044752    
   62.33282       106.8356      -6.039619    
   67.33237       106.8381      -6.040665    
   72.33087       106.7651      -6.044764    
   77.32610       106.6271      -6.049021    
   82.31709       106.4332      -6.051677    
   87.30524       106.2096      -6.051256    
   92.29430       105.9952      -6.046064    
   97.28818       105.8402      -6.033733    
   102.2866       105.7715      -6.013818    
   107.2863       105.7385      -5.991940    
   112.2728       105.5501      -5.992833    
   117.2255       105.1154      -6.026811    
   122.1606       104.5929      -6.068385    
   127.1186       104.1857      -6.098407    
   132.1048       103.9569      -6.117067    
   137.1018       103.8593      -6.120330    
   142.1004       103.8897      -6.106824    
   147.0855       104.1104      -6.076476    
   152.0289       104.5803      -6.029425    
   156.9416       105.1855      -5.959497    
   161.8866       105.6393      -5.883817    
   166.8759       105.8122      -5.841501    
   171.8755       105.8165      -5.819716    
   176.8751       105.7778      -5.803992    
   181.8749       105.7587      -5.789303    
   186.8749       105.7580      -5.776198    
   191.8749       105.7582      -5.765748    
   196.8749       105.7583      -5.757430    
   201.8749       105.7583      -5.750289    
   206.8749       105.7581      -5.743316    
   211.8749       105.7598      -5.735670    
   216.8748       105.7755      -5.726479    
   221.8745       105.8157      -5.715660    
   226.8739       105.8626      -5.704820    
   231.8736       105.8647      -5.698238    
   236.8703       105.7647      -5.701225    
   241.8605       105.5654      -5.713190    
   246.8531       105.4078      -5.722205    
   251.8497       105.4444      -5.724837    
   256.8403       105.6394      -5.721360    
   261.8292       105.8553      -5.716832    
   266.8226       106.0188      -5.716579    
   271.8200       106.1179      -5.720150    
   276.8195       106.1492      -5.726969    
   281.8193       106.1298      -5.735774    
   286.8188       106.0846      -5.745210    
   291.8181       106.0275      -5.754958    
   296.8170       105.9610      -5.765501    
   301.8156       105.8824      -5.777744    
   306.8141       105.8068      -5.791389    
   311.8136       105.7796      -5.804093    
   316.8123       105.7321      -5.820592    
   321.7794       105.4215      -5.864434    
   326.7076       104.8732      -5.914705    
   331.6619       104.6877      -5.925332    
   336.6017       105.1322      -5.924130    
   341.4941       105.8034      -5.883944    
   346.3997       106.4309      -5.853301    
   351.3318       106.9622      -5.825734    
   356.3008       107.2954      -5.760031    
   361.2956       107.4315      -5.722031    
   366.2939       107.5159      -5.718683    
   371.2916       107.6148      -5.715984    
   376.2886       107.7271      -5.713047    
   381.2849       107.8528      -5.706212    
   386.2799       107.9968      -5.694772    
   391.2732       108.1653      -5.678772    
   396.2645       108.3564      -5.659758    
   401.2549       108.5576      -5.641354    
   406.2462       108.7488      -5.627038    
   411.2407       108.8992      -5.620028    
   416.2387       108.9823      -5.623190    
   421.2385       109.0071      -5.635974    
   426.2385       109.0098      -5.655726    
   431.2385       109.0207      -5.680816    
   436.2343       109.1239      -5.707697    
   441.2233       109.3378      -5.734340    
   446.2118       109.5574      -5.766158    
   451.2035       109.7439      -5.807749    
   456.1937       109.9460      -5.856218    
   461.1783       110.1991      -5.908299    
   466.1624       110.4583      -5.965343    
   471.1551       110.6122      -6.036916    
   476.1545       110.6481      -6.131544    
   481.8401       110.6497      -6.053250    
   489.3643       110.6497      -5.990764    
   507.4286       110.6497      -5.449389    
  -33.77417       98.76926      -6.424794    
  -15.70986       98.76926      -6.943602    
  -8.185690       98.76926      -6.980735    
  -2.500000       98.76926      -7.028489    
   2.481762       98.94752      -6.897127    
   7.434425       99.35075      -6.768782    
   12.38829       99.74802      -6.649484    
   17.37068       99.95215      -6.554250    
   22.36992       100.0017      -6.485209    
   27.36889       100.0582      -6.426508    
   32.36626       100.1525      -6.375262    
   37.36148       100.2807      -6.331192    
   42.35468       100.4347      -6.293980    
   47.34677       100.6009      -6.263829    
   52.33939       100.7612      -6.240421    
   57.33461       100.8883      -6.224002    
   62.33282       100.9611      -6.214288    
   67.33237       100.9634      -6.210325    
   72.33087       100.8971      -6.209955    
   77.32610       100.7716      -6.211068    
   82.31709       100.5952      -6.212060    
   87.30524       100.3919      -6.211102    
   92.29430       100.1970      -6.206089    
   97.28818       100.0560      -6.195026    
   102.2866       99.99355      -6.178415    
   107.2863       99.96349      -6.160921    
   112.2728       99.79222      -6.160496    
   117.2255       99.39693      -6.181417    
   122.1606       98.92178      -6.202395    
   127.1186       98.55151      -6.212131    
   132.1048       98.34343      -6.215878    
   137.1018       98.25465      -6.211803    
   142.1004       98.28233      -6.198850    
   147.0855       98.48299      -6.176284    
   152.0289       98.91029      -6.143573    
   156.9416       99.46066      -6.092503    
   161.8866       99.87329      -6.033113    
   166.8759       100.0306      -6.002649    
   171.8755       100.0344      -5.983815    
   176.8751       99.99930      -5.969041    
   181.8749       99.98188      -5.955087    
   186.8749       99.98126      -5.942295    
   191.8749       99.98149      -5.931547    
   196.8749       99.98150      -5.922405    
   201.8749       99.98149      -5.914239    
   206.8749       99.98139      -5.906445    
   211.8749       99.98287      -5.898509    
   216.8748       99.99718      -5.889730    
   221.8745       100.0337      -5.879870    
   226.8739       100.0764      -5.870141    
   231.8736       100.0783      -5.864019    
   236.8703       99.98734      -5.866139    
   241.8605       99.80609      -5.875890    
   246.8531       99.66279      -5.882573    
   251.8497       99.69608      -5.884161    
   256.8403       99.87341      -5.880473    
   261.8292       100.0697      -5.875464    
   266.8226       100.2184      -5.874325    
   271.8200       100.3085      -5.877091    
   276.8195       100.3370      -5.883474    
   281.8193       100.3194      -5.892228    
   286.8188       100.2782      -5.902087    
   291.8181       100.2263      -5.912591    
   296.8170       100.1659      -5.924053    
   301.8156       100.0944      -5.937051    
   306.8141       100.0256      -5.950866    
   311.8136       100.0009      -5.963349    
   316.8123       99.95772      -5.978532    
   321.7794       99.67523      -6.017899    
   326.7076       99.17667      -6.061924    
   331.6619       99.00801      -6.070899    
   336.6017       99.41222      -6.075680    
   341.4941       100.0225      -6.042733    
   346.3997       100.5932      -6.013525    
   351.3318       101.0763      -5.984254    
   356.3008       101.3793      -5.922943    
   361.2956       101.5031      -5.887283    
   366.2939       101.5798      -5.886171    
   371.2916       101.6697      -5.886894    
   376.2886       101.7719      -5.889447    
   381.2849       101.8861      -5.889720    
   386.2799       102.0170      -5.886130    
   391.2732       102.1703      -5.878188    
   396.2645       102.3440      -5.866316    
   401.2549       102.5270      -5.852595    
   406.2462       102.7009      -5.839890    
   411.2407       102.8377      -5.831573    
   416.2387       102.9132      -5.830875    
   421.2385       102.9358      -5.838091    
   426.2385       102.9382      -5.851326    
   431.2385       102.9481      -5.869351    
   436.2343       103.0419      -5.889366    
   441.2233       103.2365      -5.909486    
   446.2118       103.4361      -5.934329    
   451.2035       103.6058      -5.968663    
   456.1937       103.7895      -6.010695    
   461.1783       104.0197      -6.058226    
   466.1624       104.2553      -6.112443    
   471.1551       104.3953      -6.181039    
   476.1545       104.4279      -6.269927    
   481.8401       104.4295      -6.179676    
   489.3643       104.4295      -6.094039    
   507.4286       104.4295      -5.513453    
  -33.77417       92.28692      -6.444183    
  -15.70986       92.28692      -6.999813    
  -8.185690       92.28692      -7.068209    
  -2.500000       92.28692      -7.138592    
   2.481762       92.44483      -7.024863    
   7.434425       92.80198      -6.911181    
   12.38829       93.15384      -6.802317    
   17.37068       93.33465      -6.713184    
   22.36992       93.37855      -6.647871    
   27.36889       93.42858      -6.592535    
   32.36626       93.51208      -6.544415    
   37.36148       93.62569      -6.502858    
   42.35468       93.76205      -6.467165    
   47.34677       93.90923      -6.437245    
   52.33939       94.05121      -6.412631    
   57.33461       94.16380      -6.393640    
   62.33282       94.22831      -6.380287    
   67.33237       94.23037      -6.372126    
   72.33087       94.17159      -6.367676    
   77.32610       94.06042      -6.365258    
   82.31709       93.90422      -6.363400    
   87.30524       93.72411      -6.360155    
   92.29430       93.55146      -6.353437    
   97.28818       93.42661      -6.341569    
   102.2866       93.37131      -6.325085    
   107.2863       93.34469      -6.307371    
   112.2728       93.19299      -6.302686    
   117.2255       92.84286      -6.313293    
   122.1606       92.42202      -6.320976    
   127.1186       92.09407      -6.318442    
   132.1048       91.90976      -6.313218    
   137.1018       91.83113      -6.304360    
   142.1004       91.85565      -6.291210    
   147.0855       92.03337      -6.273238    
   152.0289       92.41184      -6.249838    
   156.9416       92.89931      -6.211479    
   161.8866       93.26480      -6.164601    
   166.8759       93.40413      -6.142514    
   171.8755       93.40750      -6.128240    
   176.8751       93.37640      -6.115939    
   181.8749       93.36098      -6.103446    
   186.8749       93.36044      -6.091379    
   191.8749       93.36063      -6.080595    
   196.8749       93.36064      -6.070947    
   201.8749       93.36063      -6.062144    
   206.8749       93.36054      -6.053864    
   211.8749       93.36186      -6.045807    
   216.8748       93.37454      -6.037406    
   221.8745       93.40688      -6.028431    
   226.8739       93.44470      -6.019689    
   231.8736       93.44635      -6.014099    
   236.8703       93.36582      -6.015578    
   241.8605       93.20527      -6.023399    
   246.8531       93.07835      -6.028102    
   251.8497       93.10783      -6.028832    
   256.8403       93.26490      -6.025146    
   261.8292       93.43874      -6.020005    
   266.8226       93.57047      -6.018346    
   271.8200       93.65030      -6.020503    
   276.8195       93.67554      -6.026339    
   281.8193       93.65989      -6.034843    
   286.8188       93.62345      -6.044664    
   291.8181       93.57744      -6.055328    
   296.8170       93.52392      -6.066977    
   301.8156       93.46066      -6.079892    
   306.8141       93.39973      -6.093314    
   311.8136       93.37785      -6.105278    
   316.8123       93.33959      -6.119383    
   321.7794       93.08938      -6.155255    
   326.7076       92.64779      -6.194001    
   331.6619       92.49840      -6.201306    
   336.6017       92.85643      -6.210545    
   341.4941       93.39696      -6.184373    
   346.3997       93.90244      -6.156581    
   351.3318       94.33030      -6.127141    
   356.3008       94.59869      -6.071841    
   361.2956       94.70834      -6.038982    
   366.2939       94.77627      -6.039625    
   371.2916       94.85593      -6.042915    
   376.2886       94.94642      -6.049738    
   381.2849       95.04758      -6.055726    
   386.2799       95.16358      -6.058521    
   391.2732       95.29931      -6.057306    
   396.2645       95.45317      -6.051811    
   401.2549       95.61526      -6.043219    
   406.2462       95.76926      -6.033497    
   411.2407       95.89043      -6.025603    
   416.2387       95.95733      -6.022831    
   421.2385       95.97731      -6.026009    
   426.2385       95.97943      -6.034004    
   431.2385       95.98818      -6.046063    
   436.2343       96.07135      -6.060397    
   441.2233       96.24365      -6.075368    
   446.2118       96.42047      -6.094760    
   451.2035       96.57073      -6.123321    
   456.1937       96.73344      -6.160060    
   461.1783       96.93733      -6.203276    
   466.1624       97.14609      -6.253551    
   471.1551       97.27006      -6.316991    
   476.1545       97.29897      -6.398352    
   481.8401       97.30029      -6.296505    
   489.3643       97.30029      -6.191716    
   507.4286       97.30029      -5.583188    
  -33.77417       84.70639      -6.458800    
  -15.70986       84.70639      -7.048263    
  -8.185690       84.70639      -7.143141    
  -2.500000       84.70639      -7.232671    
   2.481762       84.84047      -7.134821    
   7.434425       85.14374      -7.035910    
   12.38829       85.44250      -6.938986    
   17.37068       85.59602      -6.857906    
   22.36992       85.63330      -6.797775    
   27.36889       85.67580      -6.746619    
   32.36626       85.74669      -6.701927    
   37.36148       85.84315      -6.663029    
   42.35468       85.95895      -6.629104    
   47.34677       86.08392      -6.599833    
   52.33939       86.20448      -6.574760    
   57.33461       86.30008      -6.554050    
   62.33282       86.35486      -6.537976    
   67.33237       86.35661      -6.526314    
   72.33087       86.30669      -6.517916    
   77.32610       86.21230      -6.511523    
   82.31709       86.07966      -6.505714    
   87.30524       85.92673      -6.498697    
   92.29430       85.78013      -6.488529    
   97.28818       85.67411      -6.473774    
   102.2866       85.62716      -6.455058    
   107.2863       85.60456      -6.434871    
   112.2728       85.47575      -6.425312    
   117.2255       85.17844      -6.428006    
   122.1606       84.82110      -6.426741    
   127.1186       84.54264      -6.416507    
   132.1048       84.38613      -6.405905    
   137.1018       84.31937      -6.394064    
   142.1004       84.34019      -6.380527    
   147.0855       84.49109      -6.365422    
   152.0289       84.81246      -6.348421    
   156.9416       85.22638      -6.319109    
   161.8866       85.53673      -6.281530    
   166.8759       85.65503      -6.265002    
   171.8755       85.65790      -6.255059    
   176.8751       85.63148      -6.245700    
   181.8749       85.61840      -6.235244    
   186.8749       85.61794      -6.224367    
   191.8749       85.61810      -6.214049    
   196.8749       85.61810      -6.204425    
   201.8749       85.61810      -6.195450    
   206.8749       85.61802      -6.187057    
   211.8749       85.61914      -6.179069    
   216.8748       85.62991      -6.171071    
   221.8745       85.65736      -6.162853    
   226.8739       85.68948      -6.154994    
   231.8736       85.69088      -6.149835    
   236.8703       85.62250      -6.150752    
   241.8605       85.48617      -6.156931    
   246.8531       85.37840      -6.159892    
   251.8497       85.40344      -6.160009    
   256.8403       85.53680      -6.156532    
   261.8292       85.68442      -6.151528    
   266.8226       85.79627      -6.149626    
   271.8200       85.86406      -6.151289    
   276.8195       85.88549      -6.156538    
   281.8193       85.87220      -6.164408    
   286.8188       85.84126      -6.173774    
   291.8181       85.80219      -6.184070    
   296.8170       85.75674      -6.195287    
   301.8156       85.70303      -6.207592    
   306.8141       85.65130      -6.220199    
   311.8136       85.63272      -6.231565    
   316.8123       85.60023      -6.244730    
   321.7794       85.38776      -6.277581    
   326.7076       85.01280      -6.311647    
   331.6619       84.88596      -6.317251    
   336.6017       85.18996      -6.330047    
   341.4941       85.64894      -6.309326    
   346.3997       86.07815      -6.282867    
   351.3318       86.44146      -6.253672    
   356.3008       86.66934      -6.204215    
   361.2956       86.76245      -6.174559    
   366.2939       86.82014      -6.175726    
   371.2916       86.88777      -6.180449    
   376.2886       86.96461      -6.190255    
   381.2849       87.05051      -6.200377    
   386.2799       87.14902      -6.208189    
   391.2732       87.26426      -6.212639    
   396.2645       87.39491      -6.212939    
   401.2549       87.53254      -6.209512    
   406.2462       87.66331      -6.203658    
   411.2407       87.76619      -6.197620    
   416.2387       87.82300      -6.194446    
   421.2385       87.83997      -6.195312    
   426.2385       87.84176      -6.199612    
   431.2385       87.84920      -6.207195    
   436.2343       87.91981      -6.217203    
   441.2233       88.06612      -6.228266    
   446.2118       88.21626      -6.243419    
   451.2035       88.34385      -6.267201    
   456.1937       88.48203      -6.299291    
   461.1783       88.65514      -6.338187    
   466.1624       88.83239      -6.383843    
   471.1551       88.93765      -6.441254    
   476.1545       88.96221      -6.514446    
   481.8401       88.96335      -6.400974    
   489.3643       88.96335      -6.279071    
   507.4286       88.96335      -5.648407    
  -33.77417       75.60016      -6.453508    
  -15.70986       75.60016      -7.078451    
  -8.185690       75.60016      -7.201310    
  -2.500000       75.60016      -7.308096    
   2.481762       75.70561      -7.224820    
   7.434425       75.94414      -7.139208    
   12.38829       76.17914      -7.053797    
   17.37068       76.29989      -6.981890    
   22.36992       76.32921      -6.928773    
   27.36889       76.36263      -6.883053    
   32.36626       76.41840      -6.842811    
   37.36148       76.49427      -6.807437    
   42.35468       76.58534      -6.776115    
   47.34677       76.68364      -6.748508    
   52.33939       76.77846      -6.723990    
   57.33461       76.85366      -6.702772    
   62.33282       76.89674      -6.684989    
   67.33237       76.89812      -6.670582    
   72.33087       76.85886      -6.658541    
   77.32610       76.78461      -6.647782    
   82.31709       76.68029      -6.637165    
   87.30524       76.56001      -6.625105    
   92.29430       76.44469      -6.610039    
   97.28818       76.36131      -6.590937    
   102.2866       76.32438      -6.568475    
   107.2863       76.30660      -6.544531    
   112.2728       76.20528      -6.529762    
   117.2255       75.97144      -6.525978    
   122.1606       75.69038      -6.518466    
   127.1186       75.47135      -6.503167    
   132.1048       75.34826      -6.488968    
   137.1018       75.29574      -6.475222    
   142.1004       75.31212      -6.461627    
   147.0855       75.43081      -6.448625    
   152.0289       75.68358      -6.435978    
   156.9416       76.00915      -6.412869    
   161.8866       76.25325      -6.382303    
   166.8759       76.34630      -6.370294    
   171.8755       76.34855      -6.364224    
   176.8751       76.32778      -6.357748    
   181.8749       76.31749      -6.349564    
   186.8749       76.31712      -6.340268    
   191.8749       76.31725      -6.331025    
   196.8749       76.31725      -6.322097    
   201.8749       76.31725      -6.313539    
   206.8749       76.31718      -6.305466    
   211.8749       76.31807      -6.297904    
   216.8748       76.32654      -6.290455    
   221.8745       76.34814      -6.282938    
   226.8739       76.37340      -6.275793    
   231.8736       76.37450      -6.270897    
   236.8703       76.32071      -6.271269    
   241.8605       76.21349      -6.276114    
   246.8531       76.12872      -6.277696    
   251.8497       76.14841      -6.277214    
   256.8403       76.25331      -6.273876    
   261.8292       76.36942      -6.269063    
   266.8226       76.45739      -6.266993    
   271.8200       76.51070      -6.268169    
   276.8195       76.52757      -6.272646    
   281.8193       76.51711      -6.279610    
   286.8188       76.49277      -6.287996    
   291.8181       76.46204      -6.297323    
   296.8170       76.42630      -6.307553    
   301.8156       76.38405      -6.318740    
   306.8141       76.34336      -6.330166    
   311.8136       76.32875      -6.340448    
   316.8123       76.30320      -6.352354    
   321.7794       76.13609      -6.382412    
   326.7076       75.84116      -6.412312    
   331.6619       75.74139      -6.416189    
   336.6017       75.98050      -6.431599    
   341.4941       76.34151      -6.413515    
   346.3997       76.67910      -6.388508    
   351.3318       76.96486      -6.359276    
   356.3008       77.14410      -6.313104    
   361.2956       77.21733      -6.286740    
   366.2939       77.26270      -6.286648    
   371.2916       77.31591      -6.291821    
   376.2886       77.37634      -6.303324    
   381.2849       77.44391      -6.316036    
   386.2799       77.52139      -6.327516    
   391.2732       77.61202      -6.336424    
   396.2645       77.71479      -6.341718    
   401.2549       77.82304      -6.343326    
   406.2462       77.92590      -6.341684    
   411.2407       78.00681      -6.338539    
   416.2387       78.05150      -6.336499    
   421.2385       78.06484      -6.336729    
   426.2385       78.06626      -6.339200    
   431.2385       78.07211      -6.344183    
   436.2343       78.12765      -6.351482    
   441.2233       78.24273      -6.359617    
   446.2118       78.36082      -6.371341    
   451.2035       78.46117      -6.391298    
   456.1937       78.56985      -6.419247    
   461.1783       78.70601      -6.453615    
   466.1624       78.84543      -6.494156    
   471.1551       78.92822      -6.545302    
   476.1545       78.94754      -6.610546    
   481.8401       78.94843      -6.485641    
   489.3643       78.94843      -6.341976    
   507.4286       78.94843      -5.689769    
  -33.77417       56.32260      -5.722421    
  -15.70986       56.32260      -6.493093    
  -8.185690       56.32260      -6.642150    
  -2.500000       56.32260      -6.770045    
   2.481762       56.36747      -6.707364    
   7.434425       56.46896      -6.644988    
   12.38829       56.56895      -6.581264    
   17.37068       56.62033      -6.525718    
   22.36992       56.63280      -6.484683    
   27.36889       56.64702      -6.449637    
   32.36626       56.67075      -6.418928    
   37.36148       56.70303      -6.391827    
   42.35468       56.74178      -6.367222    
   47.34677       56.78361      -6.344422    
   52.33939       56.82395      -6.322513    
   57.33461       56.85595      -6.301205    
   62.33282       56.87428      -6.280589    
   67.33237       56.87487      -6.260627    
   72.33087       56.85816      -6.240883    
   77.32610       56.82657      -6.220908    
   82.31709       56.78218      -6.200160    
   87.30524       56.73100      -6.177933    
   92.29430       56.68194      -6.153507    
   97.28818       56.64646      -6.126742    
   102.2866       56.63075      -6.098951    
   107.2863       56.62318      -6.071690    
   112.2728       56.58007      -6.053232    
   117.2255       56.48058      -6.043402    
   122.1606       56.36099      -6.028821    
   127.1186       56.26780      -6.007987    
   132.1048       56.21542      -5.990521    
   137.1018       56.19307      -5.974961    
   142.1004       56.20005      -5.960900    
   147.0855       56.25055      -5.950108    
   152.0289       56.35809      -5.943684    
   156.9416       56.49662      -5.928371    
   161.8866       56.60048      -5.903983    
   166.8759       56.64007      -5.893465    
   171.8755       56.64103      -5.889479    
   176.8751       56.63219      -5.886014    
   181.8749       56.62782      -5.881732    
   186.8749       56.62766      -5.876795    
   191.8749       56.62771      -5.871593    
   196.8749       56.62772      -5.866237    
   201.8749       56.62771      -5.860828    
   206.8749       56.62769      -5.855454    
   211.8749       56.62806      -5.850152    
   216.8748       56.63167      -5.844829    
   221.8745       56.64086      -5.839449    
   226.8739       56.65160      -5.834176    
   231.8736       56.65207      -5.830277    
   236.8703       56.62919      -5.829905    
   241.8605       56.58356      -5.832172    
   246.8531       56.54750      -5.831130    
   251.8497       56.55588      -5.829919    
   256.8403       56.60051      -5.827214    
   261.8292       56.64991      -5.822689    
   266.8226       56.68734      -5.819871    
   271.8200       56.71003      -5.819255    
   276.8195       56.71720      -5.820981    
   281.8193       56.71275      -5.824528    
   286.8188       56.70240      -5.829172    
   291.8181       56.68932      -5.834536    
   296.8170       56.67411      -5.840571    
   301.8156       56.65614      -5.847331    
   306.8141       56.63882      -5.854316    
   311.8136       56.63261      -5.860827    
   316.8123       56.62173      -5.868817    
   321.7794       56.55063      -5.891996    
   326.7076       56.42514      -5.912447    
   331.6619       56.38269      -5.911037    
   336.6017       56.48443      -5.927868    
   341.4941       56.63803      -5.905879    
   346.3997       56.78168      -5.880901    
   351.3318       56.90327      -5.852837    
   356.3008       56.97953      -5.811802    
   361.2956       57.01069      -5.788091    
   366.2939       57.02999      -5.782088    
   371.2916       57.05263      -5.785190    
   376.2886       57.07835      -5.795226    
   381.2849       57.10709      -5.807759    
   386.2799       57.14006      -5.820794    
   391.2732       57.17862      -5.833059    
   396.2645       57.22235      -5.843520    
   401.2549       57.26841      -5.851678    
   406.2462       57.31217      -5.857429    
   411.2407       57.34660      -5.861351    
   416.2387       57.36561      -5.864945    
   421.2385       57.37129      -5.868879    
   426.2385       57.37189      -5.873089    
   431.2385       57.37438      -5.878104    
   436.2343       57.39801      -5.884892    
   441.2233       57.44698      -5.892759    
   446.2118       57.49723      -5.902844    
   451.2035       57.53992      -5.918930    
   456.1937       57.58617      -5.941546    
   461.1783       57.64410      -5.969788    
   466.1624       57.70342      -6.002447    
   471.1551       57.73865      -6.042049    
   476.1545       57.74687      -6.092062    
   481.8401       57.74725      -5.947527    
   489.3643       57.74725      -5.777328    
   507.4286       57.74725      -4.967574    
