        1545
  -33.77417       136.6885       1.848217    
  -15.70986       136.6885       1.812145    
  -8.185690       136.6885       1.747530    
  -2.500000       136.6885       1.798630    
   2.481762       136.9860       1.763911    
   7.434425       137.6588       1.600766    
   12.38829       138.3216       1.676695    
   17.37068       138.6622       1.332001    
   22.36992       138.7449       1.711090    
   27.36889       138.8391       1.672237    
   32.36626       138.9964       1.480294    
   37.36148       139.2104       1.477774    
   42.35468       139.4673       1.820604    
   47.34677       139.7446       1.867657    
   52.33939       140.0120       1.853044    
   57.33461       140.2241       1.835420    
   62.33282       140.3456       1.470842    
   67.33237       140.3495       1.602352    
   72.33087       140.2388       1.599458    
   77.32610       140.0294       1.787381    
   82.31709       139.7351       1.579703    
   87.30524       139.3958       1.409892    
   92.29430       139.0706       1.391187    
   97.28818       138.8354       1.353120    
   102.2866       138.7312       1.737445    
   107.2863       138.6811       1.737582    
   112.2728       138.3953       1.735510    
   117.2255       137.7357       1.484575    
   122.1606       136.9430       1.563063    
   127.1186       136.3252       1.563181    
   132.1048       135.9780       1.460239    
   137.1018       135.8299       1.444257    
   142.1004       135.8761       1.432824    
   147.0855       136.2108       1.445023    
   152.0289       136.9238       1.652814    
   156.9416       137.8421       1.652940    
   161.8866       138.5306       1.653059    
   166.8759       138.7930       1.598953    
   171.8755       138.7994       1.540543    
   176.8751       138.7408       1.442048    
   181.8749       138.7118       1.412701    
   186.8749       138.7108       1.412471    
   191.8749       138.7111       1.400784    
   196.8749       138.7112       1.398112    
   201.8749       138.7111       1.527019    
   206.8749       138.7109       1.516448    
   211.8749       138.7134       1.516554    
   216.8748       138.7373       1.489965    
   221.8745       138.7983       1.368726    
   226.8739       138.8695       1.661527    
   231.8736       138.8726       1.404248    
   236.8703       138.7209       1.558656    
   241.8605       138.4185       1.386720    
   246.8531       138.1794       1.274437    
   251.8497       138.2349       1.338435    
   256.8403       138.5308       1.535492    
   261.8292       138.8582       1.716472    
   266.8226       139.1064       1.635753    
   271.8200       139.2568       1.653070    
   276.8195       139.3043       1.605937    
   281.8193       139.2749       1.712574    
   286.8188       139.2062       1.498709    
   291.8181       139.1195       1.467758    
   296.8170       139.0187       1.464455    
   301.8156       138.8996       1.456516    
   306.8141       138.7848       1.623929    
   311.8136       138.7435       1.495374    
   316.8123       138.6715       1.489223    
   321.7794       138.2001       1.486200    
   326.7076       137.3683       1.307831    
   331.6619       137.0869       1.305775    
   336.6017       137.7613       1.131950    
   341.4941       138.7795      0.9269696    
   346.3997       139.7317       1.568288    
   351.3318       140.5377       1.263467    
   356.3008       141.0433       1.623516    
   361.2956       141.2499       1.555528    
   366.2939       141.3779       1.190287    
   371.2916       141.5279      0.9543080    
   376.2886       141.6984      0.9029318    
   381.2849       141.8889      0.8890934    
   386.2799       142.1075      0.7774798    
   391.2732       142.3631      0.8555800    
   396.2645       142.6530      0.8629375    
   401.2549       142.9583      0.7037758    
   406.2462       143.2484      0.5954271    
   411.2407       143.4767      0.5952661    
   416.2387       143.6027      0.6353416    
   421.2385       143.6403      0.5438812    
   426.2385       143.6443      0.6109586    
   431.2385       143.6608      0.6051433    
   436.2343       143.8174      0.8196507    
   441.2233       144.1421      0.7655523    
   446.2118       144.4751      0.5098993    
   451.2035       144.7582      0.5106327    
   456.1937       145.0647      0.6563129    
   461.1783       145.4488      0.7224859    
   466.1624       145.8420      0.5915216    
   471.1551       146.0755      0.5491479    
   476.1545       146.1300     -2.1717189E-02
   481.8401       146.1326       2.538164    
   489.3643       146.1326       2.617765    
   507.4286       146.1326       2.618410    
  -33.77417       134.0858       1.848218    
  -15.70986       134.0858       1.812257    
  -8.185690       134.0858       1.747538    
  -2.500000       134.0858       1.282691    
   2.481762       134.3752       1.240597    
   7.434425       135.0294       1.156411    
   12.38829       135.6740       1.022852    
   17.37068       136.0052       1.186474    
   22.36992       136.0857       1.183522    
   27.36889       136.1774      0.8673934    
   32.36626       136.3303       1.146241    
   37.36148       136.5384       1.193998    
   42.35468       136.7882      0.9958847    
   47.34677       137.0579       1.202484    
   52.33939       137.3180       1.201619    
   57.33461       137.5242      0.9590474    
   62.33282       137.6424       1.181111    
   67.33237       137.6462       1.180928    
   72.33087       137.5385      0.8451678    
   77.32610       137.3349      0.8453571    
   82.31709       137.0487      0.8463492    
   87.30524       136.7188       1.445395    
   92.29430       136.4025       1.349454    
   97.28818       136.1738       1.135274    
   102.2866       136.0724       1.004859    
   107.2863       136.0237       1.004368    
   112.2728       135.7457       1.003861    
   117.2255       135.1043       1.004018    
   122.1606       134.3334       1.149555    
   127.1186       133.7326       1.171025    
   132.1048       133.3949       1.444472    
   137.1018       133.2509       1.444065    
   142.1004       133.2958       1.424438    
   147.0855       133.6214       1.200308    
   152.0289       134.3147       1.130800    
   156.9416       135.2077      0.8647030    
   161.8866       135.8773      0.9198435    
   166.8759       136.1325      0.8764695    
   171.8755       136.1387      0.7688288    
   176.8751       136.0817      0.7670004    
   181.8749       136.0535      0.8986971    
   186.8749       136.0525      0.8198975    
   191.8749       136.0529      0.8197594    
   196.8749       136.0529      0.7796530    
   201.8749       136.0529      0.9033844    
   206.8749       136.0527      0.9028667    
   211.8749       136.0551      0.9410226    
   216.8748       136.0783      0.9409637    
   221.8745       136.1376      0.8332717    
   226.8739       136.2069      0.9416113    
   231.8736       136.2099      0.6962588    
   236.8703       136.0623      0.7191515    
   241.8605       135.7682      0.7196506    
   246.8531       135.5358      0.8218935    
   251.8497       135.5898      0.8708777    
   256.8403       135.8775       1.034900    
   261.8292       136.1960      0.8599178    
   266.8226       136.4373      0.9066612    
   271.8200       136.5835       1.179031    
   276.8195       136.6297       1.118054    
   281.8193       136.6011      0.7408206    
   286.8188       136.5343      0.7389193    
   291.8181       136.4500      0.7378010    
   296.8170       136.3520      0.7332945    
   301.8156       136.2361      0.6729980    
   306.8141       136.1245      0.6777488    
   311.8136       136.0844      0.6772048    
   316.8123       136.0143      0.8743522    
   321.7794       135.5559       1.147773    
   326.7076       134.7469       1.293254    
   331.6619       134.4733       1.291619    
   336.6017       135.1292       1.545858    
   341.4941       136.1194       1.420950    
   346.3997       137.0454       1.419674    
   351.3318       137.8293       1.215679    
   356.3008       138.3209       1.258815    
   361.2956       138.5218       1.053411    
   366.2939       138.6463      0.9365997    
   371.2916       138.7922      0.9540009    
   376.2886       138.9579       1.926497    
   381.2849       139.1433       1.873812    
   386.2799       139.3558       1.873804    
   391.2732       139.6044       1.791534    
   396.2645       139.8863       1.793458    
   401.2549       140.1832       2.626184    
   406.2462       140.4654       2.046568    
   411.2407       140.6873       2.043661    
   416.2387       140.8099       2.043449    
   421.2385       140.8465       1.952512    
   426.2385       140.8504       1.952307    
   431.2385       140.8664       2.016358    
   436.2343       141.0188       2.066164    
   441.2233       141.3345       2.066827    
   446.2118       141.6584       2.030761    
   451.2035       141.9337       1.409256    
   456.1937       142.2318       1.087516    
   461.1783       142.6053       1.381063    
   466.1624       142.9877       2.438610    
   471.1551       143.2148       2.583692    
   476.1545       143.2677       2.584715    
   481.8401       143.2702       2.538666    
   489.3643       143.2702       2.617648    
   507.4286       143.2702       2.618451    
  -33.77417       131.3152       1.848268    
  -15.70986       131.3152       1.813929    
  -8.185690       131.3152       1.747705    
  -2.500000       131.3152       1.282698    
   2.481762       131.5958       1.240599    
   7.434425       132.2304       1.156604    
   12.38829       132.8556       1.116876    
   17.37068       133.1768       1.186578    
   22.36992       133.2549       1.187354    
   27.36889       133.3438       1.155692    
   32.36626       133.4921       1.153271    
   37.36148       133.6940       1.193997    
   42.35468       133.9363       1.202147    
   47.34677       134.1978       1.234040    
   52.33939       134.4500       1.234464    
   57.33461       134.6501       1.234861    
   62.33282       134.7647       1.185158    
   67.33237       134.7684       1.189038    
   72.33087       134.6640       1.188971    
   77.32610       134.4664       2.203199    
   82.31709       134.1889       2.204871    
   87.30524       133.8689       1.299937    
   92.29430       133.5621       1.095303    
   97.28818       133.3403       1.135607    
   102.2866       133.2420       1.005032    
   107.2863       133.1947       1.004335    
   112.2728       132.9252       1.004158    
   117.2255       132.3031       1.004055    
   122.1606       131.5553       1.166947    
   127.1186       130.9726       1.171826    
   132.1048       130.6451       1.418119    
   137.1018       130.5054       1.414710    
   142.1004       130.5490       1.424418    
   147.0855       130.8647       1.239652    
   152.0289       131.5372       1.239866    
   156.9416       132.4034       1.260098    
   161.8866       133.0527       1.306852    
   166.8759       133.3003       1.322091    
   171.8755       133.3063       1.322714    
   176.8751       133.2510       1.322444    
   181.8749       133.2236       1.214718    
   186.8749       133.2227      0.8199996    
   191.8749       133.2231       1.152130    
   196.8749       133.2231       1.145826    
   201.8749       133.2231      0.9378902    
   206.8749       133.2229      0.9377683    
   211.8749       133.2252       1.098204    
   216.8748       133.2477       1.017301    
   221.8745       133.3052      0.9370582    
   226.8739       133.3724      0.9441696    
   231.8736       133.3753       1.019658    
   236.8703       133.2322       1.021871    
   241.8605       132.9470       1.183743    
   246.8531       132.7215       1.118006    
   251.8497       132.7738       1.115236    
   256.8403       133.0529       1.115050    
   261.8292       133.3618       1.114872    
   266.8226       133.5959      0.9379142    
   271.8200       133.7377      0.9380690    
   276.8195       133.7825       1.118214    
   281.8193       133.7548       1.583566    
   286.8188       133.6900       1.426819    
   291.8181       133.6082       1.403314    
   296.8170       133.5132       1.405173    
   301.8156       133.4008       1.543589    
   306.8141       133.2925       1.871107    
   311.8136       133.2536       1.871161    
   316.8123       133.1856       1.869638    
   321.7794       132.7410       1.149207    
   326.7076       131.9564       1.149753    
   331.6619       131.6910       1.150591    
   336.6017       132.3271       1.513860    
   341.4941       133.2876       1.513775    
   346.3997       134.1857       1.513698    
   351.3318       134.9460       1.243545    
   356.3008       135.4228       1.276011    
   361.2956       135.6176       1.275744    
   366.2939       135.7384       1.372074    
   371.2916       135.8799       1.417819    
   376.2886       136.0407       1.873606    
   381.2849       136.2204       1.873155    
   386.2799       136.4265       1.873177    
   391.2732       136.6677       1.791430    
   396.2645       136.9411       1.815844    
   401.2549       137.2291       2.069624    
   406.2462       137.5027       2.069893    
   411.2407       137.7180       2.069479    
   416.2387       137.8369       2.069353    
   421.2385       137.8724       2.069126    
   426.2385       137.8761       2.068447    
   431.2385       137.8917       2.067851    
   436.2343       138.0394       2.067859    
   441.2233       138.3456       2.067235    
   446.2118       138.6598       2.067215    
   451.2035       138.9268       1.385213    
   456.1937       139.2159       1.374077    
   461.1783       139.5782       1.380532    
   466.1624       139.9491       2.438429    
   471.1551       140.1694       2.555341    
   476.1545       140.2207       2.546807    
   481.8401       140.2231       2.544574    
   489.3643       140.2231       2.615954    
   507.4286       140.2231       2.618994    
  -33.77417       128.3538       1.849025    
  -15.70986       128.3538       1.823211    
  -8.185690       128.3538       1.755306    
  -2.500000       128.3538       1.716798    
   2.481762       128.6251       1.877771    
   7.434425       129.2386       1.887384    
   12.38829       129.8431       1.887530    
   17.37068       130.1537       1.947125    
   22.36992       130.2291       1.947138    
   27.36889       130.3151       1.947244    
   32.36626       130.4585       1.947328    
   37.36148       130.6536       1.947859    
   42.35468       130.8879       1.947893    
   47.34677       131.1408       1.948024    
   52.33939       131.3846       1.948738    
   57.33461       131.5780       1.949674    
   62.33282       131.6889       1.949686    
   67.33237       131.6924       1.965775    
   72.33087       131.5914       2.619180    
   77.32610       131.4005       2.629406    
   82.31709       131.1322       2.639095    
   87.30524       130.8228       2.654210    
   92.29430       130.5262       2.654204    
   97.28818       130.3116       2.644115    
   102.2866       130.2167       2.637266    
   107.2863       130.1709       2.603626    
   112.2728       129.9104       2.485148    
   117.2255       129.3089       2.483172    
   122.1606       128.5859       1.852705    
   127.1186       128.0226       1.419260    
   132.1048       127.7059       1.418116    
   137.1018       127.5708       1.414703    
   142.1004       127.6130       1.425206    
   147.0855       127.9183       1.500122    
   152.0289       128.5684       1.504942    
   156.9416       129.4059       1.513079    
   161.8866       130.0337       3.300104    
   166.8759       130.2731       3.335552    
   171.8755       130.2789       3.307057    
   176.8751       130.2254       3.304969    
   181.8749       130.1989       3.295564    
   186.8749       130.1980       3.339918    
   191.8749       130.1983       3.341379    
   196.8749       130.1983       3.345582    
   201.8749       130.1983       3.345425    
   206.8749       130.1982      0.9286696    
   211.8749       130.2005       2.597097    
   216.8748       130.2222       2.596648    
   221.8745       130.2778       2.587960    
   226.8739       130.3428       2.549005    
   231.8736       130.3456       2.548928    
   236.8703       130.2072       2.548922    
   241.8605       129.9314       2.404671    
   246.8531       129.7134       2.404391    
   251.8497       129.7641       2.404301    
   256.8403       130.0339       2.404294    
   261.8292       130.3325       2.404305    
   266.8226       130.5588       2.423582    
   271.8200       130.6960       1.585213    
   276.8195       130.7393       1.583738    
   281.8193       130.7124       1.583691    
   286.8188       130.6498       1.613703    
   291.8181       130.5708       2.487009    
   296.8170       130.4788       2.633740    
   301.8156       130.3701       2.633222    
   306.8141       130.2655       2.261551    
   311.8136       130.2279       2.252693    
   316.8123       130.1622       1.885776    
   321.7794       129.7323       1.885691    
   326.7076       128.9738       1.885617    
   331.6619       128.7171       1.886312    
   336.6017       129.3322       1.515539    
   341.4941       130.2607       1.516061    
   346.3997       131.1291       1.626141    
   351.3318       131.8641       1.622217    
   356.3008       132.3251       1.647697    
   361.2956       132.5135       1.649513    
   366.2939       132.6302       1.853300    
   371.2916       132.7671       1.901524    
   376.2886       132.9225       1.920243    
   381.2849       133.0963       1.920290    
   386.2799       133.2955       1.920460    
   391.2732       133.5287      0.6714793    
   396.2645       133.7930      0.6701449    
   401.2549       134.0715       2.075853    
   406.2462       134.3360       2.070246    
   411.2407       134.5442       2.069789    
   416.2387       134.6591       2.068590    
   421.2385       134.6935       2.068237    
   426.2385       134.6971       2.068183    
   431.2385       134.7121       2.068090    
   436.2343       134.8550       2.068168    
   441.2233       135.1510       2.076320    
   446.2118       135.4547       2.076176    
   451.2035       135.7129       1.399306    
   456.1937       135.9924       1.403569    
   461.1783       136.3427       1.405751    
   466.1624       136.7012       2.412686    
   471.1551       136.9142       2.525058    
   476.1545       136.9639       2.509360    
   481.8401       136.9662       2.557469    
   489.3643       136.9662       2.616901    
   507.4286       136.9662       2.620751    
  -33.77417       125.1739       1.854374    
  -15.70986       125.1739       1.849689    
  -8.185690       125.1739       1.846714    
  -2.500000       125.1739       1.847187    
   2.481762       125.4352       1.887259    
   7.434425       126.0261       1.887300    
   12.38829       126.6083       1.887778    
   17.37068       126.9075       1.898496    
   22.36992       126.9801       1.898435    
   27.36889       127.0629       1.898422    
   32.36626       127.2010       1.898444    
   37.36148       127.3890       1.982753    
   42.35468       127.6146       2.325042    
   47.34677       127.8582       2.332457    
   52.33939       128.0931       2.332476    
   57.33461       128.2793       2.340635    
   62.33282       128.3861       2.352726    
   67.33237       128.3895       2.448481    
   72.33087       128.2923       2.625842    
   77.32610       128.1083       2.627481    
   82.31709       127.8499       2.628121    
   87.30524       127.5519       2.628124    
   92.29430       127.2662       2.636547    
   97.28818       127.0596       2.636553    
   102.2866       126.9681       2.626367    
   107.2863       126.9241       2.615190    
   112.2728       126.6731       2.485683    
   117.2255       126.0938       1.881719    
   122.1606       125.3975       1.852708    
   127.1186       124.8549       1.852677    
   132.1048       124.5499       1.852641    
   137.1018       124.4198       1.524732    
   142.1004       124.4603       1.522461    
   147.0855       124.7544       1.522462    
   152.0289       125.3806       1.879536    
   156.9416       126.1872       2.238097    
   161.8866       126.7919       2.657218    
   166.8759       127.0225       3.286497    
   171.8755       127.0280       3.286556    
   176.8751       126.9765       3.286609    
   181.8749       126.9510       3.288387    
   186.8749       126.9501       3.339442    
   191.8749       126.9505       3.339845    
   196.8749       126.9505       3.345742    
   201.8749       126.9505       3.343656    
   206.8749       126.9503       2.579351    
   211.8749       126.9525       2.572528    
   216.8748       126.9735       2.571560    
   221.8745       127.0270       2.571243    
   226.8739       127.0896       2.567766    
   231.8736       127.0923       2.567849    
   236.8703       126.9591       2.568138    
   241.8605       126.6934       2.568674    
   246.8531       126.4834       2.568812    
   251.8497       126.5322       2.569069    
   256.8403       126.7921       2.569770    
   261.8292       127.0797       2.571243    
   266.8226       127.2977       2.568586    
   271.8200       127.4297       2.600523    
   276.8195       127.4715       2.600834    
   281.8193       127.4456       2.603879    
   286.8188       127.3853       2.731554    
   291.8181       127.3092       2.993732    
   296.8170       127.2206       2.999356    
   301.8156       127.1160       2.999240    
   306.8141       127.0152       2.869857    
   311.8136       126.9790       2.868777    
   316.8123       126.9157       2.686015    
   321.7794       126.5017       2.604370    
   326.7076       125.7710       2.604344    
   331.6619       125.5238       2.593247    
   336.6017       126.1162       1.535870    
   341.4941       127.0106       1.519346    
   346.3997       127.8469       1.846475    
   351.3318       128.5549       1.904371    
   356.3008       128.9989       1.909209    
   361.2956       129.1804       1.909243    
   366.2939       129.2928       1.981508    
   371.2916       129.4245       1.952849    
   376.2886       129.5742       1.950271    
   381.2849       129.7417       1.950080    
   386.2799       129.9336       1.950116    
   391.2732       130.1582       1.950532    
   396.2645       130.4128       1.975062    
   401.2549       130.6809       2.726130    
   406.2462       130.9357       2.748833    
   411.2407       131.1362       2.748866    
   416.2387       131.2469       2.749021    
   421.2385       131.2800       2.750044    
   426.2385       131.2835       2.750344    
   431.2385       131.2979       2.750395    
   436.2343       131.4355       2.750322    
   441.2233       131.7207       2.749897    
   446.2118       132.0132       2.633620    
   451.2035       132.2618       2.408002    
   456.1937       132.5311       2.397172    
   461.1783       132.8684       2.397264    
   466.1624       133.2138       2.397643    
   471.1551       133.4189       2.420847    
   476.1545       133.4668       2.495394    
   481.8401       133.4690       2.592726    
   489.3643       133.4690       2.627059    
   507.4286       133.4690       2.628485    
  -33.77417       121.7413       1.877992    
  -15.70986       121.7413       1.881507    
  -8.185690       121.7413       1.882645    
  -2.500000       121.7413       1.882765    
   2.481762       121.9919       1.882818    
   7.434425       122.5584       1.933076    
   12.38829       123.1165       2.279788    
   17.37068       123.4034       2.501757    
   22.36992       123.4730       2.500951    
   27.36889       123.5524       2.500612    
   32.36626       123.6848       2.500562    
   37.36148       123.8650       2.500448    
   42.35468       124.0813       2.489866    
   47.34677       124.3148       2.353992    
   52.33939       124.5400       2.340638    
   57.33461       124.7186       2.340662    
   62.33282       124.8209       2.352795    
   67.33237       124.8242       2.450390    
   72.33087       124.7309       2.622743    
   77.32610       124.5546       2.625968    
   82.31709       124.3068       2.625956    
   87.30524       124.0211       2.626012    
   92.29430       123.7473       2.625685    
   97.28818       123.5492       2.623829    
   102.2866       123.4615       2.622250    
   107.2863       123.4193       2.605957    
   112.2728       123.1786       2.523966    
   117.2255       122.6232       2.440491    
   122.1606       121.9557       2.338179    
   127.1186       121.4355       2.236768    
   132.1048       121.1431       2.148428    
   137.1018       121.0183       2.141500    
   142.1004       121.0573       2.141039    
   147.0855       121.3392       2.139136    
   152.0289       121.9395       2.127134    
   156.9416       122.7128       2.283667    
   161.8866       123.2925       2.653421    
   166.8759       123.5135       3.287901    
   171.8755       123.5189       3.334380    
   176.8751       123.4696       3.336804    
   181.8749       123.4451       3.336944    
   186.8749       123.4443       3.339209    
   191.8749       123.4446       3.339326    
   196.8749       123.4446       3.346000    
   201.8749       123.4446       3.330887    
   206.8749       123.4444       2.574290    
   211.8749       123.4465       2.574137    
   216.8748       123.4666       2.573639    
   221.8745       123.5179       2.573672    
   226.8739       123.5779       2.573929    
   231.8736       123.5806       2.573937    
   236.8703       123.4528       2.573174    
   241.8605       123.1981       2.570780    
   246.8531       122.9968       2.570735    
   251.8497       123.0435       2.570913    
   256.8403       123.2927       2.571475    
   261.8292       123.5684       2.572584    
   266.8226       123.7774       2.578418    
   271.8200       123.9041       2.585758    
   276.8195       123.9441       2.585822    
   281.8193       123.9193       2.604244    
   286.8188       123.8614       2.822094    
   291.8181       123.7885       3.025914    
   296.8170       123.7036       3.026133    
   301.8156       123.6032       3.024980    
   306.8141       123.5066       2.994220    
   311.8136       123.4719       2.994166    
   316.8123       123.4112       2.903418    
   321.7794       123.0143       2.560125    
   326.7076       122.3138       2.531674    
   331.6619       122.0768       2.531634    
   336.6017       122.6448       2.531634    
   341.4941       123.5022       2.517361    
   346.3997       124.3040       1.847055    
   351.3318       124.9827       2.250148    
   356.3008       125.4084       2.248936    
   361.2956       125.5824       2.248921    
   366.2939       125.6901       2.248594    
   371.2916       125.8165       2.249419    
   376.2886       125.9600       2.411974    
   381.2849       126.1205       2.412140    
   386.2799       126.3045       2.412117    
   391.2732       126.5198       2.411977    
   396.2645       126.7639       2.441447    
   401.2549       127.0210       3.041576    
   406.2462       127.2653       3.055667    
   411.2407       127.4575       3.055789    
   416.2387       127.5636       3.055974    
   421.2385       127.5953       3.056034    
   426.2385       127.5986       3.055717    
   431.2385       127.6125       3.046439    
   436.2343       127.7445       3.033511    
   441.2233       128.0178       3.020447    
   446.2118       128.2982       2.872238    
   451.2035       128.5366       2.658365    
   456.1937       128.7948       2.634387    
   461.1783       129.1181       2.634108    
   466.1624       129.4493       2.633615    
   471.1551       129.6459       2.633559    
   476.1545       129.6918       2.638625    
   481.8401       129.6939       2.647330    
   489.3643       129.6939       2.650322    
   507.4286       129.6939       2.649777    
  -33.77417       118.0135       1.914654    
  -15.70986       118.0135       1.914326    
  -8.185690       118.0135       1.914330    
  -2.500000       118.0135       1.914560    
   2.481762       118.2522       1.927824    
   7.434425       118.7923       2.064132    
   12.38829       119.3243       2.416264    
   17.37068       119.5977       2.617330    
   22.36992       119.6640       2.622246    
   27.36889       119.7397       2.622375    
   32.36626       119.8660       2.622504    
   37.36148       120.0378       2.622494    
   42.35468       120.2439       2.622162    
   47.34677       120.4665       2.622059    
   52.33939       120.6811       2.622204    
   57.33461       120.8514       2.622186    
   62.33282       120.9489       2.622106    
   67.33237       120.9520       2.622006    
   72.33087       120.8632       2.623459    
   77.32610       120.6951       2.623746    
   82.31709       120.4589       2.622602    
   87.30524       120.1866       2.622465    
   92.29430       119.9255       2.620984    
   97.28818       119.7367       2.615393    
   102.2866       119.6531       2.605844    
   107.2863       119.6129       2.593646    
   112.2728       119.3835       2.520264    
   117.2255       118.8540       2.456187    
   122.1606       118.2177       2.368167    
   127.1186       117.7218       2.259507    
   132.1048       117.4431       2.156338    
   137.1018       117.3242       2.157374    
   142.1004       117.3613       2.157377    
   147.0855       117.6301       2.157286    
   152.0289       118.2023       2.163827    
   156.9416       118.9394       2.294245    
   161.8866       119.4921       2.651750    
   166.8759       119.7027       3.286920    
   171.8755       119.7078       3.338543    
   176.8751       119.6608       3.338456    
   181.8749       119.6375       3.338471    
   186.8749       119.6367       3.339091    
   191.8749       119.6370       3.339444    
   196.8749       119.6370       3.345708    
   201.8749       119.6370       3.284873    
   206.8749       119.6368       2.576930    
   211.8749       119.6388       2.575361    
   216.8748       119.6580       2.571816    
   221.8745       119.7069       2.571754    
   226.8739       119.7641       2.571769    
   231.8736       119.7666       2.571790    
   236.8703       119.6448       2.571823    
   241.8605       119.4020       2.571873    
   246.8531       119.2101       2.572030    
   251.8497       119.2547       2.572160    
   256.8403       119.4922       2.572523    
   261.8292       119.7551       2.572687    
   266.8226       119.9542       2.572996    
   271.8200       120.0750       2.574094    
   276.8195       120.1131       2.574375    
   281.8193       120.0895       2.614223    
   286.8188       120.0343       2.859170    
   291.8181       119.9648       3.035641    
   296.8170       119.8839       3.035235    
   301.8156       119.7882       3.035258    
   306.8141       119.6961       3.035240    
   311.8136       119.6630       3.035228    
   316.8123       119.6051       3.032175    
   321.7794       119.2268       2.972053    
   326.7076       118.5591       2.930561    
   331.6619       118.3332       2.911275    
   336.6017       118.8746       2.846570    
   341.4941       119.6919       2.526835    
   346.3997       120.4562       2.251328    
   351.3318       121.1031       2.250846    
   356.3008       121.5089       2.259185    
   361.2956       121.6748       2.259201    
   366.2939       121.7775       2.271033    
   371.2916       121.8979       2.405910    
   376.2886       122.0348       2.752425    
   381.2849       122.1877       2.771683    
   386.2799       122.3631       2.782172    
   391.2732       122.5684       2.819414    
   396.2645       122.8010       3.014881    
   401.2549       123.0461       3.163413    
   406.2462       123.2790       3.175883    
   411.2407       123.4621       3.178480    
   416.2387       123.5633       3.178501    
   421.2385       123.5935       3.178486    
   426.2385       123.5967       3.178320    
   431.2385       123.6100       3.175538    
   436.2343       123.7357       3.160396    
   441.2233       123.9963       3.118011    
   446.2118       124.2636       2.978511    
   451.2035       124.4909       2.759748    
   456.1937       124.7369       2.708776    
   461.1783       125.0452       2.707285    
   466.1624       125.3608       2.707143    
   471.1551       125.5482       2.705810    
   476.1545       125.5920       2.704441    
   481.8401       125.5940       2.702066    
   489.3643       125.5940       2.700286    
   507.4286       125.5940       2.700115    
  -33.77417       113.9358       1.976588    
  -15.70986       113.9358       1.976443    
  -8.185690       113.9358       1.976519    
  -2.500000       113.9358       1.980388    
   2.481762       114.1617       2.019342    
   7.434425       114.6728       2.197668    
   12.38829       115.1762       2.504919    
   17.37068       115.4350       2.683365    
   22.36992       115.4978       2.699020    
   27.36889       115.5694       2.700794    
   32.36626       115.6889       2.700854    
   37.36148       115.8514       2.700825    
   42.35468       116.0465       2.698992    
   47.34677       116.2571       2.696869    
   52.33939       116.4603       2.695735    
   57.33461       116.6214       2.695619    
   62.33282       116.7137       2.695482    
   67.33237       116.7167       2.695011    
   72.33087       116.6326       2.694641    
   77.32610       116.4735       2.695607    
   82.31709       116.2499       2.696582    
   87.30524       115.9922       2.696561    
   92.29430       115.7452       2.645912    
   97.28818       115.5665       2.571934    
   102.2866       115.4874       2.559741    
   107.2863       115.4493       2.551850    
   112.2728       115.2323       2.509942    
   117.2255       114.7313       2.471298    
   122.1606       114.1291       2.392372    
   127.1186       113.6599       2.286892    
   132.1048       113.3961       2.241632    
   137.1018       113.2836       2.242097    
   142.1004       113.3186       2.242083    
   147.0855       113.5730       2.235904    
   152.0289       114.1145       2.218859    
   156.9416       114.8120       2.336680    
   161.8866       115.3350       2.648171    
   166.8759       115.5344       3.260591    
   171.8755       115.5392       3.341243    
   176.8751       115.4947       3.341935    
   181.8749       115.4726       3.341730    
   186.8749       115.4719       3.341735    
   191.8749       115.4722       3.342996    
   196.8749       115.4722       3.348516    
   201.8749       115.4722       3.282356    
   206.8749       115.4720       2.803953    
   211.8749       115.4739       2.763520    
   216.8748       115.4921       2.756566    
   221.8745       115.5383       2.755100    
   226.8739       115.5924       2.754982    
   231.8736       115.5948       2.754983    
   236.8703       115.4796       2.755107    
   241.8605       115.2498       2.755243    
   246.8531       115.0682       2.755309    
   251.8497       115.1104       2.755276    
   256.8403       115.3352       2.755213    
   261.8292       115.5839       2.755129    
   266.8226       115.7724       2.755081    
   271.8200       115.8866       2.755083    
   276.8195       115.9228       2.758868    
   281.8193       115.9004       2.813988    
   286.8188       115.8482       3.003601    
   291.8181       115.7824       3.142415    
   296.8170       115.7058       3.161198    
   301.8156       115.6153       3.162145    
   306.8141       115.5281       3.162215    
   311.8136       115.4968       3.162324    
   316.8123       115.4420       3.162598    
   321.7794       115.0840       3.162862    
   326.7076       114.4521       3.160341    
   331.6619       114.2384       3.123368    
   336.6017       114.7507       3.026736    
   341.4941       115.5241       2.762032    
   346.3997       116.2474       2.449943    
   351.3318       116.8596       2.438016    
   356.3008       117.2437       2.427562    
   361.2956       117.4006       2.427389    
   366.2939       117.4977       2.428484    
   371.2916       117.6117       2.591676    
   376.2886       117.7412       2.845293    
   381.2849       117.8860       2.904417    
   386.2799       118.0519       2.951868    
   391.2732       118.2462       3.024440    
   396.2645       118.4663       3.153052    
   401.2549       118.6983       3.187864    
   406.2462       118.9186       3.203716    
   411.2407       119.0920       3.211313    
   416.2387       119.1877       3.211308    
   421.2385       119.2163       3.209351    
   426.2385       119.2194       3.206447    
   431.2385       119.2319       3.200211    
   436.2343       119.3509       3.188488    
   441.2233       119.5975       3.151803    
   446.2118       119.8504       3.052700    
   451.2035       120.0655       2.872746    
   456.1937       120.2983       2.773016    
   461.1783       120.5900       2.758206    
   466.1624       120.8887       2.758493    
   471.1551       121.0661       2.758520    
   476.1545       121.1075       2.758594    
   481.8401       121.1095       2.759254    
   489.3643       121.1095       2.759536    
   507.4286       121.1095       2.759768    
  -33.77417       109.4377       2.067398    
  -15.70986       109.4377       2.067387    
  -8.185690       109.4377       2.067489    
  -2.500000       109.4377       2.071970    
   2.481762       109.6495       2.122304    
   7.434425       110.1285       2.308504    
   12.38829       110.6005       2.532738    
   17.37068       110.8431       2.716090    
   22.36992       110.9020       2.728879    
   27.36889       110.9691       2.723269    
   32.36626       111.0811       2.719149    
   37.36148       111.2335       2.718539    
   42.35468       111.4164       2.718477    
   47.34677       111.6138       2.715312    
   52.33939       111.8043       2.712218    
   57.33461       111.9553       2.712050    
   62.33282       112.0418       2.711894    
   67.33237       112.0446       2.711641    
   72.33087       111.9657       2.711270    
   77.32610       111.8166       2.710920    
   82.31709       111.6071       2.710773    
   87.30524       111.3655       2.699239    
   92.29430       111.1339       2.638817    
   97.28818       110.9664       2.563323    
   102.2866       110.8923       2.542165    
   107.2863       110.8566       2.525584    
   112.2728       110.6531       2.503564    
   117.2255       110.1834       2.481165    
   122.1606       109.6189       2.423957    
   127.1186       109.1790       2.332524    
   132.1048       108.9318       2.331287    
   137.1018       108.8263       2.331239    
   142.1004       108.8592       2.328747    
   147.0855       109.0976       2.313570    
   152.0289       109.6052       2.287085    
   156.9416       110.2591       2.414110    
   161.8866       110.7494       2.646895    
   166.8759       110.9363       3.255964    
   171.8755       110.9408       3.384541    
   176.8751       110.8991       3.453454    
   181.8749       110.8784       3.462810    
   186.8749       110.8776       3.463105    
   191.8749       110.8779       3.463089    
   196.8749       110.8779       3.459213    
   201.8749       110.8779       3.381438    
   206.8749       110.8778       3.152488    
   211.8749       110.8796       3.037551    
   216.8748       110.8966       2.991182    
   221.8745       110.9400       2.976071    
   226.8739       110.9907       2.971838    
   231.8736       110.9929       2.970753    
   236.8703       110.8849       2.970542    
   241.8605       110.6695       2.970502    
   246.8531       110.4993       2.970507    
   251.8497       110.5388       2.970539    
   256.8403       110.7495       2.970564    
   261.8292       110.9827       2.970597    
   266.8226       111.1594       2.970757    
   271.8200       111.2665       2.972363    
   276.8195       111.3003       2.985439    
   281.8193       111.2794       3.056310    
   286.8188       111.2305       3.206331    
   291.8181       111.1687       3.319622    
   296.8170       111.0969       3.355478    
   301.8156       111.0121       3.360331    
   306.8141       110.9304       3.360405    
   311.8136       110.9010       3.360323    
   316.8123       110.8497       3.359915    
   321.7794       110.5141       3.352766    
   326.7076       109.9218       3.309107    
   331.6619       109.7214       3.112211    
   336.6017       110.2016       3.048446    
   341.4941       110.9267       2.960148    
   346.3997       111.6047       2.887031    
   351.3318       112.1786       2.858572    
   356.3008       112.5386       2.860343    
   361.2956       112.6857       2.860831    
   366.2939       112.7768       2.860943    
   371.2916       112.8837       2.868381    
   376.2886       113.0050       2.925380    
   381.2849       113.1407       2.972577    
   386.2799       113.2963       3.016979    
   391.2732       113.4784       3.071179    
   396.2645       113.6848       3.164792    
   401.2549       113.9022       3.188800    
   406.2462       114.1088       3.198083    
   411.2407       114.2713       3.202525    
   416.2387       114.3611       3.202764    
   421.2385       114.3878       3.202392    
   426.2385       114.3907       3.202146    
   431.2385       114.4025       3.200260    
   436.2343       114.5140       3.193725    
   441.2233       114.7451       3.181026    
   446.2118       114.9823       3.127450    
   451.2035       115.1839       3.006235    
   456.1937       115.4022       2.885425    
   461.1783       115.6756       2.831550    
   466.1624       115.9556       2.821167    
   471.1551       116.1219       2.820708    
   476.1545       116.1607       2.820377    
   481.8401       116.1625       2.820286    
   489.3643       116.1625       2.820260    
   507.4286       116.1625       2.820283    
  -33.77417       104.4251       2.092359    
  -15.70986       104.4251       2.092308    
  -8.185690       104.4251       2.094165    
  -2.500000       104.4251       2.111650    
   2.481762       104.6212       2.185663    
   7.434425       105.0646       2.358342    
   12.38829       105.5015       2.534346    
   17.37068       105.7260       2.730250    
   22.36992       105.7805       2.734296    
   27.36889       105.8427       2.734932    
   32.36626       105.9463       2.740714    
   37.36148       106.0873       2.745338    
   42.35468       106.2567       2.746698    
   47.34677       106.4394       2.746846    
   52.33939       106.6157       2.746975    
   57.33461       106.7555       2.747027    
   62.33282       106.8356       2.747046    
   67.33237       106.8381       2.747040    
   72.33087       106.7651       2.746971    
   77.32610       106.6271       2.745841    
   82.31709       106.4332       2.715611    
   87.30524       106.2096       2.696487    
   92.29430       105.9952       2.638080    
   97.28818       105.8402       2.562490    
   102.2866       105.7715       2.541348    
   107.2863       105.7385       2.524582    
   112.2728       105.5501       2.502717    
   117.2255       105.1154       2.483500    
   122.1606       104.5929       2.440058    
   127.1186       104.1857       2.392664    
   132.1048       103.9569       2.394765    
   137.1018       103.8593       2.394756    
   142.1004       103.8897       2.393212    
   147.0855       104.1104       2.384780    
   152.0289       104.5803       2.372047    
   156.9416       105.1855       2.480008    
   161.8866       105.6393       2.641783    
   166.8759       105.8122       3.249293    
   171.8755       105.8165       3.377271    
   176.8751       105.7778       3.499682    
   181.8749       105.7587       3.582836    
   186.8749       105.7580       3.598296    
   191.8749       105.7582       3.598298    
   196.8749       105.7583       3.592573    
   201.8749       105.7583       3.555100    
   206.8749       105.7581       3.466945    
   211.8749       105.7598       3.376616    
   216.8748       105.7755       3.324395    
   221.8745       105.8157       3.301200    
   226.8739       105.8626       3.292812    
   231.8736       105.8647       3.289929    
   236.8703       105.7647       3.289051    
   241.8605       105.5654       3.288722    
   246.8531       105.4078       3.288546    
   251.8497       105.4444       3.288511    
   256.8403       105.6394       3.288506    
   261.8292       105.8553       3.288607    
   266.8226       106.0188       3.289482    
   271.8200       106.1179       3.293588    
   276.8195       106.1492       3.307442    
   281.8193       106.1298       3.345866    
   286.8188       106.0846       3.405118    
   291.8181       106.0275       3.442529    
   296.8170       105.9610       3.450361    
   301.8156       105.8824       3.450842    
   306.8141       105.8068       3.450842    
   311.8136       105.7796       3.450715    
   316.8123       105.7321       3.444608    
   321.7794       105.4215       3.400546    
   326.7076       104.8732       3.338444    
   331.6619       104.6877       3.095808    
   336.6017       105.1322       3.049525    
   341.4941       105.8034       3.011337    
   346.3997       106.4309       2.996685    
   351.3318       106.9622       3.012565    
   356.3008       107.2954       3.031674    
   361.2956       107.4315       3.035220    
   366.2939       107.5159       3.035223    
   371.2916       107.6148       3.028407    
   376.2886       107.7271       2.982275    
   381.2849       107.8528       2.994916    
   386.2799       107.9968       3.031733    
   391.2732       108.1653       3.076261    
   396.2645       108.3564       3.166146    
   401.2549       108.5576       3.189289    
   406.2462       108.7488       3.198241    
   411.2407       108.8992       3.202232    
   416.2387       108.9823       3.201628    
   421.2385       109.0071       3.201682    
   426.2385       109.0098       3.203520    
   431.2385       109.0207       3.205988    
   436.2343       109.1239       3.202863    
   441.2233       109.3378       3.196186    
   446.2118       109.5574       3.171982    
   451.2035       109.7439       3.114151    
   456.1937       109.9460       3.026049    
   461.1783       110.1991       2.961939    
   466.1624       110.4583       2.915796    
   471.1551       110.6122       2.897434    
   476.1545       110.6481       2.885243    
   481.8401       110.6497       2.882575    
   489.3643       110.6497       2.882019    
   507.4286       110.6497       2.881979    
  -33.77417       98.76926       2.116476    
  -15.70986       98.76926       2.116426    
  -8.185690       98.76926       2.119923    
  -2.500000       98.76926       2.139073    
   2.481762       98.94752       2.214782    
   7.434425       99.35075       2.373556    
   12.38829       99.74802       2.533830    
   17.37068       99.95215       2.737515    
   22.36992       100.0017       2.734911    
   27.36889       100.0582       2.735047    
   32.36626       100.1525       2.738570    
   37.36148       100.2807       2.738914    
   42.35468       100.4347       2.738449    
   47.34677       100.6009       2.738247    
   52.33939       100.7612       2.738164    
   57.33461       100.8883       2.738154    
   62.33282       100.9611       2.738071    
   67.33237       100.9634       2.739474    
   72.33087       100.8971       2.742306    
   77.32610       100.7716       2.745586    
   82.31709       100.5952       2.715606    
   87.30524       100.3919       2.696338    
   92.29430       100.1970       2.637914    
   97.28818       100.0560       2.562207    
   102.2866       99.99355       2.540060    
   107.2863       99.96349       2.524015    
   112.2728       99.79222       2.502750    
   117.2255       99.39693       2.483899    
   122.1606       98.92178       2.449796    
   127.1186       98.55151       2.436169    
   132.1048       98.34343       2.436157    
   137.1018       98.25465       2.436177    
   142.1004       98.28233       2.436429    
   147.0855       98.48299       2.440192    
   152.0289       98.91029       2.452472    
   156.9416       99.46066       2.506991    
   161.8866       99.87329       2.636392    
   166.8759       100.0306       3.245098    
   171.8755       100.0344       3.370633    
   176.8751       99.99930       3.500620    
   181.8749       99.98188       3.573642    
   186.8749       99.98126       3.591360    
   191.8749       99.98149       3.590961    
   196.8749       99.98150       3.590903    
   201.8749       99.98149       3.588652    
   206.8749       99.98139       3.579102    
   211.8749       99.98287       3.567138    
   216.8748       99.99718       3.563346    
   221.8745       100.0337       3.568782    
   226.8739       100.0764       3.575942    
   231.8736       100.0783       3.580411    
   236.8703       99.98734       3.582688    
   241.8605       99.80609       3.583579    
   246.8531       99.66279       3.583829    
   251.8497       99.69608       3.583856    
   256.8403       99.87341       3.583806    
   261.8292       100.0697       3.583082    
   266.8226       100.2184       3.580676    
   271.8200       100.3085       3.575263    
   276.8195       100.3370       3.566380    
   281.8193       100.3194       3.555791    
   286.8188       100.2782       3.546950    
   291.8181       100.2263       3.541647    
   296.8170       100.1659       3.539873    
   301.8156       100.0944       3.539778    
   306.8141       100.0256       3.539414    
   311.8136       100.0009       3.513938    
   316.8123       99.95772       3.461369    
   321.7794       99.67523       3.402308    
   326.7076       99.17667       3.341920    
   331.6619       99.00801       3.092196    
   336.6017       99.41222       3.049927    
   341.4941       100.0225       3.023066    
   346.3997       100.5932       3.013402    
   351.3318       101.0763       3.008706    
   356.3008       101.3793       2.999779    
   361.2956       101.5031       2.996583    
   366.2939       101.5798       2.996529    
   371.2916       101.6697       2.997410    
   376.2886       101.7719       2.999588    
   381.2849       101.8861       3.011168    
   386.2799       102.0170       3.036006    
   391.2732       102.1703       3.076966    
   396.2645       102.3440       3.166257    
   401.2549       102.5270       3.189284    
   406.2462       102.7009       3.198346    
   411.2407       102.8377       3.202306    
   416.2387       102.9132       3.201315    
   421.2385       102.9358       3.201450    
   426.2385       102.9382       3.204413    
   431.2385       102.9481       3.208288    
   436.2343       103.0419       3.206898    
   441.2233       103.2365       3.204178    
   446.2118       103.4361       3.195182    
   451.2035       103.6058       3.171052    
   456.1937       103.7895       3.119097    
   461.1783       104.0197       3.066634    
   466.1624       104.2553       3.012788    
   471.1551       104.3953       2.968087    
   476.1545       104.4279       2.934758    
   481.8401       104.4295       2.918104    
   489.3643       104.4295       2.914073    
   507.4286       104.4295       2.913613    
  -33.77417       92.28692       2.131621    
  -15.70986       92.28692       2.132166    
  -8.185690       92.28692       2.135877    
  -2.500000       92.28692       2.152685    
   2.481762       92.44483       2.221020    
   7.434425       92.80198       2.376723    
   12.38829       93.15384       2.533509    
   17.37068       93.33465       2.739539    
   22.36992       93.37855       2.734900    
   27.36889       93.42858       2.735054    
   32.36626       93.51208       2.738560    
   37.36148       93.62569       2.738901    
   42.35468       93.76205       2.738435    
   47.34677       93.90923       2.738246    
   52.33939       94.05121       2.738193    
   57.33461       94.16380       2.738175    
   62.33282       94.22831       2.738052    
   67.33237       94.23037       2.739470    
   72.33087       94.17159       2.741857    
   77.32610       94.06042       2.742205    
   82.31709       93.90422       2.716416    
   87.30524       93.72411       2.690699    
   92.29430       93.55146       2.636620    
   97.28818       93.42661       2.560199    
   102.2866       93.37131       2.535803    
   107.2863       93.34469       2.522768    
   112.2728       93.19299       2.502846    
   117.2255       92.84286       2.484377    
   122.1606       92.42202       2.468406    
   127.1186       92.09407       2.469120    
   132.1048       91.90976       2.469127    
   137.1018       91.83113       2.469125    
   142.1004       91.85565       2.469524    
   147.0855       92.03337       2.475773    
   152.0289       92.41184       2.489429    
   156.9416       92.89931       2.515654    
   161.8866       93.26480       2.634645    
   166.8759       93.40413       3.243621    
   171.8755       93.40750       3.369189    
   176.8751       93.37640       3.500542    
   181.8749       93.36098       3.573271    
   186.8749       93.36044       3.592994    
   191.8749       93.36063       3.590104    
   196.8749       93.36064       3.591752    
   201.8749       93.36063       3.591803    
   206.8749       93.36054       3.590785    
   211.8749       93.36186       3.587407    
   216.8748       93.37454       3.582573    
   221.8745       93.40688       3.581283    
   226.8739       93.44470       3.580744    
   231.8736       93.44635       3.580284    
   236.8703       93.36582       3.579139    
   241.8605       93.20527       3.578313    
   246.8531       93.07835       3.578007    
   251.8497       93.10783       3.578005    
   256.8403       93.26490       3.578014    
   261.8292       93.43874       3.578025    
   266.8226       93.57047       3.577761    
   271.8200       93.65030       3.576899    
   276.8195       93.67554       3.575582    
   281.8193       93.65989       3.573559    
   286.8188       93.62345       3.571560    
   291.8181       93.57744       3.570709    
   296.8170       93.52392       3.570556    
   301.8156       93.46066       3.569447    
   306.8141       93.39973       3.548456    
   311.8136       93.37785       3.514276    
   316.8123       93.33959       3.461948    
   321.7794       93.08938       3.402249    
   326.7076       92.64779       3.342423    
   331.6619       92.49840       3.091189    
   336.6017       92.85643       3.050314    
   341.4941       93.39696       3.026715    
   346.3997       93.90244       3.020660    
   351.3318       94.33030       3.018086    
   356.3008       94.59869       3.019344    
   361.2956       94.70834       3.019837    
   366.2939       94.77627       3.019737    
   371.2916       94.85593       3.019168    
   376.2886       94.94642       3.017233    
   381.2849       95.04758       3.019537    
   386.2799       95.16358       3.036556    
   391.2732       95.29931       3.076795    
   396.2645       95.45317       3.166179    
   401.2549       95.61526       3.189295    
   406.2462       95.76926       3.198488    
   411.2407       95.89043       3.202398    
   416.2387       95.95733       3.201289    
   421.2385       95.97731       3.201458    
   426.2385       95.97943       3.204658    
   431.2385       95.98818       3.208866    
   436.2343       96.07135       3.208543    
   441.2233       96.24365       3.207673    
   446.2118       96.42047       3.204786    
   451.2035       96.57073       3.191609    
   456.1937       96.73344       3.162061    
   461.1783       96.93733       3.122146    
   466.1624       97.14609       3.075973    
   471.1551       97.27006       3.034836    
   476.1545       97.29897       2.992465    
   481.8401       97.30029       2.956477    
   489.3643       97.30029       2.932295    
   507.4286       97.30029       2.926467    
  -33.77417       84.70639       2.137834    
  -15.70986       84.70639       2.138361    
  -8.185690       84.70639       2.139291    
  -2.500000       84.70639       2.158294    
   2.481762       84.84047       2.222717    
   7.434425       85.14374       2.377250    
   12.38829       85.44250       2.533294    
   17.37068       85.59602       2.739647    
   22.36992       85.63330       2.734837    
   27.36889       85.67580       2.735126    
   32.36626       85.74669       2.737859    
   37.36148       85.84315       2.738269    
   42.35468       85.95895       2.738224    
   47.34677       86.08392       2.738867    
   52.33939       86.20448       2.739039    
   57.33461       86.30008       2.739066    
   62.33282       86.35486       2.738570    
   67.33237       86.35661       2.737525    
   72.33087       86.30669       2.736851    
   77.32610       86.21230       2.731514    
   82.31709       86.07966       2.715148    
   87.30524       85.92673       2.683209    
   92.29430       85.78013       2.636552    
   97.28818       85.67411       2.558514    
   102.2866       85.62716       2.533581    
   107.2863       85.60456       2.522506    
   112.2728       85.47575       2.502983    
   117.2255       85.17844       2.487954    
   122.1606       84.82110       2.485266    
   127.1186       84.54264       2.485304    
   132.1048       84.38613       2.485789    
   137.1018       84.31937       2.485944    
   142.1004       84.34019       2.491263    
   147.0855       84.49109       2.500051    
   152.0289       84.81246       2.499742    
   156.9416       85.22638       2.518163    
   161.8866       85.53673       2.633841    
   166.8759       85.65503       3.243383    
   171.8755       85.65790       3.369001    
   176.8751       85.63148       3.500499    
   181.8749       85.61840       3.573300    
   186.8749       85.61794       3.593237    
   191.8749       85.61810       3.590111    
   196.8749       85.61810       3.589837    
   201.8749       85.61810       3.589574    
   206.8749       85.61802       3.589511    
   211.8749       85.61914       3.589090    
   216.8748       85.62991       3.588062    
   221.8745       85.65736       3.588176    
   226.8739       85.68948       3.586816    
   231.8736       85.69088       3.584523    
   236.8703       85.62250       3.582674    
   241.8605       85.48617       3.581549    
   246.8531       85.37840       3.580869    
   251.8497       85.40344       3.580369    
   256.8403       85.53680       3.580292    
   261.8292       85.68442       3.580327    
   266.8226       85.79627       3.580465    
   271.8200       85.86406       3.580525    
   276.8195       85.88549       3.580510    
   281.8193       85.87220       3.580443    
   286.8188       85.84126       3.580411    
   291.8181       85.80219       3.580395    
   296.8170       85.75674       3.577194    
   301.8156       85.70303       3.569201    
   306.8141       85.65130       3.548582    
   311.8136       85.63272       3.514269    
   316.8123       85.60023       3.462039    
   321.7794       85.38776       3.402306    
   326.7076       85.01280       3.342435    
   331.6619       84.88596       3.090972    
   336.6017       85.18996       3.050324    
   341.4941       85.64894       3.027210    
   346.3997       86.07815       3.023350    
   351.3318       86.44146       3.022340    
   356.3008       86.66934       3.021005    
   361.2956       86.76245       3.019843    
   366.2939       86.82014       3.019690    
   371.2916       86.88777       3.019841    
   376.2886       86.96461       3.021174    
   381.2849       87.05051       3.024167    
   386.2799       87.14902       3.035790    
   391.2732       87.26426       3.076551    
   396.2645       87.39491       3.166136    
   401.2549       87.53254       3.189328    
   406.2462       87.66331       3.200081    
   411.2407       87.76619       3.204437    
   416.2387       87.82300       3.205279    
   421.2385       87.83997       3.205310    
   426.2385       87.84176       3.205322    
   431.2385       87.84920       3.208862    
   436.2343       87.91981       3.208773    
   441.2233       88.06612       3.208456    
   446.2118       88.21626       3.207163    
   451.2035       88.34385       3.196522    
   456.1937       88.48203       3.172717    
   461.1783       88.65514       3.136667    
   466.1624       88.83239       3.096758    
   471.1551       88.93765       3.060983    
   476.1545       88.96221       3.028320    
   481.8401       88.96335       2.995087    
   489.3643       88.96335       2.950869    
   507.4286       88.96335       2.928716    
  -33.77417       75.60016       2.139335    
  -15.70986       75.60016       2.139857    
  -8.185690       75.60016       2.141181    
  -2.500000       75.60016       2.159339    
   2.481762       75.70561       2.222865    
   7.434425       75.94414       2.377192    
   12.38829       76.17914       2.533384    
   17.37068       76.29989       2.739655    
   22.36992       76.32921       2.734580    
   27.36889       76.36263       2.735730    
   32.36626       76.41840       2.736966    
   37.36148       76.49427       2.736390    
   42.35468       76.58534       2.735702    
   47.34677       76.68364       2.735308    
   52.33939       76.77846       2.735320    
   57.33461       76.85366       2.735463    
   62.33282       76.89674       2.735839    
   67.33237       76.89812       2.735996    
   72.33087       76.85886       2.733305    
   77.32610       76.78461       2.727307    
   82.31709       76.68029       2.714534    
   87.30524       76.56001       2.680804    
   92.29430       76.44469       2.636944    
   97.28818       76.36131       2.558213    
   102.2866       76.32438       2.533413    
   107.2863       76.30660       2.522154    
   112.2728       76.20528       2.513749    
   117.2255       75.97144       2.514629    
   122.1606       75.69038       2.514652    
   127.1186       75.47135       2.514649    
   132.1048       75.34826       2.514290    
   137.1018       75.29574       2.514257    
   142.1004       75.31212       2.513765    
   147.0855       75.43081       2.511108    
   152.0289       75.68358       2.502512    
   156.9416       76.00915       2.518693    
   161.8866       76.25325       2.633451    
   166.8759       76.34630       3.243451    
   171.8755       76.34855       3.368978    
   176.8751       76.32778       3.500475    
   181.8749       76.31749       3.573316    
   186.8749       76.31712       3.593321    
   191.8749       76.31725       3.590123    
   196.8749       76.31725       3.589818    
   201.8749       76.31725       3.589244    
   206.8749       76.31718       3.588413    
   211.8749       76.31807       3.588400    
   216.8748       76.32654       3.588384    
   221.8745       76.34814       3.588500    
   226.8739       76.37340       3.588167    
   231.8736       76.37450       3.587846    
   236.8703       76.32071       3.586486    
   241.8605       76.21349       3.584795    
   246.8531       76.12872       3.583073    
   251.8497       76.14841       3.582147    
   256.8403       76.25331       3.581155    
   261.8292       76.36942       3.580598    
   266.8226       76.45739       3.580342    
   271.8200       76.51070       3.580360    
   276.8195       76.52757       3.580394    
   281.8193       76.51711       3.580230    
   286.8188       76.49277       3.580002    
   291.8181       76.46204       3.580333    
   296.8170       76.42630       3.577181    
   301.8156       76.38405       3.569165    
   306.8141       76.34336       3.548599    
   311.8136       76.32875       3.514272    
   316.8123       76.30320       3.462033    
   321.7794       76.13609       3.402290    
   326.7076       75.84116       3.342457    
   331.6619       75.74139       3.090946    
   336.6017       75.98050       3.050313    
   341.4941       76.34151       3.027570    
   346.3997       76.67910       3.024607    
   351.3318       76.96486       3.024747    
   356.3008       77.14410       3.024743    
   361.2956       77.21733       3.025347    
   366.2939       77.26270       3.025373    
   371.2916       77.31591       3.025464    
   376.2886       77.37634       3.024977    
   381.2849       77.44391       3.026205    
   386.2799       77.52139       3.035519    
   391.2732       77.61202       3.076326    
   396.2645       77.71479       3.166092    
   401.2549       77.82304       3.189284    
   406.2462       77.92590       3.201453    
   411.2407       78.00681       3.205659    
   416.2387       78.05150       3.207397    
   421.2385       78.06484       3.208358    
   426.2385       78.06626       3.208552    
   431.2385       78.07211       3.208671    
   436.2343       78.12765       3.208741    
   441.2233       78.24273       3.208569    
   446.2118       78.36082       3.207669    
   451.2035       78.46117       3.197482    
   456.1937       78.56985       3.174683    
   461.1783       78.70601       3.139274    
   466.1624       78.84543       3.100222    
   471.1551       78.92822       3.066449    
   476.1545       78.94754       3.044386    
   481.8401       78.94843       3.027211    
   489.3643       78.94843       2.989871    
   507.4286       78.94843       2.929015    
  -33.77417       56.32260       2.139503    
  -15.70986       56.32260       2.139862    
  -8.185690       56.32260       2.141417    
  -2.500000       56.32260       2.159191    
   2.481762       56.36747       2.223037    
   7.434425       56.46896       2.377175    
   12.38829       56.56895       2.533423    
   17.37068       56.62033       2.739605    
   22.36992       56.63280       2.734486    
   27.36889       56.64702       2.735715    
   32.36626       56.67075       2.736443    
   37.36148       56.70303       2.736377    
   42.35468       56.74178       2.736296    
   47.34677       56.78361       2.736323    
   52.33939       56.82395       2.736322    
   57.33461       56.85595       2.736278    
   62.33282       56.87428       2.736301    
   67.33237       56.87487       2.735423    
   72.33087       56.85816       2.732972    
   77.32610       56.82657       2.727252    
   82.31709       56.78218       2.714581    
   87.30524       56.73100       2.680780    
   92.29430       56.68194       2.636945    
   97.28818       56.64646       2.558230    
   102.2866       56.63075       2.531970    
   107.2863       56.62318       2.518958    
   112.2728       56.58007       2.518718    
   117.2255       56.48058       2.518605    
   122.1606       56.36099       2.518554    
   127.1186       56.26780       2.518466    
   132.1048       56.21542       2.518057    
   137.1018       56.19307       2.517848    
   142.1004       56.20005       2.517236    
   147.0855       56.25055       2.512909    
   152.0289       56.35809       2.503454    
   156.9416       56.49662       2.518964    
   161.8866       56.60048       2.633405    
   166.8759       56.64007       3.243449    
   171.8755       56.64103       3.368976    
   176.8751       56.63219       3.500505    
   181.8749       56.62782       3.573193    
   186.8749       56.62766       3.593118    
   191.8749       56.62771       3.590075    
   196.8749       56.62772       3.589693    
   201.8749       56.62771       3.589177    
   206.8749       56.62769       3.588448    
   211.8749       56.62806       3.588438    
   216.8748       56.63167       3.588417    
   221.8745       56.64086       3.588376    
   226.8739       56.65160       3.588352    
   231.8736       56.65207       3.587903    
   236.8703       56.62919       3.586300    
   241.8605       56.58356       3.585022    
   246.8531       56.54750       3.583499    
   251.8497       56.55588       3.582122    
   256.8403       56.60051       3.581614    
   261.8292       56.64991       3.581254    
   266.8226       56.68734       3.580940    
   271.8200       56.71003       3.580625    
   276.8195       56.71720       3.580474    
   281.8193       56.71275       3.580181    
   286.8188       56.70240       3.579987    
   291.8181       56.68932       3.580359    
   296.8170       56.67411       3.577136    
   301.8156       56.65614       3.569009    
   306.8141       56.63882       3.548588    
   311.8136       56.63261       3.514267    
   316.8123       56.62173       3.461922    
   321.7794       56.55063       3.402275    
   326.7076       56.42514       3.342481    
   331.6619       56.38269       3.090954    
   336.6017       56.48443       3.050320    
   341.4941       56.63803       3.027582    
   346.3997       56.78168       3.024623    
   351.3318       56.90327       3.024817    
   356.3008       56.97953       3.024952    
   361.2956       57.01069       3.025030    
   366.2939       57.02999       3.025029    
   371.2916       57.05263       3.025048    
   376.2886       57.07835       3.025177    
   381.2849       57.10709       3.026166    
   386.2799       57.14006       3.035283    
   391.2732       57.17862       3.076246    
   396.2645       57.22235       3.166058    
   401.2549       57.26841       3.189281    
   406.2462       57.31217       3.201622    
   411.2407       57.34660       3.205743    
   416.2387       57.36561       3.207723    
   421.2385       57.37129       3.208464    
   426.2385       57.37189       3.208639    
   431.2385       57.37438       3.208714    
   436.2343       57.39801       3.208686    
   441.2233       57.44698       3.208623    
   446.2118       57.49723       3.207699    
   451.2035       57.53992       3.197574    
   456.1937       57.58617       3.174737    
   461.1783       57.64410       3.139256    
   466.1624       57.70342       3.100437    
   471.1551       57.73865       3.067180    
   476.1545       57.74687       3.048094    
   481.8401       57.74725       3.043720    
   489.3643       57.74725       3.043356    
   507.4286       57.74725       2.962048    
