        1545
  -33.77417       136.6885       1.859273    
  -15.70986       136.6885       1.859976    
  -8.185690       136.6885       1.804883    
  -2.500000       136.6885       1.831890    
   2.481762       136.9860       1.818912    
   7.434425       137.6588       1.602175    
   12.38829       138.3216       1.644627    
   17.37068       138.6622       1.333784    
   22.36992       138.7449       1.718391    
   27.36889       138.8391       1.677412    
   32.36626       138.9964       1.478882    
   37.36148       139.2104       1.479218    
   42.35468       139.4673       1.836201    
   47.34677       139.7446       1.869685    
   52.33939       140.0120       1.866493    
   57.33461       140.2241       1.877486    
   62.33282       140.3456       1.466356    
   67.33237       140.3495       1.596824    
   72.33087       140.2388       1.598517    
   77.32610       140.0294       1.826804    
   82.31709       139.7351       1.599687    
   87.30524       139.3958       1.389152    
   92.29430       139.0706       1.366323    
   97.28818       138.8354       1.334815    
   102.2866       138.7312       1.742001    
   107.2863       138.6811       1.742252    
   112.2728       138.3953       1.742242    
   117.2255       137.7357       1.481389    
   122.1606       136.9430       1.573468    
   127.1186       136.3252       1.573735    
   132.1048       135.9780       1.474603    
   137.1018       135.8299       1.473063    
   142.1004       135.8761       1.469007    
   147.0855       136.2108       1.469885    
   152.0289       136.9238       1.652952    
   156.9416       137.8421       1.653045    
   161.8866       138.5306       1.653109    
   166.8759       138.7930       1.610735    
   171.8755       138.7994       1.538079    
   176.8751       138.7408       1.435386    
   181.8749       138.7118       1.402818    
   186.8749       138.7108       1.402392    
   191.8749       138.7111       1.396361    
   196.8749       138.7112       1.395841    
   201.8749       138.7111       1.535542    
   206.8749       138.7109       1.525903    
   211.8749       138.7134       1.525986    
   216.8748       138.7373       1.496488    
   221.8745       138.7983       1.361263    
   226.8739       138.8695       1.647650    
   231.8736       138.8726       1.408497    
   236.8703       138.7209       1.574058    
   241.8605       138.4185       1.385636    
   246.8531       138.1794       1.246751    
   251.8497       138.2349       1.309651    
   256.8403       138.5308       1.513746    
   261.8292       138.8582       1.745868    
   266.8226       139.1064       1.637142    
   271.8200       139.2568       1.637419    
   276.8195       139.3043       1.600500    
   281.8193       139.2749       1.722397    
   286.8188       139.2062       1.500602    
   291.8181       139.1195       1.464638    
   296.8170       139.0187       1.464036    
   301.8156       138.8996       1.461789    
   306.8141       138.7848       1.631945    
   311.8136       138.7435       1.492554    
   316.8123       138.6715       1.488688    
   321.7794       138.2001       1.489405    
   326.7076       137.3683       1.307007    
   331.6619       137.0869       1.304894    
   336.6017       137.7613       1.141712    
   341.4941       138.7795      0.9475380    
   346.3997       139.7317       1.551053    
   351.3318       140.5377       1.290896    
   356.3008       141.0433       1.736037    
   361.2956       141.2499       1.707785    
   366.2939       141.3779       1.173767    
   371.2916       141.5279      0.9419757    
   376.2886       141.6984      0.8739950    
   381.2849       141.8889      0.8639225    
   386.2799       142.1075      0.7508711    
   391.2732       142.3631      0.8338522    
   396.2645       142.6530      0.8449860    
   401.2549       142.9583      0.6941378    
   406.2462       143.2484      0.5938064    
   411.2407       143.4767      0.5938177    
   416.2387       143.6027      0.6369804    
   421.2385       143.6403      0.5439927    
   426.2385       143.6443      0.6144780    
   431.2385       143.6608      0.6106233    
   436.2343       143.8174      0.8295523    
   441.2233       144.1421      0.7731485    
   446.2118       144.4751      0.5434023    
   451.2035       144.7582      0.5434778    
   456.1937       145.0647      0.7149032    
   461.1783       145.4488      0.8015665    
   466.1624       145.8420      0.7298657    
   471.1551       146.0755      0.7003219    
   476.1545       146.1300      0.1023609    
   481.8401       146.1326       2.594005    
   489.3643       146.1326       2.628646    
   507.4286       146.1326       2.628469    
  -33.77417       134.0858       1.859269    
  -15.70986       134.0858       1.859972    
  -8.185690       134.0858       1.804879    
  -2.500000       134.0858       1.184348    
   2.481762       134.3752       1.232910    
   7.434425       135.0294       1.222150    
   12.38829       135.6740       1.025618    
   17.37068       136.0052       1.196945    
   22.36992       136.0857       1.196812    
   27.36889       136.1774      0.8698956    
   32.36626       136.3303       1.151833    
   37.36148       136.5384       1.207336    
   42.35468       136.7882      0.9881617    
   47.34677       137.0579       1.228012    
   52.33939       137.3180       1.228026    
   57.33461       137.5242      0.9403151    
   62.33282       137.6424       1.200552    
   67.33237       137.6462       1.200327    
   72.33087       137.5385      0.8468838    
   77.32610       137.3349      0.8468290    
   82.31709       137.0487      0.8468552    
   87.30524       136.7188       1.396342    
   92.29430       136.4025       1.301237    
   97.28818       136.1738       1.135194    
   102.2866       136.0724       1.011220    
   107.2863       136.0237       1.011295    
   112.2728       135.7457       1.011253    
   117.2255       135.1043       1.011473    
   122.1606       134.3334       1.168438    
   127.1186       133.7326       1.166490    
   132.1048       133.3949       1.473009    
   137.1018       133.2509       1.473058    
   142.1004       133.2958       1.466842    
   147.0855       133.6214       1.262296    
   152.0289       134.3147       1.179718    
   156.9416       135.2077      0.8919533    
   161.8866       135.8773      0.9098590    
   166.8759       136.1325      0.8526874    
   171.8755       136.1387      0.7430056    
   176.8751       136.0817      0.7427431    
   181.8749       136.0535      0.8311958    
   186.8749       136.0525      0.8040491    
   191.8749       136.0529      0.8038644    
   196.8749       136.0529      0.7748593    
   201.8749       136.0529      0.9154574    
   206.8749       136.0527      0.9154641    
   211.8749       136.0551      0.9543836    
   216.8748       136.0783      0.9542921    
   221.8745       136.1376      0.8456079    
   226.8739       136.2069      0.9528994    
   231.8736       136.2099      0.6939369    
   236.8703       136.0623      0.7112110    
   241.8605       135.7682      0.7113794    
   246.8531       135.5358      0.8046217    
   251.8497       135.5898      0.8460504    
   256.8403       135.8775       1.009956    
   261.8292       136.1960      0.7926353    
   266.8226       136.4373      0.8897061    
   271.8200       136.5835       1.175261    
   276.8195       136.6297       1.114333    
   281.8193       136.6011      0.7423460    
   286.8188       136.5343      0.7419145    
   291.8181       136.4500      0.7416503    
   296.8170       136.3520      0.7397792    
   301.8156       136.2361      0.6763093    
   306.8141       136.1245      0.6767681    
   311.8136       136.0844      0.6766741    
   316.8123       136.0143      0.8666331    
   321.7794       135.5559       1.138532    
   326.7076       134.7469       1.296269    
   331.6619       134.4733       1.295774    
   336.6017       135.1292       1.510131    
   341.4941       136.1194       1.420223    
   346.3997       137.0454       1.420261    
   351.3318       137.8293       1.240433    
   356.3008       138.3209       1.240891    
   361.2956       138.5218      0.9049801    
   366.2939       138.6463      0.9446820    
   371.2916       138.7922      0.9420474    
   376.2886       138.9579       1.978174    
   381.2849       139.1433       1.968925    
   386.2799       139.3558       1.968913    
   391.2732       139.6044       1.826597    
   396.2645       139.8863       1.826654    
   401.2549       140.1832       3.380374    
   406.2462       140.4654       2.103102    
   411.2407       140.6873       2.102977    
   416.2387       140.8099       2.102954    
   421.2385       140.8465       2.067637    
   426.2385       140.8504       2.067643    
   431.2385       140.8664       2.075079    
   436.2343       141.0188       2.097776    
   441.2233       141.3345       2.097784    
   446.2118       141.6584       2.097468    
   451.2035       141.9337       1.373204    
   456.1937       142.2318       1.280978    
   461.1783       142.6053       1.375077    
   466.1624       142.9877       2.441899    
   471.1551       143.2148       2.598118    
   476.1545       143.2677       2.598104    
   481.8401       143.2702       2.594007    
   489.3643       143.2702       2.628651    
   507.4286       143.2702       2.628490    
  -33.77417       131.3152       1.859276    
  -15.70986       131.3152       1.859861    
  -8.185690       131.3152       1.804876    
  -2.500000       131.3152       1.184352    
   2.481762       131.5958       1.232907    
   7.434425       132.2304       1.222144    
   12.38829       132.8556       1.190890    
   17.37068       133.1768       1.196954    
   22.36992       133.2549       1.196869    
   27.36889       133.3438       1.154056    
   32.36626       133.4921       1.153825    
   37.36148       133.6940       1.207349    
   42.35468       133.9363       1.209446    
   47.34677       134.1978       1.233468    
   52.33939       134.4500       1.233497    
   57.33461       134.6501       1.233464    
   62.33282       134.7647       1.200900    
   67.33237       134.7684       1.200954    
   72.33087       134.6640       1.201055    
   77.32610       134.4664       2.296791    
   82.31709       134.1889       2.296824    
   87.30524       133.8689       1.451764    
   92.29430       133.5621       1.156445    
   97.28818       133.3403       1.135220    
   102.2866       133.2420       1.011243    
   107.2863       133.1947       1.011281    
   112.2728       132.9252       1.011285    
   117.2255       132.3031       1.011466    
   122.1606       131.5553       1.167305    
   127.1186       130.9726       1.166520    
   132.1048       130.6451       1.466072    
   137.1018       130.5054       1.466586    
   142.1004       130.5490       1.466825    
   147.0855       130.8647       1.288117    
   152.0289       131.5372       1.288176    
   156.9416       132.4034       1.309857    
   161.8866       133.0527       1.422428    
   166.8759       133.3003       1.427136    
   171.8755       133.3063       1.427153    
   176.8751       133.2510       1.427181    
   181.8749       133.2236       1.422709    
   186.8749       133.2227      0.8041180    
   191.8749       133.2231       1.212910    
   196.8749       133.2231       1.212546    
   201.8749       133.2231      0.9328307    
   206.8749       133.2229      0.9327859    
   211.8749       133.2252       1.101836    
   216.8748       133.2477       1.003778    
   221.8745       133.3052      0.9527093    
   226.8739       133.3724      0.9529183    
   231.8736       133.3753       1.019551    
   236.8703       133.2322       1.019703    
   241.8605       132.9470       1.224538    
   246.8531       132.7215       1.177616    
   251.8497       132.7738       1.177324    
   256.8403       133.0529       1.177136    
   261.8292       133.3618       1.176991    
   266.8226       133.5959      0.9610134    
   271.8200       133.7377      0.9612598    
   276.8195       133.7825       1.114330    
   281.8193       133.7548       1.651046    
   286.8188       133.6900       1.480677    
   291.8181       133.6082       1.476112    
   296.8170       133.5132       1.475843    
   301.8156       133.4008       1.501715    
   306.8141       133.2925       1.969997    
   311.8136       133.2536       1.969986    
   316.8123       133.1856       1.970017    
   321.7794       132.7410       1.138639    
   326.7076       131.9564       1.138792    
   331.6619       131.6910       1.138799    
   336.6017       132.3271       1.523987    
   341.4941       133.2876       1.523906    
   346.3997       134.1857       1.523852    
   351.3318       134.9460       1.238852    
   356.3008       135.4228       1.245398    
   361.2956       135.6176       1.245442    
   366.2939       135.7384       1.541896    
   371.2916       135.8799       1.597743    
   376.2886       136.0407       1.968985    
   381.2849       136.2204       1.968922    
   386.2799       136.4265       1.968902    
   391.2732       136.6677       1.826602    
   396.2645       136.9411       1.827048    
   401.2549       137.2291       2.097625    
   406.2462       137.5027       2.097515    
   411.2407       137.7180       2.097478    
   416.2387       137.8369       2.097471    
   421.2385       137.8724       2.097492    
   426.2385       137.8761       2.097528    
   431.2385       137.8917       2.097586    
   436.2343       138.0394       2.097645    
   441.2233       138.3456       2.097744    
   446.2118       138.6598       2.097713    
   451.2035       138.9268       1.373020    
   456.1937       139.2159       1.374259    
   461.1783       139.5782       1.375076    
   466.1624       139.9491       2.441907    
   471.1551       140.1694       2.592752    
   476.1545       140.2207       2.593900    
   481.8401       140.2231       2.594956    
   489.3643       140.2231       2.628670    
   507.4286       140.2231       2.628557    
  -33.77417       128.3538       1.859311    
  -15.70986       128.3538       1.858720    
  -8.185690       128.3538       1.805338    
  -2.500000       128.3538       1.796255    
   2.481762       128.6251       1.885818    
   7.434425       129.2386       1.886835    
   12.38829       129.8431       1.886863    
   17.37068       130.1537       1.927897    
   22.36992       130.2291       1.927940    
   27.36889       130.3151       1.928017    
   32.36626       130.4585       1.928114    
   37.36148       130.6536       1.928288    
   42.35468       130.8879       1.928436    
   47.34677       131.1408       1.928579    
   52.33939       131.3846       1.928758    
   57.33461       131.5780       1.928891    
   62.33282       131.6889       1.928910    
   67.33237       131.6924       1.929206    
   72.33087       131.5914       2.647158    
   77.32610       131.4005       2.647245    
   82.31709       131.1322       2.649029    
   87.30524       130.8228       2.656765    
   92.29430       130.5262       2.656756    
   97.28818       130.3116       2.651141    
   102.2866       130.2167       2.649554    
   107.2863       130.1709       2.640031    
   112.2728       129.9104       2.546293    
   117.2255       129.3089       2.546273    
   122.1606       128.5859       1.849819    
   127.1186       128.0226       1.466040    
   132.1048       127.7059       1.466068    
   137.1018       127.5708       1.466581    
   142.1004       127.6130       1.466781    
   147.0855       127.9183       1.336812    
   152.0289       128.5684       1.336897    
   156.9416       129.4059       1.337319    
   161.8866       130.0337       3.331231    
   166.8759       130.2731       3.331974    
   171.8755       130.2789       3.331694    
   176.8751       130.2254       3.331659    
   181.8749       130.1989       3.331901    
   186.8749       130.1980       3.347653    
   191.8749       130.1983       3.347609    
   196.8749       130.1983       3.346927    
   201.8749       130.1983       3.347045    
   206.8749       130.1982      0.9325474    
   211.8749       130.2005       2.587823    
   216.8748       130.2222       2.587829    
   221.8745       130.2778       2.588998    
   226.8739       130.3428       2.588790    
   231.8736       130.3456       2.588786    
   236.8703       130.2072       2.588788    
   241.8605       129.9314       2.505001    
   246.8531       129.7134       2.504982    
   251.8497       129.7641       2.504976    
   256.8403       130.0339       2.504989    
   261.8292       130.3325       2.505003    
   266.8226       130.5588       2.507370    
   271.8200       130.6960       1.651239    
   276.8195       130.7393       1.651169    
   281.8193       130.7124       1.651072    
   286.8188       130.6498       1.652945    
   291.8181       130.5708       2.674188    
   296.8170       130.4788       2.662605    
   301.8156       130.3701       2.662607    
   306.8141       130.2655       2.500081    
   311.8136       130.2279       2.499623    
   316.8123       130.1622       1.971117    
   321.7794       129.7323       1.971086    
   326.7076       128.9738       1.971080    
   331.6619       128.7171       1.971063    
   336.6017       129.3322       1.524126    
   341.4941       130.2607       1.524073    
   346.3997       131.1291       1.624700    
   351.3318       131.8641       1.624816    
   356.3008       132.3251       1.631938    
   361.2956       132.5135       1.632035    
   366.2939       132.6302       1.981563    
   371.2916       132.7671       1.988753    
   376.2886       132.9225       1.985976    
   381.2849       133.0963       1.985980    
   386.2799       133.2955       1.985983    
   391.2732       133.5287      0.6423627    
   396.2645       133.7930      0.6423668    
   401.2549       134.0715       2.097778    
   406.2462       134.3360       2.097479    
   411.2407       134.5442       2.097471    
   416.2387       134.6591       2.097494    
   421.2385       134.6935       2.097522    
   426.2385       134.6971       2.097541    
   431.2385       134.7121       2.097599    
   436.2343       134.8550       2.097635    
   441.2233       135.1510       2.096543    
   446.2118       135.4547       2.096535    
   451.2035       135.7129       1.372146    
   456.1937       135.9924       1.372092    
   461.1783       136.3427       1.372107    
   466.1624       136.7012       2.469181    
   471.1551       136.9142       2.582046    
   476.1545       136.9639       2.584453    
   481.8401       136.9662       2.598930    
   489.3643       136.9662       2.628705    
   507.4286       136.9662       2.628760    
  -33.77417       125.1739       1.860544    
  -15.70986       125.1739       1.860916    
  -8.185690       125.1739       1.861300    
  -2.500000       125.1739       1.861300    
   2.481762       125.4352       1.886503    
   7.434425       126.0261       1.886659    
   12.38829       126.6083       1.886790    
   17.37068       126.9075       1.895474    
   22.36992       126.9801       1.895526    
   27.36889       127.0629       1.895562    
   32.36626       127.2010       1.895589    
   37.36148       127.3890       1.933539    
   42.35468       127.6146       2.360391    
   47.34677       127.8582       2.360172    
   52.33939       128.0931       2.360187    
   57.33461       128.2793       2.361455    
   62.33282       128.3861       2.359722    
   67.33237       128.3895       2.445988    
   72.33087       128.2923       2.646927    
   77.32610       128.1083       2.647094    
   82.31709       127.8499       2.647202    
   87.30524       127.5519       2.647223    
   92.29430       127.2662       2.649498    
   97.28818       127.0596       2.649507    
   102.2866       126.9681       2.646312    
   107.2863       126.9241       2.639133    
   112.2728       126.6731       2.546281    
   117.2255       126.0938       1.850973    
   122.1606       125.3975       1.849815    
   127.1186       124.8549       1.849801    
   132.1048       124.5499       1.849798    
   137.1018       124.4198       1.327279    
   142.1004       124.4603       1.327231    
   147.0855       124.7544       1.327228    
   152.0289       125.3806       1.801214    
   156.9416       126.1872       2.282600    
   161.8866       126.7919       2.585877    
   166.8759       127.0225       3.331609    
   171.8755       127.0280       3.331612    
   176.8751       126.9765       3.331623    
   181.8749       126.9510       3.331725    
   186.8749       126.9501       3.347667    
   191.8749       126.9505       3.347641    
   196.8749       126.9505       3.346926    
   201.8749       126.9505       3.346931    
   206.8749       126.9503       2.593437    
   211.8749       126.9525       2.593073    
   216.8748       126.9735       2.592979    
   221.8745       127.0270       2.592951    
   226.8739       127.0896       2.592870    
   231.8736       127.0923       2.592866    
   236.8703       126.9591       2.592896    
   241.8605       126.6934       2.592954    
   246.8531       126.4834       2.593001    
   251.8497       126.5322       2.593086    
   256.8403       126.7921       2.593223    
   261.8292       127.0797       2.593450    
   266.8226       127.2977       2.593714    
   271.8200       127.4297       2.605838    
   276.8195       127.4715       2.605887    
   281.8193       127.4456       2.606751    
   286.8188       127.3853       2.799805    
   291.8181       127.3092       3.043016    
   296.8170       127.2206       3.042873    
   301.8156       127.1160       3.042876    
   306.8141       127.0152       3.070087    
   311.8136       126.9790       3.070091    
   316.8123       126.9157       2.787537    
   321.7794       126.5017       2.636907    
   326.7076       125.7710       2.636894    
   331.6619       125.5238       2.637249    
   336.6017       126.1162       1.524440    
   341.4941       127.0106       1.524050    
   346.3997       127.8469       1.887234    
   351.3318       128.5549       1.892144    
   356.3008       128.9989       1.892274    
   361.2956       129.1804       1.892291    
   366.2939       129.2928       1.975031    
   371.2916       129.4245       1.983723    
   376.2886       129.5742       1.983761    
   381.2849       129.7417       1.983748    
   386.2799       129.9336       1.983727    
   391.2732       130.1582       1.983713    
   396.2645       130.4128       1.984728    
   401.2549       130.6809       2.787122    
   406.2462       130.9357       2.782403    
   411.2407       131.1362       2.782382    
   416.2387       131.2469       2.782358    
   421.2385       131.2800       2.782309    
   426.2385       131.2835       2.782305    
   431.2385       131.2979       2.782308    
   436.2343       131.4355       2.782312    
   441.2233       131.7207       2.782327    
   446.2118       132.0132       2.769059    
   451.2035       132.2618       2.484196    
   456.1937       132.5311       2.483451    
   461.1783       132.8684       2.483458    
   466.1624       133.2138       2.483460    
   471.1551       133.4189       2.497010    
   476.1545       133.4668       2.582866    
   481.8401       133.4690       2.619943    
   489.3643       133.4690       2.631585    
   507.4286       133.4690       2.631526    
  -33.77417       121.7413       1.882687    
  -15.70986       121.7413       1.882994    
  -8.185690       121.7413       1.883233    
  -2.500000       121.7413       1.883349    
   2.481762       121.9919       1.883446    
   7.434425       122.5584       1.901232    
   12.38829       123.1165       2.471564    
   17.37068       123.4034       2.556581    
   22.36992       123.4730       2.556573    
   27.36889       123.5524       2.556607    
   32.36626       123.6848       2.556632    
   37.36148       123.8650       2.556626    
   42.35468       124.0813       2.555449    
   47.34677       124.3148       2.363155    
   52.33939       124.5400       2.361459    
   57.33461       124.7186       2.361458    
   62.33282       124.8209       2.359724    
   67.33237       124.8242       2.445985    
   72.33087       124.7309       2.646602    
   77.32610       124.5546       2.646938    
   82.31709       124.3068       2.646978    
   87.30524       124.0211       2.646935    
   92.29430       123.7473       2.646873    
   97.28818       123.5492       2.646460    
   102.2866       123.4615       2.646178    
   107.2863       123.4193       2.635657    
   112.2728       123.1786       2.509291    
   117.2255       122.6232       2.489429    
   122.1606       121.9557       2.432265    
   127.1186       121.4355       2.307954    
   132.1048       121.1431       2.163272    
   137.1018       121.0183       2.163544    
   142.1004       121.0573       2.163538    
   147.0855       121.3392       2.163460    
   152.0289       121.9395       2.162437    
   156.9416       122.7128       2.290638    
   161.8866       123.2925       2.585779    
   166.8759       123.5135       3.331534    
   171.8755       123.5189       3.347615    
   176.8751       123.4696       3.347680    
   181.8749       123.4451       3.347696    
   186.8749       123.4443       3.347676    
   191.8749       123.4446       3.347656    
   196.8749       123.4446       3.346947    
   201.8749       123.4446       3.347194    
   206.8749       123.4444       2.593430    
   211.8749       123.4465       2.593371    
   216.8748       123.4666       2.593266    
   221.8745       123.5179       2.593195    
   226.8739       123.5779       2.593132    
   231.8736       123.5806       2.593095    
   236.8703       123.4528       2.593095    
   241.8605       123.1981       2.593120    
   246.8531       122.9968       2.593120    
   251.8497       123.0435       2.593151    
   256.8403       123.2927       2.593256    
   261.8292       123.5684       2.593444    
   266.8226       123.7774       2.594301    
   271.8200       123.9041       2.597605    
   276.8195       123.9441       2.597641    
   281.8193       123.9193       2.606760    
   286.8188       123.8614       2.869167    
   291.8181       123.7885       3.050735    
   296.8170       123.7036       3.050732    
   301.8156       123.6032       3.050745    
   306.8141       123.5066       3.046294    
   311.8136       123.4719       3.046292    
   316.8123       123.4112       3.019994    
   321.7794       123.0143       2.648549    
   326.7076       122.3138       2.644780    
   331.6619       122.0768       2.644771    
   336.6017       122.6448       2.644757    
   341.4941       123.5022       2.641759    
   346.3997       124.3040       1.887233    
   351.3318       124.9827       2.269873    
   356.3008       125.4084       2.270175    
   361.2956       125.5824       2.270267    
   366.2939       125.6901       2.270255    
   371.2916       125.8165       2.270238    
   376.2886       125.9600       2.435566    
   381.2849       126.1205       2.435566    
   386.2799       126.3045       2.435569    
   391.2732       126.5198       2.435575    
   396.2645       126.7639       2.437940    
   401.2549       127.0210       3.118574    
   406.2462       127.2653       3.117784    
   411.2407       127.4575       3.117774    
   416.2387       127.5636       3.117748    
   421.2385       127.5953       3.117726    
   426.2385       127.5986       3.117729    
   431.2385       127.6125       3.118744    
   436.2343       127.7445       3.119867    
   441.2233       128.0178       3.120380    
   446.2118       128.2982       3.023420    
   451.2035       128.5366       2.656881    
   456.1937       128.7948       2.647725    
   461.1783       129.1181       2.647719    
   466.1624       129.4493       2.647720    
   471.1551       129.6459       2.647737    
   476.1545       129.6918       2.648274    
   481.8401       129.6939       2.648429    
   489.3643       129.6939       2.648373    
   507.4286       129.6939       2.648319    
  -33.77417       118.0135       1.907332    
  -15.70986       118.0135       1.907351    
  -8.185690       118.0135       1.907356    
  -2.500000       118.0135       1.907350    
   2.481762       118.2522       1.906861    
   7.434425       118.7923       2.021294    
   12.38829       119.3243       2.506763    
   17.37068       119.5977       2.646701    
   22.36992       119.6640       2.646429    
   27.36889       119.7397       2.646452    
   32.36626       119.8660       2.646462    
   37.36148       120.0378       2.646480    
   42.35468       120.2439       2.646525    
   47.34677       120.4665       2.646527    
   52.33939       120.6811       2.646555    
   57.33461       120.8514       2.646568    
   62.33282       120.9489       2.646558    
   67.33237       120.9520       2.646582    
   72.33087       120.8632       2.646549    
   77.32610       120.6951       2.646535    
   82.31709       120.4589       2.646475    
   87.30524       120.1866       2.646452    
   92.29430       119.9255       2.646359    
   97.28818       119.7367       2.642977    
   102.2866       119.6531       2.635725    
   107.2863       119.6129       2.628102    
   112.2728       119.3835       2.508589    
   117.2255       118.8540       2.491158    
   122.1606       118.2177       2.440705    
   127.1186       117.7218       2.314353    
   132.1048       117.4431       2.162629    
   137.1018       117.3242       2.162514    
   142.1004       117.3613       2.162508    
   147.0855       117.6301       2.162543    
   152.0289       118.2023       2.165457    
   156.9416       118.9394       2.291824    
   161.8866       119.4921       2.585739    
   166.8759       119.7027       3.331485    
   171.8755       119.7078       3.347739    
   176.8751       119.6608       3.347740    
   181.8749       119.6375       3.347742    
   186.8749       119.6367       3.347684    
   191.8749       119.6370       3.347662    
   196.8749       119.6370       3.346961    
   201.8749       119.6370       3.346470    
   206.8749       119.6368       2.593518    
   211.8749       119.6388       2.593467    
   216.8748       119.6580       2.593354    
   221.8745       119.7069       2.593328    
   226.8739       119.7641       2.593271    
   231.8736       119.7666       2.593209    
   236.8703       119.6448       2.593175    
   241.8605       119.4020       2.593158    
   246.8531       119.2101       2.593162    
   251.8497       119.2547       2.593196    
   256.8403       119.4922       2.593295    
   261.8292       119.7551       2.593458    
   266.8226       119.9542       2.593666    
   271.8200       120.0750       2.593985    
   276.8195       120.1131       2.594055    
   281.8193       120.0895       2.606997    
   286.8188       120.0343       2.879219    
   291.8181       119.9648       3.052665    
   296.8170       119.8839       3.052682    
   301.8156       119.7882       3.052711    
   306.8141       119.6961       3.052758    
   311.8136       119.6630       3.052773    
   316.8123       119.6051       3.052714    
   321.7794       119.2268       3.023832    
   326.7076       118.5591       3.002929    
   331.6619       118.3332       2.999246    
   336.6017       118.8746       2.978341    
   341.4941       119.6919       2.641584    
   346.3997       120.4562       2.269783    
   351.3318       121.1031       2.269830    
   356.3008       121.5089       2.269033    
   361.2956       121.6748       2.269034    
   366.2939       121.7775       2.270256    
   371.2916       121.8979       2.362099    
   376.2886       122.0348       2.914253    
   381.2849       122.1877       2.914605    
   386.2799       122.3631       2.914742    
   391.2732       122.5684       2.919798    
   396.2645       122.8010       3.133902    
   401.2549       123.0461       3.181943    
   406.2462       123.2790       3.178536    
   411.2407       123.4621       3.178238    
   416.2387       123.5633       3.178220    
   421.2385       123.5935       3.178222    
   426.2385       123.5967       3.178237    
   431.2385       123.6100       3.178458    
   436.2343       123.7357       3.180993    
   441.2233       123.9963       3.179255    
   446.2118       124.2636       3.093358    
   451.2035       124.4909       2.742708    
   456.1937       124.7369       2.714425    
   461.1783       125.0452       2.714330    
   466.1624       125.3608       2.714301    
   471.1551       125.5482       2.714166    
   476.1545       125.5920       2.714006    
   481.8401       125.5940       2.713642    
   489.3643       125.5940       2.713454    
   507.4286       125.5940       2.713410    
  -33.77417       113.9358       1.963084    
  -15.70986       113.9358       1.963045    
  -8.185690       113.9358       1.963033    
  -2.500000       113.9358       1.963276    
   2.481762       114.1617       1.977887    
   7.434425       114.6728       2.185318    
   12.38829       115.1762       2.523860    
   17.37068       115.4350       2.703677    
   22.36992       115.4978       2.704970    
   27.36889       115.5694       2.705032    
   32.36626       115.6889       2.705089    
   37.36148       115.8514       2.705170    
   42.35468       116.0465       2.705417    
   47.34677       116.2571       2.705674    
   52.33939       116.4603       2.705777    
   57.33461       116.6214       2.705779    
   62.33282       116.7137       2.705733    
   67.33237       116.7167       2.705610    
   72.33087       116.6326       2.705376    
   77.32610       116.4735       2.704896    
   82.31709       116.2499       2.704383    
   87.30524       115.9922       2.704118    
   92.29430       115.7452       2.656484    
   97.28818       115.5665       2.522211    
   102.2866       115.4874       2.522929    
   107.2863       115.4493       2.523869    
   112.2728       115.2323       2.502418    
   117.2255       114.7313       2.493098    
   122.1606       114.1291       2.450118    
   127.1186       113.6599       2.327578    
   132.1048       113.3961       2.251654    
   137.1018       113.2836       2.251624    
   142.1004       113.3186       2.251622    
   147.0855       113.5730       2.251774    
   152.0289       114.1145       2.250687    
   156.9416       114.8120       2.318037    
   161.8866       115.3350       2.585479    
   166.8759       115.5344       3.303436    
   171.8755       115.5392       3.348482    
   176.8751       115.4947       3.348441    
   181.8749       115.4726       3.348411    
   186.8749       115.4719       3.348392    
   191.8749       115.4722       3.348344    
   196.8749       115.4722       3.347615    
   201.8749       115.4722       3.346531    
   206.8749       115.4720       2.762246    
   211.8749       115.4739       2.755754    
   216.8748       115.4921       2.755131    
   221.8745       115.5383       2.755045    
   226.8739       115.5924       2.755035    
   231.8736       115.5948       2.755052    
   236.8703       115.4796       2.755061    
   241.8605       115.2498       2.755055    
   246.8531       115.0682       2.755045    
   251.8497       115.1104       2.755025    
   256.8403       115.3352       2.755011    
   261.8292       115.5839       2.755020    
   266.8226       115.7724       2.755037    
   271.8200       115.8866       2.755041    
   276.8195       115.9228       2.755009    
   281.8193       115.9004       2.776334    
   286.8188       115.8482       3.011180    
   291.8181       115.7824       3.132121    
   296.8170       115.7058       3.132839    
   301.8156       115.6153       3.132876    
   306.8141       115.5281       3.132879    
   311.8136       115.4968       3.132850    
   316.8123       115.4420       3.132861    
   321.7794       115.0840       3.132859    
   326.7076       114.4521       3.132475    
   331.6619       114.2384       3.047515    
   336.6017       114.7507       3.029491    
   341.4941       115.5241       2.822707    
   346.3997       116.2474       2.370871    
   351.3318       116.8596       2.369009    
   356.3008       117.2437       2.367483    
   361.2956       117.4006       2.367482    
   366.2939       117.4977       2.367476    
   371.2916       117.6117       2.526111    
   376.2886       117.7412       2.969810    
   381.2849       117.8860       2.998137    
   386.2799       118.0519       3.014585    
   391.2732       118.2462       3.044712    
   396.2645       118.4663       3.192358    
   401.2549       118.6983       3.191779    
   406.2462       118.9186       3.188770    
   411.2407       119.0920       3.189162    
   416.2387       119.1877       3.189152    
   421.2385       119.2163       3.188922    
   426.2385       119.2194       3.188643    
   431.2385       119.2319       3.188462    
   436.2343       119.3509       3.188610    
   441.2233       119.5975       3.185217    
   446.2118       119.8504       3.131348    
   451.2035       120.0655       2.873030    
   456.1937       120.2983       2.781657    
   461.1783       120.5900       2.782623    
   466.1624       120.8887       2.782655    
   471.1551       121.0661       2.782719    
   476.1545       121.1075       2.782779    
   481.8401       121.1095       2.782836    
   489.3643       121.1095       2.782871    
   507.4286       121.1095       2.782903    
  -33.77417       109.4377       2.106642    
  -15.70986       109.4377       2.106631    
  -8.185690       109.4377       2.106617    
  -2.500000       109.4377       2.106218    
   2.481762       109.6495       2.102313    
   7.434425       110.1285       2.323768    
   12.38829       110.6005       2.524736    
   17.37068       110.8431       2.716486    
   22.36992       110.9020       2.717440    
   27.36889       110.9691       2.714675    
   32.36626       111.0811       2.712463    
   37.36148       111.2335       2.712312    
   42.35468       111.4164       2.712224    
   47.34677       111.6138       2.711086    
   52.33939       111.8043       2.710049    
   57.33461       111.9553       2.710003    
   62.33282       112.0418       2.709960    
   67.33237       112.0446       2.709928    
   72.33087       111.9657       2.709895    
   77.32610       111.8166       2.709852    
   82.31709       111.6071       2.709862    
   87.30524       111.3655       2.703039    
   92.29430       111.1339       2.657825    
   97.28818       110.9664       2.516582    
   102.2866       110.8923       2.507150    
   107.2863       110.8566       2.500785    
   112.2728       110.6531       2.500471    
   117.2255       110.1834       2.493839    
   122.1606       109.6189       2.473236    
   127.1186       109.1790       2.399049    
   132.1048       108.9318       2.399130    
   137.1018       108.8263       2.399112    
   142.1004       108.8592       2.398754    
   147.0855       109.0976       2.387056    
   152.0289       109.6052       2.367874    
   156.9416       110.2591       2.417619    
   161.8866       110.7494       2.585373    
   166.8759       110.9363       3.302307    
   171.8755       110.9408       3.370375    
   176.8751       110.8991       3.465570    
   181.8749       110.8784       3.464998    
   186.8749       110.8776       3.464996    
   191.8749       110.8779       3.464999    
   196.8749       110.8779       3.464962    
   201.8749       110.8779       3.421256    
   206.8749       110.8778       3.122831    
   211.8749       110.8796       2.993402    
   216.8748       110.8966       2.969512    
   221.8745       110.9400       2.967143    
   226.8739       110.9907       2.967080    
   231.8736       110.9929       2.967098    
   236.8703       110.8849       2.967103    
   241.8605       110.6695       2.967095    
   246.8531       110.4993       2.967070    
   251.8497       110.5388       2.967050    
   256.8403       110.7495       2.967057    
   261.8292       110.9827       2.967089    
   266.8226       111.1594       2.967118    
   271.8200       111.2665       2.967156    
   276.8195       111.3003       2.968594    
   281.8193       111.2794       3.020088    
   286.8188       111.2305       3.247204    
   291.8181       111.1687       3.383661    
   296.8170       111.0969       3.403680    
   301.8156       111.0121       3.404120    
   306.8141       110.9304       3.404127    
   311.8136       110.9010       3.404119    
   316.8123       110.8497       3.404098    
   321.7794       110.5141       3.402355    
   326.7076       109.9218       3.366752    
   331.6619       109.7214       3.043206    
   336.6017       110.2016       3.030182    
   341.4941       110.9267       3.009509    
   346.3997       111.6047       2.966224    
   351.3318       112.1786       2.957149    
   356.3008       112.5386       2.957079    
   361.2956       112.6857       2.957071    
   366.2939       112.7768       2.957075    
   371.2916       112.8837       2.957493    
   376.2886       113.0050       3.003235    
   381.2849       113.1407       3.024554    
   386.2799       113.2963       3.032944    
   391.2732       113.4784       3.047379    
   396.2645       113.6848       3.193051    
   401.2549       113.9022       3.191762    
   406.2462       114.1088       3.189091    
   411.2407       114.2713       3.188466    
   416.2387       114.3611       3.188431    
   421.2385       114.3878       3.188425    
   426.2385       114.3907       3.188421    
   431.2385       114.4025       3.188463    
   436.2343       114.5140       3.188687    
   441.2233       114.7451       3.187879    
   446.2118       114.9823       3.170343    
   451.2035       115.1839       3.043737    
   456.1937       115.4022       2.892058    
   461.1783       115.6756       2.863754    
   466.1624       115.9556       2.863913    
   471.1551       116.1219       2.863908    
   476.1545       116.1607       2.863897    
   481.8401       116.1625       2.863875    
   489.3643       116.1625       2.863813    
   507.4286       116.1625       2.863760    
  -33.77417       104.4251       2.116465    
  -15.70986       104.4251       2.116511    
  -8.185690       104.4251       2.116534    
  -2.500000       104.4251       2.117152    
   2.481762       104.6212       2.136607    
   7.434425       105.0646       2.352445    
   12.38829       105.5015       2.524653    
   17.37068       105.7260       2.718474    
   22.36992       105.7805       2.718881    
   27.36889       105.8427       2.718899    
   32.36626       105.9463       2.719073    
   37.36148       106.0873       2.719130    
   42.35468       106.2567       2.719250    
   47.34677       106.4394       2.719299    
   52.33939       106.6157       2.719367    
   57.33461       106.7555       2.719444    
   62.33282       106.8356       2.719518    
   67.33237       106.8381       2.719543    
   72.33087       106.7651       2.719496    
   77.32610       106.6271       2.719320    
   82.31709       106.4332       2.710963    
   87.30524       106.2096       2.702015    
   92.29430       105.9952       2.657881    
   97.28818       105.8402       2.516500    
   102.2866       105.7715       2.507069    
   107.2863       105.7385       2.500700    
   112.2728       105.5501       2.500378    
   117.2255       105.1154       2.493973    
   122.1606       104.5929       2.479153    
   127.1186       104.1857       2.455443    
   132.1048       103.9569       2.455394    
   137.1018       103.8593       2.455378    
   142.1004       103.8897       2.455267    
   147.0855       104.1104       2.452702    
   152.0289       104.5803       2.450078    
   156.9416       105.1855       2.488478    
   161.8866       105.6393       2.584041    
   166.8759       105.8122       3.299825    
   171.8755       105.8165       3.369846    
   176.8751       105.7778       3.509391    
   181.8749       105.7587       3.569156    
   186.8749       105.7580       3.573456    
   191.8749       105.7582       3.573466    
   196.8749       105.7583       3.573734    
   201.8749       105.7583       3.569121    
   206.8749       105.7581       3.509112    
   211.8749       105.7598       3.389440    
   216.8748       105.7755       3.332155    
   221.8745       105.8157       3.318658    
   226.8739       105.8626       3.316695    
   231.8736       105.8647       3.316488    
   236.8703       105.7647       3.316448    
   241.8605       105.5654       3.316421    
   246.8531       105.4078       3.316424    
   251.8497       105.4444       3.316444    
   256.8403       105.6394       3.316473    
   261.8292       105.8553       3.316506    
   266.8226       106.0188       3.316549    
   271.8200       106.1179       3.317020    
   276.8195       106.1492       3.322655    
   281.8193       106.1298       3.360930    
   286.8188       106.0846       3.441896    
   291.8181       106.0275       3.469515    
   296.8170       105.9610       3.470244    
   301.8156       105.8824       3.470244    
   306.8141       105.8068       3.470244    
   311.8136       105.7796       3.470243    
   316.8123       105.7321       3.469273    
   321.7794       105.4215       3.405318    
   326.7076       104.8732       3.371450    
   331.6619       104.6877       3.036024    
   336.6017       105.1322       3.030176    
   341.4941       105.8034       3.030370    
   346.3997       106.4309       3.030436    
   351.3318       106.9622       3.031266    
   356.3008       107.2954       3.027035    
   361.2956       107.4315       3.026772    
   366.2939       107.5159       3.026768    
   371.2916       107.6148       3.027002    
   376.2886       107.7271       3.028490    
   381.2849       107.8528       3.028632    
   386.2799       107.9968       3.033196    
   391.2732       108.1653       3.047251    
   396.2645       108.3564       3.193004    
   401.2549       108.5576       3.191726    
   406.2462       108.7488       3.189086    
   411.2407       108.8992       3.188467    
   416.2387       108.9823       3.188387    
   421.2385       109.0071       3.188382    
   426.2385       109.0098       3.188368    
   431.2385       109.0207       3.188354    
   436.2343       109.1239       3.188368    
   441.2233       109.3378       3.188052    
   446.2118       109.5574       3.183388    
   451.2035       109.7439       3.147994    
   456.1937       109.9460       3.047353    
   461.1783       110.1991       2.973914    
   466.1624       110.4583       2.931233    
   471.1551       110.6122       2.925885    
   476.1545       110.6481       2.924879    
   481.8401       110.6497       2.924954    
   489.3643       110.6497       2.924966    
   507.4286       110.6497       2.924972    
  -33.77417       98.76926       2.119383    
  -15.70986       98.76926       2.119358    
  -8.185690       98.76926       2.119457    
  -2.500000       98.76926       2.122478    
   2.481762       98.94752       2.142606    
   7.434425       99.35075       2.354268    
   12.38829       99.74802       2.524669    
   17.37068       99.95215       2.718422    
   22.36992       100.0017       2.718903    
   27.36889       100.0582       2.718906    
   32.36626       100.1525       2.719050    
   37.36148       100.2807       2.719033    
   42.35468       100.4347       2.719018    
   47.34677       100.6009       2.719064    
   52.33939       100.7612       2.719113    
   57.33461       100.8883       2.719146    
   62.33282       100.9611       2.719162    
   67.33237       100.9634       2.719341    
   72.33087       100.8971       2.719351    
   77.32610       100.7716       2.719299    
   82.31709       100.5952       2.711009    
   87.30524       100.3919       2.701940    
   92.29430       100.1970       2.657965    
   97.28818       100.0560       2.516471    
   102.2866       99.99355       2.506926    
   107.2863       99.96349       2.500703    
   112.2728       99.79222       2.500362    
   117.2255       99.39693       2.493959    
   122.1606       98.92178       2.481295    
   127.1186       98.55151       2.475493    
   132.1048       98.34343       2.475482    
   137.1018       98.25465       2.475486    
   142.1004       98.28233       2.475500    
   147.0855       98.48299       2.476011    
   152.0289       98.91029       2.479968    
   156.9416       99.46066       2.499455    
   161.8866       99.87329       2.582922    
   166.8759       100.0306       3.298971    
   171.8755       100.0344       3.369300    
   176.8751       99.99930       3.509401    
   181.8749       99.98188       3.569106    
   186.8749       99.98126       3.573691    
   191.8749       99.98149       3.573795    
   196.8749       99.98150       3.573794    
   201.8749       99.98149       3.573766    
   206.8749       99.98139       3.573130    
   211.8749       99.98287       3.571738    
   216.8748       99.99718       3.571816    
   221.8745       100.0337       3.572630    
   226.8739       100.0764       3.573729    
   231.8736       100.0783       3.573965    
   236.8703       99.98734       3.574083    
   241.8605       99.80609       3.574133    
   246.8531       99.66279       3.574114    
   251.8497       99.69608       3.574171    
   256.8403       99.87341       3.574239    
   261.8292       100.0697       3.574270    
   266.8226       100.2184       3.574534    
   271.8200       100.3085       3.574529    
   276.8195       100.3370       3.573442    
   281.8193       100.3194       3.569021    
   286.8188       100.2782       3.563121    
   291.8181       100.2263       3.560227    
   296.8170       100.1659       3.559876    
   301.8156       100.0944       3.559835    
   306.8141       100.0256       3.559754    
   311.8136       100.0009       3.548004    
   316.8123       99.95772       3.471656    
   321.7794       99.67523       3.405313    
   326.7076       99.17667       3.371558    
   331.6619       99.00801       3.035688    
   336.6017       99.41222       3.030168    
   341.4941       100.0225       3.030799    
   346.3997       100.5932       3.030828    
   351.3318       101.0763       3.030982    
   356.3008       101.3793       3.031132    
   361.2956       101.5031       3.031340    
   366.2939       101.5798       3.031317    
   371.2916       101.6697       3.031214    
   376.2886       101.7719       3.030985    
   381.2849       101.8861       3.030215    
   386.2799       102.0170       3.033056    
   391.2732       102.1703       3.047247    
   396.2645       102.3440       3.192994    
   401.2549       102.5270       3.191721    
   406.2462       102.7009       3.189061    
   411.2407       102.8377       3.188458    
   416.2387       102.9132       3.188378    
   421.2385       102.9358       3.188359    
   426.2385       102.9382       3.188344    
   431.2385       102.9481       3.188278    
   436.2343       103.0419       3.188274    
   441.2233       103.2365       3.188159    
   446.2118       103.4361       3.187103    
   451.2035       103.6058       3.176280    
   456.1937       103.7895       3.124421    
   461.1783       104.0197       3.052021    
   466.1624       104.2553       2.985208    
   471.1551       104.3953       2.950993    
   476.1545       104.4279       2.940901    
   481.8401       104.4295       2.939992    
   489.3643       104.4295       2.940042    
   507.4286       104.4295       2.940039    
  -33.77417       92.28692       2.121035    
  -15.70986       92.28692       2.121085    
  -8.185690       92.28692       2.120965    
  -2.500000       92.28692       2.124209    
   2.481762       92.44483       2.142822    
   7.434425       92.80198       2.354344    
   12.38829       93.15384       2.524688    
   17.37068       93.33465       2.718298    
   22.36992       93.37855       2.718915    
   27.36889       93.42858       2.718926    
   32.36626       93.51208       2.719043    
   37.36148       93.62569       2.719020    
   42.35468       93.76205       2.719008    
   47.34677       93.90923       2.719059    
   52.33939       94.05121       2.719105    
   57.33461       94.16380       2.719133    
   62.33282       94.22831       2.719159    
   67.33237       94.23037       2.719312    
   72.33087       94.17159       2.719332    
   77.32610       94.06042       2.719311    
   82.31709       93.90422       2.711115    
   87.30524       93.72411       2.700775    
   92.29430       93.55146       2.658219    
   97.28818       93.42661       2.516446    
   102.2866       93.37131       2.505968    
   107.2863       93.34469       2.500656    
   112.2728       93.19299       2.500345    
   117.2255       92.84286       2.493948    
   122.1606       92.42202       2.490595    
   127.1186       92.09407       2.490614    
   132.1048       91.90976       2.490618    
   137.1018       91.83113       2.490636    
   142.1004       91.85565       2.490666    
   147.0855       92.03337       2.491902    
   152.0289       92.41184       2.497708    
   156.9416       92.89931       2.500510    
   161.8866       93.26480       2.582864    
   166.8759       93.40413       3.298880    
   171.8755       93.40750       3.369182    
   176.8751       93.37640       3.509412    
   181.8749       93.36098       3.569105    
   186.8749       93.36044       3.573488    
   191.8749       93.36063       3.573744    
   196.8749       93.36064       3.573745    
   201.8749       93.36063       3.573756    
   206.8749       93.36054       3.573738    
   211.8749       93.36186       3.573772    
   216.8748       93.37454       3.573708    
   221.8745       93.40688       3.573795    
   226.8739       93.44470       3.573843    
   231.8736       93.44635       3.573951    
   236.8703       93.36582       3.574160    
   241.8605       93.20527       3.574296    
   246.8531       93.07835       3.574409    
   251.8497       93.10783       3.574518    
   256.8403       93.26490       3.574582    
   261.8292       93.43874       3.574610    
   266.8226       93.57047       3.574619    
   271.8200       93.65030       3.574533    
   276.8195       93.67554       3.574291    
   281.8193       93.65989       3.573551    
   286.8188       93.62345       3.572754    
   291.8181       93.57744       3.572534    
   296.8170       93.52392       3.572453    
   301.8156       93.46066       3.572162    
   306.8141       93.39973       3.556819    
   311.8136       93.37785       3.548010    
   316.8123       93.33959       3.471659    
   321.7794       93.08938       3.405290    
   326.7076       92.64779       3.371567    
   331.6619       92.49840       3.035650    
   336.6017       92.85643       3.030174    
   341.4941       93.39696       3.030770    
   346.3997       93.90244       3.030306    
   351.3318       94.33030       3.030264    
   356.3008       94.59869       3.030260    
   361.2956       94.70834       3.030231    
   366.2939       94.77627       3.030206    
   371.2916       94.85593       3.030157    
   376.2886       94.94642       3.030277    
   381.2849       95.04758       3.030393    
   386.2799       95.16358       3.033055    
   391.2732       95.29931       3.047227    
   396.2645       95.45317       3.192997    
   401.2549       95.61526       3.191741    
   406.2462       95.76926       3.189044    
   411.2407       95.89043       3.188429    
   416.2387       95.95733       3.188364    
   421.2385       95.97731       3.188345    
   426.2385       95.97943       3.188350    
   431.2385       95.98818       3.188243    
   436.2343       96.07135       3.188236    
   441.2233       96.24365       3.188198    
   446.2118       96.42047       3.187954    
   451.2035       96.57073       3.180535    
   456.1937       96.73344       3.143914    
   461.1783       96.93733       3.068000    
   466.1624       97.14609       2.997816    
   471.1551       97.27006       2.961650    
   476.1545       97.29897       2.948864    
   481.8401       97.30029       2.943024    
   489.3643       97.30029       2.942355    
   507.4286       97.30029       2.942402    
  -33.77417       84.70639       2.121016    
  -15.70986       84.70639       2.120982    
  -8.185690       84.70639       2.120933    
  -2.500000       84.70639       2.124562    
   2.481762       84.84047       2.142859    
   7.434425       85.14374       2.354383    
   12.38829       85.44250       2.524666    
   17.37068       85.59602       2.718304    
   22.36992       85.63330       2.718901    
   27.36889       85.67580       2.718939    
   32.36626       85.74669       2.719012    
   37.36148       85.84315       2.718992    
   42.35468       85.95895       2.718991    
   47.34677       86.08392       2.719052    
   52.33939       86.20448       2.719106    
   57.33461       86.30008       2.719119    
   62.33282       86.35486       2.719109    
   67.33237       86.35661       2.719090    
   72.33087       86.30669       2.719023    
   77.32610       86.21230       2.718410    
   82.31709       86.07966       2.711292    
   87.30524       85.92673       2.699193    
   92.29430       85.78013       2.658289    
   97.28818       85.67411       2.516405    
   102.2866       85.62716       2.505704    
   107.2863       85.60456       2.500582    
   112.2728       85.47575       2.500303    
   117.2255       85.17844       2.494302    
   122.1606       84.82110       2.494388    
   127.1186       84.54264       2.494403    
   132.1048       84.38613       2.494402    
   137.1018       84.31937       2.494407    
   142.1004       84.34019       2.495833    
   147.0855       84.49109       2.499920    
   152.0289       84.81246       2.500002    
   156.9416       85.22638       2.500633    
   161.8866       85.53673       2.582860    
   166.8759       85.65503       3.298838    
   171.8755       85.65790       3.369139    
   176.8751       85.63148       3.509429    
   181.8749       85.61840       3.569094    
   186.8749       85.61794       3.573439    
   191.8749       85.61810       3.573738    
   196.8749       85.61810       3.573787    
   201.8749       85.61810       3.573811    
   206.8749       85.61802       3.573781    
   211.8749       85.61914       3.573757    
   216.8748       85.62991       3.573747    
   221.8745       85.65736       3.573745    
   226.8739       85.68948       3.573811    
   231.8736       85.69088       3.573983    
   236.8703       85.62250       3.574217    
   241.8605       85.48617       3.574377    
   246.8531       85.37840       3.574506    
   251.8497       85.40344       3.574593    
   256.8403       85.53680       3.574622    
   261.8292       85.68442       3.574650    
   266.8226       85.79627       3.574680    
   271.8200       85.86406       3.574724    
   276.8195       85.88549       3.574756    
   281.8193       85.87220       3.574750    
   286.8188       85.84126       3.574714    
   291.8181       85.80219       3.574673    
   296.8170       85.75674       3.574439    
   301.8156       85.70303       3.572139    
   306.8141       85.65130       3.556793    
   311.8136       85.63272       3.548010    
   316.8123       85.60023       3.471683    
   321.7794       85.38776       3.405279    
   326.7076       85.01280       3.371565    
   331.6619       84.88596       3.035663    
   336.6017       85.18996       3.030198    
   341.4941       85.64894       3.030761    
   346.3997       86.07815       3.030248    
   351.3318       86.44146       3.030214    
   356.3008       86.66934       3.030230    
   361.2956       86.76245       3.030244    
   366.2939       86.82014       3.030213    
   371.2916       86.88777       3.030161    
   376.2886       86.96461       3.030264    
   381.2849       87.05051       3.030438    
   386.2799       87.14902       3.033014    
   391.2732       87.26426       3.047197    
   396.2645       87.39491       3.192976    
   401.2549       87.53254       3.191730    
   406.2462       87.66331       3.189049    
   411.2407       87.76619       3.188303    
   416.2387       87.82300       3.188295    
   421.2385       87.83997       3.188319    
   426.2385       87.84176       3.188339    
   431.2385       87.84920       3.188206    
   436.2343       87.91981       3.188195    
   441.2233       88.06612       3.188166    
   446.2118       88.21626       3.188016    
   451.2035       88.34385       3.180699    
   456.1937       88.48203       3.145055    
   461.1783       88.65514       3.067923    
   466.1624       88.83239       2.997434    
   471.1551       88.93765       2.960933    
   476.1545       88.96221       2.950084    
   481.8401       88.96335       2.946970    
   489.3643       88.96335       2.943172    
   507.4286       88.96335       2.942468    
  -33.77417       75.60016       2.121014    
  -15.70986       75.60016       2.120951    
  -8.185690       75.60016       2.120916    
  -2.500000       75.60016       2.124584    
   2.481762       75.70561       2.142882    
   7.434425       75.94414       2.354434    
   12.38829       76.17914       2.524661    
   17.37068       76.29989       2.718340    
   22.36992       76.32921       2.718899    
   27.36889       76.36263       2.718944    
   32.36626       76.41840       2.718984    
   37.36148       76.49427       2.719011    
   42.35468       76.58534       2.719032    
   47.34677       76.68364       2.719025    
   52.33939       76.77846       2.719051    
   57.33461       76.85366       2.719053    
   62.33282       76.89674       2.719063    
   67.33237       76.89812       2.719075    
   72.33087       76.85886       2.718911    
   77.32610       76.78461       2.718426    
   82.31709       76.68029       2.711421    
   87.30524       76.56001       2.699041    
   92.29430       76.44469       2.658312    
   97.28818       76.36131       2.516407    
   102.2866       76.32438       2.505638    
   107.2863       76.30660       2.500549    
   112.2728       76.20528       2.500442    
   117.2255       75.97144       2.500422    
   122.1606       75.69038       2.500378    
   127.1186       75.47135       2.500395    
   132.1048       75.34826       2.500386    
   137.1018       75.29574       2.500369    
   142.1004       75.31212       2.500352    
   147.0855       75.43081       2.500319    
   152.0289       75.68358       2.500351    
   156.9416       76.00915       2.500666    
   161.8866       76.25325       2.582855    
   166.8759       76.34630       3.298808    
   171.8755       76.34855       3.369094    
   176.8751       76.32778       3.509434    
   181.8749       76.31749       3.569093    
   186.8749       76.31712       3.573419    
   191.8749       76.31725       3.573747    
   196.8749       76.31725       3.573792    
   201.8749       76.31725       3.573829    
   206.8749       76.31718       3.573817    
   211.8749       76.31807       3.573768    
   216.8748       76.32654       3.573760    
   221.8745       76.34814       3.573759    
   226.8739       76.37340       3.573829    
   231.8736       76.37450       3.573905    
   236.8703       76.32071       3.574189    
   241.8605       76.21349       3.574387    
   246.8531       76.12872       3.574541    
   251.8497       76.14841       3.574655    
   256.8403       76.25331       3.574650    
   261.8292       76.36942       3.574652    
   266.8226       76.45739       3.574691    
   271.8200       76.51070       3.574734    
   276.8195       76.52757       3.574755    
   281.8193       76.51711       3.574768    
   286.8188       76.49277       3.574738    
   291.8181       76.46204       3.574707    
   296.8170       76.42630       3.574478    
   301.8156       76.38405       3.572129    
   306.8141       76.34336       3.556792    
   311.8136       76.32875       3.547995    
   316.8123       76.30320       3.471706    
   321.7794       76.13609       3.405299    
   326.7076       75.84116       3.371546    
   331.6619       75.74139       3.035685    
   336.6017       75.98050       3.030226    
   341.4941       76.34151       3.030716    
   346.3997       76.67910       3.030267    
   351.3318       76.96486       3.030258    
   356.3008       77.14410       3.030271    
   361.2956       77.21733       3.030300    
   366.2939       77.26270       3.030300    
   371.2916       77.31591       3.030292    
   376.2886       77.37634       3.030331    
   381.2849       77.44391       3.030424    
   386.2799       77.52139       3.032989    
   391.2732       77.61202       3.047198    
   396.2645       77.71479       3.192955    
   401.2549       77.82304       3.191705    
   406.2462       77.92590       3.189025    
   411.2407       78.00681       3.188274    
   416.2387       78.05150       3.188293    
   421.2385       78.06484       3.188267    
   426.2385       78.06626       3.188242    
   431.2385       78.07211       3.188213    
   436.2343       78.12765       3.188177    
   441.2233       78.24273       3.188143    
   446.2118       78.36082       3.188027    
   451.2035       78.46117       3.180712    
   456.1937       78.56985       3.145057    
   461.1783       78.70601       3.067966    
   466.1624       78.84543       2.997407    
   471.1551       78.92822       2.960940    
   476.1545       78.94754       2.949783    
   481.8401       78.94843       2.949195    
   489.3643       78.94843       2.946295    
   507.4286       78.94843       2.942476    
  -33.77417       56.32260       2.121008    
  -15.70986       56.32260       2.120969    
  -8.185690       56.32260       2.120944    
  -2.500000       56.32260       2.124583    
   2.481762       56.36747       2.142894    
   7.434425       56.46896       2.354452    
   12.38829       56.56895       2.524668    
   17.37068       56.62033       2.718363    
   22.36992       56.63280       2.718879    
   27.36889       56.64702       2.718947    
   32.36626       56.67075       2.719000    
   37.36148       56.70303       2.719010    
   42.35468       56.74178       2.719037    
   47.34677       56.78361       2.719051    
   52.33939       56.82395       2.719053    
   57.33461       56.85595       2.719061    
   62.33282       56.87428       2.719070    
   67.33237       56.87487       2.719047    
   72.33087       56.85816       2.718886    
   77.32610       56.82657       2.718411    
   82.31709       56.78218       2.711510    
   87.30524       56.73100       2.699010    
   92.29430       56.68194       2.658301    
   97.28818       56.64646       2.516423    
   102.2866       56.63075       2.505578    
   107.2863       56.62318       2.500506    
   112.2728       56.58007       2.500471    
   117.2255       56.48058       2.500440    
   122.1606       56.36099       2.500421    
   127.1186       56.26780       2.500409    
   132.1048       56.21542       2.500389    
   137.1018       56.19307       2.500387    
   142.1004       56.20005       2.500380    
   147.0855       56.25055       2.500369    
   152.0289       56.35809       2.500389    
   156.9416       56.49662       2.500679    
   161.8866       56.60048       2.582853    
   166.8759       56.64007       3.298809    
   171.8755       56.64103       3.369060    
   176.8751       56.63219       3.509436    
   181.8749       56.62782       3.569100    
   186.8749       56.62766       3.573446    
   191.8749       56.62771       3.573791    
   196.8749       56.62772       3.573822    
   201.8749       56.62771       3.573834    
   206.8749       56.62769       3.573817    
   211.8749       56.62806       3.573785    
   216.8748       56.63167       3.573772    
   221.8745       56.64086       3.573778    
   226.8739       56.65160       3.573828    
   231.8736       56.65207       3.573901    
   236.8703       56.62919       3.574182    
   241.8605       56.58356       3.574379    
   246.8531       56.54750       3.574566    
   251.8497       56.55588       3.574664    
   256.8403       56.60051       3.574678    
   261.8292       56.64991       3.574687    
   266.8226       56.68734       3.574704    
   271.8200       56.71003       3.574737    
   276.8195       56.71720       3.574766    
   281.8193       56.71275       3.574774    
   286.8188       56.70240       3.574754    
   291.8181       56.68932       3.574741    
   296.8170       56.67411       3.574474    
   301.8156       56.65614       3.572127    
   306.8141       56.63882       3.556820    
   311.8136       56.63261       3.547967    
   316.8123       56.62173       3.471718    
   321.7794       56.55063       3.405307    
   326.7076       56.42514       3.371538    
   331.6619       56.38269       3.035686    
   336.6017       56.48443       3.030244    
   341.4941       56.63803       3.030651    
   346.3997       56.78168       3.030283    
   351.3318       56.90327       3.030286    
   356.3008       56.97953       3.030290    
   361.2956       57.01069       3.030288    
   366.2939       57.02999       3.030293    
   371.2916       57.05263       3.030299    
   376.2886       57.07835       3.030319    
   381.2849       57.10709       3.030389    
   386.2799       57.14006       3.032982    
   391.2732       57.17862       3.047210    
   396.2645       57.22235       3.192937    
   401.2549       57.26841       3.191687    
   406.2462       57.31217       3.188993    
   411.2407       57.34660       3.188282    
   416.2387       57.36561       3.188284    
   421.2385       57.37129       3.188274    
   426.2385       57.37189       3.188256    
   431.2385       57.37438       3.188234    
   436.2343       57.39801       3.188203    
   441.2233       57.44698       3.188157    
   446.2118       57.49723       3.188029    
   451.2035       57.53992       3.180709    
   456.1937       57.58617       3.145058    
   461.1783       57.64410       3.067994    
   466.1624       57.70342       2.997419    
   471.1551       57.73865       2.960942    
   476.1545       57.74687       2.949734    
   481.8401       57.74725       2.949107    
   489.3643       57.74725       2.949087    
   507.4286       57.74725       2.943144    
