        1545
  -33.77417       136.6885       1.863749    
  -15.70986       136.6885       1.863693    
  -8.185690       136.6885       1.866834    
  -2.500000       136.6885       1.876474    
   2.481762       136.9860       1.878626    
   7.434425       137.6588       1.621402    
   12.38829       138.3216       1.621911    
   17.37068       138.6622       1.339201    
   22.36992       138.7449       1.722681    
   27.36889       138.8391       1.676918    
   32.36626       138.9964       1.481510    
   37.36148       139.2104       1.481460    
   42.35468       139.4673       1.847476    
   47.34677       139.7446       1.868614    
   52.33939       140.0120       1.868569    
   57.33461       140.2241       1.879421    
   62.33282       140.3456       1.467657    
   67.33237       140.3495       1.597600    
   72.33087       140.2388       1.597757    
   77.32610       140.0294       1.832435    
   82.31709       139.7351       1.612092    
   87.30524       139.3958       1.394997    
   92.29430       139.0706       1.370625    
   97.28818       138.8354       1.333946    
   102.2866       138.7312       1.740880    
   107.2863       138.6811       1.741163    
   112.2728       138.3953       1.741148    
   117.2255       137.7357       1.489118    
   122.1606       136.9430       1.582446    
   127.1186       136.3252       1.582615    
   132.1048       135.9780       1.499387    
   137.1018       135.8299       1.499370    
   142.1004       135.8761       1.499341    
   147.0855       136.2108       1.499263    
   152.0289       136.9238       1.646242    
   156.9416       137.8421       1.646191    
   161.8866       138.5306       1.646431    
   166.8759       138.7930       1.628965    
   171.8755       138.7994       1.541787    
   176.8751       138.7408       1.430430    
   181.8749       138.7118       1.391868    
   186.8749       138.7108       1.391751    
   191.8749       138.7111       1.392153    
   196.8749       138.7112       1.392111    
   201.8749       138.7111       1.541512    
   206.8749       138.7109       1.533576    
   211.8749       138.7134       1.533608    
   216.8748       138.7373       1.502025    
   221.8745       138.7983       1.348967    
   226.8739       138.8695       1.663482    
   231.8736       138.8726       1.421202    
   236.8703       138.7209       1.581236    
   241.8605       138.4185       1.344931    
   246.8531       138.1794       1.182591    
   251.8497       138.2349       1.266062    
   256.8403       138.5308       1.524674    
   261.8292       138.8582       1.782662    
   266.8226       139.1064       1.607122    
   271.8200       139.2568       1.606942    
   276.8195       139.3043       1.604357    
   281.8193       139.2749       1.751874    
   286.8188       139.2062       1.492336    
   291.8181       139.1195       1.470567    
   296.8170       139.0187       1.470730    
   301.8156       138.8996       1.470412    
   306.8141       138.7848       1.631170    
   311.8136       138.7435       1.488894    
   316.8123       138.6715       1.486641    
   321.7794       138.2001       1.486608    
   326.7076       137.3683       1.304753    
   331.6619       137.0869       1.302288    
   336.6017       137.7613       1.153462    
   341.4941       138.7795      0.9181353    
   346.3997       139.7317       1.510698    
   351.3318       140.5377       1.269302    
   356.3008       141.0433       1.717472    
   361.2956       141.2499       1.704319    
   366.2939       141.3779       1.124560    
   371.2916       141.5279      0.9155573    
   376.2886       141.6984      0.8507307    
   381.2849       141.8889      0.8454329    
   386.2799       142.1075      0.7337099    
   391.2732       142.3631      0.8076207    
   396.2645       142.6530      0.8346853    
   401.2549       142.9583      0.6932471    
   406.2462       143.2484      0.5923437    
   411.2407       143.4767      0.5924694    
   416.2387       143.6027      0.6365982    
   421.2385       143.6403      0.5448037    
   426.2385       143.6443      0.6129183    
   431.2385       143.6608      0.6098785    
   436.2343       143.8174      0.8287278    
   441.2233       144.1421      0.7669507    
   446.2118       144.4751      0.5370504    
   451.2035       144.7582      0.5369658    
   456.1937       145.0647      0.6937768    
   461.1783       145.4488      0.7340177    
   466.1624       145.8420      0.6707115    
   471.1551       146.0755      0.6678522    
   476.1545       146.1300      0.1368289    
   481.8401       146.1326       2.625816    
   489.3643       146.1326       2.627300    
   507.4286       146.1326       2.627385    
  -33.77417       134.0858       1.863745    
  -15.70986       134.0858       1.863696    
  -8.185690       134.0858       1.866822    
  -2.500000       134.0858       1.170861    
   2.481762       134.3752       1.251487    
   7.434425       135.0294       1.251490    
   12.38829       135.6740       1.088125    
   17.37068       136.0052       1.216640    
   22.36992       136.0857       1.216600    
   27.36889       136.1774      0.8859079    
   32.36626       136.3303       1.152929    
   37.36148       136.5384       1.225931    
   42.35468       136.7882      0.9749056    
   47.34677       137.0579       1.238589    
   52.33939       137.3180       1.238519    
   57.33461       137.5242      0.9530616    
   62.33282       137.6424       1.204518    
   67.33237       137.6462       1.204458    
   72.33087       137.5385      0.8466036    
   77.32610       137.3349      0.8466710    
   82.31709       137.0487      0.8468634    
   87.30524       136.7188       1.395940    
   92.29430       136.4025       1.289122    
   97.28818       136.1738       1.145774    
   102.2866       136.0724       1.015211    
   107.2863       136.0237       1.015283    
   112.2728       135.7457       1.015136    
   117.2255       135.1043       1.015277    
   122.1606       134.3334       1.183393    
   127.1186       133.7326       1.183311    
   132.1048       133.3949       1.499367    
   137.1018       133.2509       1.499367    
   142.1004       133.2958       1.499354    
   147.0855       133.6214       1.305766    
   152.0289       134.3147       1.270562    
   156.9416       135.2077      0.9065715    
   161.8866       135.8773      0.9078338    
   166.8759       136.1325      0.8172338    
   171.8755       136.1387      0.7381388    
   176.8751       136.0817      0.7380353    
   181.8749       136.0535      0.8208898    
   186.8749       136.0525      0.8202540    
   191.8749       136.0529      0.8201135    
   196.8749       136.0529      0.8124182    
   201.8749       136.0529      0.9271782    
   206.8749       136.0527      0.9269662    
   211.8749       136.0551      0.9737598    
   216.8748       136.0783      0.9735071    
   221.8745       136.1376      0.8821435    
   226.8739       136.2069      0.9545525    
   231.8736       136.2099      0.7143635    
   236.8703       136.0623      0.7174174    
   241.8605       135.7682      0.7174276    
   246.8531       135.5358      0.7847919    
   251.8497       135.5898      0.8260009    
   256.8403       135.8775      0.9245267    
   261.8292       136.1960      0.7145221    
   266.8226       136.4373      0.8189536    
   271.8200       136.5835       1.100697    
   276.8195       136.6297       1.092839    
   281.8193       136.6011      0.7551991    
   286.8188       136.5343      0.7549546    
   291.8181       136.4500      0.7546036    
   296.8170       136.3520      0.7540569    
   301.8156       136.2361      0.6829849    
   306.8141       136.1245      0.6830878    
   311.8136       136.0844      0.6832928    
   316.8123       136.0143      0.8628374    
   321.7794       135.5559       1.146446    
   326.7076       134.7469       1.302027    
   331.6619       134.4733       1.301617    
   336.6017       135.1292       1.514778    
   341.4941       136.1194       1.511056    
   346.3997       137.0454       1.510997    
   351.3318       137.8293       1.256909    
   356.3008       138.3209       1.256881    
   361.2956       138.5218      0.8679107    
   366.2939       138.6463      0.9153015    
   371.2916       138.7922      0.9155701    
   376.2886       138.9579       2.039809    
   381.2849       139.1433       2.039778    
   386.2799       139.3558       2.039807    
   391.2732       139.6044       1.950486    
   396.2645       139.8863       1.950493    
   401.2549       140.1832       2.786781    
   406.2462       140.4654       2.123257    
   411.2407       140.6873       2.123236    
   416.2387       140.8099       2.123219    
   421.2385       140.8465       2.119620    
   426.2385       140.8504       2.119622    
   431.2385       140.8664       2.119694    
   436.2343       141.0188       2.122915    
   441.2233       141.3345       2.122908    
   446.2118       141.6584       2.122900    
   451.2035       141.9337       1.387605    
   456.1937       142.2318       1.391534    
   461.1783       142.6053       1.387687    
   466.1624       142.9877       2.511777    
   471.1551       143.2148       2.625537    
   476.1545       143.2677       2.625557    
   481.8401       143.2702       2.625794    
   489.3643       143.2702       2.627292    
   507.4286       143.2702       2.627390    
  -33.77417       131.3152       1.863738    
  -15.70986       131.3152       1.863689    
  -8.185690       131.3152       1.866805    
  -2.500000       131.3152       1.170862    
   2.481762       131.5958       1.251483    
   7.434425       132.2304       1.251476    
   12.38829       132.8556       1.217305    
   17.37068       133.1768       1.216647    
   22.36992       133.2549       1.216606    
   27.36889       133.3438       1.152967    
   32.36626       133.4921       1.152941    
   37.36148       133.6940       1.225929    
   42.35468       133.9363       1.225981    
   47.34677       134.1978       1.238709    
   52.33939       134.4500       1.238685    
   57.33461       134.6501       1.238589    
   62.33282       134.7647       1.204511    
   67.33237       134.7684       1.204439    
   72.33087       134.6640       1.204358    
   77.32610       134.4664       2.361212    
   82.31709       134.1889       2.361219    
   87.30524       133.8689       1.469441    
   92.29430       133.5621       1.149942    
   97.28818       133.3403       1.145786    
   102.2866       133.2420       1.015229    
   107.2863       133.1947       1.015264    
   112.2728       132.9252       1.015164    
   117.2255       132.3031       1.015269    
   122.1606       131.5553       1.183390    
   127.1186       130.9726       1.183323    
   132.1048       130.6451       1.499384    
   137.1018       130.5054       1.499367    
   142.1004       130.5490       1.499355    
   147.0855       130.8647       1.282950    
   152.0289       131.5372       1.282822    
   156.9416       132.4034       1.282158    
   161.8866       133.0527       1.538271    
   166.8759       133.3003       1.538285    
   171.8755       133.3063       1.538227    
   176.8751       133.2510       1.538124    
   181.8749       133.2236       1.537768    
   186.8749       133.2227      0.8202918    
   191.8749       133.2231       1.178678    
   196.8749       133.2231       1.178662    
   201.8749       133.2231      0.9260686    
   206.8749       133.2229      0.9259418    
   211.8749       133.2252       1.097383    
   216.8748       133.2477      0.9652088    
   221.8745       133.3052      0.9546799    
   226.8739       133.3724      0.9545896    
   231.8736       133.3753      0.9562443    
   236.8703       133.2322      0.9562786    
   241.8605       132.9470       1.314088    
   246.8531       132.7215       1.311886    
   251.8497       132.7738       1.311858    
   256.8403       133.0529       1.311800    
   261.8292       133.3618       1.311783    
   266.8226       133.5959       1.095786    
   271.8200       133.7377       1.095785    
   276.8195       133.7825       1.092836    
   281.8193       133.7548       1.619670    
   286.8188       133.6900       1.431148    
   291.8181       133.6082       1.431145    
   296.8170       133.5132       1.431102    
   301.8156       133.4008       1.433035    
   306.8141       133.2925       2.010757    
   311.8136       133.2536       2.010792    
   316.8123       133.1856       2.010812    
   321.7794       132.7410       1.146505    
   326.7076       131.9564       1.146549    
   331.6619       131.6910       1.146439    
   336.6017       132.3271       1.516123    
   341.4941       133.2876       1.516175    
   346.3997       134.1857       1.516151    
   351.3318       134.9460       1.256879    
   356.3008       135.4228       1.256670    
   361.2956       135.6176       1.256623    
   366.2939       135.7384       2.037698    
   371.2916       135.8799       2.045250    
   376.2886       136.0407       2.039960    
   381.2849       136.2204       2.039813    
   386.2799       136.4265       2.039807    
   391.2732       136.6677       1.950485    
   396.2645       136.9411       1.950501    
   401.2549       137.2291       2.123245    
   406.2462       137.5027       2.123222    
   411.2407       137.7180       2.123170    
   416.2387       137.8369       2.123098    
   421.2385       137.8724       2.123056    
   426.2385       137.8761       2.122997    
   431.2385       137.8917       2.122987    
   436.2343       138.0394       2.122922    
   441.2233       138.3456       2.122907    
   446.2118       138.6598       2.122901    
   451.2035       138.9268       1.387614    
   456.1937       139.2159       1.387588    
   461.1783       139.5782       1.387668    
   466.1624       139.9491       2.511779    
   471.1551       140.1694       2.625695    
   476.1545       140.2207       2.625697    
   481.8401       140.2231       2.625724    
   489.3643       140.2231       2.627307    
   507.4286       140.2231       2.627387    
  -33.77417       128.3538       1.863730    
  -15.70986       128.3538       1.863676    
  -8.185690       128.3538       1.866797    
  -2.500000       128.3538       1.867298    
   2.481762       128.6251       1.863665    
   7.434425       129.2386       1.863649    
   12.38829       129.8431       1.863624    
   17.37068       130.1537       1.863190    
   22.36992       130.2291       1.863181    
   27.36889       130.3151       1.863157    
   32.36626       130.4585       1.863119    
   37.36148       130.6536       1.863103    
   42.35468       130.8879       1.863098    
   47.34677       131.1408       1.863112    
   52.33939       131.3846       1.863120    
   57.33461       131.5780       1.863130    
   62.33282       131.6889       1.863149    
   67.33237       131.6924       1.863152    
   72.33087       131.5914       2.676917    
   77.32610       131.4005       2.676983    
   82.31709       131.1322       2.676927    
   87.30524       130.8228       2.677809    
   92.29430       130.5262       2.677803    
   97.28818       130.3116       2.676959    
   102.2866       130.2167       2.676924    
   107.2863       130.1709       2.675840    
   112.2728       129.9104       2.533807    
   117.2255       129.3089       2.533811    
   122.1606       128.5859       1.812121    
   127.1186       128.0226       1.499358    
   132.1048       127.7059       1.499372    
   137.1018       127.5708       1.499367    
   142.1004       127.6130       1.499318    
   147.0855       127.9183       1.276421    
   152.0289       128.5684       1.276429    
   156.9416       129.4059       1.276433    
   161.8866       130.0337       3.347541    
   166.8759       130.2731       3.347534    
   171.8755       130.2789       3.347537    
   176.8751       130.2254       3.347536    
   181.8749       130.1989       3.347565    
   186.8749       130.1980       3.347288    
   191.8749       130.1983       3.347274    
   196.8749       130.1983       3.347294    
   201.8749       130.1983       3.347313    
   206.8749       130.1982      0.9259220    
   211.8749       130.2005       2.598028    
   216.8748       130.2222       2.598013    
   221.8745       130.2778       2.598018    
   226.8739       130.3428       2.598042    
   231.8736       130.3456       2.598085    
   236.8703       130.2072       2.598097    
   241.8605       129.9314       2.598300    
   246.8531       129.7134       2.598317    
   251.8497       129.7641       2.598320    
   256.8403       130.0339       2.598302    
   261.8292       130.3325       2.598290    
   266.8226       130.5588       2.598299    
   271.8200       130.6960       1.619644    
   276.8195       130.7393       1.619642    
   281.8193       130.7124       1.619654    
   286.8188       130.6498       1.619457    
   291.8181       130.5708       2.672355    
   296.8170       130.4788       2.673652    
   301.8156       130.3701       2.673654    
   306.8141       130.2655       2.545152    
   311.8136       130.2279       2.545140    
   316.8123       130.1622       2.010804    
   321.7794       129.7323       2.010754    
   326.7076       128.9738       2.010742    
   331.6619       128.7171       2.010734    
   336.6017       129.3322       1.516164    
   341.4941       130.2607       1.516191    
   346.3997       131.1291       1.586167    
   351.3318       131.8641       1.586230    
   356.3008       132.3251       1.587305    
   361.2956       132.5135       1.587354    
   366.2939       132.6302       2.039873    
   371.2916       132.7671       2.039985    
   376.2886       132.9225       2.039984    
   381.2849       133.0963       2.039981    
   386.2799       133.2955       2.039987    
   391.2732       133.5287      0.5548226    
   396.2645       133.7930      0.5548220    
   401.2549       134.0715       2.123250    
   406.2462       134.3360       2.123241    
   411.2407       134.5442       2.123198    
   416.2387       134.6591       2.123123    
   421.2385       134.6935       2.123062    
   426.2385       134.6971       2.122996    
   431.2385       134.7121       2.122989    
   436.2343       134.8550       2.122929    
   441.2233       135.1510       2.122917    
   446.2118       135.4547       2.122911    
   451.2035       135.7129       1.387683    
   456.1937       135.9924       1.387706    
   461.1783       136.3427       1.387704    
   466.1624       136.7012       2.519981    
   471.1551       136.9142       2.625630    
   476.1545       136.9639       2.625694    
   481.8401       136.9662       2.625772    
   489.3643       136.9662       2.627314    
   507.4286       136.9662       2.627381    
  -33.77417       125.1739       1.863723    
  -15.70986       125.1739       1.863665    
  -8.185690       125.1739       1.863611    
  -2.500000       125.1739       1.863593    
   2.481762       125.4352       1.863661    
   7.434425       126.0261       1.863645    
   12.38829       126.6083       1.863616    
   17.37068       126.9075       1.855964    
   22.36992       126.9801       1.855906    
   27.36889       127.0629       1.855878    
   32.36626       127.2010       1.855881    
   37.36148       127.3890       1.863073    
   42.35468       127.6146       2.355926    
   47.34677       127.8582       2.356028    
   52.33939       128.0931       2.356136    
   57.33461       128.2793       2.356135    
   62.33282       128.3861       2.356032    
   67.33237       128.3895       2.415574    
   72.33087       128.2923       2.676924    
   77.32610       128.1083       2.676990    
   82.31709       127.8499       2.676988    
   87.30524       127.5519       2.677042    
   92.29430       127.2662       2.676999    
   97.28818       127.0596       2.676962    
   102.2866       126.9681       2.677062    
   107.2863       126.9241       2.675847    
   112.2728       126.6731       2.533799    
   117.2255       126.0938       1.811973    
   122.1606       125.3975       1.812101    
   127.1186       124.8549       1.812096    
   132.1048       124.5499       1.812101    
   137.1018       124.4198       1.276538    
   142.1004       124.4603       1.276535    
   147.0855       124.7544       1.276522    
   152.0289       125.3806       1.628554    
   156.9416       126.1872       2.182060    
   161.8866       126.7919       2.535238    
   166.8759       127.0225       3.347525    
   171.8755       127.0280       3.347536    
   176.8751       126.9765       3.347539    
   181.8749       126.9510       3.347571    
   186.8749       126.9501       3.347298    
   191.8749       126.9505       3.347287    
   196.8749       126.9505       3.347294    
   201.8749       126.9505       3.347304    
   206.8749       126.9503       2.598022    
   211.8749       126.9525       2.597980    
   216.8748       126.9735       2.597956    
   221.8745       127.0270       2.597953    
   226.8739       127.0896       2.597972    
   231.8736       127.0923       2.598000    
   236.8703       126.9591       2.597999    
   241.8605       126.6934       2.597957    
   246.8531       126.4834       2.597909    
   251.8497       126.5322       2.597882    
   256.8403       126.7921       2.597895    
   261.8292       127.0797       2.597922    
   266.8226       127.2977       2.597953    
   271.8200       127.4297       2.598325    
   276.8195       127.4715       2.598385    
   281.8193       127.4456       2.598531    
   286.8188       127.3853       2.913626    
   291.8181       127.3092       3.068475    
   296.8170       127.2206       3.068506    
   301.8156       127.1160       3.068524    
   306.8141       127.0152       3.068634    
   311.8136       126.9790       3.068636    
   316.8123       126.9157       2.994757    
   321.7794       126.5017       2.661552    
   326.7076       125.7710       2.661530    
   331.6619       125.5238       2.661504    
   336.6017       126.1162       1.516206    
   341.4941       127.0106       1.516220    
   346.3997       127.8469       1.895270    
   351.3318       128.5549       1.895549    
   356.3008       128.9989       1.895537    
   361.2956       129.1804       1.895540    
   366.2939       129.2928       2.039806    
   371.2916       129.4245       2.040005    
   376.2886       129.5742       2.040002    
   381.2849       129.7417       2.039972    
   386.2799       129.9336       2.039887    
   391.2732       130.1582       2.039780    
   396.2645       130.4128       2.039711    
   401.2549       130.6809       2.826098    
   406.2462       130.9357       2.826620    
   411.2407       131.1362       2.826616    
   416.2387       131.2469       2.826566    
   421.2385       131.2800       2.826545    
   426.2385       131.2835       2.826566    
   431.2385       131.2979       2.826583    
   436.2343       131.4355       2.826553    
   441.2233       131.7207       2.826532    
   446.2118       132.0132       2.827929    
   451.2035       132.2618       2.520369    
   456.1937       132.5311       2.520372    
   461.1783       132.8684       2.520374    
   466.1624       133.2138       2.520384    
   471.1551       133.4189       2.521315    
   476.1545       133.4668       2.625663    
   481.8401       133.4690       2.627923    
   489.3643       133.4690       2.627425    
   507.4286       133.4690       2.627460    
  -33.77417       121.7413       1.863848    
  -15.70986       121.7413       1.863754    
  -8.185690       121.7413       1.863638    
  -2.500000       121.7413       1.863581    
   2.481762       121.9919       1.863508    
   7.434425       122.5584       1.863519    
   12.38829       123.1165       2.523120    
   17.37068       123.4034       2.629264    
   22.36992       123.4730       2.629286    
   27.36889       123.5524       2.629290    
   32.36626       123.6848       2.629274    
   37.36148       123.8650       2.629266    
   42.35468       124.0813       2.629251    
   47.34677       124.3148       2.355894    
   52.33939       124.5400       2.356094    
   57.33461       124.7186       2.356140    
   62.33282       124.8209       2.356050    
   67.33237       124.8242       2.415575    
   72.33087       124.7309       2.676921    
   77.32610       124.5546       2.676983    
   82.31709       124.3068       2.677014    
   87.30524       124.0211       2.677068    
   92.29430       123.7473       2.677089    
   97.28818       123.5492       2.677098    
   102.2866       123.4615       2.677067    
   107.2863       123.4193       2.675825    
   112.2728       123.1786       2.483129    
   117.2255       122.6232       2.482612    
   122.1606       121.9557       2.472352    
   127.1186       121.4355       2.232512    
   132.1048       121.1431       2.148407    
   137.1018       121.0183       2.148418    
   142.1004       121.0573       2.148446    
   147.0855       121.3392       2.148471    
   152.0289       121.9395       2.148471    
   156.9416       122.7128       2.180992    
   161.8866       123.2925       2.535240    
   166.8759       123.5135       3.347531    
   171.8755       123.5189       3.347335    
   176.8751       123.4696       3.347336    
   181.8749       123.4451       3.347340    
   186.8749       123.4443       3.347314    
   191.8749       123.4446       3.347298    
   196.8749       123.4446       3.347299    
   201.8749       123.4446       3.347296    
   206.8749       123.4444       2.598020    
   211.8749       123.4465       2.597987    
   216.8748       123.4666       2.597966    
   221.8745       123.5179       2.597967    
   226.8739       123.5779       2.597987    
   231.8736       123.5806       2.598003    
   236.8703       123.4528       2.597995    
   241.8605       123.1981       2.597959    
   246.8531       122.9968       2.597914    
   251.8497       123.0435       2.597884    
   256.8403       123.2927       2.597894    
   261.8292       123.5684       2.597921    
   266.8226       123.7774       2.597960    
   271.8200       123.9041       2.598125    
   276.8195       123.9441       2.598174    
   281.8193       123.9193       2.598552    
   286.8188       123.8614       2.917515    
   291.8181       123.7885       3.069141    
   296.8170       123.7036       3.069165    
   301.8156       123.6032       3.069227    
   306.8141       123.5066       3.069400    
   311.8136       123.4719       3.069438    
   316.8123       123.4112       3.072287    
   321.7794       123.0143       2.661584    
   326.7076       122.3138       2.661538    
   331.6619       122.0768       2.661549    
   336.6017       122.6448       2.661609    
   341.4941       123.5022       2.661948    
   346.3997       124.3040       1.895280    
   351.3318       124.9827       2.276569    
   356.3008       125.4084       2.276543    
   361.2956       125.5824       2.276531    
   366.2939       125.6901       2.276551    
   371.2916       125.8165       2.276608    
   376.2886       125.9600       2.472417    
   381.2849       126.1205       2.472428    
   386.2799       126.3045       2.472458    
   391.2732       126.5198       2.472452    
   396.2645       126.7639       2.472239    
   401.2549       127.0210       3.173722    
   406.2462       127.2653       3.173747    
   411.2407       127.4575       3.173766    
   416.2387       127.5636       3.173743    
   421.2385       127.5953       3.173715    
   426.2385       127.5986       3.173703    
   431.2385       127.6125       3.173685    
   436.2343       127.7445       3.173601    
   441.2233       128.0178       3.173576    
   446.2118       128.2982       3.179026    
   451.2035       128.5366       2.627522    
   456.1937       128.7948       2.628001    
   461.1783       129.1181       2.628073    
   466.1624       129.4493       2.628209    
   471.1551       129.6459       2.628353    
   476.1545       129.6918       2.628524    
   481.8401       129.6939       2.628695    
   489.3643       129.6939       2.628804    
   507.4286       129.6939       2.628830    
  -33.77417       118.0135       1.864607    
  -15.70986       118.0135       1.864559    
  -8.185690       118.0135       1.864555    
  -2.500000       118.0135       1.864471    
   2.481762       118.2522       1.864450    
   7.434425       118.7923       1.896202    
   12.38829       119.3243       2.522232    
   17.37068       119.5977       2.676850    
   22.36992       119.6640       2.676859    
   27.36889       119.7397       2.676879    
   32.36626       119.8660       2.676920    
   37.36148       120.0378       2.676956    
   42.35468       120.2439       2.676967    
   47.34677       120.4665       2.676956    
   52.33939       120.6811       2.676883    
   57.33461       120.8514       2.676814    
   62.33282       120.9489       2.676798    
   67.33237       120.9520       2.676825    
   72.33087       120.8632       2.676903    
   77.32610       120.6951       2.676959    
   82.31709       120.4589       2.677018    
   87.30524       120.1866       2.677085    
   92.29430       119.9255       2.677104    
   97.28818       119.7367       2.677020    
   102.2866       119.6531       2.676271    
   107.2863       119.6129       2.675587    
   112.2728       119.3835       2.483115    
   117.2255       118.8540       2.482650    
   122.1606       118.2177       2.472543    
   127.1186       117.7218       2.232150    
   132.1048       117.4431       2.148423    
   137.1018       117.3242       2.148432    
   142.1004       117.3613       2.148453    
   147.0855       117.6301       2.148482    
   152.0289       118.2023       2.148559    
   156.9416       118.9394       2.180976    
   161.8866       119.4921       2.535232    
   166.8759       119.7027       3.347539    
   171.8755       119.7078       3.347340    
   176.8751       119.6608       3.347345    
   181.8749       119.6375       3.347348    
   186.8749       119.6367       3.347322    
   191.8749       119.6370       3.347302    
   196.8749       119.6370       3.347301    
   201.8749       119.6370       3.347307    
   206.8749       119.6368       2.598018    
   211.8749       119.6388       2.597990    
   216.8748       119.6580       2.597970    
   221.8745       119.7069       2.597977    
   226.8739       119.7641       2.597991    
   231.8736       119.7666       2.598003    
   236.8703       119.6448       2.597996    
   241.8605       119.4020       2.597968    
   246.8531       119.2101       2.597931    
   251.8497       119.2547       2.597902    
   256.8403       119.4922       2.597906    
   261.8292       119.7551       2.597933    
   266.8226       119.9542       2.597967    
   271.8200       120.0750       2.598007    
   276.8195       120.1131       2.598051    
   281.8193       120.0895       2.598560    
   286.8188       120.0343       2.917679    
   291.8181       119.9648       3.069186    
   296.8170       119.8839       3.069214    
   301.8156       119.7882       3.069290    
   306.8141       119.6961       3.069357    
   311.8136       119.6630       3.069401    
   316.8123       119.6051       3.069335    
   321.7794       119.2268       3.042120    
   326.7076       118.5591       3.027714    
   331.6619       118.3332       3.027658    
   336.6017       118.8746       3.028455    
   341.4941       119.6919       2.661953    
   346.3997       120.4562       2.276561    
   351.3318       121.1031       2.276576    
   356.3008       121.5089       2.276565    
   361.2956       121.6748       2.276557    
   366.2939       121.7775       2.276546    
   371.2916       121.8979       2.281034    
   376.2886       122.0348       3.039711    
   381.2849       122.1877       3.039723    
   386.2799       122.3631       3.039719    
   391.2732       122.5684       3.039744    
   396.2645       122.8010       3.183781    
   401.2549       123.0461       3.182317    
   406.2462       123.2790       3.182617    
   411.2407       123.4621       3.182656    
   416.2387       123.5633       3.182706    
   421.2385       123.5935       3.182738    
   426.2385       123.5967       3.182758    
   431.2385       123.6100       3.182782    
   436.2343       123.7357       3.182580    
   441.2233       123.9963       3.182525    
   446.2118       124.2636       3.183427    
   451.2035       124.4909       2.687896    
   456.1937       124.7369       2.687470    
   461.1783       125.0452       2.687474    
   466.1624       125.3608       2.687445    
   471.1551       125.5482       2.687434    
   476.1545       125.5920       2.687439    
   481.8401       125.5940       2.687416    
   489.3643       125.5940       2.687427    
   507.4286       125.5940       2.687457    
  -33.77417       113.9358       1.867749    
  -15.70986       113.9358       1.867718    
  -8.185690       113.9358       1.867694    
  -2.500000       113.9358       1.867670    
   2.481762       114.1617       1.867056    
   7.434425       114.6728       2.127613    
   12.38829       115.1762       2.522029    
   17.37068       115.4350       2.697702    
   22.36992       115.4978       2.697696    
   27.36889       115.5694       2.697686    
   32.36626       115.6889       2.697684    
   37.36148       115.8514       2.697668    
   42.35468       116.0465       2.697643    
   47.34677       116.2571       2.697591    
   52.33939       116.4603       2.697504    
   57.33461       116.6214       2.697390    
   62.33282       116.7137       2.697247    
   67.33237       116.7167       2.697099    
   72.33087       116.6326       2.696974    
   77.32610       116.4735       2.696852    
   82.31709       116.2499       2.696721    
   87.30524       115.9922       2.696614    
   92.29430       115.7452       2.678492    
   97.28818       115.5665       2.482763    
   102.2866       115.4874       2.482741    
   107.2863       115.4493       2.482681    
   112.2728       115.2323       2.482626    
   117.2255       114.7313       2.482693    
   122.1606       114.1291       2.473108    
   127.1186       113.6599       2.231328    
   132.1048       113.3961       2.173039    
   137.1018       113.2836       2.173024    
   142.1004       113.3186       2.173005    
   147.0855       113.5730       2.173029    
   152.0289       114.1145       2.173098    
   156.9416       114.8120       2.182013    
   161.8866       115.3350       2.535200    
   166.8759       115.5344       3.344923    
   171.8755       115.5392       3.347321    
   176.8751       115.4947       3.347333    
   181.8749       115.4726       3.347355    
   186.8749       115.4719       3.347321    
   191.8749       115.4722       3.347288    
   196.8749       115.4722       3.347301    
   201.8749       115.4722       3.347312    
   206.8749       115.4720       2.728126    
   211.8749       115.4739       2.729026    
   216.8748       115.4921       2.729036    
   221.8745       115.5383       2.729002    
   226.8739       115.5924       2.728996    
   231.8736       115.5948       2.729022    
   236.8703       115.4796       2.729042    
   241.8605       115.2498       2.729007    
   246.8531       115.0682       2.728992    
   251.8497       115.1104       2.729012    
   256.8403       115.3352       2.729009    
   261.8292       115.5839       2.728985    
   266.8226       115.7724       2.728965    
   271.8200       115.8866       2.728999    
   276.8195       115.9228       2.729011    
   281.8193       115.9004       2.728100    
   286.8188       115.8482       2.960040    
   291.8181       115.7824       3.062800    
   296.8170       115.7058       3.062810    
   301.8156       115.6153       3.062806    
   306.8141       115.5281       3.062804    
   311.8136       115.4968       3.062800    
   316.8123       115.4420       3.062791    
   321.7794       115.0840       3.062777    
   326.7076       114.4521       3.062760    
   331.6619       114.2384       3.027652    
   336.6017       114.7507       3.026886    
   341.4941       115.5241       2.834026    
   346.3997       116.2474       2.274895    
   351.3318       116.8596       2.274947    
   356.3008       117.2437       2.275004    
   361.2956       117.4006       2.274981    
   366.2939       117.4977       2.274954    
   371.2916       117.6117       2.291787    
   376.2886       117.7412       3.024505    
   381.2849       117.8860       3.026060    
   386.2799       118.0519       3.026278    
   391.2732       118.2462       3.025653    
   396.2645       118.4663       3.182192    
   401.2549       118.6983       3.182165    
   406.2462       118.9186       3.182182    
   411.2407       119.0920       3.182187    
   416.2387       119.1877       3.182158    
   421.2385       119.2163       3.182176    
   426.2385       119.2194       3.182207    
   431.2385       119.2319       3.182235    
   436.2343       119.3509       3.182234    
   441.2233       119.5975       3.182275    
   446.2118       119.8504       3.182921    
   451.2035       120.0655       2.806715    
   456.1937       120.2983       2.768443    
   461.1783       120.5900       2.768445    
   466.1624       120.8887       2.768441    
   471.1551       121.0661       2.768441    
   476.1545       121.1075       2.768436    
   481.8401       121.1095       2.768433    
   489.3643       121.1095       2.768422    
   507.4286       121.1095       2.768405    
  -33.77417       109.4377       2.112055    
  -15.70986       109.4377       2.112063    
  -8.185690       109.4377       2.112073    
  -2.500000       109.4377       2.112085    
   2.481762       109.6495       2.112508    
   7.434425       110.1285       2.343091    
   12.38829       110.6005       2.522045    
   17.37068       110.8431       2.698636    
   22.36992       110.9020       2.698618    
   27.36889       110.9691       2.698362    
   32.36626       111.0811       2.698144    
   37.36148       111.2335       2.698103    
   42.35468       111.4164       2.698031    
   47.34677       111.6138       2.697871    
   52.33939       111.8043       2.697714    
   57.33461       111.9553       2.697592    
   62.33282       112.0418       2.697451    
   67.33237       112.0446       2.697337    
   72.33087       111.9657       2.697235    
   77.32610       111.8166       2.697160    
   82.31709       111.6071       2.697104    
   87.30524       111.3655       2.696547    
   92.29430       111.1339       2.678532    
   97.28818       110.9664       2.482746    
   102.2866       110.8923       2.482600    
   107.2863       110.8566       2.482560    
   112.2728       110.6531       2.482576    
   117.2255       110.1834       2.482697    
   122.1606       109.6189       2.482015    
   127.1186       109.1790       2.449599    
   132.1048       108.9318       2.449602    
   137.1018       108.8263       2.449569    
   142.1004       108.8592       2.449534    
   147.0855       109.0976       2.448362    
   152.0289       109.6052       2.445534    
   156.9416       110.2591       2.444798    
   161.8866       110.7494       2.535175    
   166.8759       110.9363       3.344906    
   171.8755       110.9408       3.353603    
   176.8751       110.8991       3.490189    
   181.8749       110.8784       3.490194    
   186.8749       110.8776       3.490198    
   191.8749       110.8779       3.490178    
   196.8749       110.8779       3.490156    
   201.8749       110.8779       3.459594    
   206.8749       110.8778       2.987365    
   211.8749       110.8796       2.941858    
   216.8748       110.8966       2.941515    
   221.8745       110.9400       2.941501    
   226.8739       110.9907       2.941517    
   231.8736       110.9929       2.941539    
   236.8703       110.8849       2.941531    
   241.8605       110.6695       2.941495    
   246.8531       110.4993       2.941483    
   251.8497       110.5388       2.941516    
   256.8403       110.7495       2.941540    
   261.8292       110.9827       2.941518    
   266.8226       111.1594       2.941497    
   271.8200       111.2665       2.941513    
   276.8195       111.3003       2.941536    
   281.8193       111.2794       2.942202    
   286.8188       111.2305       3.293328    
   291.8181       111.1687       3.421080    
   296.8170       111.0969       3.420399    
   301.8156       111.0121       3.420441    
   306.8141       110.9304       3.420477    
   311.8136       110.9010       3.420483    
   316.8123       110.8497       3.420503    
   321.7794       110.5141       3.420485    
   326.7076       109.9218       3.418178    
   331.6619       109.7214       3.027539    
   336.6017       110.2016       3.026845    
   341.4941       110.9267       3.027064    
   346.3997       111.6047       3.008613    
   351.3318       112.1786       3.008470    
   356.3008       112.5386       3.008479    
   361.2956       112.6857       3.008504    
   366.2939       112.7768       3.008498    
   371.2916       112.8837       3.008492    
   376.2886       113.0050       3.025656    
   381.2849       113.1407       3.026941    
   386.2799       113.2963       3.026666    
   391.2732       113.4784       3.025612    
   396.2645       113.6848       3.182227    
   401.2549       113.9022       3.182202    
   406.2462       114.1088       3.182198    
   411.2407       114.2713       3.182211    
   416.2387       114.3611       3.182187    
   421.2385       114.3878       3.182177    
   426.2385       114.3907       3.182203    
   431.2385       114.4025       3.182214    
   436.2343       114.5140       3.182198    
   441.2233       114.7451       3.182172    
   446.2118       114.9823       3.182394    
   451.2035       115.1839       3.124454    
   456.1937       115.4022       2.897526    
   461.1783       115.6756       2.898559    
   466.1624       115.9556       2.898556    
   471.1551       116.1219       2.898560    
   476.1545       116.1607       2.898581    
   481.8401       116.1625       2.898604    
   489.3643       116.1625       2.898597    
   507.4286       116.1625       2.898586    
  -33.77417       104.4251       2.112290    
  -15.70986       104.4251       2.112268    
  -8.185690       104.4251       2.112251    
  -2.500000       104.4251       2.112238    
   2.481762       104.6212       2.110157    
   7.434425       105.0646       2.344601    
   12.38829       105.5015       2.522028    
   17.37068       105.7260       2.698659    
   22.36992       105.7805       2.698655    
   27.36889       105.8427       2.698651    
   32.36626       105.9463       2.698641    
   37.36148       106.0873       2.698594    
   42.35468       106.2567       2.698530    
   47.34677       106.4394       2.698464    
   52.33939       106.6157       2.698402    
   57.33461       106.7555       2.698356    
   62.33282       106.8356       2.698312    
   67.33237       106.8381       2.698267    
   72.33087       106.7651       2.698234    
   77.32610       106.6271       2.698204    
   82.31709       106.4332       2.697138    
   87.30524       106.2096       2.696481    
   92.29430       105.9952       2.678534    
   97.28818       105.8402       2.482759    
   102.2866       105.7715       2.482612    
   107.2863       105.7385       2.482582    
   112.2728       105.5501       2.482589    
   117.2255       105.1154       2.482708    
   122.1606       104.5929       2.482251    
   127.1186       104.1857       2.479848    
   132.1048       103.9569       2.479824    
   137.1018       103.8593       2.479789    
   142.1004       103.8897       2.479773    
   147.0855       104.1104       2.479774    
   152.0289       104.5803       2.479801    
   156.9416       105.1855       2.482959    
   161.8866       105.6393       2.535123    
   166.8759       105.8122       3.344900    
   171.8755       105.8165       3.353637    
   176.8751       105.7778       3.532585    
   181.8749       105.7587       3.564498    
   186.8749       105.7580       3.564707    
   191.8749       105.7582       3.564756    
   196.8749       105.7583       3.564811    
   201.8749       105.7583       3.565062    
   206.8749       105.7581       3.561115    
   211.8749       105.7598       3.385792    
   216.8748       105.7755       3.337172    
   221.8745       105.8157       3.336701    
   226.8739       105.8626       3.336661    
   231.8736       105.8647       3.336618    
   236.8703       105.7647       3.336560    
   241.8605       105.5654       3.336530    
   246.8531       105.4078       3.336508    
   251.8497       105.4444       3.336512    
   256.8403       105.6394       3.336536    
   261.8292       105.8553       3.336555    
   266.8226       106.0188       3.336567    
   271.8200       106.1179       3.336589    
   276.8195       106.1492       3.336397    
   281.8193       106.1298       3.351262    
   286.8188       106.0846       3.445880    
   291.8181       106.0275       3.446237    
   296.8170       105.9610       3.446205    
   301.8156       105.8824       3.446194    
   306.8141       105.8068       3.446156    
   311.8136       105.7796       3.446139    
   316.8123       105.7321       3.446101    
   321.7794       105.4215       3.420434    
   326.7076       104.8732       3.417706    
   331.6619       104.6877       3.026683    
   336.6017       105.1322       3.026802    
   341.4941       105.8034       3.026810    
   346.3997       106.4309       3.026784    
   351.3318       106.9622       3.026801    
   356.3008       107.2954       3.026742    
   361.2956       107.4315       3.026734    
   366.2939       107.5159       3.026754    
   371.2916       107.6148       3.026741    
   376.2886       107.7271       3.026677    
   381.2849       107.8528       3.026732    
   386.2799       107.9968       3.026645    
   391.2732       108.1653       3.025557    
   396.2645       108.3564       3.182283    
   401.2549       108.5576       3.182254    
   406.2462       108.7488       3.182214    
   411.2407       108.8992       3.182224    
   416.2387       108.9823       3.182209    
   421.2385       109.0071       3.182183    
   426.2385       109.0098       3.182192    
   431.2385       109.0207       3.182202    
   436.2343       109.1239       3.182174    
   441.2233       109.3378       3.182148    
   446.2118       109.5574       3.182167    
   451.2035       109.7439       3.180252    
   456.1937       109.9460       3.119563    
   461.1783       110.1991       2.973782    
   466.1624       110.4583       2.931562    
   471.1551       110.6122       2.931460    
   476.1545       110.6481       2.931514    
   481.8401       110.6497       2.931546    
   489.3643       110.6497       2.931609    
   507.4286       110.6497       2.931661    
  -33.77417       98.76926       2.112298    
  -15.70986       98.76926       2.112255    
  -8.185690       98.76926       2.112228    
  -2.500000       98.76926       2.112326    
   2.481762       98.94752       2.110036    
   7.434425       99.35075       2.344627    
   12.38829       99.74802       2.522006    
   17.37068       99.95215       2.698657    
   22.36992       100.0017       2.698658    
   27.36889       100.0582       2.698657    
   32.36626       100.1525       2.698642    
   37.36148       100.2807       2.698601    
   42.35468       100.4347       2.698543    
   47.34677       100.6009       2.698470    
   52.33939       100.7612       2.698411    
   57.33461       100.8883       2.698372    
   62.33282       100.9611       2.698330    
   67.33237       100.9634       2.698281    
   72.33087       100.8971       2.698245    
   77.32610       100.7716       2.698208    
   82.31709       100.5952       2.697143    
   87.30524       100.3919       2.696457    
   92.29430       100.1970       2.678540    
   97.28818       100.0560       2.482791    
   102.2866       99.99355       2.482637    
   107.2863       99.96349       2.482615    
   112.2728       99.79222       2.482619    
   117.2255       99.39693       2.482713    
   122.1606       98.92178       2.482308    
   127.1186       98.55151       2.482607    
   132.1048       98.34343       2.482618    
   137.1018       98.25465       2.482607    
   142.1004       98.28233       2.482625    
   147.0855       98.48299       2.482625    
   152.0289       98.91029       2.482549    
   156.9416       99.46066       2.482787    
   161.8866       99.87329       2.535098    
   166.8759       100.0306       3.344890    
   171.8755       100.0344       3.353662    
   176.8751       99.99930       3.532597    
   181.8749       99.98188       3.564511    
   186.8749       99.98126       3.564703    
   191.8749       99.98149       3.564770    
   196.8749       99.98150       3.564828    
   201.8749       99.98149       3.564883    
   206.8749       99.98139       3.564958    
   211.8749       99.98287       3.565065    
   216.8748       99.99718       3.565129    
   221.8745       100.0337       3.565194    
   226.8739       100.0764       3.565233    
   231.8736       100.0783       3.565244    
   236.8703       99.98734       3.565233    
   241.8605       99.80609       3.565215    
   246.8531       99.66279       3.565213    
   251.8497       99.69608       3.565242    
   256.8403       99.87341       3.565277    
   261.8292       100.0697       3.565304    
   266.8226       100.2184       3.565274    
   271.8200       100.3085       3.565209    
   276.8195       100.3370       3.565145    
   281.8193       100.3194       3.565135    
   286.8188       100.2782       3.565405    
   291.8181       100.2263       3.565610    
   296.8170       100.1659       3.565616    
   301.8156       100.0944       3.565627    
   306.8141       100.0256       3.565634    
   311.8136       100.0009       3.565964    
   316.8123       99.95772       3.446074    
   321.7794       99.67523       3.420439    
   326.7076       99.17667       3.417714    
   331.6619       99.00801       3.026688    
   336.6017       99.41222       3.026779    
   341.4941       100.0225       3.026786    
   346.3997       100.5932       3.026776    
   351.3318       101.0763       3.026793    
   356.3008       101.3793       3.026762    
   361.2956       101.5031       3.026733    
   366.2939       101.5798       3.026728    
   371.2916       101.6697       3.026718    
   376.2886       101.7719       3.026716    
   381.2849       101.8861       3.026748    
   386.2799       102.0170       3.026640    
   391.2732       102.1703       3.025515    
   396.2645       102.3440       3.182321    
   401.2549       102.5270       3.182274    
   406.2462       102.7009       3.182220    
   411.2407       102.8377       3.182237    
   416.2387       102.9132       3.182224    
   421.2385       102.9358       3.182191    
   426.2385       102.9382       3.182197    
   431.2385       102.9481       3.182191    
   436.2343       103.0419       3.182170    
   441.2233       103.2365       3.182150    
   446.2118       103.4361       3.182120    
   451.2035       103.6058       3.182250    
   456.1937       103.7895       3.167562    
   461.1783       104.0197       3.031031    
   466.1624       104.2553       2.935789    
   471.1551       104.3953       2.932670    
   476.1545       104.4279       2.932324    
   481.8401       104.4295       2.932439    
   489.3643       104.4295       2.932512    
   507.4286       104.4295       2.932467    
  -33.77417       92.28692       2.112296    
  -15.70986       92.28692       2.112223    
  -8.185690       92.28692       2.112213    
  -2.500000       92.28692       2.112296    
   2.481762       92.44483       2.110059    
   7.434425       92.80198       2.344648    
   12.38829       93.15384       2.521995    
   17.37068       93.33465       2.698639    
   22.36992       93.37855       2.698644    
   27.36889       93.42858       2.698649    
   32.36626       93.51208       2.698637    
   37.36148       93.62569       2.698608    
   42.35468       93.76205       2.698560    
   47.34677       93.90923       2.698494    
   52.33939       94.05121       2.698438    
   57.33461       94.16380       2.698398    
   62.33282       94.22831       2.698355    
   67.33237       94.23037       2.698311    
   72.33087       94.17159       2.698262    
   77.32610       94.06042       2.698222    
   82.31709       93.90422       2.697168    
   87.30524       93.72411       2.696419    
   92.29430       93.55146       2.678545    
   97.28818       93.42661       2.482833    
   102.2866       93.37131       2.482690    
   107.2863       93.34469       2.482648    
   112.2728       93.19299       2.482650    
   117.2255       92.84286       2.482716    
   122.1606       92.42202       2.482669    
   127.1186       92.09407       2.482708    
   132.1048       91.90976       2.482712    
   137.1018       91.83113       2.482712    
   142.1004       91.85565       2.482729    
   147.0855       92.03337       2.482751    
   152.0289       92.41184       2.482796    
   156.9416       92.89931       2.482800    
   161.8866       93.26480       2.535083    
   166.8759       93.40413       3.344882    
   171.8755       93.40750       3.353659    
   176.8751       93.37640       3.532608    
   181.8749       93.36098       3.564518    
   186.8749       93.36044       3.564711    
   191.8749       93.36063       3.564772    
   196.8749       93.36064       3.564836    
   201.8749       93.36063       3.564883    
   206.8749       93.36054       3.564953    
   211.8749       93.36186       3.565024    
   216.8748       93.37454       3.565078    
   221.8745       93.40688       3.565147    
   226.8739       93.44470       3.565205    
   231.8736       93.44635       3.565229    
   236.8703       93.36582       3.565214    
   241.8605       93.20527       3.565205    
   246.8531       93.07835       3.565208    
   251.8497       93.10783       3.565232    
   256.8403       93.26490       3.565267    
   261.8292       93.43874       3.565281    
   266.8226       93.57047       3.565265    
   271.8200       93.65030       3.565197    
   276.8195       93.67554       3.565139    
   281.8193       93.65989       3.565108    
   286.8188       93.62345       3.565087    
   291.8181       93.57744       3.565089    
   296.8170       93.52392       3.565086    
   301.8156       93.46066       3.565083    
   306.8141       93.39973       3.565777    
   311.8136       93.37785       3.565988    
   316.8123       93.33959       3.446073    
   321.7794       93.08938       3.420434    
   326.7076       92.64779       3.417730    
   331.6619       92.49840       3.026748    
   336.6017       92.85643       3.026800    
   341.4941       93.39696       3.026802    
   346.3997       93.90244       3.026798    
   351.3318       94.33030       3.026810    
   356.3008       94.59869       3.026811    
   361.2956       94.70834       3.026785    
   366.2939       94.77627       3.026791    
   371.2916       94.85593       3.026781    
   376.2886       94.94642       3.026762    
   381.2849       95.04758       3.026754    
   386.2799       95.16358       3.026641    
   391.2732       95.29931       3.025492    
   396.2645       95.45317       3.182329    
   401.2549       95.61526       3.182271    
   406.2462       95.76926       3.182232    
   411.2407       95.89043       3.182247    
   416.2387       95.95733       3.182229    
   421.2385       95.97731       3.182200    
   426.2385       95.97943       3.182203    
   431.2385       95.98818       3.182189    
   436.2343       96.07135       3.182170    
   441.2233       96.24365       3.182154    
   446.2118       96.42047       3.182126    
   451.2035       96.57073       3.182323    
   456.1937       96.73344       3.167465    
   461.1783       96.93733       3.031376    
   466.1624       97.14609       2.935071    
   471.1551       97.27006       2.932648    
   476.1545       97.29897       2.932351    
   481.8401       97.30029       2.932541    
   489.3643       97.30029       2.932503    
   507.4286       97.30029       2.932495    
  -33.77417       84.70639       2.112300    
  -15.70986       84.70639       2.112217    
  -8.185690       84.70639       2.112215    
  -2.500000       84.70639       2.112287    
   2.481762       84.84047       2.110073    
   7.434425       85.14374       2.344655    
   12.38829       85.44250       2.522005    
   17.37068       85.59602       2.698616    
   22.36992       85.63330       2.698621    
   27.36889       85.67580       2.698643    
   32.36626       85.74669       2.698641    
   37.36148       85.84315       2.698617    
   42.35468       85.95895       2.698580    
   47.34677       86.08392       2.698532    
   52.33939       86.20448       2.698486    
   57.33461       86.30008       2.698441    
   62.33282       86.35486       2.698399    
   67.33237       86.35661       2.698356    
   72.33087       86.30669       2.698308    
   77.32610       86.21230       2.698261    
   82.31709       86.07966       2.697208    
   87.30524       85.92673       2.696382    
   92.29430       85.78013       2.678553    
   97.28818       85.67411       2.482862    
   102.2866       85.62716       2.482704    
   107.2863       85.60456       2.482656    
   112.2728       85.47575       2.482675    
   117.2255       85.17844       2.482697    
   122.1606       84.82110       2.482689    
   127.1186       84.54264       2.482698    
   132.1048       84.38613       2.482691    
   137.1018       84.31937       2.482700    
   142.1004       84.34019       2.482724    
   147.0855       84.49109       2.482784    
   152.0289       84.81246       2.482805    
   156.9416       85.22638       2.482811    
   161.8866       85.53673       2.535069    
   166.8759       85.65503       3.344869    
   171.8755       85.65790       3.353657    
   176.8751       85.63148       3.532617    
   181.8749       85.61840       3.564526    
   186.8749       85.61794       3.564734    
   191.8749       85.61810       3.564754    
   196.8749       85.61810       3.564841    
   201.8749       85.61810       3.564880    
   206.8749       85.61802       3.564957    
   211.8749       85.61914       3.565029    
   216.8748       85.62991       3.565075    
   221.8745       85.65736       3.565128    
   226.8739       85.68948       3.565179    
   231.8736       85.69088       3.565212    
   236.8703       85.62250       3.565213    
   241.8605       85.48617       3.565216    
   246.8531       85.37840       3.565224    
   251.8497       85.40344       3.565241    
   256.8403       85.53680       3.565262    
   261.8292       85.68442       3.565264    
   266.8226       85.79627       3.565249    
   271.8200       85.86406       3.565205    
   276.8195       85.88549       3.565145    
   281.8193       85.87220       3.565091    
   286.8188       85.84126       3.565051    
   291.8181       85.80219       3.565046    
   296.8170       85.75674       3.565051    
   301.8156       85.70303       3.565087    
   306.8141       85.65130       3.565764    
   311.8136       85.63272       3.565985    
   316.8123       85.60023       3.446072    
   321.7794       85.38776       3.420439    
   326.7076       85.01280       3.417743    
   331.6619       84.88596       3.026822    
   336.6017       85.18996       3.026820    
   341.4941       85.64894       3.026814    
   346.3997       86.07815       3.026810    
   351.3318       86.44146       3.026801    
   356.3008       86.66934       3.026797    
   361.2956       86.76245       3.026803    
   366.2939       86.82014       3.026784    
   371.2916       86.88777       3.026771    
   376.2886       86.96461       3.026775    
   381.2849       87.05051       3.026773    
   386.2799       87.14902       3.026666    
   391.2732       87.26426       3.025479    
   396.2645       87.39491       3.182308    
   401.2549       87.53254       3.182256    
   406.2462       87.66331       3.182220    
   411.2407       87.76619       3.182225    
   416.2387       87.82300       3.182206    
   421.2385       87.83997       3.182169    
   426.2385       87.84176       3.182161    
   431.2385       87.84920       3.182155    
   436.2343       87.91981       3.182137    
   441.2233       88.06612       3.182127    
   446.2118       88.21626       3.182105    
   451.2035       88.34385       3.182293    
   456.1937       88.48203       3.167501    
   461.1783       88.65514       3.031373    
   466.1624       88.83239       2.935068    
   471.1551       88.93765       2.932683    
   476.1545       88.96221       2.932348    
   481.8401       88.96335       2.932410    
   489.3643       88.96335       2.932492    
   507.4286       88.96335       2.932527    
  -33.77417       75.60016       2.112298    
  -15.70986       75.60016       2.112241    
  -8.185690       75.60016       2.112215    
  -2.500000       75.60016       2.112303    
   2.481762       75.70561       2.110088    
   7.434425       75.94414       2.344630    
   12.38829       76.17914       2.521993    
   17.37068       76.29989       2.698599    
   22.36992       76.32921       2.698610    
   27.36889       76.36263       2.698633    
   32.36626       76.41840       2.698636    
   37.36148       76.49427       2.698617    
   42.35468       76.58534       2.698592    
   47.34677       76.68364       2.698562    
   52.33939       76.77846       2.698520    
   57.33461       76.85366       2.698474    
   62.33282       76.89674       2.698430    
   67.33237       76.89812       2.698391    
   72.33087       76.85886       2.698346    
   77.32610       76.78461       2.698303    
   82.31709       76.68029       2.697251    
   87.30524       76.56001       2.696371    
   92.29430       76.44469       2.678559    
   97.28818       76.36131       2.482866    
   102.2866       76.32438       2.482698    
   107.2863       76.30660       2.482670    
   112.2728       76.20528       2.482696    
   117.2255       75.97144       2.482713    
   122.1606       75.69038       2.482744    
   127.1186       75.47135       2.482771    
   132.1048       75.34826       2.482789    
   137.1018       75.29574       2.482779    
   142.1004       75.31212       2.482797    
   147.0855       75.43081       2.482796    
   152.0289       75.68358       2.482809    
   156.9416       76.00915       2.482830    
   161.8866       76.25325       2.535069    
   166.8759       76.34630       3.344859    
   171.8755       76.34855       3.353681    
   176.8751       76.32778       3.532624    
   181.8749       76.31749       3.564541    
   186.8749       76.31712       3.564745    
   191.8749       76.31725       3.564747    
   196.8749       76.31725       3.564822    
   201.8749       76.31725       3.564883    
   206.8749       76.31718       3.564945    
   211.8749       76.31807       3.565013    
   216.8748       76.32654       3.565063    
   221.8745       76.34814       3.565111    
   226.8739       76.37340       3.565156    
   231.8736       76.37450       3.565202    
   236.8703       76.32071       3.565207    
   241.8605       76.21349       3.565215    
   246.8531       76.12872       3.565228    
   251.8497       76.14841       3.565233    
   256.8403       76.25331       3.565239    
   261.8292       76.36942       3.565233    
   266.8226       76.45739       3.565225    
   271.8200       76.51070       3.565192    
   276.8195       76.52757       3.565141    
   281.8193       76.51711       3.565085    
   286.8188       76.49277       3.565064    
   291.8181       76.46204       3.565063    
   296.8170       76.42630       3.565070    
   301.8156       76.38405       3.565105    
   306.8141       76.34336       3.565764    
   311.8136       76.32875       3.565997    
   316.8123       76.30320       3.446071    
   321.7794       76.13609       3.420429    
   326.7076       75.84116       3.417744    
   331.6619       75.74139       3.026894    
   336.6017       75.98050       3.026839    
   341.4941       76.34151       3.026831    
   346.3997       76.67910       3.026812    
   351.3318       76.96486       3.026798    
   356.3008       77.14410       3.026785    
   361.2956       77.21733       3.026788    
   366.2939       77.26270       3.026783    
   371.2916       77.31591       3.026795    
   376.2886       77.37634       3.026801    
   381.2849       77.44391       3.026798    
   386.2799       77.52139       3.026673    
   391.2732       77.61202       3.025461    
   396.2645       77.71479       3.182245    
   401.2549       77.82304       3.182252    
   406.2462       77.92590       3.182206    
   411.2407       78.00681       3.182212    
   416.2387       78.05150       3.182191    
   421.2385       78.06484       3.182143    
   426.2385       78.06626       3.182125    
   431.2385       78.07211       3.182120    
   436.2343       78.12765       3.182110    
   441.2233       78.24273       3.182087    
   446.2118       78.36082       3.182068    
   451.2035       78.46117       3.182260    
   456.1937       78.56985       3.167529    
   461.1783       78.70601       3.031373    
   466.1624       78.84543       2.935055    
   471.1551       78.92822       2.932721    
   476.1545       78.94754       2.932357    
   481.8401       78.94843       2.932386    
   489.3643       78.94843       2.932480    
   507.4286       78.94843       2.932545    
  -33.77417       56.32260       2.112299    
  -15.70986       56.32260       2.112271    
  -8.185690       56.32260       2.112267    
  -2.500000       56.32260       2.112360    
   2.481762       56.36747       2.110114    
   7.434425       56.46896       2.344615    
   12.38829       56.56895       2.521967    
   17.37068       56.62033       2.698595    
   22.36992       56.63280       2.698600    
   27.36889       56.64702       2.698610    
   32.36626       56.67075       2.698618    
   37.36148       56.70303       2.698616    
   42.35468       56.74178       2.698605    
   47.34677       56.78361       2.698579    
   52.33939       56.82395       2.698539    
   57.33461       56.85595       2.698493    
   62.33282       56.87428       2.698453    
   67.33237       56.87487       2.698416    
   72.33087       56.85816       2.698373    
   77.32610       56.82657       2.698331    
   82.31709       56.78218       2.697297    
   87.30524       56.73100       2.696367    
   92.29430       56.68194       2.678561    
   97.28818       56.64646       2.482882    
   102.2866       56.63075       2.482681    
   107.2863       56.62318       2.482669    
   112.2728       56.58007       2.482700    
   117.2255       56.48058       2.482726    
   122.1606       56.36099       2.482745    
   127.1186       56.26780       2.482766    
   132.1048       56.21542       2.482780    
   137.1018       56.19307       2.482805    
   142.1004       56.20005       2.482817    
   147.0855       56.25055       2.482820    
   152.0289       56.35809       2.482824    
   156.9416       56.49662       2.482832    
   161.8866       56.60048       2.535064    
   166.8759       56.64007       3.344856    
   171.8755       56.64103       3.353703    
   176.8751       56.63219       3.532627    
   181.8749       56.62782       3.564558    
   186.8749       56.62766       3.564768    
   191.8749       56.62771       3.564786    
   196.8749       56.62772       3.564834    
   201.8749       56.62771       3.564893    
   206.8749       56.62769       3.564952    
   211.8749       56.62806       3.565009    
   216.8748       56.63167       3.565064    
   221.8745       56.64086       3.565110    
   226.8739       56.65160       3.565156    
   231.8736       56.65207       3.565190    
   236.8703       56.62919       3.565208    
   241.8605       56.58356       3.565226    
   246.8531       56.54750       3.565233    
   251.8497       56.55588       3.565223    
   256.8403       56.60051       3.565223    
   261.8292       56.64991       3.565210    
   266.8226       56.68734       3.565196    
   271.8200       56.71003       3.565179    
   276.8195       56.71720       3.565140    
   281.8193       56.71275       3.565112    
   286.8188       56.70240       3.565097    
   291.8181       56.68932       3.565099    
   296.8170       56.67411       3.565099    
   301.8156       56.65614       3.565140    
   306.8141       56.63882       3.565774    
   311.8136       56.63261       3.566008    
   316.8123       56.62173       3.446078    
   321.7794       56.55063       3.420412    
   326.7076       56.42514       3.417733    
   331.6619       56.38269       3.026914    
   336.6017       56.48443       3.026828    
   341.4941       56.63803       3.026828    
   346.3997       56.78168       3.026803    
   351.3318       56.90327       3.026778    
   356.3008       56.97953       3.026753    
   361.2956       57.01069       3.026751    
   366.2939       57.02999       3.026769    
   371.2916       57.05263       3.026780    
   376.2886       57.07835       3.026796    
   381.2849       57.10709       3.026804    
   386.2799       57.14006       3.026670    
   391.2732       57.17862       3.025472    
   396.2645       57.22235       3.182210    
   401.2549       57.26841       3.182237    
   406.2462       57.31217       3.182185    
   411.2407       57.34660       3.182198    
   416.2387       57.36561       3.182178    
   421.2385       57.37129       3.182137    
   426.2385       57.37189       3.182110    
   431.2385       57.37438       3.182110    
   436.2343       57.39801       3.182094    
   441.2233       57.44698       3.182068    
   446.2118       57.49723       3.182050    
   451.2035       57.53992       3.182257    
   456.1937       57.58617       3.167528    
   461.1783       57.64410       3.031350    
   466.1624       57.70342       2.935060    
   471.1551       57.73865       2.932750    
   476.1545       57.74687       2.932401    
   481.8401       57.74725       2.932407    
   489.3643       57.74725       2.932424    
   507.4286       57.74725       2.932465    
