        1545
  -33.77417       136.6885       1.923846    
  -15.70986       136.6885       1.761807    
  -8.185690       136.6885       1.671085    
  -2.500000       136.6885       1.777804    
   2.481762       136.9860       1.750219    
   7.434425       137.6588       1.683779    
   12.38829       138.3216       1.760560    
   17.37068       138.6622       1.360956    
   22.36992       138.7449       1.703409    
   27.36889       138.8391       1.655193    
   32.36626       138.9964       1.585158    
   37.36148       139.2104       1.553088    
   42.35468       139.4673       1.775658    
   47.34677       139.7446       1.861389    
   52.33939       140.0120       1.803140    
   57.33461       140.2241       1.737612    
   62.33282       140.3456       1.550502    
   67.33237       140.3495       1.709880    
   72.33087       140.2388       1.579624    
   77.32610       140.0294       1.731094    
   82.31709       139.7351       1.619869    
   87.30524       139.3958       1.554415    
   92.29430       139.0706       1.517989    
   97.28818       138.8354       1.406093    
   102.2866       138.7312       1.717789    
   107.2863       138.6811       1.707014    
   112.2728       138.3953       1.699194    
   117.2255       137.7357       1.571603    
   122.1606       136.9430       1.621004    
   127.1186       136.3252       1.622654    
   132.1048       135.9780       1.577377    
   137.1018       135.8299       1.533110    
   142.1004       135.8761       1.474766    
   147.0855       136.2108       1.519361    
   152.0289       136.9238       1.671888    
   156.9416       137.8421       1.670948    
   161.8866       138.5306       1.683058    
   166.8759       138.7930       1.620278    
   171.8755       138.7994       1.593899    
   176.8751       138.7408       1.499354    
   181.8749       138.7118       1.371996    
   186.8749       138.7108       1.373823    
   191.8749       138.7111       1.345821    
   196.8749       138.7112       1.405520    
   201.8749       138.7111       1.548171    
   206.8749       138.7109       1.540289    
   211.8749       138.7134       1.540223    
   216.8748       138.7373       1.493887    
   221.8745       138.7983       1.391834    
   226.8739       138.8695       1.676632    
   231.8736       138.8726       1.429153    
   236.8703       138.7209       1.540980    
   241.8605       138.4185       1.374059    
   246.8531       138.1794       1.191591    
   251.8497       138.2349       1.292945    
   256.8403       138.5308       1.557208    
   261.8292       138.8582       1.682388    
   266.8226       139.1064       1.639158    
   271.8200       139.2568       1.720887    
   276.8195       139.3043       1.677112    
   281.8193       139.2749       1.752173    
   286.8188       139.2062       1.504242    
   291.8181       139.1195       1.483230    
   296.8170       139.0187       1.477536    
   301.8156       138.8996       1.519062    
   306.8141       138.7848       1.633125    
   311.8136       138.7435       1.511085    
   316.8123       138.6715       1.532554    
   321.7794       138.2001       1.511535    
   326.7076       137.3683       1.405404    
   331.6619       137.0869       1.419505    
   336.6017       137.7613       1.170585    
   341.4941       138.7795      0.9572232    
   346.3997       139.7317       1.732346    
   351.3318       140.5377       1.355701    
   356.3008       141.0433       1.612435    
   361.2956       141.2499       1.540431    
   366.2939       141.3779       1.241338    
   371.2916       141.5279       1.091815    
   376.2886       141.6984       1.123540    
   381.2849       141.8889       1.002769    
   386.2799       142.1075      0.8852080    
   391.2732       142.3631      0.9631528    
   396.2645       142.6530      0.9759405    
   401.2549       142.9583      0.7511603    
   406.2462       143.2484      0.6420041    
   411.2407       143.4767      0.6354467    
   416.2387       143.6027      0.6532292    
   421.2385       143.6403      0.5036843    
   426.2385       143.6443      0.5596604    
   431.2385       143.6608      0.5852221    
   436.2343       143.8174      0.8614911    
   441.2233       144.1421      0.8110223    
   446.2118       144.4751      0.6680702    
   451.2035       144.7582      0.6387297    
   456.1937       145.0647      0.9115667    
   461.1783       145.4488       1.226321    
   466.1624       145.8420       1.110390    
   471.1551       146.0755       1.080630    
   476.1545       146.1300      0.9697626    
   481.8401       146.1326       1.994513    
   489.3643       146.1326       2.235567    
   507.4286       146.1326       2.385976    
  -33.77417       134.0858       1.925934    
  -15.70986       134.0858       1.765637    
  -8.185690       134.0858       1.669482    
  -2.500000       134.0858       1.461836    
   2.481762       134.3752       1.391703    
   7.434425       135.0294       1.276604    
   12.38829       135.6740       1.074748    
   17.37068       136.0052       1.311582    
   22.36992       136.0857       1.288946    
   27.36889       136.1774      0.9996330    
   32.36626       136.3303       1.185933    
   37.36148       136.5384       1.250247    
   42.35468       136.7882       1.120344    
   47.34677       137.0579       1.222695    
   52.33939       137.3180       1.264843    
   57.33461       137.5242       1.128544    
   62.33282       137.6424       1.185096    
   67.33237       137.6462       1.188593    
   72.33087       137.5385      0.9577803    
   77.32610       137.3349       1.021271    
   82.31709       137.0487      0.9943399    
   87.30524       136.7188       1.651401    
   92.29430       136.4025       1.479982    
   97.28818       136.1738       1.168871    
   102.2866       136.0724       1.037188    
   107.2863       136.0237       1.043823    
   112.2728       135.7457       1.053752    
   117.2255       135.1043       1.055501    
   122.1606       134.3334       1.216795    
   127.1186       133.7326       1.348756    
   132.1048       133.3949       1.550596    
   137.1018       133.2509       1.540537    
   142.1004       133.2958       1.450169    
   147.0855       133.6214       1.305656    
   152.0289       134.3147       1.261720    
   156.9416       135.2077      0.9088011    
   161.8866       135.8773       1.057909    
   166.8759       136.1325       1.001556    
   171.8755       136.1387      0.8002015    
   176.8751       136.0817      0.7808369    
   181.8749       136.0535      0.9641443    
   186.8749       136.0525      0.8041326    
   191.8749       136.0529      0.8207175    
   196.8749       136.0529      0.7158046    
   201.8749       136.0529      0.8738016    
   206.8749       136.0527      0.8653185    
   211.8749       136.0551      0.9874654    
   216.8748       136.0783      0.9859223    
   221.8745       136.1376      0.8455553    
   226.8739       136.2069      0.9721134    
   231.8736       136.2099      0.6899648    
   236.8703       136.0623      0.7454072    
   241.8605       135.7682      0.7287419    
   246.8531       135.5358      0.9219946    
   251.8497       135.5898      0.9687475    
   256.8403       135.8775       1.066004    
   261.8292       136.1960      0.9599086    
   266.8226       136.4373      0.9860159    
   271.8200       136.5835       1.330543    
   276.8195       136.6297       1.265887    
   281.8193       136.6011      0.8957041    
   286.8188       136.5343      0.8788194    
   291.8181       136.4500      0.8899505    
   296.8170       136.3520      0.8713403    
   301.8156       136.2361      0.6953161    
   306.8141       136.1245      0.7991235    
   311.8136       136.0844      0.7913656    
   316.8123       136.0143       1.054546    
   321.7794       135.5559       1.260424    
   326.7076       134.7469       1.359741    
   331.6619       134.4733       1.373325    
   336.6017       135.1292       1.642218    
   341.4941       136.1194       1.290263    
   346.3997       137.0454       1.546456    
   351.3318       137.8293       1.173386    
   356.3008       138.3209       1.451270    
   361.2956       138.5218       1.198640    
   366.2939       138.6463       1.087235    
   371.2916       138.7922      0.9576828    
   376.2886       138.9579       1.561581    
   381.2849       139.1433       1.691563    
   386.2799       139.3558       1.675595    
   391.2732       139.6044       1.542552    
   396.2645       139.8863       1.480877    
   401.2549       140.1832       1.981698    
   406.2462       140.4654       1.797486    
   411.2407       140.6873       1.782844    
   416.2387       140.8099       1.789607    
   421.2385       140.8465       1.967926    
   426.2385       140.8504       1.961951    
   431.2385       140.8664       1.849486    
   436.2343       141.0188       1.759744    
   441.2233       141.3345       1.662844    
   446.2118       141.6584       1.363878    
   451.2035       141.9337       1.138319    
   456.1937       142.2318       1.009866    
   461.1783       142.6053       1.332336    
   466.1624       142.9877       1.509017    
   471.1551       143.2148       1.613209    
   476.1545       143.2677       1.592589    
   481.8401       143.2702       2.025039    
   489.3643       143.2702       2.243052    
   507.4286       143.2702       2.388797    
  -33.77417       131.3152       1.930891    
  -15.70986       131.3152       1.777581    
  -8.185690       131.3152       1.676866    
  -2.500000       131.3152       1.461447    
   2.481762       131.5958       1.387588    
   7.434425       132.2304       1.282521    
   12.38829       132.8556       1.148638    
   17.37068       133.1768       1.298704    
   22.36992       133.2549       1.315847    
   27.36889       133.3438       1.161570    
   32.36626       133.4921       1.209559    
   37.36148       133.6940       1.250763    
   42.35468       133.9363       1.309421    
   47.34677       134.1978       1.374095    
   52.33939       134.4500       1.363420    
   57.33461       134.6501       1.343080    
   62.33282       134.7647       1.202425    
   67.33237       134.7684       1.239678    
   72.33087       134.6640       1.247280    
   77.32610       134.4664       1.581171    
   82.31709       134.1889       1.646844    
   87.30524       133.8689       1.311844    
   92.29430       133.5621       1.023211    
   97.28818       133.3403       1.377511    
   102.2866       133.2420       1.049949    
   107.2863       133.1947       1.044683    
   112.2728       132.9252       1.044808    
   117.2255       132.3031       1.052995    
   122.1606       131.5553       1.324188    
   127.1186       130.9726       1.404972    
   132.1048       130.6451       1.605562    
   137.1018       130.5054       1.592203    
   142.1004       130.5490       1.448385    
   147.0855       130.8647       1.358164    
   152.0289       131.5372       1.363226    
   156.9416       132.4034       1.208828    
   161.8866       133.0527       1.263623    
   166.8759       133.3003       1.178856    
   171.8755       133.3063       1.214419    
   176.8751       133.2510       1.227153    
   181.8749       133.2236       1.071782    
   186.8749       133.2227      0.8000766    
   191.8749       133.2231       1.106360    
   196.8749       133.2231       1.000779    
   201.8749       133.2231      0.9109192    
   206.8749       133.2229      0.9506257    
   211.8749       133.2252       1.148164    
   216.8748       133.2477       1.065935    
   221.8745       133.3052      0.9310761    
   226.8739       133.3724      0.9916310    
   231.8736       133.3753       1.062029    
   236.8703       133.2322       1.081832    
   241.8605       132.9470       1.236943    
   246.8531       132.7215       1.141496    
   251.8497       132.7738       1.125348    
   256.8403       133.0529       1.127886    
   261.8292       133.3618       1.123356    
   266.8226       133.5959       1.006163    
   271.8200       133.7377       1.008267    
   276.8195       133.7825       1.242157    
   281.8193       133.7548       1.338215    
   286.8188       133.6900       1.215189    
   291.8181       133.6082       1.120568    
   296.8170       133.5132       1.210589    
   301.8156       133.4008       1.306608    
   306.8141       133.2925       1.501465    
   311.8136       133.2536       1.506380    
   316.8123       133.1856       1.591679    
   321.7794       132.7410       1.267419    
   326.7076       131.9564       1.254308    
   331.6619       131.6910       1.234050    
   336.6017       132.3271       1.587705    
   341.4941       133.2876       1.587806    
   346.3997       134.1857       1.586959    
   351.3318       134.9460       1.320586    
   356.3008       135.4228       1.510758    
   361.2956       135.6176       1.367430    
   366.2939       135.7384       1.410384    
   371.2916       135.8799       1.437898    
   376.2886       136.0407       1.754680    
   381.2849       136.2204       1.710672    
   386.2799       136.4265       1.709223    
   391.2732       136.6677       1.506548    
   396.2645       136.9411       1.572883    
   401.2549       137.2291       1.638896    
   406.2462       137.5027       1.624994    
   411.2407       137.7180       1.605212    
   416.2387       137.8369       1.600337    
   421.2385       137.8724       1.656991    
   426.2385       137.8761       1.672205    
   431.2385       137.8917       1.730342    
   436.2343       138.0394       1.730386    
   441.2233       138.3456       1.721192    
   446.2118       138.6598       1.720785    
   451.2035       138.9268       1.411025    
   456.1937       139.2159       1.271792    
   461.1783       139.5782       1.313990    
   466.1624       139.9491       1.514038    
   471.1551       140.1694       1.684536    
   476.1545       140.2207       1.793715    
   481.8401       140.2231       2.087536    
   489.3643       140.2231       2.265245    
   507.4286       140.2231       2.397333    
  -33.77417       128.3538       1.941323    
  -15.70986       128.3538       1.809006    
  -8.185690       128.3538       1.712977    
  -2.500000       128.3538       1.561697    
   2.481762       128.6251       1.622195    
   7.434425       129.2386       1.641088    
   12.38829       129.8431       1.635474    
   17.37068       130.1537       1.669444    
   22.36992       130.2291       1.668075    
   27.36889       130.3151       1.664371    
   32.36626       130.4585       1.665711    
   37.36148       130.6536       1.656189    
   42.35468       130.8879       1.624148    
   47.34677       131.1408       1.614347    
   52.33939       131.3846       1.623311    
   57.33461       131.5780       1.646469    
   62.33282       131.6889       1.650671    
   67.33237       131.6924       1.695616    
   72.33087       131.5914       2.020917    
   77.32610       131.4005       2.224051    
   82.31709       131.1322       2.035989    
   87.30524       130.8228       1.945580    
   92.29430       130.5262       1.714110    
   97.28818       130.3116       2.133319    
   102.2866       130.2167       2.180082    
   107.2863       130.1709       2.055021    
   112.2728       129.9104       1.973500    
   117.2255       129.3089       1.955088    
   122.1606       128.5859       1.749825    
   127.1186       128.0226       1.576968    
   132.1048       127.7059       1.607959    
   137.1018       127.5708       1.592916    
   142.1004       127.6130       1.468505    
   147.0855       127.9183       1.542266    
   152.0289       128.5684       1.573981    
   156.9416       129.4059       1.608877    
   161.8866       130.0337       1.816032    
   166.8759       130.2731       1.900841    
   171.8755       130.2789       2.134948    
   176.8751       130.2254       2.220158    
   181.8749       130.1989       2.361470    
   186.8749       130.1980       2.487259    
   191.8749       130.1983       2.419249    
   196.8749       130.1983       2.316133    
   201.8749       130.1983       2.236986    
   206.8749       130.1982      0.8296298    
   211.8749       130.2005       1.648752    
   216.8748       130.2222       1.660568    
   221.8745       130.2778       1.696423    
   226.8739       130.3428       1.767886    
   231.8736       130.3456       1.764551    
   236.8703       130.2072       1.816158    
   241.8605       129.9314       1.953372    
   246.8531       129.7134       1.981484    
   251.8497       129.7641       1.987863    
   256.8403       130.0339       1.987363    
   261.8292       130.3325       1.954674    
   266.8226       130.5588       1.831367    
   271.8200       130.6960       1.346844    
   276.8195       130.7393       1.334878    
   281.8193       130.7124       1.334682    
   286.8188       130.6498       1.401581    
   291.8181       130.5708       1.658529    
   296.8170       130.4788       1.985033    
   301.8156       130.3701       2.049340    
   306.8141       130.2655       1.842782    
   311.8136       130.2279       1.806018    
   316.8123       130.1622       1.709778    
   321.7794       129.7323       1.710067    
   326.7076       128.9738       1.709253    
   331.6619       128.7171       1.687059    
   336.6017       129.3322       1.548017    
   341.4941       130.2607       1.557999    
   346.3997       131.1291       1.721835    
   351.3318       131.8641       1.590938    
   356.3008       132.3251       1.680822    
   361.2956       132.5135       1.647243    
   366.2939       132.6302       1.723813    
   371.2916       132.7671       1.558734    
   376.2886       132.9225       1.578452    
   381.2849       133.0963       1.579460    
   386.2799       133.2955       1.569698    
   391.2732       133.5287       1.107784    
   396.2645       133.7930       1.138381    
   401.2549       134.0715       1.696867    
   406.2462       134.3360       1.643327    
   411.2407       134.5442       1.634354    
   416.2387       134.6591       1.659844    
   421.2385       134.6935       1.709274    
   426.2385       134.6971       1.734113    
   431.2385       134.7121       1.741794    
   436.2343       134.8550       1.748470    
   441.2233       135.1510       1.821144    
   446.2118       135.4547       1.781913    
   451.2035       135.7129       1.543193    
   456.1937       135.9924       1.420644    
   461.1783       136.3427       1.446003    
   466.1624       136.7012       1.601441    
   471.1551       136.9142       1.787045    
   476.1545       136.9639       1.943726    
   481.8401       136.9662       2.156015    
   489.3643       136.9662       2.301925    
   507.4286       136.9662       2.413071    
  -33.77417       125.1739       1.960967    
  -15.70986       125.1739       1.865197    
  -8.185690       125.1739       1.805483    
  -2.500000       125.1739       1.779009    
   2.481762       125.4352       1.817337    
   7.434425       126.0261       1.816397    
   12.38829       126.6083       1.822730    
   17.37068       126.9075       1.859322    
   22.36992       126.9801       1.857535    
   27.36889       127.0629       1.857124    
   32.36626       127.2010       1.857189    
   37.36148       127.3890       1.912570    
   42.35468       127.6146       2.025058    
   47.34677       127.8582       2.071922    
   52.33939       128.0931       2.071056    
   57.33461       128.2793       2.095917    
   62.33282       128.3861       2.122681    
   67.33237       128.3895       2.208365    
   72.33087       128.2923       2.313616    
   77.32610       128.1083       2.256338    
   82.31709       127.8499       2.136125    
   87.30524       127.5519       2.133931    
   92.29430       127.2662       2.081541    
   97.28818       127.0596       2.186345    
   102.2866       126.9681       2.271155    
   107.2863       126.9241       2.197240    
   112.2728       126.6731       1.999437    
   117.2255       126.0938       1.778826    
   122.1606       125.3975       1.744695    
   127.1186       124.8549       1.744979    
   132.1048       124.5499       1.743070    
   137.1018       124.4198       1.647865    
   142.1004       124.4603       1.605767    
   147.0855       124.7544       1.604746    
   152.0289       125.3806       1.791590    
   156.9416       126.1872       2.009457    
   161.8866       126.7919       2.368535    
   166.8759       127.0225       2.511548    
   171.8755       127.0280       2.482761    
   176.8751       126.9765       2.440559    
   181.8749       126.9510       2.453909    
   186.8749       126.9501       2.539337    
   191.8749       126.9505       2.563976    
   196.8749       126.9505       2.514799    
   201.8749       126.9505       2.471480    
   206.8749       126.9503       1.858763    
   211.8749       126.9525       2.054345    
   216.8748       126.9735       2.039530    
   221.8745       127.0270       2.050685    
   226.8739       127.0896       2.102632    
   231.8736       127.0923       2.113998    
   236.8703       126.9591       2.148004    
   241.8605       126.6934       2.164142    
   246.8531       126.4834       2.164989    
   251.8497       126.5322       2.168419    
   256.8403       126.7921       2.159734    
   261.8292       127.0797       2.112480    
   266.8226       127.2977       1.993083    
   271.8200       127.4297       1.855477    
   276.8195       127.4715       1.839846    
   281.8193       127.4456       1.886765    
   286.8188       127.3853       2.072143    
   291.8181       127.3092       2.325246    
   296.8170       127.2206       2.419503    
   301.8156       127.1160       2.393461    
   306.8141       127.0152       2.273816    
   311.8136       126.9790       2.258495    
   316.8123       126.9157       2.140888    
   321.7794       126.5017       2.072177    
   326.7076       125.7710       2.070235    
   331.6619       125.5238       2.024342    
   336.6017       126.1162       1.637652    
   341.4941       127.0106       1.573822    
   346.3997       127.8469       1.812721    
   351.3318       128.5549       1.869621    
   356.3008       128.9989       1.892003    
   361.2956       129.1804       1.890099    
   366.2939       129.2928       1.980940    
   371.2916       129.4245       1.810248    
   376.2886       129.5742       1.911922    
   381.2849       129.7417       1.892353    
   386.2799       129.9336       1.870987    
   391.2732       130.1582       1.827724    
   396.2645       130.4128       1.896956    
   401.2549       130.6809       2.078570    
   406.2462       130.9357       2.134053    
   411.2407       131.1362       2.138242    
   416.2387       131.2469       2.148385    
   421.2385       131.2800       2.173257    
   426.2385       131.2835       2.188569    
   431.2385       131.2979       2.198091    
   436.2343       131.4355       2.209764    
   441.2233       131.7207       2.233357    
   446.2118       132.0132       2.122514    
   451.2035       132.2618       1.968337    
   456.1937       132.5311       1.876059    
   461.1783       132.8684       1.881467    
   466.1624       133.2138       1.890243    
   471.1551       133.4189       1.985510    
   476.1545       133.4668       2.112830    
   481.8401       133.4690       2.256059    
   489.3643       133.4690       2.358731    
   507.4286       133.4690       2.440020    
  -33.77417       121.7413       1.993945    
  -15.70986       121.7413       1.939122    
  -8.185690       121.7413       1.927328    
  -2.500000       121.7413       1.927414    
   2.481762       121.9919       1.927904    
   7.434425       122.5584       1.976045    
   12.38829       123.1165       2.093243    
   17.37068       123.4034       2.236428    
   22.36992       123.4730       2.256464    
   27.36889       123.5524       2.248177    
   32.36626       123.6848       2.250201    
   37.36148       123.8650       2.245970    
   42.35468       124.0813       2.213316    
   47.34677       124.3148       2.135529    
   52.33939       124.5400       2.097229    
   57.33461       124.7186       2.098374    
   62.33282       124.8209       2.115480    
   67.33237       124.8242       2.157173    
   72.33087       124.7309       2.221652    
   77.32610       124.5546       2.241916    
   82.31709       124.3068       2.239528    
   87.30524       124.0211       2.245062    
   92.29430       123.7473       2.235129    
   97.28818       123.5492       2.268831    
   102.2866       123.4615       2.299402    
   107.2863       123.4193       2.286268    
   112.2728       123.1786       2.220708    
   117.2255       122.6232       2.104284    
   122.1606       121.9557       1.995450    
   127.1186       121.4355       1.907013    
   132.1048       121.1431       1.832020    
   137.1018       121.0183       1.773999    
   142.1004       121.0573       1.766261    
   147.0855       121.3392       1.791970    
   152.0289       121.9395       1.931894    
   156.9416       122.7128       2.118031    
   161.8866       123.2925       2.343811    
   166.8759       123.5135       2.559998    
   171.8755       123.5189       2.637603    
   176.8751       123.4696       2.665674    
   181.8749       123.4451       2.671813    
   186.8749       123.4443       2.578272    
   191.8749       123.4446       2.575833    
   196.8749       123.4446       2.538484    
   201.8749       123.4446       2.423531    
   206.8749       123.4444       2.243334    
   211.8749       123.4465       2.248922    
   216.8748       123.4666       2.233189    
   221.8745       123.5179       2.235875    
   226.8739       123.5779       2.227041    
   231.8736       123.5806       2.225716    
   236.8703       123.4528       2.214402    
   241.8605       123.1981       2.191889    
   246.8531       122.9968       2.184519    
   251.8497       123.0435       2.188256    
   256.8403       123.2927       2.182833    
   261.8292       123.5684       2.174490    
   266.8226       123.7774       2.153553    
   271.8200       123.9041       2.131674    
   276.8195       123.9441       2.128406    
   281.8193       123.9193       2.196276    
   286.8188       123.8614       2.375733    
   291.8181       123.7885       2.581726    
   296.8170       123.7036       2.687522    
   301.8156       123.6032       2.660755    
   306.8141       123.5066       2.597874    
   311.8136       123.4719       2.593876    
   316.8123       123.4112       2.505707    
   321.7794       123.0143       2.401610    
   326.7076       122.3138       2.370090    
   331.6619       122.0768       2.368340    
   336.6017       122.6448       2.367635    
   341.4941       123.5022       2.192509    
   346.3997       124.3040       1.801219    
   351.3318       124.9827       2.053019    
   356.3008       125.4084       2.084474    
   361.2956       125.5824       2.085406    
   366.2939       125.6901       2.098821    
   371.2916       125.8165       2.068487    
   376.2886       125.9600       2.264864    
   381.2849       126.1205       2.281889    
   386.2799       126.3045       2.283216    
   391.2732       126.5198       2.288552    
   396.2645       126.7639       2.376028    
   401.2549       127.0210       2.609445    
   406.2462       127.2653       2.680591    
   411.2407       127.4575       2.689974    
   416.2387       127.5636       2.685029    
   421.2385       127.5953       2.682434    
   426.2385       127.5986       2.672593    
   431.2385       127.6125       2.638866    
   436.2343       127.7445       2.596091    
   441.2233       128.0178       2.544969    
   446.2118       128.2982       2.414222    
   451.2035       128.5366       2.254111    
   456.1937       128.7948       2.160209    
   461.1783       129.1181       2.151854    
   466.1624       129.4493       2.168949    
   471.1551       129.6459       2.220704    
   476.1545       129.6918       2.291533    
   481.8401       129.6939       2.370151    
   489.3643       129.6939       2.425370    
   507.4286       129.6939       2.478418    
  -33.77417       118.0135       2.042380    
  -15.70986       118.0135       2.012615    
  -8.185690       118.0135       2.008363    
  -2.500000       118.0135       2.016217    
   2.481762       118.2522       2.048806    
   7.434425       118.7923       2.132561    
   12.38829       119.3243       2.259993    
   17.37068       119.5977       2.377467    
   22.36992       119.6640       2.418255    
   27.36889       119.7397       2.423859    
   32.36626       119.8660       2.429200    
   37.36148       120.0378       2.422681    
   42.35468       120.2439       2.402186    
   47.34677       120.4665       2.373036    
   52.33939       120.6811       2.354040    
   57.33461       120.8514       2.351423    
   62.33282       120.9489       2.355394    
   67.33237       120.9520       2.364183    
   72.33087       120.8632       2.386353    
   77.32610       120.6951       2.416573    
   82.31709       120.4589       2.439039    
   87.30524       120.1866       2.444134    
   92.29430       119.9255       2.432932    
   97.28818       119.7367       2.414036    
   102.2866       119.6531       2.388447    
   107.2863       119.6129       2.350468    
   112.2728       119.3835       2.291681    
   117.2255       118.8540       2.190104    
   122.1606       118.2177       2.069774    
   127.1186       117.7218       1.957993    
   132.1048       117.4431       1.857129    
   137.1018       117.3242       1.799921    
   142.1004       117.3613       1.802057    
   147.0855       117.6301       1.858056    
   152.0289       118.2023       2.002050    
   156.9416       118.9394       2.175749    
   161.8866       119.4921       2.408130    
   166.8759       119.7027       2.623579    
   171.8755       119.7078       2.714607    
   176.8751       119.6608       2.723546    
   181.8749       119.6375       2.728597    
   186.8749       119.6367       2.709084    
   191.8749       119.6370       2.693038    
   196.8749       119.6370       2.651224    
   201.8749       119.6370       2.554431    
   206.8749       119.6368       2.453352    
   211.8749       119.6388       2.431255    
   216.8748       119.6580       2.415958    
   221.8745       119.7069       2.412770    
   226.8739       119.7641       2.415159    
   231.8736       119.7666       2.417181    
   236.8703       119.6448       2.417562    
   241.8605       119.4020       2.417110    
   246.8531       119.2101       2.419501    
   251.8497       119.2547       2.421386    
   256.8403       119.4922       2.414156    
   261.8292       119.7551       2.391682    
   266.8226       119.9542       2.362961    
   271.8200       120.0750       2.348112    
   276.8195       120.1131       2.352691    
   281.8193       120.0895       2.411841    
   286.8188       120.0343       2.548600    
   291.8181       119.9648       2.692889    
   296.8170       119.8839       2.757023    
   301.8156       119.7882       2.753476    
   306.8141       119.6961       2.744915    
   311.8136       119.6630       2.743289    
   316.8123       119.6051       2.725178    
   321.7794       119.2268       2.676107    
   326.7076       118.5591       2.630896    
   331.6619       118.3332       2.593335    
   336.6017       118.8746       2.520865    
   341.4941       119.6919       2.273028    
   346.3997       120.4562       2.048594    
   351.3318       121.1031       2.065813    
   356.3008       121.5089       2.139506    
   361.2956       121.6748       2.137063    
   366.2939       121.7775       2.168853    
   371.2916       121.8979       2.257345    
   376.2886       122.0348       2.443896    
   381.2849       122.1877       2.511805    
   386.2799       122.3631       2.566130    
   391.2732       122.5684       2.644693    
   396.2645       122.8010       2.782275    
   401.2549       123.0461       2.909681    
   406.2462       123.2790       2.961845    
   411.2407       123.4621       2.984497    
   416.2387       123.5633       2.981319    
   421.2385       123.5935       2.977165    
   426.2385       123.5967       2.964082    
   431.2385       123.6100       2.937472    
   436.2343       123.7357       2.878707    
   441.2233       123.9963       2.788646    
   446.2118       124.2636       2.645036    
   451.2035       124.4909       2.491151    
   456.1937       124.7369       2.399904    
   461.1783       125.0452       2.378949    
   466.1624       125.3608       2.386261    
   471.1551       125.5482       2.409688    
   476.1545       125.5920       2.440074    
   481.8401       125.5940       2.471776    
   489.3643       125.5940       2.498203    
   507.4286       125.5940       2.530328    
  -33.77417       113.9358       2.103529    
  -15.70986       113.9358       2.089596    
  -8.185690       113.9358       2.095031    
  -2.500000       113.9358       2.117734    
   2.481762       114.1617       2.169839    
   7.434425       114.6728       2.268622    
   12.38829       115.1762       2.399150    
   17.37068       115.4350       2.508804    
   22.36992       115.4978       2.567965    
   27.36889       115.5694       2.590169    
   32.36626       115.6889       2.600200    
   37.36148       115.8514       2.600913    
   42.35468       116.0465       2.587595    
   47.34677       116.2571       2.566545    
   52.33939       116.4603       2.552304    
   57.33461       116.6214       2.549196    
   62.33282       116.7137       2.554392    
   67.33237       116.7167       2.569711    
   72.33087       116.6326       2.600507    
   77.32610       116.4735       2.642230    
   82.31709       116.2499       2.669192    
   87.30524       115.9922       2.669065    
   92.29430       115.7452       2.632292    
   97.28818       115.5665       2.566879    
   102.2866       115.4874       2.506178    
   107.2863       115.4493       2.449410    
   112.2728       115.2323       2.382336    
   117.2255       114.7313       2.268800    
   122.1606       114.1291       2.128880    
   127.1186       113.6599       2.006767    
   132.1048       113.3961       1.919536    
   137.1018       113.2836       1.900762    
   142.1004       113.3186       1.909560    
   147.0855       113.5730       1.956867    
   152.0289       114.1145       2.086335    
   156.9416       114.8120       2.286211    
   161.8866       115.3350       2.556358    
   166.8759       115.5344       2.810212    
   171.8755       115.5392       2.965062    
   176.8751       115.4947       3.052094    
   181.8749       115.4726       3.089376    
   186.8749       115.4719       3.089087    
   191.8749       115.4722       3.063218    
   196.8749       115.4722       2.984701    
   201.8749       115.4722       2.860991    
   206.8749       115.4720       2.756153    
   211.8749       115.4739       2.714050    
   216.8748       115.4921       2.693304    
   221.8745       115.5383       2.683809    
   226.8739       115.5924       2.681363    
   231.8736       115.5948       2.682276    
   236.8703       115.4796       2.684977    
   241.8605       115.2498       2.688825    
   246.8531       115.0682       2.692210    
   251.8497       115.1104       2.693630    
   256.8403       115.3352       2.691794    
   261.8292       115.5839       2.688454    
   266.8226       115.7724       2.685889    
   271.8200       115.8866       2.686023    
   276.8195       115.9228       2.701193    
   281.8193       115.9004       2.749505    
   286.8188       115.8482       2.830704    
   291.8181       115.7824       2.915760    
   296.8170       115.7058       2.968596    
   301.8156       115.6153       2.983060    
   306.8141       115.5281       2.986967    
   311.8136       115.4968       2.984523    
   316.8123       115.4420       2.989080    
   321.7794       115.0840       2.978943    
   326.7076       114.4521       2.943455    
   331.6619       114.2384       2.881025    
   336.6017       114.7507       2.763610    
   341.4941       115.5241       2.541913    
   346.3997       116.2474       2.337978    
   351.3318       116.8596       2.292044    
   356.3008       117.2437       2.256367    
   361.2956       117.4006       2.249438    
   366.2939       117.4977       2.274889    
   371.2916       117.6117       2.382288    
   376.2886       117.7412       2.543575    
   381.2849       117.8860       2.649649    
   386.2799       118.0519       2.746539    
   391.2732       118.2462       2.861649    
   396.2645       118.4663       3.005409    
   401.2549       118.6983       3.104380    
   406.2462       118.9186       3.169137    
   411.2407       119.0920       3.205956    
   416.2387       119.1877       3.208839    
   421.2385       119.2163       3.193733    
   426.2385       119.2194       3.168909    
   431.2385       119.2319       3.130300    
   436.2343       119.3509       3.064636    
   441.2233       119.5975       2.963690    
   446.2118       119.8504       2.831887    
   451.2035       120.0655       2.692710    
   456.1937       120.2983       2.593357    
   461.1783       120.5900       2.550510    
   466.1624       120.8887       2.543683    
   471.1551       121.0661       2.547457    
   476.1545       121.1075       2.552723    
   481.8401       121.1095       2.562614    
   489.3643       121.1095       2.573994    
   507.4286       121.1095       2.590141    
  -33.77417       109.4377       2.175053    
  -15.70986       109.4377       2.175957    
  -8.185690       109.4377       2.188366    
  -2.500000       109.4377       2.219123    
   2.481762       109.6495       2.280525    
   7.434425       110.1285       2.381876    
   12.38829       110.6005       2.499990    
   17.37068       110.8431       2.598040    
   22.36992       110.9020       2.665643    
   27.36889       110.9691       2.711166    
   32.36626       111.0811       2.737584    
   37.36148       111.2335       2.745008    
   42.35468       111.4164       2.744165    
   47.34677       111.6138       2.734589    
   52.33939       111.8043       2.725681    
   57.33461       111.9553       2.723460    
   62.33282       112.0418       2.725543    
   67.33237       112.0446       2.728214    
   72.33087       111.9657       2.732606    
   77.32610       111.8166       2.736781    
   82.31709       111.6071       2.738482    
   87.30524       111.3655       2.725419    
   92.29430       111.1339       2.681579    
   97.28818       110.9664       2.621557    
   102.2866       110.8923       2.564496    
   107.2863       110.8566       2.503246    
   112.2728       110.6531       2.432872    
   117.2255       110.1834       2.322598    
   122.1606       109.6189       2.185521    
   127.1186       109.1790       2.063341    
   132.1048       108.9318       1.989648    
   137.1018       108.8263       1.986541    
   142.1004       108.8592       2.002286    
   147.0855       109.0976       2.061060    
   152.0289       109.6052       2.181230    
   156.9416       110.2591       2.420009    
   161.8866       110.7494       2.695570    
   166.8759       110.9363       2.958357    
   171.8755       110.9408       3.138847    
   176.8751       110.8991       3.235623    
   181.8749       110.8784       3.280609    
   186.8749       110.8776       3.291603    
   191.8749       110.8779       3.282943    
   196.8749       110.8779       3.241570    
   201.8749       110.8779       3.159910    
   206.8749       110.8778       3.071606    
   211.8749       110.8796       3.010241    
   216.8748       110.8966       2.970462    
   221.8745       110.9400       2.947557    
   226.8739       110.9907       2.935195    
   231.8736       110.9929       2.929208    
   236.8703       110.8849       2.926990    
   241.8605       110.6695       2.926563    
   246.8531       110.4993       2.927025    
   251.8497       110.5388       2.927533    
   256.8403       110.7495       2.927611    
   261.8292       110.9827       2.928005    
   266.8226       111.1594       2.930541    
   271.8200       111.2665       2.939735    
   276.8195       111.3003       2.963352    
   281.8193       111.2794       3.009623    
   286.8188       111.2305       3.075897    
   291.8181       111.1687       3.145805    
   296.8170       111.0969       3.198194    
   301.8156       111.0121       3.224156    
   306.8141       110.9304       3.231332    
   311.8136       110.9010       3.226034    
   316.8123       110.8497       3.211229    
   321.7794       110.5141       3.180420    
   326.7076       109.9218       3.129505    
   331.6619       109.7214       3.048018    
   336.6017       110.2016       2.931108    
   341.4941       110.9267       2.764225    
   346.3997       111.6047       2.612225    
   351.3318       112.1786       2.502420    
   356.3008       112.5386       2.454218    
   361.2956       112.6857       2.440204    
   366.2939       112.7768       2.446664    
   371.2916       112.8837       2.509880    
   376.2886       113.0050       2.627502    
   381.2849       113.1407       2.745927    
   386.2799       113.2963       2.859675    
   391.2732       113.4784       2.971509    
   396.2645       113.6848       3.094609    
   401.2549       113.9022       3.185853    
   406.2462       114.1088       3.260576    
   411.2407       114.2713       3.304012    
   416.2387       114.3611       3.312696    
   421.2385       114.3878       3.301919    
   426.2385       114.3907       3.278565    
   431.2385       114.4025       3.241512    
   436.2343       114.5140       3.183846    
   441.2233       114.7451       3.100238    
   446.2118       114.9823       2.995927    
   451.2035       115.1839       2.874980    
   456.1937       115.4022       2.770105    
   461.1783       115.6756       2.701873    
   466.1624       115.9556       2.668935    
   471.1551       116.1219       2.657380    
   476.1545       116.1607       2.652838    
   481.8401       116.1625       2.651513    
   489.3643       116.1625       2.651682    
   507.4286       116.1625       2.653277    
  -33.77417       104.4251       2.222882    
  -15.70986       104.4251       2.236402    
  -8.185690       104.4251       2.260936    
  -2.500000       104.4251       2.302412    
   2.481762       104.6212       2.368734    
   7.434425       105.0646       2.463125    
   12.38829       105.5015       2.565038    
   17.37068       105.7260       2.650323    
   22.36992       105.7805       2.709057    
   27.36889       105.8427       2.760233    
   32.36626       105.9463       2.813849    
   37.36148       106.0873       2.837084    
   42.35468       106.2567       2.843051    
   47.34677       106.4394       2.844087    
   52.33939       106.6157       2.843180    
   57.33461       106.7555       2.842447    
   62.33282       106.8356       2.842853    
   67.33237       106.8381       2.842825    
   72.33087       106.7651       2.842912    
   77.32610       106.6271       2.838726    
   82.31709       106.4332       2.803899    
   87.30524       106.2096       2.749551    
   92.29430       105.9952       2.696198    
   97.28818       105.8402       2.634779    
   102.2866       105.7715       2.574746    
   107.2863       105.7385       2.512566    
   112.2728       105.5501       2.445088    
   117.2255       105.1154       2.345401    
   122.1606       104.5929       2.225582    
   127.1186       104.1857       2.127917    
   132.1048       103.9569       2.094014    
   137.1018       103.8593       2.098111    
   142.1004       103.8897       2.117679    
   147.0855       104.1104       2.173774    
   152.0289       104.5803       2.293177    
   156.9416       105.1855       2.543385    
   161.8866       105.6393       2.794801    
   166.8759       105.8122       3.061666    
   171.8755       105.8165       3.252320    
   176.8751       105.7778       3.363759    
   181.8749       105.7587       3.443782    
   186.8749       105.7580       3.472822    
   191.8749       105.7582       3.474046    
   196.8749       105.7583       3.451779    
   201.8749       105.7583       3.399420    
   206.8749       105.7581       3.330109    
   211.8749       105.7598       3.264841    
   216.8748       105.7755       3.213823    
   221.8745       105.8157       3.178460    
   226.8739       105.8626       3.156188    
   231.8736       105.8647       3.142654    
   236.8703       105.7647       3.134602    
   241.8605       105.5654       3.129826    
   246.8531       105.4078       3.127470    
   251.8497       105.4444       3.126918    
   256.8403       105.6394       3.128042    
   261.8292       105.8553       3.131480    
   266.8226       106.0188       3.139334    
   271.8200       106.1179       3.154342    
   276.8195       106.1492       3.180443    
   281.8193       106.1298       3.221094    
   286.8188       106.0846       3.272662    
   291.8181       106.0275       3.322728    
   296.8170       105.9610       3.357627    
   301.8156       105.8824       3.372903    
   306.8141       105.8068       3.374623    
   311.8136       105.7796       3.366971    
   316.8123       105.7321       3.341406    
   321.7794       105.4215       3.294455    
   326.7076       104.8732       3.231401    
   331.6619       104.6877       3.131176    
   336.6017       105.1322       3.027081    
   341.4941       105.8034       2.894565    
   346.3997       106.4309       2.776244    
   351.3318       106.9622       2.676815    
   356.3008       107.2954       2.623901    
   361.2956       107.4315       2.608419    
   366.2939       107.5159       2.607630    
   371.2916       107.6148       2.628017    
   376.2886       107.7271       2.703019    
   381.2849       107.8528       2.810213    
   386.2799       107.9968       2.921161    
   391.2732       108.1653       3.025112    
   396.2645       108.3564       3.129931    
   401.2549       108.5576       3.211776    
   406.2462       108.7488       3.282396    
   411.2407       108.8992       3.337301    
   416.2387       108.9823       3.361498    
   421.2385       109.0071       3.357708    
   426.2385       109.0098       3.337655    
   431.2385       109.0207       3.303620    
   436.2343       109.1239       3.259238    
   441.2233       109.3378       3.197658    
   446.2118       109.5574       3.121323    
   451.2035       109.7439       3.032435    
   456.1937       109.9460       2.943468    
   461.1783       110.1991       2.871438    
   466.1624       110.4583       2.818137    
   471.1551       110.6122       2.785600    
   476.1545       110.6481       2.761848    
   481.8401       110.6497       2.745450    
   489.3643       110.6497       2.733421    
   507.4286       110.6497       2.720832    
  -33.77417       98.76926       2.273731    
  -15.70986       98.76926       2.297979    
  -8.185690       98.76926       2.328673    
  -2.500000       98.76926       2.372048    
   2.481762       98.94752       2.437611    
   7.434425       99.35075       2.518861    
   12.38829       99.74802       2.603524    
   17.37068       99.95215       2.678923    
   22.36992       100.0017       2.728320    
   27.36889       100.0582       2.773974    
   32.36626       100.1525       2.835731    
   37.36148       100.2807       2.868529    
   42.35468       100.4347       2.885281    
   47.34677       100.6009       2.894802    
   52.33939       100.7612       2.898665    
   57.33461       100.8883       2.898671    
   62.33282       100.9611       2.895070    
   67.33237       100.9634       2.885527    
   72.33087       100.8971       2.867549    
   77.32610       100.7716       2.842905    
   82.31709       100.5952       2.805844    
   87.30524       100.3919       2.745948    
   92.29430       100.1970       2.688884    
   97.28818       100.0560       2.626964    
   102.2866       99.99355       2.567268    
   107.2863       99.96349       2.505642    
   112.2728       99.79222       2.443322    
   117.2255       99.39693       2.353872    
   122.1606       98.92178       2.258637    
   127.1186       98.55151       2.198930    
   132.1048       98.34343       2.194604    
   137.1018       98.25465       2.198597    
   142.1004       98.28233       2.224249    
   147.0855       98.48299       2.285304    
   152.0289       98.91029       2.409990    
   156.9416       99.46066       2.630680    
   161.8866       99.87329       2.850719    
   166.8759       100.0306       3.124906    
   171.8755       100.0344       3.310622    
   176.8751       99.99930       3.424148    
   181.8749       99.98188       3.519336    
   186.8749       99.98126       3.579871    
   191.8749       99.98149       3.596822    
   196.8749       99.98150       3.593147    
   201.8749       99.98149       3.573242    
   206.8749       99.98139       3.536247    
   211.8749       99.98287       3.489270    
   216.8748       99.99718       3.442485    
   221.8745       100.0337       3.401655    
   226.8739       100.0764       3.369331    
   231.8736       100.0783       3.345296    
   236.8703       99.98734       3.328269    
   241.8605       99.80609       3.317239    
   246.8531       99.66279       3.311171    
   251.8497       99.69608       3.309215    
   256.8403       99.87341       3.310080    
   261.8292       100.0697       3.314393    
   266.8226       100.2184       3.324636    
   271.8200       100.3085       3.343025    
   276.8195       100.3370       3.369146    
   281.8193       100.3194       3.400835    
   286.8188       100.2782       3.433174    
   291.8181       100.2263       3.459662    
   296.8170       100.1659       3.475720    
   301.8156       100.0944       3.479804    
   306.8141       100.0256       3.474661    
   311.8136       100.0009       3.449792    
   316.8123       99.95772       3.404449    
   321.7794       99.67523       3.349581    
   326.7076       99.17667       3.281590    
   331.6619       99.00801       3.167492    
   336.6017       99.41222       3.077713    
   341.4941       100.0225       2.972660    
   346.3997       100.5932       2.875257    
   351.3318       101.0763       2.791220    
   356.3008       101.3793       2.742314    
   361.2956       101.5031       2.721050    
   366.2939       101.5798       2.717208    
   371.2916       101.6697       2.731246    
   376.2886       101.7719       2.777873    
   381.2849       101.8861       2.867549    
   386.2799       102.0170       2.963671    
   391.2732       102.1703       3.054643    
   396.2645       102.3440       3.144911    
   401.2549       102.5270       3.219438    
   406.2462       102.7009       3.287106    
   411.2407       102.8377       3.343082    
   416.2387       102.9132       3.374934    
   421.2385       102.9358       3.377628    
   426.2385       102.9382       3.362939    
   431.2385       102.9481       3.334973    
   436.2343       103.0419       3.302348    
   441.2233       103.2365       3.261680    
   446.2118       103.4361       3.208533    
   451.2035       103.6058       3.147670    
   456.1937       103.7895       3.076118    
   461.1783       104.0197       3.010744    
   466.1624       104.2553       2.955378    
   471.1551       104.3953       2.908800    
   476.1545       104.4279       2.870725    
   481.8401       104.4295       2.838413    
   489.3643       104.4295       2.811619    
   507.4286       104.4295       2.781070    
  -33.77417       92.28692       2.319528    
  -15.70986       92.28692       2.350925    
  -8.185690       92.28692       2.384946    
  -2.500000       92.28692       2.425640    
   2.481762       92.44483       2.483437    
   7.434425       92.80198       2.553547    
   12.38829       93.15384       2.625274    
   17.37068       93.33465       2.691150    
   22.36992       93.37855       2.734047    
   27.36889       93.42858       2.775564    
   32.36626       93.51208       2.835345    
   37.36148       93.62569       2.868093    
   42.35468       93.76205       2.886033    
   47.34677       93.90923       2.896881    
   52.33939       94.05121       2.901707    
   57.33461       94.16380       2.901470    
   62.33282       94.22831       2.896129    
   67.33237       94.23037       2.883078    
   72.33087       94.17159       2.858759    
   77.32610       94.06042       2.825515    
   82.31709       93.90422       2.780132    
   87.30524       93.72411       2.722643    
   92.29430       93.55146       2.665060    
   97.28818       93.42661       2.607155    
   102.2866       93.37131       2.552423    
   107.2863       93.34469       2.494258    
   112.2728       93.19299       2.439970    
   117.2255       92.84286       2.363113    
   122.1606       92.42202       2.301742    
   127.1186       92.09407       2.284143    
   132.1048       91.90976       2.287382    
   137.1018       91.83113       2.291177    
   142.1004       91.85565       2.316192    
   147.0855       92.03337       2.378687    
   152.0289       92.41184       2.500080    
   156.9416       92.89931       2.687146    
   161.8866       93.26480       2.883778    
   166.8759       93.40413       3.161905    
   171.8755       93.40750       3.334892    
   176.8751       93.37640       3.446529    
   181.8749       93.36098       3.544106    
   186.8749       93.36044       3.620938    
   191.8749       93.36063       3.674321    
   196.8749       93.36064       3.686671    
   201.8749       93.36063       3.683263    
   206.8749       93.36054       3.668385    
   211.8749       93.36186       3.640213    
   216.8748       93.37454       3.602783    
   221.8745       93.40688       3.566181    
   226.8739       93.44470       3.534714    
   231.8736       93.44635       3.508555    
   236.8703       93.36582       3.486860    
   241.8605       93.20527       3.470950    
   246.8531       93.07835       3.461693    
   251.8497       93.10783       3.457431    
   256.8403       93.26490       3.456877    
   261.8292       93.43874       3.459773    
   266.8226       93.57047       3.467565    
   271.8200       93.65030       3.480573    
   276.8195       93.67554       3.497251    
   281.8193       93.65989       3.514439    
   286.8188       93.62345       3.528333    
   291.8181       93.57744       3.536506    
   296.8170       93.52392       3.538830    
   301.8156       93.46066       3.534651    
   306.8141       93.39973       3.510157    
   311.8136       93.37785       3.472926    
   316.8123       93.33959       3.424455    
   321.7794       93.08938       3.369132    
   326.7076       92.64779       3.303939    
   331.6619       92.49840       3.182906    
   336.6017       92.85643       3.101880    
   341.4941       93.39696       3.017982    
   346.3997       93.90244       2.938602    
   351.3318       94.33030       2.876025    
   356.3008       94.59869       2.837073    
   361.2956       94.70834       2.817588    
   366.2939       94.77627       2.812766    
   371.2916       94.85593       2.822436    
   376.2886       94.94642       2.854727    
   381.2849       95.04758       2.919309    
   386.2799       95.16358       2.996043    
   391.2732       95.29931       3.074120    
   396.2645       95.45317       3.152267    
   401.2549       95.61526       3.220778    
   406.2462       95.76926       3.283739    
   411.2407       95.89043       3.337691    
   416.2387       95.95733       3.370387    
   421.2385       95.97731       3.377986    
   426.2385       95.97943       3.368640    
   431.2385       95.98818       3.348326    
   436.2343       96.07135       3.324920    
   441.2233       96.24365       3.298637    
   446.2118       96.42047       3.264484    
   451.2035       96.57073       3.223668    
   456.1937       96.73344       3.172119    
   461.1783       96.93733       3.117144    
   466.1624       97.14609       3.063975    
   471.1551       97.27006       3.016188    
   476.1545       97.29897       2.969281    
   481.8401       97.30029       2.925091    
   489.3643       97.30029       2.882694    
   507.4286       97.30029       2.829900    
  -33.77417       84.70639       2.359053    
  -15.70986       84.70639       2.395752    
  -8.185690       84.70639       2.426525    
  -2.500000       84.70639       2.467139    
   2.481762       84.84047       2.517302    
   7.434425       85.14374       2.575481    
   12.38829       85.44250       2.637275    
   17.37068       85.59602       2.694440    
   22.36992       85.63330       2.731834    
   27.36889       85.67580       2.768989    
   32.36626       85.74669       2.812756    
   37.36148       85.84315       2.839550    
   42.35468       85.95895       2.856140    
   47.34677       86.08392       2.864421    
   52.33939       86.20448       2.867117    
   57.33461       86.30008       2.866032    
   62.33282       86.35486       2.858952    
   67.33237       86.35661       2.843271    
   72.33087       86.30669       2.818623    
   77.32610       86.21230       2.782953    
   82.31709       86.07966       2.740175    
   87.30524       85.92673       2.691871    
   92.29430       85.78013       2.640995    
   97.28818       85.67411       2.585829    
   102.2866       85.62716       2.540330    
   107.2863       85.60456       2.489017    
   112.2728       85.47575       2.444279    
   117.2255       85.17844       2.389455    
   122.1606       84.82110       2.366629    
   127.1186       84.54264       2.368038    
   132.1048       84.38613       2.372019    
   137.1018       84.31937       2.373156    
   142.1004       84.34019       2.398275    
   147.0855       84.49109       2.460043    
   152.0289       84.81246       2.558927    
   156.9416       85.22638       2.722602    
   161.8866       85.53673       2.903445    
   166.8759       85.65503       3.180081    
   171.8755       85.65790       3.342199    
   176.8751       85.63148       3.449865    
   181.8749       85.61840       3.547528    
   186.8749       85.61794       3.627709    
   191.8749       85.61810       3.689543    
   196.8749       85.61810       3.727169    
   201.8749       85.61810       3.739838    
   206.8749       85.61802       3.738046    
   211.8749       85.61914       3.727835    
   216.8748       85.62991       3.708751    
   221.8745       85.65736       3.686347    
   226.8739       85.68948       3.662444    
   231.8736       85.69088       3.638402    
   236.8703       85.62250       3.616010    
   241.8605       85.48617       3.596356    
   246.8531       85.37840       3.581913    
   251.8497       85.40344       3.573830    
   256.8403       85.53680       3.570386    
   261.8292       85.68442       3.569752    
   266.8226       85.79627       3.570740    
   271.8200       85.86406       3.572068    
   276.8195       85.88549       3.573514    
   281.8193       85.87220       3.575196    
   286.8188       85.84126       3.576461    
   291.8181       85.80219       3.575897    
   296.8170       85.75674       3.567032    
   301.8156       85.70303       3.546862    
   306.8141       85.65130       3.516469    
   311.8136       85.63272       3.476329    
   316.8123       85.60023       3.427159    
   321.7794       85.38776       3.372651    
   326.7076       85.01280       3.310184    
   331.6619       84.88596       3.191134    
   336.6017       85.18996       3.115112    
   341.4941       85.64894       3.046046    
   346.3997       86.07815       2.984012    
   351.3318       86.44146       2.940986    
   356.3008       86.66934       2.916599    
   361.2956       86.76245       2.901591    
   366.2939       86.82014       2.896364    
   371.2916       86.88777       2.901908    
   376.2886       86.96461       2.924340    
   381.2849       87.05051       2.967001    
   386.2799       87.14902       3.021201    
   391.2732       87.26426       3.085687    
   396.2645       87.39491       3.154207    
   401.2549       87.53254       3.215069    
   406.2462       87.66331       3.271960    
   411.2407       87.76619       3.318632    
   416.2387       87.82300       3.348775    
   421.2385       87.83997       3.360450    
   426.2385       87.84176       3.361183    
   431.2385       87.84920       3.349855    
   436.2343       87.91981       3.333579    
   441.2233       88.06612       3.315840    
   446.2118       88.21626       3.294518    
   451.2035       88.34385       3.264910    
   456.1937       88.48203       3.227065    
   461.1783       88.65514       3.186082    
   466.1624       88.83239       3.141283    
   471.1551       88.93765       3.097332    
   476.1545       88.96221       3.052104    
   481.8401       88.96335       3.003963    
   489.3643       88.96335       2.947982    
   507.4286       88.96335       2.862979    
  -33.77417       75.60016       2.391983    
  -15.70986       75.60016       2.427882    
  -8.185690       75.60016       2.458164    
  -2.500000       75.60016       2.493533    
   2.481762       75.70561       2.536789    
   7.434425       75.94414       2.588065    
   12.38829       76.17914       2.642782    
   17.37068       76.29989       2.693755    
   22.36992       76.32921       2.726135    
   27.36889       76.36263       2.756664    
   32.36626       76.41840       2.783241    
   37.36148       76.49427       2.801260    
   42.35468       76.58534       2.811510    
   47.34677       76.68364       2.816117    
   52.33939       76.77846       2.817475    
   57.33461       76.85366       2.815175    
   62.33282       76.89674       2.807542    
   67.33237       76.89812       2.794891    
   72.33087       76.85886       2.773027    
   77.32610       76.78461       2.744152    
   82.31709       76.68029       2.710294    
   87.30524       76.56001       2.670120    
   92.29430       76.44469       2.626833    
   97.28818       76.36131       2.575809    
   102.2866       76.32438       2.538429    
   107.2863       76.30660       2.497112    
   112.2728       76.20528       2.469532    
   117.2255       75.97144       2.455566    
   122.1606       75.69038       2.454871    
   127.1186       75.47135       2.454131    
   132.1048       75.34826       2.448339    
   137.1018       75.29574       2.446263    
   142.1004       75.31212       2.466248    
   147.0855       75.43081       2.519914    
   152.0289       75.68358       2.599703    
   156.9416       76.00915       2.750170    
   161.8866       76.25325       2.918796    
   166.8759       76.34630       3.187574    
   171.8755       76.34855       3.342070    
   176.8751       76.32778       3.444830    
   181.8749       76.31749       3.541076    
   186.8749       76.31712       3.621128    
   191.8749       76.31725       3.685691    
   196.8749       76.31725       3.729383    
   201.8749       76.31725       3.751989    
   206.8749       76.31718       3.762508    
   211.8749       76.31807       3.762743    
   216.8748       76.32654       3.754104    
   221.8745       76.34814       3.743136    
   226.8739       76.37340       3.728858    
   231.8736       76.37450       3.711882    
   236.8703       76.32071       3.692876    
   241.8605       76.21349       3.672453    
   246.8531       76.12872       3.654099    
   251.8497       76.14841       3.637948    
   256.8403       76.25331       3.625266    
   261.8292       76.36942       3.617623    
   266.8226       76.45739       3.612914    
   271.8200       76.51070       3.610048    
   276.8195       76.52757       3.607043    
   281.8193       76.51711       3.602371    
   286.8188       76.49277       3.594924    
   291.8181       76.46204       3.585001    
   296.8170       76.42630       3.569108    
   301.8156       76.38405       3.545131    
   306.8141       76.34336       3.512533    
   311.8136       76.32875       3.471117    
   316.8123       76.30320       3.421894    
   321.7794       76.13609       3.368873    
   326.7076       75.84116       3.310106    
   331.6619       75.74139       3.195774    
   336.6017       75.98050       3.124360    
   341.4941       76.34151       3.064531    
   346.3997       76.67910       3.016328    
   351.3318       76.96486       2.988170    
   356.3008       77.14410       2.974011    
   361.2956       77.21733       2.966201    
   366.2939       77.26270       2.962464    
   371.2916       77.31591       2.965483    
   376.2886       77.37634       2.977685    
   381.2849       77.44391       3.002930    
   386.2799       77.52139       3.040859    
   391.2732       77.61202       3.093208    
   396.2645       77.71479       3.153583    
   401.2549       77.82304       3.206789    
   406.2462       77.92590       3.258312    
   411.2407       78.00681       3.297430    
   416.2387       78.05150       3.325189    
   421.2385       78.06484       3.339541    
   426.2385       78.06626       3.343308    
   431.2385       78.07211       3.342254    
   436.2343       78.12765       3.333668    
   441.2233       78.24273       3.322453    
   446.2118       78.36082       3.307603    
   451.2035       78.46117       3.284915    
   456.1937       78.56985       3.257057    
   461.1783       78.70601       3.223284    
   466.1624       78.84543       3.188397    
   471.1551       78.92822       3.153054    
   476.1545       78.94754       3.116239    
   481.8401       78.94843       3.074141    
   489.3643       78.94843       3.018777    
   507.4286       78.94843       2.882162    
  -33.77417       56.32260       2.430995    
  -15.70986       56.32260       2.461867    
  -8.185690       56.32260       2.487925    
  -2.500000       56.32260       2.518501    
   2.481762       56.36747       2.556214    
   7.434425       56.46896       2.599676    
   12.38829       56.56895       2.646888    
   17.37068       56.62033       2.690447    
   22.36992       56.63280       2.716400    
   27.36889       56.64702       2.739403    
   32.36626       56.67075       2.754822    
   37.36148       56.70303       2.763157    
   42.35468       56.74178       2.767557    
   47.34677       56.78361       2.769118    
   52.33939       56.82395       2.768556    
   57.33461       56.85595       2.765747    
   62.33282       56.87428       2.760514    
   67.33237       56.87487       2.750062    
   72.33087       56.85816       2.734747    
   77.32610       56.82657       2.714845    
   82.31709       56.78218       2.689314    
   87.30524       56.73100       2.659538    
   92.29430       56.68194       2.627363    
   97.28818       56.64646       2.588030    
   102.2866       56.63075       2.561826    
   107.2863       56.62318       2.548902    
   112.2728       56.58007       2.546663    
   117.2255       56.48058       2.548188    
   122.1606       56.36099       2.548347    
   127.1186       56.26780       2.545754    
   132.1048       56.21542       2.539397    
   137.1018       56.19307       2.534452    
   142.1004       56.20005       2.545698    
   147.0855       56.25055       2.586313    
   152.0289       56.35809       2.653597    
   156.9416       56.49662       2.785115    
   161.8866       56.60048       2.940904    
   166.8759       56.64007       3.194998    
   171.8755       56.64103       3.337955    
   176.8751       56.63219       3.432436    
   181.8749       56.62782       3.522727    
   186.8749       56.62766       3.599302    
   191.8749       56.62771       3.661972    
   196.8749       56.62772       3.709102    
   201.8749       56.62771       3.738987    
   206.8749       56.62769       3.758091    
   211.8749       56.62806       3.766594    
   216.8748       56.63167       3.765623    
   221.8745       56.64086       3.766347    
   226.8739       56.65160       3.763556    
   231.8736       56.65207       3.754833    
   236.8703       56.62919       3.741313    
   241.8605       56.58356       3.724847    
   246.8531       56.54750       3.706844    
   251.8497       56.55588       3.689452    
   256.8403       56.60051       3.673566    
   261.8292       56.64991       3.659877    
   266.8226       56.68734       3.648164    
   271.8200       56.71003       3.637317    
   276.8195       56.71720       3.626047    
   281.8193       56.71275       3.613859    
   286.8188       56.70240       3.599539    
   291.8181       56.68932       3.583200    
   296.8170       56.67411       3.561773    
   301.8156       56.65614       3.534276    
   306.8141       56.63882       3.500536    
   311.8136       56.63261       3.459961    
   316.8123       56.62173       3.413620    
   321.7794       56.55063       3.366297    
   326.7076       56.42514       3.314228    
   331.6619       56.38269       3.209363    
   336.6017       56.48443       3.144670    
   341.4941       56.63803       3.094667    
   346.3997       56.78168       3.059373    
   351.3318       56.90327       3.040029    
   356.3008       56.97953       3.030737    
   361.2956       57.01069       3.026607    
   366.2939       57.02999       3.024170    
   371.2916       57.05263       3.023281    
   376.2886       57.07835       3.027235    
   381.2849       57.10709       3.038729    
   386.2799       57.14006       3.063363    
   391.2732       57.17862       3.103184    
   396.2645       57.22235       3.152746    
   401.2549       57.26841       3.196073    
   406.2462       57.31217       3.238581    
   411.2407       57.34660       3.271573    
   416.2387       57.36561       3.295955    
   421.2385       57.37129       3.309725    
   426.2385       57.37189       3.317387    
   431.2385       57.37438       3.320613    
   436.2343       57.39801       3.321869    
   441.2233       57.44698       3.320743    
   446.2118       57.49723       3.314765    
   451.2035       57.53992       3.301598    
   456.1937       57.58617       3.283163    
   461.1783       57.64410       3.260666    
   466.1624       57.70342       3.236964    
   471.1551       57.73865       3.214591    
   476.1545       57.74687       3.196711    
   481.8401       57.74725       3.183247    
   489.3643       57.74725       3.175276    
   507.4286       57.74725       3.046264    
