        1545
  -33.77417       136.6885       1.896795    
  -15.70986       136.6885       1.711823    
  -8.185690       136.6885       1.631127    
  -2.500000       136.6885       1.692472    
   2.481762       136.9860       1.866324    
   7.434425       137.6588       1.707466    
   12.38829       138.3216       1.708581    
   17.37068       138.6622       1.372209    
   22.36992       138.7449       1.710513    
   27.36889       138.8391       1.571658    
   32.36626       138.9964       1.584734    
   37.36148       139.2104       1.626417    
   42.35468       139.4673       1.744804    
   47.34677       139.7446       1.831865    
   52.33939       140.0120       1.806436    
   57.33461       140.2241       1.721968    
   62.33282       140.3456       1.591996    
   67.33237       140.3495       1.750854    
   72.33087       140.2388       1.597772    
   77.32610       140.0294       1.679469    
   82.31709       139.7351       1.594774    
   87.30524       139.3958       1.581357    
   92.29430       139.0706       1.486693    
   97.28818       138.8354       1.389693    
   102.2866       138.7312       1.634315    
   107.2863       138.6811       1.680348    
   112.2728       138.3953       1.669907    
   117.2255       137.7357       1.623031    
   122.1606       136.9430       1.641638    
   127.1186       136.3252       1.649520    
   132.1048       135.9780       1.643576    
   137.1018       135.8299       1.581542    
   142.1004       135.8761       1.486556    
   147.0855       136.2108       1.565974    
   152.0289       136.9238       1.718132    
   156.9416       137.8421       1.674093    
   161.8866       138.5306       1.767223    
   166.8759       138.7930       1.688700    
   171.8755       138.7994       1.579135    
   176.8751       138.7408       1.476538    
   181.8749       138.7118       1.318079    
   186.8749       138.7108       1.325872    
   191.8749       138.7111       1.348780    
   196.8749       138.7112       1.445159    
   201.8749       138.7111       1.618430    
   206.8749       138.7109       1.577362    
   211.8749       138.7134       1.584728    
   216.8748       138.7373       1.547867    
   221.8745       138.7983       1.394221    
   226.8739       138.8695       1.655238    
   231.8736       138.8726       1.426328    
   236.8703       138.7209       1.455322    
   241.8605       138.4185       1.338167    
   246.8531       138.1794       1.181072    
   251.8497       138.2349       1.257146    
   256.8403       138.5308       1.555000    
   261.8292       138.8582       1.646302    
   266.8226       139.1064       1.591875    
   271.8200       139.2568       1.740442    
   276.8195       139.3043       1.707985    
   281.8193       139.2749       1.773638    
   286.8188       139.2062       1.557915    
   291.8181       139.1195       1.480826    
   296.8170       139.0187       1.479495    
   301.8156       138.8996       1.517505    
   306.8141       138.7848       1.627118    
   311.8136       138.7435       1.489417    
   316.8123       138.6715       1.446040    
   321.7794       138.2001       1.432925    
   326.7076       137.3683       1.375975    
   331.6619       137.0869       1.396225    
   336.6017       137.7613       1.200038    
   341.4941       138.7795      0.9727018    
   346.3997       139.7317       1.569733    
   351.3318       140.5377       1.332816    
   356.3008       141.0433       1.621652    
   361.2956       141.2499       1.542604    
   366.2939       141.3779       1.203889    
   371.2916       141.5279       1.115562    
   376.2886       141.6984       1.038377    
   381.2849       141.8889       1.087300    
   386.2799       142.1075      0.9835462    
   391.2732       142.3631       1.100009    
   396.2645       142.6530       1.125401    
   401.2549       142.9583      0.8629813    
   406.2462       143.2484      0.7081218    
   411.2407       143.4767      0.7151415    
   416.2387       143.6027      0.7785761    
   421.2385       143.6403      0.6889965    
   426.2385       143.6443      0.7637516    
   431.2385       143.6608      0.7383094    
   436.2343       143.8174      0.9899189    
   441.2233       144.1421      0.9475607    
   446.2118       144.4751      0.8016733    
   451.2035       144.7582      0.7385656    
   456.1937       145.0647      0.9513096    
   461.1783       145.4488       1.364482    
   466.1624       145.8420       1.275515    
   471.1551       146.0755       1.268347    
   476.1545       146.1300       1.431422    
   481.8401       146.1326       1.900396    
   489.3643       146.1326       2.098746    
   507.4286       146.1326       2.249583    
  -33.77417       134.0858       1.902002    
  -15.70986       134.0858       1.720422    
  -8.185690       134.0858       1.627115    
  -2.500000       134.0858       1.556588    
   2.481762       134.3752       1.451261    
   7.434425       135.0294       1.378359    
   12.38829       135.6740       1.290102    
   17.37068       136.0052       1.341055    
   22.36992       136.0857       1.329252    
   27.36889       136.1774       1.159253    
   32.36626       136.3303       1.206967    
   37.36148       136.5384       1.245037    
   42.35468       136.7882       1.393647    
   47.34677       137.0579       1.495519    
   52.33939       137.3180       1.463706    
   57.33461       137.5242       1.387410    
   62.33282       137.6424       1.281027    
   67.33237       137.6462       1.317558    
   72.33087       137.5385       1.116732    
   77.32610       137.3349       1.229241    
   82.31709       137.0487       1.221771    
   87.30524       136.7188       1.378512    
   92.29430       136.4025       1.323078    
   97.28818       136.1738       1.150898    
   102.2866       136.0724       1.183117    
   107.2863       136.0237       1.163248    
   112.2728       135.7457       1.150122    
   117.2255       135.1043       1.184095    
   122.1606       134.3334       1.364066    
   127.1186       133.7326       1.488684    
   132.1048       133.3949       1.606289    
   137.1018       133.2509       1.560081    
   142.1004       133.2958       1.451191    
   147.0855       133.6214       1.369917    
   152.0289       134.3147       1.394245    
   156.9416       135.2077       1.260850    
   161.8866       135.8773       1.310078    
   166.8759       136.1325       1.192610    
   171.8755       136.1387       1.051824    
   176.8751       136.0817      0.9463586    
   181.8749       136.0535       1.165936    
   186.8749       136.0525      0.9689287    
   191.8749       136.0529       1.079423    
   196.8749       136.0529      0.9504445    
   201.8749       136.0529       1.125942    
   206.8749       136.0527       1.198307    
   211.8749       136.0551       1.246392    
   216.8748       136.0783       1.209349    
   221.8745       136.1376       1.040804    
   226.8739       136.2069       1.114174    
   231.8736       136.2099      0.7482942    
   236.8703       136.0623      0.9509511    
   241.8605       135.7682      0.8687040    
   246.8531       135.5358      0.9887297    
   251.8497       135.5898       1.092546    
   256.8403       135.8775       1.077569    
   261.8292       136.1960       1.067809    
   266.8226       136.4373       1.099526    
   271.8200       136.5835       1.315457    
   276.8195       136.6297       1.441722    
   281.8193       136.6011       1.278943    
   286.8188       136.5343       1.137814    
   291.8181       136.4500       1.170259    
   296.8170       136.3520       1.042669    
   301.8156       136.2361      0.8327568    
   306.8141       136.1245      0.9008349    
   311.8136       136.0844      0.8840095    
   316.8123       136.0143       1.145120    
   321.7794       135.5559       1.352062    
   326.7076       134.7469       1.242309    
   331.6619       134.4733       1.139048    
   336.6017       135.1292       1.346742    
   341.4941       136.1194       1.315974    
   346.3997       137.0454       1.443124    
   351.3318       137.8293       1.103061    
   356.3008       138.3209       1.314842    
   361.2956       138.5218       1.070398    
   366.2939       138.6463       1.040306    
   371.2916       138.7922      0.9065077    
   376.2886       138.9579       1.473510    
   381.2849       139.1433       1.265073    
   386.2799       139.3558       1.310820    
   391.2732       139.6044       1.224597    
   396.2645       139.8863       1.180946    
   401.2549       140.1832       1.378354    
   406.2462       140.4654       1.322629    
   411.2407       140.6873       1.232704    
   416.2387       140.8099       1.238983    
   421.2385       140.8465       1.191005    
   426.2385       140.8504       1.180147    
   431.2385       140.8664       1.280024    
   436.2343       141.0188       1.353271    
   441.2233       141.3345       1.296305    
   446.2118       141.6584       1.102848    
   451.2035       141.9337       1.024647    
   456.1937       142.2318       1.063728    
   461.1783       142.6053       1.306360    
   466.1624       142.9877       1.536135    
   471.1551       143.2148       1.676706    
   476.1545       143.2677       1.742011    
   481.8401       143.2702       1.954936    
   489.3643       143.2702       2.113672    
   507.4286       143.2702       2.254811    
  -33.77417       131.3152       1.912501    
  -15.70986       131.3152       1.740539    
  -8.185690       131.3152       1.645225    
  -2.500000       131.3152       1.544570    
   2.481762       131.5958       1.411064    
   7.434425       132.2304       1.348335    
   12.38829       132.8556       1.301498    
   17.37068       133.1768       1.376311    
   22.36992       133.2549       1.334643    
   27.36889       133.3438       1.233749    
   32.36626       133.4921       1.268750    
   37.36148       133.6940       1.289650    
   42.35468       133.9363       1.317830    
   47.34677       134.1978       1.362275    
   52.33939       134.4500       1.434161    
   57.33461       134.6501       1.438951    
   62.33282       134.7647       1.345949    
   67.33237       134.7684       1.321831    
   72.33087       134.6640       1.339989    
   77.32610       134.4664       1.436469    
   82.31709       134.1889       1.500726    
   87.30524       133.8689       1.569901    
   92.29430       133.5621       1.526994    
   97.28818       133.3403       1.365136    
   102.2866       133.2420       1.288550    
   107.2863       133.1947       1.257442    
   112.2728       132.9252       1.256527    
   117.2255       132.3031       1.246100    
   122.1606       131.5553       1.348371    
   127.1186       130.9726       1.469767    
   132.1048       130.6451       1.577825    
   137.1018       130.5054       1.544265    
   142.1004       130.5490       1.441708    
   147.0855       130.8647       1.352880    
   152.0289       131.5372       1.351693    
   156.9416       132.4034       1.270798    
   161.8866       133.0527       1.319625    
   166.8759       133.3003       1.285887    
   171.8755       133.3063       1.264006    
   176.8751       133.2510       1.211700    
   181.8749       133.2236       1.333567    
   186.8749       133.2227      0.9723189    
   191.8749       133.2231       1.238483    
   196.8749       133.2231       1.153850    
   201.8749       133.2231       1.115869    
   206.8749       133.2229      0.8847299    
   211.8749       133.2252       1.302279    
   216.8748       133.2477       1.151630    
   221.8745       133.3052       1.142209    
   226.8739       133.3724       1.206415    
   231.8736       133.3753       1.065389    
   236.8703       133.2322       1.159192    
   241.8605       132.9470       1.204112    
   246.8531       132.7215       1.277662    
   251.8497       132.7738       1.314010    
   256.8403       133.0529       1.276393    
   261.8292       133.3618       1.255432    
   266.8226       133.5959       1.216288    
   271.8200       133.7377       1.230224    
   276.8195       133.7825       1.240810    
   281.8193       133.7548       1.128718    
   286.8188       133.6900       1.076347    
   291.8181       133.6082       1.127303    
   296.8170       133.5132       1.187592    
   301.8156       133.4008       1.296260    
   306.8141       133.2925       1.289687    
   311.8136       133.2536       1.337997    
   316.8123       133.1856       1.348029    
   321.7794       132.7410       1.388321    
   326.7076       131.9564       1.339265    
   331.6619       131.6910       1.311319    
   336.6017       132.3271       1.519494    
   341.4941       133.2876       1.557837    
   346.3997       134.1857       1.505886    
   351.3318       134.9460       1.249697    
   356.3008       135.4228       1.391732    
   361.2956       135.6176       1.300738    
   366.2939       135.7384       1.367581    
   371.2916       135.8799       1.371657    
   376.2886       136.0407       1.795537    
   381.2849       136.2204       1.558362    
   386.2799       136.4265       1.560976    
   391.2732       136.6677       1.380272    
   396.2645       136.9411       1.420583    
   401.2549       137.2291       1.763717    
   406.2462       137.5027       1.826341    
   411.2407       137.7180       1.761525    
   416.2387       137.8369       1.731020    
   421.2385       137.8724       1.697719    
   426.2385       137.8761       1.691513    
   431.2385       137.8917       1.727257    
   436.2343       138.0394       1.720717    
   441.2233       138.3456       1.625513    
   446.2118       138.6598       1.443767    
   451.2035       138.9268       1.272985    
   456.1937       139.2159       1.147881    
   461.1783       139.5782       1.265784    
   466.1624       139.9491       1.540201    
   471.1551       140.1694       1.762879    
   476.1545       140.2207       1.875208    
   481.8401       140.2231       2.017909    
   489.3643       140.2231       2.141340    
   507.4286       140.2231       2.265867    
  -33.77417       128.3538       1.926323    
  -15.70986       128.3538       1.774146    
  -8.185690       128.3538       1.694121    
  -2.500000       128.3538       1.612852    
   2.481762       128.6251       1.531523    
   7.434425       129.2386       1.501097    
   12.38829       129.8431       1.498567    
   17.37068       130.1537       1.552059    
   22.36992       130.2291       1.537441    
   27.36889       130.3151       1.491183    
   32.36626       130.4585       1.498023    
   37.36148       130.6536       1.479010    
   42.35468       130.8879       1.436243    
   47.34677       131.1408       1.427156    
   52.33939       131.3846       1.488375    
   57.33461       131.5780       1.529944    
   62.33282       131.6889       1.509535    
   67.33237       131.6924       1.532160    
   72.33087       131.5914       1.622495    
   77.32610       131.4005       1.728662    
   82.31709       131.1322       1.802537    
   87.30524       130.8228       1.836501    
   92.29430       130.5262       1.801822    
   97.28818       130.3116       1.688345    
   102.2866       130.2167       1.598366    
   107.2863       130.1709       1.543694    
   112.2728       129.9104       1.509127    
   117.2255       129.3089       1.470436    
   122.1606       128.5859       1.498502    
   127.1186       128.0226       1.554535    
   132.1048       127.7059       1.600049    
   137.1018       127.5708       1.561117    
   142.1004       127.6130       1.482157    
   147.0855       127.9183       1.431467    
   152.0289       128.5684       1.450179    
   156.9416       129.4059       1.456875    
   161.8866       130.0337       1.516076    
   166.8759       130.2731       1.569375    
   171.8755       130.2789       1.626769    
   176.8751       130.2254       1.637586    
   181.8749       130.1989       1.666432    
   186.8749       130.1980       1.420863    
   191.8749       130.1983       1.589050    
   196.8749       130.1983       1.540459    
   201.8749       130.1983       1.349226    
   206.8749       130.1982       1.014953    
   211.8749       130.2005       1.404263    
   216.8748       130.2222       1.292700    
   221.8745       130.2778       1.347676    
   226.8739       130.3428       1.438480    
   231.8736       130.3456       1.437200    
   236.8703       130.2072       1.497573    
   241.8605       129.9314       1.558157    
   246.8531       129.7134       1.600663    
   251.8497       129.7641       1.606208    
   256.8403       130.0339       1.579559    
   261.8292       130.3325       1.542931    
   266.8226       130.5588       1.450060    
   271.8200       130.6960       1.334417    
   276.8195       130.7393       1.271426    
   281.8193       130.7124       1.262730    
   286.8188       130.6498       1.316097    
   291.8181       130.5708       1.425874    
   296.8170       130.4788       1.566396    
   301.8156       130.3701       1.715422    
   306.8141       130.2655       1.755050    
   311.8136       130.2279       1.755139    
   316.8123       130.1622       1.682203    
   321.7794       129.7323       1.645637    
   326.7076       128.9738       1.637934    
   331.6619       128.7171       1.665000    
   336.6017       129.3322       1.782676    
   341.4941       130.2607       1.793929    
   346.3997       131.1291       1.688195    
   351.3318       131.8641       1.533337    
   356.3008       132.3251       1.610680    
   361.2956       132.5135       1.616349    
   366.2939       132.6302       1.699849    
   371.2916       132.7671       1.778155    
   376.2886       132.9225       2.038896    
   381.2849       133.0963       1.881722    
   386.2799       133.2955       1.831461    
   391.2732       133.5287       1.698372    
   396.2645       133.7930       1.793986    
   401.2549       134.0715       2.108246    
   406.2462       134.3360       2.236822    
   411.2407       134.5442       2.226563    
   416.2387       134.6591       2.196786    
   421.2385       134.6935       2.162696    
   426.2385       134.6971       2.137399    
   431.2385       134.7121       2.115023    
   436.2343       134.8550       2.054495    
   441.2233       135.1510       1.932657    
   446.2118       135.4547       1.753668    
   451.2035       135.7129       1.556556    
   456.1937       135.9924       1.399550    
   461.1783       136.3427       1.435804    
   466.1624       136.7012       1.632505    
   471.1551       136.9142       1.838150    
   476.1545       136.9639       1.968101    
   481.8401       136.9662       2.083576    
   489.3643       136.9662       2.179966    
   507.4286       136.9662       2.283655    
  -33.77417       125.1739       1.945306    
  -15.70986       125.1739       1.820920    
  -8.185690       125.1739       1.766578    
  -2.500000       125.1739       1.722685    
   2.481762       125.4352       1.696247    
   7.434425       126.0261       1.708302    
   12.38829       126.6083       1.745741    
   17.37068       126.9075       1.803292    
   22.36992       126.9801       1.818757    
   27.36889       127.0629       1.806580    
   32.36626       127.2010       1.796171    
   37.36148       127.3890       1.755915    
   42.35468       127.6146       1.693351    
   47.34677       127.8582       1.651875    
   52.33939       128.0931       1.663812    
   57.33461       128.2793       1.694844    
   62.33282       128.3861       1.719814    
   67.33237       128.3895       1.778859    
   72.33087       128.2923       1.879778    
   77.32610       128.1083       1.982774    
   82.31709       127.8499       2.056186    
   87.30524       127.5519       2.085876    
   92.29430       127.2662       2.062232    
   97.28818       127.0596       1.987106    
   102.2866       126.9681       1.907389    
   107.2863       126.9241       1.840071    
   112.2728       126.6731       1.779637    
   117.2255       126.0938       1.718012    
   122.1606       125.3975       1.690675    
   127.1186       124.8549       1.682497    
   132.1048       124.5499       1.668608    
   137.1018       124.4198       1.619784    
   142.1004       124.4603       1.567974    
   147.0855       124.7544       1.559857    
   152.0289       125.3806       1.614211    
   156.9416       126.1872       1.688776    
   161.8866       126.7919       1.797301    
   166.8759       127.0225       1.907482    
   171.8755       127.0280       2.006559    
   176.8751       126.9765       2.054884    
   181.8749       126.9510       2.061255    
   186.8749       126.9501       1.939064    
   191.8749       126.9505       1.997533    
   196.8749       126.9505       1.941637    
   201.8749       126.9505       1.724584    
   206.8749       126.9503       1.464632    
   211.8749       126.9525       1.628912    
   216.8748       126.9735       1.584943    
   221.8745       127.0270       1.636637    
   226.8739       127.0896       1.721152    
   231.8736       127.0923       1.761031    
   236.8703       126.9591       1.813236    
   241.8605       126.6934       1.863908    
   246.8531       126.4834       1.894752    
   251.8497       126.5322       1.898173    
   256.8403       126.7921       1.877151    
   261.8292       127.0797       1.830314    
   266.8226       127.2977       1.731993    
   271.8200       127.4297       1.616442    
   276.8195       127.4715       1.559995    
   281.8193       127.4456       1.594411    
   286.8188       127.3853       1.700322    
   291.8181       127.3092       1.833158    
   296.8170       127.2206       1.976643    
   301.8156       127.1160       2.104720    
   306.8141       127.0152       2.153358    
   311.8136       126.9790       2.137435    
   316.8123       126.9157       2.062846    
   321.7794       126.5017       2.008866    
   326.7076       125.7710       1.997770    
   331.6619       125.5238       2.014878    
   336.6017       126.1162       2.055567    
   341.4941       127.0106       2.025877    
   346.3997       127.8469       1.909721    
   351.3318       128.5549       1.801570    
   356.3008       128.9989       1.827088    
   361.2956       129.1804       1.860996    
   366.2939       129.2928       1.940203    
   371.2916       129.4245       2.040020    
   376.2886       129.5742       2.200401    
   381.2849       129.7417       2.136614    
   386.2799       129.9336       2.091520    
   391.2732       130.1582       2.045426    
   396.2645       130.4128       2.162295    
   401.2549       130.6809       2.411357    
   406.2462       130.9357       2.562411    
   411.2407       131.1362       2.596704    
   416.2387       131.2469       2.581196    
   421.2385       131.2800       2.545084    
   426.2385       131.2835       2.500275    
   431.2385       131.2979       2.441408    
   436.2343       131.4355       2.348610    
   441.2233       131.7207       2.212240    
   446.2118       132.0132       2.038903    
   451.2035       132.2618       1.854603    
   456.1937       132.5311       1.713952    
   461.1783       132.8684       1.704138    
   466.1624       133.2138       1.813110    
   471.1551       133.4189       1.957214    
   476.1545       133.4668       2.066844    
   481.8401       133.4690       2.157432    
   489.3643       133.4690       2.229614    
   507.4286       133.4690       2.307621    
  -33.77417       121.7413       1.971791    
  -15.70986       121.7413       1.879572    
  -8.185690       121.7413       1.853149    
  -2.500000       121.7413       1.846854    
   2.481762       121.9919       1.861917    
   7.434425       122.5584       1.908364    
   12.38829       123.1165       1.977455    
   17.37068       123.4034       2.052088    
   22.36992       123.4730       2.095150    
   27.36889       123.5524       2.106360    
   32.36626       123.6848       2.094242    
   37.36148       123.8650       2.050779    
   42.35468       124.0813       1.987414    
   47.34677       124.3148       1.934387    
   52.33939       124.5400       1.916447    
   57.33461       124.7186       1.928441    
   62.33282       124.8209       1.961503    
   67.33237       124.8242       2.025140    
   72.33087       124.7309       2.114390    
   77.32610       124.5546       2.204033    
   82.31709       124.3068       2.270772    
   87.30524       124.0211       2.300084    
   92.29430       123.7473       2.286058    
   97.28818       123.5492       2.233507    
   102.2866       123.4615       2.164753    
   107.2863       123.4193       2.091396    
   112.2728       123.1786       2.013052    
   117.2255       122.6232       1.931947    
   122.1606       121.9557       1.865476    
   127.1186       121.4355       1.810869    
   132.1048       121.1431       1.759273    
   137.1018       121.0183       1.707460    
   142.1004       121.0573       1.681365    
   147.0855       121.3392       1.710103    
   152.0289       121.9395       1.799664    
   156.9416       122.7128       1.925785    
   161.8866       123.2925       2.076961    
   166.8759       123.5135       2.226850    
   171.8755       123.5189       2.354656    
   176.8751       123.4696       2.428419    
   181.8749       123.4451       2.445298    
   186.8749       123.4443       2.394362    
   191.8749       123.4446       2.394087    
   196.8749       123.4446       2.319972    
   201.8749       123.4446       2.135849    
   206.8749       123.4444       1.952239    
   211.8749       123.4465       1.964878    
   216.8748       123.4666       1.941207    
   221.8745       123.5179       1.966811    
   226.8739       123.5779       2.021369    
   231.8736       123.5806       2.061367    
   236.8703       123.4528       2.100194    
   241.8605       123.1981       2.135530    
   246.8531       122.9968       2.157310    
   251.8497       123.0435       2.160190    
   256.8403       123.2927       2.143439    
   261.8292       123.5684       2.103219    
   266.8226       123.7774       2.032985    
   271.8200       123.9041       1.961874    
   276.8195       123.9441       1.940955    
   281.8193       123.9193       1.991887    
   286.8188       123.8614       2.098077    
   291.8181       123.7885       2.226129    
   296.8170       123.7036       2.353626    
   301.8156       123.6032       2.456598    
   306.8141       123.5066       2.499942    
   311.8136       123.4719       2.482868    
   316.8123       123.4112       2.420650    
   321.7794       123.0143       2.362792    
   326.7076       122.3138       2.331522    
   331.6619       122.0768       2.317553    
   336.6017       122.6448       2.301284    
   341.4941       123.5022       2.237771    
   346.3997       124.3040       2.123513    
   351.3318       124.9827       2.028088    
   356.3008       125.4084       2.014058    
   361.2956       125.5824       2.037440    
   366.2939       125.6901       2.102703    
   371.2916       125.8165       2.197603    
   376.2886       125.9600       2.310179    
   381.2849       126.1205       2.316882    
   386.2799       126.3045       2.315915    
   391.2732       126.5198       2.340898    
   396.2645       126.7639       2.466975    
   401.2549       127.0210       2.666536    
   406.2462       127.2653       2.816523    
   411.2407       127.4575       2.878907    
   416.2387       127.5636       2.880698    
   421.2385       127.5953       2.847034    
   426.2385       127.5986       2.790728    
   431.2385       127.6125       2.711598    
   436.2343       127.7445       2.602897    
   441.2233       128.0178       2.463332    
   446.2118       128.2982       2.301486    
   451.2035       128.5366       2.139630    
   456.1937       128.7948       2.018662    
   461.1783       129.1181       1.982725    
   466.1624       129.4493       2.026301    
   471.1551       129.6459       2.107092    
   476.1545       129.6918       2.179726    
   481.8401       129.6939       2.241374    
   489.3643       129.6939       2.288593    
   507.4286       129.6939       2.339086    
  -33.77417       118.0135       2.005360    
  -15.70986       118.0135       1.947843    
  -8.185690       118.0135       1.946657    
  -2.500000       118.0135       1.968417    
   2.481762       118.2522       2.011000    
   7.434425       118.7923       2.080668    
   12.38829       119.3243       2.168959    
   17.37068       119.5977       2.257574    
   22.36992       119.6640       2.321056    
   27.36889       119.7397       2.351492    
   32.36626       119.8660       2.348621    
   37.36148       120.0378       2.313712    
   42.35468       120.2439       2.259821    
   47.34677       120.4665       2.208818    
   52.33939       120.6811       2.179490    
   57.33461       120.8514       2.177537    
   62.33282       120.9489       2.202092    
   67.33237       120.9520       2.253117    
   72.33087       120.8632       2.322181    
   77.32610       120.6951       2.391951    
   82.31709       120.4589       2.444915    
   87.30524       120.1866       2.468438    
   92.29430       119.9255       2.457223    
   97.28818       119.7367       2.414497    
   102.2866       119.6531       2.350763    
   107.2863       119.6129       2.272779    
   112.2728       119.3835       2.183130    
   117.2255       118.8540       2.087780    
   122.1606       118.2177       1.997997    
   127.1186       117.7218       1.917925    
   132.1048       117.4431       1.851022    
   137.1018       117.3242       1.806269    
   142.1004       117.3613       1.804797    
   147.0855       117.6301       1.863708    
   152.0289       118.2023       1.981789    
   156.9416       118.9394       2.140648    
   161.8866       119.4921       2.320884    
   166.8759       119.7027       2.497795    
   171.8755       119.7078       2.646018    
   176.8751       119.6608       2.741185    
   181.8749       119.6375       2.779203    
   186.8749       119.6367       2.766613    
   191.8749       119.6370       2.743580    
   196.8749       119.6370       2.663861    
   201.8749       119.6370       2.518201    
   206.8749       119.6368       2.378864    
   211.8749       119.6388       2.327461    
   216.8748       119.6580       2.294936    
   221.8745       119.7069       2.295325    
   226.8739       119.7641       2.317997    
   231.8736       119.7666       2.340685    
   236.8703       119.6448       2.362641    
   241.8605       119.4020       2.382164    
   246.8531       119.2101       2.394391    
   251.8497       119.2547       2.395806    
   256.8403       119.4922       2.384830    
   261.8292       119.7551       2.359959    
   266.8226       119.9542       2.323262    
   271.8200       120.0750       2.294837    
   276.8195       120.1131       2.303418    
   281.8193       120.0895       2.360980    
   286.8188       120.0343       2.456947    
   291.8181       119.9648       2.569090    
   296.8170       119.8839       2.676508    
   301.8156       119.7882       2.758264    
   306.8141       119.6961       2.793104    
   311.8136       119.6630       2.777370    
   316.8123       119.6051       2.724346    
   321.7794       119.2268       2.663277    
   326.7076       118.5591       2.611596    
   331.6619       118.3332       2.565261    
   336.6017       118.8746       2.507543    
   341.4941       119.6919       2.419146    
   346.3997       120.4562       2.305319    
   351.3318       121.1031       2.209620    
   356.3008       121.5089       2.166984    
   361.2956       121.6748       2.168996    
   366.2939       121.7775       2.214800    
   371.2916       121.8979       2.294879    
   376.2886       122.0348       2.387679    
   381.2849       122.1877       2.440923    
   386.2799       122.3631       2.489526    
   391.2732       122.5684       2.564589    
   396.2645       122.8010       2.697462    
   401.2549       123.0461       2.867075    
   406.2462       123.2790       3.007904    
   411.2407       123.4621       3.084898    
   416.2387       123.5633       3.102384    
   421.2385       123.5935       3.075809    
   426.2385       123.5967       3.016980    
   431.2385       123.6100       2.930408    
   436.2343       123.7357       2.817863    
   441.2233       123.9963       2.683377    
   446.2118       124.2636       2.536297    
   451.2035       124.4909       2.395296    
   456.1937       124.7369       2.287914    
   461.1783       125.0452       2.235718    
   466.1624       125.3608       2.235860    
   471.1551       125.5482       2.267219    
   476.1545       125.5920       2.301626    
   481.8401       125.5940       2.332936    
   489.3643       125.5940       2.356785    
   507.4286       125.5940       2.377688    
  -33.77417       113.9358       2.044293    
  -15.70986       113.9358       2.021234    
  -8.185690       113.9358       2.040307    
  -2.500000       113.9358       2.079875    
   2.481762       114.1617       2.137576    
   7.434425       114.6728       2.218777    
   12.38829       115.1762       2.314781    
   17.37068       115.4350       2.409166    
   22.36992       115.4978       2.483619    
   27.36889       115.5694       2.528410    
   32.36626       115.6889       2.539757    
   37.36148       115.8514       2.520460    
   42.35468       116.0465       2.482079    
   47.34677       116.2571       2.440778    
   52.33939       116.4603       2.411175    
   57.33461       116.6214       2.401597    
   62.33282       116.7137       2.414119    
   67.33237       116.7167       2.446965    
   72.33087       116.6326       2.492600    
   77.32610       116.4735       2.538751    
   82.31709       116.2499       2.572421    
   87.30524       115.9922       2.583450    
   92.29430       115.7452       2.567043    
   97.28818       115.5665       2.524435    
   102.2866       115.4874       2.460430    
   107.2863       115.4493       2.378881    
   112.2728       115.2323       2.283611    
   117.2255       114.7313       2.181967    
   122.1606       114.1291       2.083787    
   127.1186       113.6599       1.997384    
   132.1048       113.3961       1.933169    
   137.1018       113.2836       1.904249    
   142.1004       113.3186       1.926767    
   147.0855       113.5730       2.009524    
   152.0289       114.1145       2.147066    
   156.9416       114.8120       2.323350    
   161.8866       115.3350       2.518854    
   166.8759       115.5344       2.710410    
   171.8755       115.5392       2.873195    
   176.8751       115.4947       2.987472    
   181.8749       115.4726       3.048000    
   186.8749       115.4719       3.060016    
   191.8749       115.4722       3.035908    
   196.8749       115.4722       2.963533    
   201.8749       115.4722       2.849622    
   206.8749       115.4720       2.737239    
   211.8749       115.4739       2.664823    
   216.8748       115.4921       2.618905    
   221.8745       115.5383       2.598028    
   226.8739       115.5924       2.594595    
   231.8736       115.5948       2.597072    
   236.8703       115.4796       2.601877    
   241.8605       115.2498       2.607012    
   246.8531       115.0682       2.610195    
   251.8497       115.1104       2.609731    
   256.8403       115.3352       2.604780    
   261.8292       115.5839       2.595634    
   266.8226       115.7724       2.586136    
   271.8200       115.8866       2.588106    
   276.8195       115.9228       2.615979    
   281.8193       115.9004       2.675375    
   286.8188       115.8482       2.759395    
   291.8181       115.7824       2.853191    
   296.8170       115.7058       2.940001    
   301.8156       115.6153       3.003002    
   306.8141       115.5281       3.028187    
   311.8136       115.4968       3.012070    
   316.8123       115.4420       2.963270    
   321.7794       115.0840       2.898510    
   326.7076       114.4521       2.830057    
   331.6619       114.2384       2.757543    
   336.6017       114.7507       2.671813    
   341.4941       115.5241       2.567376    
   346.3997       116.2474       2.452332    
   351.3318       116.8596       2.353177    
   356.3008       117.2437       2.292038    
   361.2956       117.4006       2.273836    
   366.2939       117.4977       2.299919    
   371.2916       117.6117       2.363745    
   376.2886       117.7412       2.447838    
   381.2849       117.8860       2.528185    
   386.2799       118.0519       2.613997    
   391.2732       118.2462       2.720757    
   396.2645       118.4663       2.858362    
   401.2549       118.6983       3.010726    
   406.2462       118.9186       3.141589    
   411.2407       119.0920       3.224498    
   416.2387       119.1877       3.254346    
   421.2385       119.2163       3.237923    
   426.2385       119.2194       3.184268    
   431.2385       119.2319       3.100684    
   436.2343       119.3509       2.993305    
   441.2233       119.5975       2.869484    
   446.2118       119.8504       2.738538    
   451.2035       120.0655       2.614754    
   456.1937       120.2983       2.516033    
   461.1783       120.5900       2.453625    
   466.1624       120.8887       2.425481    
   471.1551       121.0661       2.421565    
   476.1545       121.1075       2.425416    
   481.8401       121.1095       2.429195    
   489.3643       121.1095       2.430888    
   507.4286       121.1095       2.423293    
  -33.77417       109.4377       2.087403    
  -15.70986       109.4377       2.095229    
  -8.185690       109.4377       2.128904    
  -2.500000       109.4377       2.178313    
   2.481762       109.6495       2.241625    
   7.434425       110.1285       2.323873    
   12.38829       110.6005       2.417667    
   17.37068       110.8431       2.509931    
   22.36992       110.9020       2.586807    
   27.36889       110.9691       2.639483    
   32.36626       111.0811       2.664071    
   37.36148       111.2335       2.662285    
   42.35468       111.4164       2.641822    
   47.34677       111.6138       2.613839    
   52.33939       111.8043       2.589580    
   57.33461       111.9553       2.576929    
   62.33282       112.0418       2.578671    
   67.33237       112.0446       2.593405    
   72.33087       111.9657       2.615660    
   77.32610       111.8166       2.637069    
   82.31709       111.6071       2.648639    
   87.30524       111.3655       2.642965    
   92.29430       111.1339       2.616031    
   97.28818       110.9664       2.567906    
   102.2866       110.8923       2.501033    
   107.2863       110.8566       2.418010    
   112.2728       110.6531       2.323056    
   117.2255       110.1834       2.223962    
   122.1606       109.6189       2.130506    
   127.1186       109.1790       2.053000    
   132.1048       108.9318       2.004090    
   137.1018       108.8263       1.996574    
   142.1004       108.8592       2.041576    
   147.0855       109.0976       2.142229    
   152.0289       109.6052       2.290746    
   156.9416       110.2591       2.472860    
   161.8866       110.7494       2.671739    
   166.8759       110.9363       2.867510    
   171.8755       110.9408       3.038539    
   176.8751       110.8991       3.168022    
   181.8749       110.8784       3.248761    
   186.8749       110.8776       3.281182    
   191.8749       110.8779       3.268980    
   196.8749       110.8779       3.213301    
   201.8749       110.8779       3.126123    
   206.8749       110.8778       3.034053    
   211.8749       110.8796       2.959057    
   216.8748       110.8966       2.903809    
   221.8745       110.9400       2.866982    
   226.8739       110.9907       2.844015    
   231.8736       110.9929       2.828956    
   236.8703       110.8849       2.818840    
   241.8605       110.6695       2.811992    
   246.8531       110.4993       2.807445    
   251.8497       110.5388       2.804889    
   256.8403       110.7495       2.804361    
   261.8292       110.9827       2.806683    
   266.8226       111.1594       2.814756    
   271.8200       111.2665       2.834578    
   276.8195       111.3003       2.872397    
   281.8193       111.2794       2.929763    
   286.8188       111.2305       3.001339    
   291.8181       111.1687       3.076687    
   296.8170       111.0969       3.143273    
   301.8156       111.0121       3.188579    
   306.8141       110.9304       3.203077    
   311.8136       110.9010       3.183870    
   316.8123       110.8497       3.135566    
   321.7794       110.5141       3.067324    
   326.7076       109.9218       2.987302    
   331.6619       109.7214       2.897568    
   336.6017       110.2016       2.795811    
   341.4941       110.9267       2.683498    
   346.3997       111.6047       2.568596    
   351.3318       112.1786       2.467967    
   356.3008       112.5386       2.397079    
   361.2956       112.6857       2.364614    
   366.2939       112.7768       2.374607    
   371.2916       112.8837       2.424124    
   376.2886       113.0050       2.501785    
   381.2849       113.1407       2.594214    
   386.2799       113.2963       2.700146    
   391.2732       113.4784       2.822504    
   396.2645       113.6848       2.960422    
   401.2549       113.9022       3.100847    
   406.2462       114.1088       3.222119    
   411.2407       114.2713       3.305897    
   416.2387       114.3611       3.344619    
   421.2385       114.3878       3.339713    
   426.2385       114.3907       3.297001    
   431.2385       114.4025       3.223966    
   436.2343       114.5140       3.128527    
   441.2233       114.7451       3.019508    
   446.2118       114.9823       2.905221    
   451.2035       115.1839       2.796038    
   456.1937       115.4022       2.704208    
   461.1783       115.6756       2.636405    
   466.1624       115.9556       2.590466    
   471.1551       116.1219       2.562085    
   476.1545       116.1607       2.544121    
   481.8401       116.1625       2.527464    
   489.3643       116.1625       2.508980    
   507.4286       116.1625       2.474748    
  -33.77417       104.4251       2.134235    
  -15.70986       104.4251       2.167122    
  -8.185690       104.4251       2.209559    
  -2.500000       104.4251       2.262475    
   2.481762       104.6212       2.324524    
   7.434425       105.0646       2.400325    
   12.38829       105.5015       2.484529    
   17.37068       105.7260       2.568108    
   22.36992       105.7805       2.640894    
   27.36889       105.8427       2.695276    
   32.36626       105.9463       2.728094    
   37.36148       106.0873       2.740359    
   42.35468       106.2567       2.736107    
   47.34677       106.4394       2.721728    
   52.33939       106.6157       2.704910    
   57.33461       106.7555       2.691821    
   62.33282       106.8356       2.685132    
   67.33237       106.8381       2.684244    
   72.33087       106.7651       2.685741    
   77.32610       106.6271       2.684438    
   82.31709       106.4332       2.674815    
   87.30524       106.2096       2.652162    
   92.29430       105.9952       2.613562    
   97.28818       105.8402       2.558738    
   102.2866       105.7715       2.489446    
   107.2863       105.7385       2.408250    
   112.2728       105.5501       2.319674    
   117.2255       105.1154       2.231343    
   122.1606       104.5929       2.152688    
   127.1186       104.1857       2.094104    
   132.1048       103.9569       2.067426    
   137.1018       103.8593       2.083023    
   142.1004       103.8897       2.147513    
   147.0855       104.1104       2.260303    
   152.0289       104.5803       2.412699    
   156.9416       105.1855       2.592240    
   161.8866       105.6393       2.785641    
   166.8759       105.8122       2.977287    
   171.8755       105.8165       3.149600    
   176.8751       105.7778       3.288228    
   181.8749       105.7587       3.384666    
   186.8749       105.7580       3.435749    
   191.8749       105.7582       3.442268    
   196.8749       105.7583       3.408873    
   201.8749       105.7583       3.346936    
   206.8749       105.7581       3.274026    
   211.8749       105.7598       3.205013    
   216.8748       105.7755       3.146493    
   221.8745       105.8157       3.099885    
   226.8739       105.8626       3.063806    
   231.8736       105.8647       3.035740    
   236.8703       105.7647       3.014108    
   241.8605       105.5654       2.997977    
   246.8531       105.4078       2.987158    
   251.8497       105.4444       2.982128    
   256.8403       105.6394       2.983348    
   261.8292       105.8553       2.991409    
   266.8226       106.0188       3.007767    
   271.8200       106.1179       3.034818    
   276.8195       106.1492       3.074356    
   281.8193       106.1298       3.125453    
   286.8188       106.0846       3.183346    
   291.8181       106.0275       3.240274    
   296.8170       105.9610       3.287217    
   301.8156       105.8824       3.315442    
   306.8141       105.8068       3.318519    
   311.8136       105.7796       3.294136    
   316.8123       105.7321       3.244341    
   321.7794       105.4215       3.174010    
   326.7076       104.8732       3.088534    
   331.6619       104.6877       2.991124    
   336.6017       105.1322       2.883813    
   341.4941       105.8034       2.771171    
   346.3997       106.4309       2.660128    
   351.3318       106.9622       2.562238    
   356.3008       107.2954       2.489019    
   361.2956       107.4315       2.449328    
   366.2939       107.5159       2.448509    
   371.2916       107.6148       2.486386    
   376.2886       107.7271       2.556336    
   381.2849       107.8528       2.649388    
   386.2799       107.9968       2.760045    
   391.2732       108.1653       2.884310    
   396.2645       108.3564       3.016390    
   401.2549       108.5576       3.145275    
   406.2462       108.7488       3.256696    
   411.2407       108.8992       3.338203    
   416.2387       108.9823       3.382725    
   421.2385       109.0071       3.389050    
   426.2385       109.0098       3.360227    
   431.2385       109.0207       3.302293    
   436.2343       109.1239       3.223207    
   441.2233       109.3378       3.131516    
   446.2118       109.5574       3.034497    
   451.2035       109.7439       2.939717    
   456.1937       109.9460       2.855079    
   461.1783       110.1991       2.785588    
   466.1624       110.4583       2.731076    
   471.1551       110.6122       2.688447    
   476.1545       110.6481       2.654801    
   481.8401       110.6497       2.623992    
   489.3643       110.6497       2.590516    
   507.4286       110.6497       2.531324    
  -33.77417       98.76926       2.183668    
  -15.70986       98.76926       2.234585    
  -8.185690       98.76926       2.280135    
  -2.500000       98.76926       2.331004    
   2.481762       98.94752       2.387169    
   7.434425       99.35075       2.452561    
   12.38829       99.74802       2.523413    
   17.37068       99.95215       2.594090    
   22.36992       100.0017       2.657944    
   27.36889       100.0582       2.709092    
   32.36626       100.1525       2.744382    
   37.36148       100.2807       2.764020    
   42.35468       100.4347       2.770308    
   47.34677       100.6009       2.766478    
   52.33939       100.7612       2.756493    
   57.33461       100.8883       2.744030    
   62.33282       100.9611       2.731284    
   67.33237       100.9634       2.718526    
   72.33087       100.8971       2.704117    
   77.32610       100.7716       2.685255    
   82.31709       100.5952       2.658968    
   87.30524       100.3919       2.622752    
   92.29430       100.1970       2.575091    
   97.28818       100.0560       2.516079    
   102.2866       99.99355       2.447490    
   107.2863       99.96349       2.372358    
   112.2728       99.79222       2.295627    
   117.2255       99.39693       2.224358    
   122.1606       98.92178       2.166772    
   127.1186       98.55151       2.131831    
   132.1048       98.34343       2.129129    
   137.1018       98.25465       2.166034    
   142.1004       98.28233       2.245551    
   147.0855       98.48299       2.364786    
   152.0289       98.91029       2.515155    
   156.9416       99.46066       2.686176    
   161.8866       99.87329       2.867990    
   166.8759       100.0306       3.049176    
   171.8755       100.0344       3.216127    
   176.8751       99.99930       3.356945    
   181.8749       99.98188       3.463160    
   186.8749       99.98126       3.529987    
   191.8749       99.98149       3.556724    
   196.8749       99.98150       3.547331    
   201.8749       99.98149       3.510321    
   206.8749       99.98139       3.457530    
   211.8749       99.98287       3.399812    
   216.8748       99.99718       3.344300    
   221.8745       100.0337       3.294613    
   226.8739       100.0764       3.251920    
   231.8736       100.0783       3.216049    
   236.8703       99.98734       3.186802    
   241.8605       99.80609       3.164126    
   246.8531       99.66279       3.148387    
   251.8497       99.69608       3.140337    
   256.8403       99.87341       3.140405    
   261.8292       100.0697       3.148703    
   266.8226       100.2184       3.165547    
   271.8200       100.3085       3.191340    
   276.8195       100.3370       3.225641    
   281.8193       100.3194       3.266244    
   286.8188       100.2782       3.308785    
   291.8181       100.2263       3.347328    
   296.8170       100.1659       3.375540    
   301.8156       100.0944       3.387633    
   306.8141       100.0256       3.379440    
   311.8136       100.0009       3.349205    
   316.8123       99.95772       3.297667    
   321.7794       99.67523       3.227566    
   326.7076       99.17667       3.142605    
   331.6619       99.00801       3.046064    
   336.6017       99.41222       2.941962    
   341.4941       100.0225       2.835755    
   346.3997       100.5932       2.733128    
   351.3318       101.0763       2.642551    
   356.3008       101.3793       2.572963    
   361.2956       101.5031       2.532197    
   366.2939       101.5798       2.525506    
   371.2916       101.6697       2.554005    
   376.2886       101.7719       2.614139    
   381.2849       101.8861       2.699470    
   386.2799       102.0170       2.803362    
   391.2732       102.1703       2.919096    
   396.2645       102.3440       3.039240    
   401.2549       102.5270       3.154595    
   406.2462       102.7009       3.255064    
   411.2407       102.8377       3.331846    
   416.2387       102.9132       3.379170    
   421.2385       102.9358       3.394930    
   426.2385       102.9382       3.380352    
   431.2385       102.9481       3.339427    
   436.2343       103.0419       3.278561    
   441.2233       103.2365       3.205341    
   446.2118       103.4361       3.126409    
   451.2035       103.6058       3.046999    
   456.1937       103.7895       2.971677    
   461.1783       104.0197       2.904718    
   466.1624       104.2553       2.847874    
   471.1551       104.3953       2.799535    
   476.1545       104.4279       2.757812    
   481.8401       104.4295       2.716866    
   489.3643       104.4295       2.672087    
   507.4286       104.4295       2.591044    
  -33.77417       92.28692       2.233699    
  -15.70986       92.28692       2.294539    
  -8.185690       92.28692       2.338561    
  -2.500000       92.28692       2.383607    
   2.481762       92.44483       2.431172    
   7.434425       92.80198       2.484796    
   12.38829       93.15384       2.541469    
   17.37068       93.33465       2.597684    
   22.36992       93.37855       2.649618    
   27.36889       93.42858       2.693553    
   32.36626       93.51208       2.726628    
   37.36148       93.62569       2.747644    
   42.35468       93.76205       2.757697    
   47.34677       93.90923       2.758967    
   52.33939       94.05121       2.753150    
   57.33461       94.16380       2.741454    
   62.33282       94.22831       2.725084    
   67.33237       94.23037       2.704831    
   72.33087       94.17159       2.680432    
   77.32610       94.06042       2.650764    
   82.31709       93.90422       2.614516    
   87.30524       93.72411       2.570746    
   92.29430       93.55146       2.519256    
   97.28818       93.42661       2.460921    
   102.2866       93.37131       2.397867    
   107.2863       93.34469       2.333499    
   112.2728       93.19299       2.272866    
   117.2255       92.84286       2.222208    
   122.1606       92.42202       2.188040    
   127.1186       92.09407       2.177040    
   132.1048       91.90976       2.195936    
   137.1018       91.83113       2.249293    
   142.1004       91.85565       2.337811    
   147.0855       92.03337       2.457675    
   152.0289       92.41184       2.601048    
   156.9416       92.89931       2.759350    
   161.8866       93.26480       2.925566    
   166.8759       93.40413       3.091799    
   171.8755       93.40750       3.247974    
   176.8751       93.37640       3.384689    
   181.8749       93.36098       3.494446    
   186.8749       93.36044       3.572271    
   191.8749       93.36063       3.616509    
   196.8749       93.36064       3.629231    
   201.8749       93.36063       3.615784    
   206.8749       93.36054       3.583858    
   211.8749       93.36186       3.541327    
   216.8748       93.37454       3.494723    
   221.8745       93.40688       3.448625    
   226.8739       93.44470       3.405707    
   231.8736       93.44635       3.367340    
   236.8703       93.36582       3.334468    
   241.8605       93.20527       3.307897    
   246.8531       93.07835       3.288489    
   251.8497       93.10783       3.277042    
   256.8403       93.26490       3.273707    
   261.8292       93.43874       3.278098    
   266.8226       93.57047       3.289771    
   271.8200       93.65030       3.308149    
   276.8195       93.67554       3.331964    
   281.8193       93.65989       3.358761    
   286.8188       93.62345       3.384811    
   291.8181       93.57744       3.405586    
   296.8170       93.52392       3.416647    
   301.8156       93.46066       3.414267    
   306.8141       93.39973       3.395895    
   311.8136       93.37785       3.360421    
   316.8123       93.33959       3.308205    
   321.7794       93.08938       3.241079    
   326.7076       92.64779       3.161706    
   331.6619       92.49840       3.072739    
   336.6017       92.85643       2.978478    
   341.4941       93.39696       2.884036    
   346.3997       93.90244       2.793923    
   351.3318       94.33030       2.714586    
   356.3008       94.59869       2.652952    
   361.2956       94.70834       2.615375    
   366.2939       94.77627       2.606211    
   371.2916       94.85593       2.626785    
   376.2886       94.94642       2.675289    
   381.2849       95.04758       2.747296    
   386.2799       95.16358       2.836869    
   391.2732       95.29931       2.937176    
   396.2645       95.45317       3.040913    
   401.2549       95.61526       3.140474    
   406.2462       95.76926       3.228441    
   411.2407       95.89043       3.298383    
   416.2387       95.95733       3.345740    
   421.2385       95.97731       3.368307    
   426.2385       95.97943       3.366096    
   431.2385       95.98818       3.341163    
   436.2343       96.07135       3.298166    
   441.2233       96.24365       3.243378    
   446.2118       96.42047       3.182054    
   451.2035       96.57073       3.118171    
   456.1937       96.73344       3.055341    
   461.1783       96.93733       2.996161    
   466.1624       97.14609       2.942101    
   471.1551       97.27006       2.893882    
   476.1545       97.29897       2.850383    
   481.8401       97.30029       2.804976    
   489.3643       97.30029       2.751985    
   507.4286       97.30029       2.649308    
  -33.77417       84.70639       2.281402    
  -15.70986       84.70639       2.344719    
  -8.185690       84.70639       2.384520    
  -2.500000       84.70639       2.422500    
   2.481762       84.84047       2.460917    
   7.434425       85.14374       2.502782    
   12.38829       85.44250       2.546164    
   17.37068       85.59602       2.588585    
   22.36992       85.63330       2.627812    
   27.36889       85.67580       2.661903    
   32.36626       85.74669       2.689058    
   37.36148       85.84315       2.707589    
   42.35468       85.95895       2.716988    
   47.34677       86.08392       2.718563    
   52.33939       86.20448       2.713762    
   57.33461       86.30008       2.702735    
   62.33282       86.35486       2.685272    
   67.33237       86.35661       2.661829    
   72.33087       86.30669       2.633091    
   77.32610       86.21230       2.599321    
   82.31709       86.07966       2.560354    
   87.30524       85.92673       2.516116    
   92.29430       85.78013       2.467182    
   97.28818       85.67411       2.415091    
   102.2866       85.62716       2.362426    
   107.2863       85.60456       2.312710    
   112.2728       85.47575       2.270453    
   117.2255       85.17844       2.240642    
   122.1606       84.82110       2.228077    
   127.1186       84.54264       2.237284    
   132.1048       84.38613       2.272309    
   137.1018       84.31937       2.335431    
   142.1004       84.34019       2.426257    
   147.0855       84.49109       2.541175    
   152.0289       84.81246       2.673529    
   156.9416       85.22638       2.816369    
   161.8866       85.53673       2.964725    
   166.8759       85.65503       3.113283    
   171.8755       85.65790       3.254884    
   176.8751       85.63148       3.382540    
   181.8749       85.61840       3.490208    
   186.8749       85.61794       3.573443    
   191.8749       85.61810       3.630070    
   196.8749       85.61810       3.660466    
   201.8749       85.61810       3.667405    
   206.8749       85.61802       3.655526    
   211.8749       85.61914       3.630246    
   216.8748       85.62991       3.596809    
   221.8745       85.65736       3.559587    
   226.8739       85.68948       3.521817    
   231.8736       85.69088       3.485790    
   236.8703       85.62250       3.453256    
   241.8605       85.48617       3.425620    
   246.8531       85.37840       3.404007    
   251.8497       85.40344       3.389138    
   256.8403       85.53680       3.380972    
   261.8292       85.68442       3.378910    
   266.8226       85.79627       3.382190    
   271.8200       85.86406       3.389893    
   276.8195       85.88549       3.400668    
   281.8193       85.87220       3.412447    
   286.8188       85.84126       3.422392    
   291.8181       85.80219       3.427229    
   296.8170       85.75674       3.423863    
   301.8156       85.70303       3.409849    
   306.8141       85.65130       3.383632    
   311.8136       85.63272       3.344657    
   316.8123       85.60023       3.293397    
   321.7794       85.38776       3.231403    
   326.7076       85.01280       3.160641    
   331.6619       84.88596       3.082937    
   336.6017       85.18996       3.002160    
   341.4941       85.64894       2.922623    
   346.3997       86.07815       2.847684    
   351.3318       86.44146       2.782055    
   356.3008       86.66934       2.730791    
   361.2956       86.76245       2.698607    
   366.2939       86.82014       2.688802    
   371.2916       86.88777       2.702516    
   376.2886       86.96461       2.738796    
   381.2849       87.05051       2.794752    
   386.2799       87.14902       2.865914    
   391.2732       87.26426       2.946713    
   396.2645       87.39491       3.031074    
   401.2549       87.53254       3.112984    
   406.2462       87.66331       3.186881    
   411.2407       87.76619       3.247947    
   416.2387       87.82300       3.292629    
   421.2385       87.83997       3.318971    
   426.2385       87.84176       3.326323    
   431.2385       87.84920       3.315584    
   436.2343       87.91981       3.289846    
   441.2233       88.06612       3.253097    
   446.2118       88.21626       3.208790    
   451.2035       88.34385       3.160484    
   456.1937       88.48203       3.111169    
   461.1783       88.65514       3.062549    
   466.1624       88.83239       3.015893    
   471.1551       88.93765       2.971634    
   476.1545       88.96221       2.930092    
   481.8401       88.96335       2.885338    
   489.3643       88.96335       2.828675    
   507.4286       88.96335       2.704043    
  -33.77417       75.60016       2.324811    
  -15.70986       75.60016       2.384533    
  -8.185690       75.60016       2.419510    
  -2.500000       75.60016       2.450856    
   2.481762       75.70561       2.480904    
   7.434425       75.94414       2.512320    
   12.38829       76.17914       2.544112    
   17.37068       76.29989       2.574939    
   22.36992       76.32921       2.602982    
   27.36889       76.36263       2.627065    
   32.36626       76.41840       2.646504    
   37.36148       76.49427       2.660403    
   42.35468       76.58534       2.667657    
   47.34677       76.68364       2.667933    
   52.33939       76.77846       2.662240    
   57.33461       76.85366       2.651375    
   62.33282       76.89674       2.634888    
   67.33237       76.89812       2.612398    
   72.33087       76.85886       2.584641    
   77.32610       76.78461       2.552776    
   82.31709       76.68029       2.517518    
   87.30524       76.56001       2.479275    
   92.29430       76.44469       2.438852    
   97.28818       76.36131       2.397951    
   102.2866       76.32438       2.359215    
   107.2863       76.30660       2.325914    
   112.2728       76.20528       2.301640    
   117.2255       75.97144       2.289868    
   122.1606       75.69038       2.293779    
   127.1186       75.47135       2.316388    
   132.1048       75.34826       2.360072    
   137.1018       75.29574       2.425728    
   142.1004       75.31212       2.512590    
   147.0855       75.43081       2.617765    
   152.0289       75.68358       2.736024    
   156.9416       76.00915       2.861833    
   161.8866       76.25325       2.991461    
   166.8759       76.34630       3.121081    
   171.8755       76.34855       3.245644    
   176.8751       76.32778       3.360390    
   181.8749       76.31749       3.460982    
   186.8749       76.31712       3.543857    
   191.8749       76.31725       3.606736    
   196.8749       76.31725       3.648932    
   201.8749       76.31725       3.671428    
   206.8749       76.31718       3.676663    
   211.8749       76.31807       3.668005    
   216.8748       76.32654       3.649185    
   221.8745       76.34814       3.623806    
   226.8739       76.37340       3.595033    
   231.8736       76.37450       3.565484    
   236.8703       76.32071       3.537231    
   241.8605       76.21349       3.511818    
   246.8531       76.12872       3.490250    
   251.8497       76.14841       3.473057    
   256.8403       76.25331       3.460209    
   261.8292       76.36942       3.451229    
   266.8226       76.45739       3.445476    
   271.8200       76.51070       3.442171    
   276.8195       76.52757       3.440262    
   281.8193       76.51711       3.438265    
   286.8188       76.49277       3.434253    
   291.8181       76.46204       3.426057    
   296.8170       76.42630       3.411624    
   301.8156       76.38405       3.389342    
   306.8141       76.34336       3.358235    
   311.8136       76.32875       3.318073    
   316.8123       76.30320       3.269403    
   321.7794       76.13609       3.213601    
   326.7076       75.84116       3.152212    
   331.6619       75.74139       3.086587    
   336.6017       75.98050       3.020116    
   341.4941       76.34151       2.956206    
   346.3997       76.67910       2.896999    
   351.3318       76.96486       2.845506    
   356.3008       77.14410       2.804988    
   361.2956       77.21733       2.778634    
   366.2939       77.26270       2.768837    
   371.2916       77.31591       2.776615    
   376.2886       77.37634       2.801567    
   381.2849       77.44391       2.841882    
   386.2799       77.52139       2.894504    
   391.2732       77.61202       2.955450    
   396.2645       77.71479       3.020227    
   401.2549       77.82304       3.084315    
   406.2462       77.92590       3.143578    
   411.2407       78.00681       3.194533    
   416.2387       78.05150       3.234448    
   421.2385       78.06484       3.261448    
   426.2385       78.06626       3.274867    
   431.2385       78.07211       3.275385    
   436.2343       78.12765       3.264428    
   441.2233       78.24273       3.243944    
   446.2118       78.36082       3.216469    
   451.2035       78.46117       3.184340    
   456.1937       78.56985       3.149507    
   461.1783       78.70601       3.113629    
   466.1624       78.84543       3.077252    
   471.1551       78.92822       3.040865    
   476.1545       78.94754       3.004596    
   481.8401       78.94843       2.963302    
   489.3643       78.94843       2.907642    
   507.4286       78.94843       2.744076    
  -33.77417       56.32260       2.385378    
  -15.70986       56.32260       2.433179    
  -8.185690       56.32260       2.458129    
  -2.500000       56.32260       2.479072    
   2.481762       56.36747       2.497565    
   7.434425       56.46896       2.515897    
   12.38829       56.56895       2.533875    
   17.37068       56.62033       2.550868    
   22.36992       56.63280       2.565734    
   27.36889       56.64702       2.577257    
   32.36626       56.67075       2.585674    
   37.36148       56.70303       2.591687    
   42.35468       56.74178       2.594942    
   47.34677       56.78361       2.593912    
   52.33939       56.82395       2.588067    
   57.33461       56.85595       2.579087    
   62.33282       56.87428       2.568217    
   67.33237       56.87487       2.554600    
   72.33087       56.85816       2.537421    
   77.32610       56.82657       2.517607    
   82.31709       56.78218       2.496847    
   87.30524       56.73100       2.476335    
   92.29430       56.68194       2.456776    
   97.28818       56.64646       2.439090    
   102.2866       56.63075       2.424833    
   107.2863       56.62318       2.416025    
   112.2728       56.58007       2.414724    
   117.2255       56.48058       2.422653    
   122.1606       56.36099       2.441341    
   127.1186       56.26780       2.472419    
   132.1048       56.21542       2.516984    
   137.1018       56.19307       2.575042    
   142.1004       56.20005       2.645783    
   147.0855       56.25055       2.727535    
   152.0289       56.35809       2.817482    
   156.9416       56.49662       2.912777    
   161.8866       56.60048       3.011755    
   166.8759       56.64007       3.112209    
   171.8755       56.64103       3.210805    
   176.8751       56.63219       3.304471    
   181.8749       56.62782       3.390359    
   186.8749       56.62766       3.465962    
   191.8749       56.62771       3.529443    
   196.8749       56.62772       3.579776    
   201.8749       56.62771       3.616824    
   206.8749       56.62769       3.641286    
   211.8749       56.62806       3.654528    
   216.8748       56.63167       3.658342    
   221.8745       56.64086       3.654673    
   226.8739       56.65160       3.645396    
   231.8736       56.65207       3.632148    
   236.8703       56.62919       3.616265    
   241.8605       56.58356       3.598786    
   246.8531       56.54750       3.580457    
   251.8497       56.55588       3.561863    
   256.8403       56.60051       3.543401    
   261.8292       56.64991       3.525147    
   266.8226       56.68734       3.506946    
   271.8200       56.71003       3.488490    
   276.8195       56.71720       3.469320    
   281.8193       56.71275       3.448857    
   286.8188       56.70240       3.426486    
   291.8181       56.68932       3.401630    
   296.8170       56.67411       3.373825    
   301.8156       56.65614       3.342758    
   306.8141       56.63882       3.308299    
   311.8136       56.63261       3.270550    
   316.8123       56.62173       3.229917    
   321.7794       56.55063       3.187194    
   326.7076       56.42514       3.143013    
   331.6619       56.38269       3.097708    
   336.6017       56.48443       3.053346    
   341.4941       56.63803       3.011812    
   346.3997       56.78168       2.973948    
   351.3318       56.90327       2.941113    
   356.3008       56.97953       2.914795    
   361.2956       57.01069       2.896541    
   366.2939       57.02999       2.887613    
   371.2916       57.05263       2.888647    
   376.2886       57.07835       2.899565    
   381.2849       57.10709       2.919578    
   386.2799       57.14006       2.947316    
   391.2732       57.17862       2.980974    
   396.2645       57.22235       3.018359    
   401.2549       57.26841       3.057039    
   406.2462       57.31217       3.094753    
   411.2407       57.34660       3.129688    
   416.2387       57.36561       3.160225    
   421.2385       57.37129       3.185086    
   426.2385       57.37189       3.203819    
   431.2385       57.37438       3.216235    
   436.2343       57.39801       3.222172    
   441.2233       57.44698       3.222298    
   446.2118       57.49723       3.217463    
   451.2035       57.53992       3.208365    
   456.1937       57.58617       3.196091    
   461.1783       57.64410       3.181334    
   466.1624       57.70342       3.165374    
   471.1551       57.73865       3.149245    
   476.1545       57.74687       3.133620    
   481.8401       57.74725       3.118009    
   489.3643       57.74725       3.103151    
   507.4286       57.74725       2.962566    
