        1545
  -33.77417       136.6885       1.937571    
  -15.70986       136.6885       1.708429    
  -8.185690       136.6885       1.612329    
  -2.500000       136.6885       1.705972    
   2.481762       136.9860       1.859461    
   7.434425       137.6588       1.686820    
   12.38829       138.3216       1.684406    
   17.37068       138.6622       1.374655    
   22.36992       138.7449       1.692910    
   27.36889       138.8391       1.565232    
   32.36626       138.9964       1.576242    
   37.36148       139.2104       1.610754    
   42.35468       139.4673       1.747032    
   47.34677       139.7446       1.828367    
   52.33939       140.0120       1.803255    
   57.33461       140.2241       1.742642    
   62.33282       140.3456       1.578644    
   67.33237       140.3495       1.722990    
   72.33087       140.2388       1.590566    
   77.32610       140.0294       1.679008    
   82.31709       139.7351       1.580671    
   87.30524       139.3958       1.568736    
   92.29430       139.0706       1.514044    
   97.28818       138.8354       1.420020    
   102.2866       138.7312       1.625929    
   107.2863       138.6811       1.665912    
   112.2728       138.3953       1.663053    
   117.2255       137.7357       1.622747    
   122.1606       136.9430       1.632622    
   127.1186       136.3252       1.642494    
   132.1048       135.9780       1.620220    
   137.1018       135.8299       1.533909    
   142.1004       135.8761       1.438608    
   147.0855       136.2108       1.534341    
   152.0289       136.9238       1.682805    
   156.9416       137.8421       1.674306    
   161.8866       138.5306       1.774042    
   166.8759       138.7930       1.685672    
   171.8755       138.7994       1.562091    
   176.8751       138.7408       1.477152    
   181.8749       138.7118       1.362697    
   186.8749       138.7108       1.336855    
   191.8749       138.7111       1.405891    
   196.8749       138.7112       1.460720    
   201.8749       138.7111       1.645692    
   206.8749       138.7109       1.559070    
   211.8749       138.7134       1.554638    
   216.8748       138.7373       1.563139    
   221.8745       138.7983       1.412786    
   226.8739       138.8695       1.632805    
   231.8736       138.8726       1.384165    
   236.8703       138.7209       1.455221    
   241.8605       138.4185       1.356929    
   246.8531       138.1794       1.223473    
   251.8497       138.2349       1.279017    
   256.8403       138.5308       1.543045    
   261.8292       138.8582       1.656737    
   266.8226       139.1064       1.584080    
   271.8200       139.2568       1.689220    
   276.8195       139.3043       1.680750    
   281.8193       139.2749       1.781449    
   286.8188       139.2062       1.568286    
   291.8181       139.1195       1.491106    
   296.8170       139.0187       1.460340    
   301.8156       138.8996       1.496217    
   306.8141       138.7848       1.659725    
   311.8136       138.7435       1.514563    
   316.8123       138.6715       1.410056    
   321.7794       138.2001       1.373276    
   326.7076       137.3683       1.413058    
   331.6619       137.0869       1.481145    
   336.6017       137.7613       1.319096    
   341.4941       138.7795       1.102744    
   346.3997       139.7317       1.576154    
   351.3318       140.5377       1.393681    
   356.3008       141.0433       1.672749    
   361.2956       141.2499       1.547518    
   366.2939       141.3779       1.255380    
   371.2916       141.5279       1.172942    
   376.2886       141.6984       1.106712    
   381.2849       141.8889       1.131707    
   386.2799       142.1075      0.9940076    
   391.2732       142.3631       1.083461    
   396.2645       142.6530       1.118443    
   401.2549       142.9583      0.8881299    
   406.2462       143.2484      0.7315136    
   411.2407       143.4767      0.7340184    
   416.2387       143.6027      0.7962332    
   421.2385       143.6403      0.7055273    
   426.2385       143.6443      0.7853620    
   431.2385       143.6608      0.7607139    
   436.2343       143.8174       1.013499    
   441.2233       144.1421      0.9723387    
   446.2118       144.4751      0.7980577    
   451.2035       144.7582      0.7275669    
   456.1937       145.0647      0.8946856    
   461.1783       145.4488       1.296165    
   466.1624       145.8420       1.266807    
   471.1551       146.0755       1.295586    
   476.1545       146.1300       1.416076    
   481.8401       146.1326       1.883859    
   489.3643       146.1326       2.105788    
   507.4286       146.1326       2.292546    
  -33.77417       134.0858       1.941710    
  -15.70986       134.0858       1.716715    
  -8.185690       134.0858       1.604803    
  -2.500000       134.0858       1.537946    
   2.481762       134.3752       1.456551    
   7.434425       135.0294       1.354696    
   12.38829       135.6740       1.266952    
   17.37068       136.0052       1.290954    
   22.36992       136.0857       1.316208    
   27.36889       136.1774       1.130752    
   32.36626       136.3303       1.193678    
   37.36148       136.5384       1.253505    
   42.35468       136.7882       1.358637    
   47.34677       137.0579       1.464787    
   52.33939       137.3180       1.448486    
   57.33461       137.5242       1.330525    
   62.33282       137.6424       1.269656    
   67.33237       137.6462       1.302824    
   72.33087       137.5385       1.098332    
   77.32610       137.3349       1.210133    
   82.31709       137.0487       1.218638    
   87.30524       136.7188       1.379291    
   92.29430       136.4025       1.271838    
   97.28818       136.1738       1.107164    
   102.2866       136.0724       1.163065    
   107.2863       136.0237       1.141984    
   112.2728       135.7457       1.123371    
   117.2255       135.1043       1.168699    
   122.1606       134.3334       1.355608    
   127.1186       133.7326       1.508971    
   132.1048       133.3949       1.594458    
   137.1018       133.2509       1.524883    
   142.1004       133.2958       1.419202    
   147.0855       133.6214       1.368715    
   152.0289       134.3147       1.389896    
   156.9416       135.2077       1.221327    
   161.8866       135.8773       1.273403    
   166.8759       136.1325       1.169463    
   171.8755       136.1387       1.055620    
   176.8751       136.0817      0.9768809    
   181.8749       136.0535       1.122826    
   186.8749       136.0525       1.006534    
   191.8749       136.0529       1.026750    
   196.8749       136.0529       1.009111    
   201.8749       136.0529       1.102589    
   206.8749       136.0527       1.171560    
   211.8749       136.0551       1.267813    
   216.8748       136.0783       1.160615    
   221.8745       136.1376       1.001919    
   226.8739       136.2069       1.103203    
   231.8736       136.2099      0.7592835    
   236.8703       136.0623      0.9150363    
   241.8605       135.7682      0.8461848    
   246.8531       135.5358      0.9272546    
   251.8497       135.5898       1.039778    
   256.8403       135.8775       1.072622    
   261.8292       136.1960       1.024174    
   266.8226       136.4373       1.035620    
   271.8200       136.5835       1.271451    
   276.8195       136.6297       1.372326    
   281.8193       136.6011       1.212161    
   286.8188       136.5343       1.104616    
   291.8181       136.4500       1.127114    
   296.8170       136.3520       1.056420    
   301.8156       136.2361      0.8680928    
   306.8141       136.1245      0.8984021    
   311.8136       136.0844      0.8707101    
   316.8123       136.0143       1.164466    
   321.7794       135.5559       1.439964    
   326.7076       134.7469       1.191991    
   331.6619       134.4733       1.156200    
   336.6017       135.1292       1.248896    
   341.4941       136.1194       1.310084    
   346.3997       137.0454       1.443515    
   351.3318       137.8293       1.090246    
   356.3008       138.3209       1.323745    
   361.2956       138.5218       1.143722    
   366.2939       138.6463       1.046343    
   371.2916       138.7922      0.9193116    
   376.2886       138.9579       1.375548    
   381.2849       139.1433       1.246030    
   386.2799       139.3558       1.308263    
   391.2732       139.6044       1.255175    
   396.2645       139.8863       1.217333    
   401.2549       140.1832       1.326206    
   406.2462       140.4654       1.289884    
   411.2407       140.6873       1.218306    
   416.2387       140.8099       1.220360    
   421.2385       140.8465       1.183464    
   426.2385       140.8504       1.158547    
   431.2385       140.8664       1.246108    
   436.2343       141.0188       1.327789    
   441.2233       141.3345       1.279293    
   446.2118       141.6584       1.094356    
   451.2035       141.9337       1.027137    
   456.1937       142.2318       1.109877    
   461.1783       142.6053       1.355266    
   466.1624       142.9877       1.523512    
   471.1551       143.2148       1.651771    
   476.1545       143.2677       1.711803    
   481.8401       143.2702       1.937568    
   489.3643       143.2702       2.120399    
   507.4286       143.2702       2.296546    
  -33.77417       131.3152       1.950444    
  -15.70986       131.3152       1.736719    
  -8.185690       131.3152       1.622423    
  -2.500000       131.3152       1.519336    
   2.481762       131.5958       1.404970    
   7.434425       132.2304       1.336631    
   12.38829       132.8556       1.304330    
   17.37068       133.1768       1.376077    
   22.36992       133.2549       1.362895    
   27.36889       133.3438       1.250906    
   32.36626       133.4921       1.272272    
   37.36148       133.6940       1.291307    
   42.35468       133.9363       1.305913    
   47.34677       134.1978       1.365230    
   52.33939       134.4500       1.424982    
   57.33461       134.6501       1.394938    
   62.33282       134.7647       1.343170    
   67.33237       134.7684       1.334704    
   72.33087       134.6640       1.331830    
   77.32610       134.4664       1.416713    
   82.31709       134.1889       1.500400    
   87.30524       133.8689       1.576619    
   92.29430       133.5621       1.498767    
   97.28818       133.3403       1.353356    
   102.2866       133.2420       1.300625    
   107.2863       133.1947       1.267743    
   112.2728       132.9252       1.248605    
   117.2255       132.3031       1.243149    
   122.1606       131.5553       1.350703    
   127.1186       130.9726       1.492191    
   132.1048       130.6451       1.578109    
   137.1018       130.5054       1.525084    
   142.1004       130.5490       1.428923    
   147.0855       130.8647       1.364828    
   152.0289       131.5372       1.356981    
   156.9416       132.4034       1.257160    
   161.8866       133.0527       1.306403    
   166.8759       133.3003       1.295217    
   171.8755       133.3063       1.267405    
   176.8751       133.2510       1.211836    
   181.8749       133.2236       1.278802    
   186.8749       133.2227       1.096665    
   191.8749       133.2231       1.175032    
   196.8749       133.2231       1.168283    
   201.8749       133.2231       1.070117    
   206.8749       133.2229      0.9709162    
   211.8749       133.2252       1.286569    
   216.8748       133.2477       1.140181    
   221.8745       133.3052       1.113116    
   226.8739       133.3724       1.188453    
   231.8736       133.3753       1.101547    
   236.8703       133.2322       1.155129    
   241.8605       132.9470       1.193870    
   246.8531       132.7215       1.265826    
   251.8497       132.7738       1.312773    
   256.8403       133.0529       1.285778    
   261.8292       133.3618       1.234843    
   266.8226       133.5959       1.217858    
   271.8200       133.7377       1.260310    
   276.8195       133.7825       1.235913    
   281.8193       133.7548       1.109118    
   286.8188       133.6900       1.092622    
   291.8181       133.6082       1.142030    
   296.8170       133.5132       1.197263    
   301.8156       133.4008       1.262178    
   306.8141       133.2925       1.251647    
   311.8136       133.2536       1.306642    
   316.8123       133.1856       1.357429    
   321.7794       132.7410       1.450771    
   326.7076       131.9564       1.299083    
   331.6619       131.6910       1.280071    
   336.6017       132.3271       1.431730    
   341.4941       133.2876       1.526202    
   346.3997       134.1857       1.507889    
   351.3318       134.9460       1.229663    
   356.3008       135.4228       1.352344    
   361.2956       135.6176       1.311407    
   366.2939       135.7384       1.325812    
   371.2916       135.8799       1.316907    
   376.2886       136.0407       1.652748    
   381.2849       136.2204       1.528938    
   386.2799       136.4265       1.542595    
   391.2732       136.6677       1.447838    
   396.2645       136.9411       1.471227    
   401.2549       137.2291       1.694981    
   406.2462       137.5027       1.751095    
   411.2407       137.7180       1.709109    
   416.2387       137.8369       1.686342    
   421.2385       137.8724       1.657584    
   426.2385       137.8761       1.643219    
   431.2385       137.8917       1.677247    
   436.2343       138.0394       1.674368    
   441.2233       138.3456       1.589008    
   446.2118       138.6598       1.417106    
   451.2035       138.9268       1.278704    
   456.1937       139.2159       1.234423    
   461.1783       139.5782       1.360517    
   466.1624       139.9491       1.561642    
   471.1551       140.1694       1.743956    
   476.1545       140.2207       1.849020    
   481.8401       140.2231       1.999976    
   489.3643       140.2231       2.146028    
   507.4286       140.2231       2.304816    
  -33.77417       128.3538       1.964523    
  -15.70986       128.3538       1.771128    
  -8.185690       128.3538       1.670024    
  -2.500000       128.3538       1.584080    
   2.481762       128.6251       1.512494    
   7.434425       129.2386       1.491750    
   12.38829       129.8431       1.513766    
   17.37068       130.1537       1.583240    
   22.36992       130.2291       1.587398    
   27.36889       130.3151       1.532415    
   32.36626       130.4585       1.520312    
   37.36148       130.6536       1.497462    
   42.35468       130.8879       1.461920    
   47.34677       131.1408       1.472372    
   52.33939       131.3846       1.528365    
   57.33461       131.5780       1.550246    
   62.33282       131.6889       1.544958    
   67.33237       131.6924       1.573196    
   72.33087       131.5914       1.645451    
   77.32610       131.4005       1.741422    
   82.31709       131.1322       1.825312    
   87.30524       130.8228       1.868686    
   92.29430       130.5262       1.823173    
   97.28818       130.3116       1.723563    
   102.2866       130.2167       1.646095    
   107.2863       130.1709       1.583919    
   112.2728       129.9104       1.527622    
   117.2255       129.3089       1.477380    
   122.1606       128.5859       1.496965    
   127.1186       128.0226       1.563533    
   132.1048       127.7059       1.601126    
   137.1018       127.5708       1.553808    
   142.1004       127.6130       1.480896    
   147.0855       127.9183       1.445662    
   152.0289       128.5684       1.464193    
   156.9416       129.4059       1.476287    
   161.8866       130.0337       1.557682    
   166.8759       130.2731       1.615716    
   171.8755       130.2789       1.634768    
   176.8751       130.2254       1.614407    
   181.8749       130.1989       1.618663    
   186.8749       130.1980       1.493688    
   191.8749       130.1983       1.535526    
   196.8749       130.1983       1.497445    
   201.8749       130.1983       1.313776    
   206.8749       130.1982       1.152738    
   211.8749       130.2005       1.395315    
   216.8748       130.2222       1.332677    
   221.8745       130.2778       1.377479    
   226.8739       130.3428       1.465980    
   231.8736       130.3456       1.490494    
   236.8703       130.2072       1.543852    
   241.8605       129.9314       1.594075    
   246.8531       129.7134       1.643744    
   251.8497       129.7641       1.659229    
   256.8403       130.0339       1.627279    
   261.8292       130.3325       1.577576    
   266.8226       130.5588       1.508788    
   271.8200       130.6960       1.422082    
   276.8195       130.7393       1.337193    
   281.8193       130.7124       1.302340    
   286.8188       130.6498       1.351106    
   291.8181       130.5708       1.447583    
   296.8170       130.4788       1.567665    
   301.8156       130.3701       1.699059    
   306.8141       130.2655       1.737316    
   311.8136       130.2279       1.750070    
   316.8123       130.1622       1.711125    
   321.7794       129.7323       1.688128    
   326.7076       128.9738       1.621527    
   331.6619       128.7171       1.625748    
   336.6017       129.3322       1.718859    
   341.4941       130.2607       1.761172    
   346.3997       131.1291       1.688794    
   351.3318       131.8641       1.508503    
   356.3008       132.3251       1.567078    
   361.2956       132.5135       1.596606    
   366.2939       132.6302       1.648236    
   371.2916       132.7671       1.704034    
   376.2886       132.9225       1.903018    
   381.2849       133.0963       1.840518    
   386.2799       133.2955       1.812167    
   391.2732       133.5287       1.750322    
   396.2645       133.7930       1.825514    
   401.2549       134.0715       2.040061    
   406.2462       134.3360       2.144296    
   411.2407       134.5442       2.147914    
   416.2387       134.6591       2.129331    
   421.2385       134.6935       2.100816    
   426.2385       134.6971       2.074306    
   431.2385       134.7121       2.054097    
   436.2343       134.8550       1.997583    
   441.2233       135.1510       1.883959    
   446.2118       135.4547       1.718722    
   451.2035       135.7129       1.557496    
   456.1937       135.9924       1.463080    
   461.1783       136.3427       1.510807    
   466.1624       136.7012       1.663293    
   471.1551       136.9142       1.829242    
   476.1545       136.9639       1.948656    
   481.8401       136.9662       2.066868    
   489.3643       136.9662       2.182537    
   507.4286       136.9662       2.318216    
  -33.77417       125.1739       1.984880    
  -15.70986       125.1739       1.819998    
  -8.185690       125.1739       1.742937    
  -2.500000       125.1739       1.690522    
   2.481762       125.4352       1.668615    
   7.434425       126.0261       1.690489    
   12.38829       126.6083       1.747369    
   17.37068       126.9075       1.821414    
   22.36992       126.9801       1.849076    
   27.36889       127.0629       1.830656    
   32.36626       127.2010       1.808787    
   37.36148       127.3890       1.767400    
   42.35468       127.6146       1.714411    
   47.34677       127.8582       1.693189    
   52.33939       128.0931       1.716287    
   57.33461       128.2793       1.744820    
   62.33282       128.3861       1.773036    
   67.33237       128.3895       1.829667    
   72.33087       128.2923       1.919135    
   77.32610       128.1083       2.015556    
   82.31709       127.8499       2.092987    
   87.30524       127.5519       2.129606    
   92.29430       127.2662       2.106539    
   97.28818       127.0596       2.039186    
   102.2866       126.9681       1.962178    
   107.2863       126.9241       1.881002    
   112.2728       126.6731       1.795587    
   117.2255       126.0938       1.717292    
   122.1606       125.3975       1.679867    
   127.1186       124.8549       1.676674    
   132.1048       124.5499       1.664227    
   137.1018       124.4198       1.616199    
   142.1004       124.4603       1.570142    
   147.0855       124.7544       1.571330    
   152.0289       125.3806       1.630586    
   156.9416       126.1872       1.717432    
   161.8866       126.7919       1.842157    
   166.8759       127.0225       1.946011    
   171.8755       127.0280       2.002736    
   176.8751       126.9765       2.012823    
   181.8749       126.9510       2.007357    
   186.8749       126.9501       1.938896    
   191.8749       126.9505       1.934906    
   196.8749       126.9505       1.865159    
   201.8749       126.9505       1.680120    
   206.8749       126.9503       1.527238    
   211.8749       126.9525       1.619283    
   216.8748       126.9735       1.615089    
   221.8745       127.0270       1.674228    
   226.8739       127.0896       1.758634    
   231.8736       127.0923       1.814760    
   236.8703       126.9591       1.869598    
   241.8605       126.6934       1.917137    
   246.8531       126.4834       1.953186    
   251.8497       126.5322       1.958160    
   256.8403       126.7921       1.928980    
   261.8292       127.0797       1.874172    
   266.8226       127.2977       1.789139    
   271.8200       127.4297       1.685368    
   276.8195       127.4715       1.616253    
   281.8193       127.4456       1.629384    
   286.8188       127.3853       1.710687    
   291.8181       127.3092       1.828728    
   296.8170       127.2206       1.962821    
   301.8156       127.1160       2.088318    
   306.8141       127.0152       2.140636    
   311.8136       126.9790       2.136508    
   316.8123       126.9157       2.079203    
   321.7794       126.5017       2.022214    
   326.7076       125.7710       1.975106    
   331.6619       125.5238       1.971681    
   336.6017       126.1162       2.004992    
   341.4941       127.0106       1.997030    
   346.3997       127.8469       1.902850    
   351.3318       128.5549       1.781037    
   356.3008       128.9989       1.793699    
   361.2956       129.1804       1.835920    
   366.2939       129.2928       1.898128    
   371.2916       129.4245       1.976067    
   376.2886       129.5742       2.100510    
   381.2849       129.7417       2.090692    
   386.2799       129.9336       2.071767    
   391.2732       130.1582       2.064612    
   396.2645       130.4128       2.162637    
   401.2549       130.6809       2.344474    
   406.2462       130.9357       2.464785    
   411.2407       131.1362       2.501645    
   416.2387       131.2469       2.495516    
   421.2385       131.2800       2.466490    
   426.2385       131.2835       2.424552    
   431.2385       131.2979       2.369444    
   436.2343       131.4355       2.282399    
   441.2233       131.7207       2.155574    
   446.2118       132.0132       1.998691    
   451.2035       132.2618       1.844513    
   456.1937       132.5311       1.742942    
   461.1783       132.8684       1.744466    
   466.1624       133.2138       1.832554    
   471.1551       133.4189       1.949567    
   476.1545       133.4668       2.049380    
   481.8401       133.4690       2.141140    
   489.3643       133.4690       2.229341    
   507.4286       133.4690       2.337732    
  -33.77417       121.7413       2.011801    
  -15.70986       121.7413       1.881048    
  -8.185690       121.7413       1.832993    
  -2.500000       121.7413       1.814114    
   2.481762       121.9919       1.827877    
   7.434425       122.5584       1.878064    
   12.38829       123.1165       1.955689    
   17.37068       123.4034       2.038601    
   22.36992       123.4730       2.086715    
   27.36889       123.5524       2.093739    
   32.36626       123.6848       2.076337    
   37.36148       123.8650       2.034820    
   42.35468       124.0813       1.981664    
   47.34677       124.3148       1.946617    
   52.33939       124.5400       1.944585    
   57.33461       124.7186       1.964278    
   62.33282       124.8209       2.001216    
   67.33237       124.8242       2.063391    
   72.33087       124.7309       2.147312    
   77.32610       124.5546       2.233337    
   82.31709       124.3068       2.301018    
   87.30524       124.0211       2.334232    
   92.29430       123.7473       2.323012    
   97.28818       123.5492       2.273268    
   102.2866       123.4615       2.200300    
   107.2863       123.4193       2.110831    
   112.2728       123.1786       2.011728    
   117.2255       122.6232       1.916204    
   122.1606       121.9557       1.843955    
   127.1186       121.4355       1.794518    
   132.1048       121.1431       1.749447    
   137.1018       121.0183       1.703475    
   142.1004       121.0573       1.682933    
   147.0855       121.3392       1.716539    
   152.0289       121.9395       1.810542    
   156.9416       122.7128       1.944626    
   161.8866       123.2925       2.102052    
   166.8759       123.5135       2.240235    
   171.8755       123.5189       2.330163    
   176.8751       123.4696       2.370748    
   181.8749       123.4451       2.377845    
   186.8749       123.4443       2.343503    
   191.8749       123.4446       2.311982    
   196.8749       123.4446       2.225425    
   201.8749       123.4446       2.067667    
   206.8749       123.4444       1.937125    
   211.8749       123.4465       1.935902    
   216.8748       123.4666       1.936788    
   221.8745       123.5179       1.978271    
   226.8739       123.5779       2.040520    
   231.8736       123.5806       2.093915    
   236.8703       123.4528       2.141043    
   241.8605       123.1981       2.179847    
   246.8531       122.9968       2.205379    
   251.8497       123.0435       2.206544    
   256.8403       123.2927       2.181220    
   261.8292       123.5684       2.132563    
   266.8226       123.7774       2.062791    
   271.8200       123.9041       1.990530    
   276.8195       123.9441       1.957370    
   281.8193       123.9193       1.990709    
   286.8188       123.8614       2.077867    
   291.8181       123.7885       2.194004    
   296.8170       123.7036       2.317490    
   301.8156       123.6032       2.422688    
   306.8141       123.5066       2.472160    
   311.8136       123.4719       2.464510    
   316.8123       123.4112       2.409923    
   321.7794       123.0143       2.345171    
   326.7076       122.3138       2.293212    
   331.6619       122.0768       2.267332    
   336.6017       122.6448       2.252539    
   341.4941       123.5022       2.205383    
   346.3997       124.3040       2.107394    
   351.3318       124.9827       2.011148    
   356.3008       125.4084       1.995308    
   361.2956       125.5824       2.024723    
   366.2939       125.6901       2.082322    
   371.2916       125.8165       2.160532    
   376.2886       125.9600       2.251866    
   381.2849       126.1205       2.280761    
   386.2799       126.3045       2.296770    
   391.2732       126.5198       2.335935    
   396.2645       126.7639       2.443625    
   401.2549       127.0210       2.597885    
   406.2462       127.2653       2.717701    
   411.2407       127.4575       2.773820    
   416.2387       127.5636       2.780349    
   421.2385       127.5953       2.753219    
   426.2385       127.5986       2.701892    
   431.2385       127.6125       2.628353    
   436.2343       127.7445       2.527340    
   441.2233       128.0178       2.399503    
   446.2118       128.2982       2.255269    
   451.2035       128.5366       2.116849    
   456.1937       128.7948       2.019468    
   461.1783       129.1181       1.992874    
   466.1624       129.4493       2.028247    
   471.1551       129.6459       2.094203    
   476.1545       129.6918       2.159756    
   481.8401       129.6939       2.223082    
   489.3643       129.6939       2.284616    
   507.4286       129.6939       2.362745    
  -33.77417       118.0135       2.044818    
  -15.70986       118.0135       1.950815    
  -8.185690       118.0135       1.930809    
  -2.500000       118.0135       1.938071    
   2.481762       118.2522       1.973250    
   7.434425       118.7923       2.038494    
   12.38829       119.3243       2.125252    
   17.37068       119.5977       2.213500    
   22.36992       119.6640       2.275251    
   27.36889       119.7397       2.300759    
   32.36626       119.8660       2.295207    
   37.36148       120.0378       2.263956    
   42.35468       120.2439       2.220005    
   47.34677       120.4665       2.184161    
   52.33939       120.6811       2.170272    
   57.33461       120.8514       2.179437    
   62.33282       120.9489       2.210551    
   67.33237       120.9520       2.263478    
   72.33087       120.8632       2.331520    
   77.32610       120.6951       2.400047    
   82.31709       120.4589       2.453305    
   87.30524       120.1866       2.478937    
   92.29430       119.9255       2.469769    
   97.28818       119.7367       2.426868    
   102.2866       119.6531       2.356899    
   107.2863       119.6129       2.265996    
   112.2728       119.3835       2.163208    
   117.2255       118.8540       2.060620    
   122.1606       118.2177       1.971339    
   127.1186       117.7218       1.899214    
   132.1048       117.4431       1.841403    
   137.1018       117.3242       1.803963    
   142.1004       117.3613       1.806519    
   147.0855       117.6301       1.866031    
   152.0289       118.2023       1.984286    
   156.9416       118.9394       2.144437    
   161.8866       119.4921       2.322826    
   166.8759       119.7027       2.484629    
   171.8755       119.7078       2.602566    
   176.8751       119.6608       2.671034    
   181.8749       119.6375       2.697161    
   186.8749       119.6367       2.683164    
   191.8749       119.6370       2.642694    
   196.8749       119.6370       2.555942    
   201.8749       119.6370       2.427306    
   206.8749       119.6368       2.315248    
   211.8749       119.6388       2.270106    
   216.8748       119.6580       2.254738    
   221.8745       119.7069       2.271177    
   226.8739       119.7641       2.306455    
   231.8736       119.7666       2.343374    
   236.8703       119.6448       2.377002    
   241.8605       119.4020       2.404248    
   246.8531       119.2101       2.420800    
   251.8497       119.2547       2.420355    
   256.8403       119.4922       2.401465    
   261.8292       119.7551       2.367118    
   266.8226       119.9542       2.323663    
   271.8200       120.0750       2.287746    
   276.8195       120.1131       2.284496    
   281.8193       120.0895       2.327799    
   286.8188       120.0343       2.409809    
   291.8181       119.9648       2.512691    
   296.8170       119.8839       2.617086    
   301.8156       119.7882       2.701048    
   306.8141       119.6961       2.741423    
   311.8136       119.6630       2.732621    
   316.8123       119.6051       2.683259    
   321.7794       119.2268       2.617340    
   326.7076       118.5591       2.555573    
   331.6619       118.3332       2.505784    
   336.6017       118.8746       2.455443    
   341.4941       119.6919       2.382901    
   346.3997       120.4562       2.285254    
   351.3318       121.1031       2.198926    
   356.3008       121.5089       2.164884    
   361.2956       121.6748       2.176423    
   366.2939       121.7775       2.222075    
   371.2916       121.8979       2.291620    
   376.2886       122.0348       2.369780    
   381.2849       122.1877       2.425091    
   386.2799       122.3631       2.476352    
   391.2732       122.5684       2.548541    
   396.2645       122.8010       2.660841    
   401.2549       123.0461       2.796157    
   406.2462       123.2790       2.909160    
   411.2407       123.4621       2.974104    
   416.2387       123.5633       2.991107    
   421.2385       123.5935       2.968859    
   426.2385       123.5967       2.915715    
   431.2385       123.6100       2.836384    
   436.2343       123.7357       2.733281    
   441.2233       123.9963       2.612334    
   446.2118       124.2636       2.483098    
   451.2035       124.4909       2.360789    
   456.1937       124.7369       2.268827    
   461.1783       125.0452       2.224147    
   466.1624       125.3608       2.221512    
   471.1551       125.5482       2.246122    
   476.1545       125.5920       2.278549    
   481.8401       125.5940       2.311821    
   489.3643       125.5940       2.347393    
   507.4286       125.5940       2.393809    
  -33.77417       113.9358       2.083546    
  -15.70986       113.9358       2.025548    
  -8.185690       113.9358       2.027772    
  -2.500000       113.9358       2.052596    
   2.481762       114.1617       2.098985    
   7.434425       114.6728       2.169720    
   12.38829       115.1762       2.256717    
   17.37068       115.4350       2.343752    
   22.36992       115.4978       2.411184    
   27.36889       115.5694       2.448973    
   32.36626       115.6889       2.457025    
   37.36148       115.8514       2.440431    
   42.35468       116.0465       2.410239    
   47.34677       116.2571       2.381289    
   52.33939       116.4603       2.365092    
   57.33461       116.6214       2.366705    
   62.33282       116.7137       2.387092    
   67.33237       116.7167       2.424321    
   72.33087       116.6326       2.471896    
   77.32610       116.4735       2.519027    
   82.31709       116.2499       2.553911    
   87.30524       115.9922       2.567030    
   92.29430       115.7452       2.552590    
   97.28818       115.5665       2.509728    
   102.2866       115.4874       2.441604    
   107.2863       115.4493       2.353442    
   112.2728       115.2323       2.253770    
   117.2255       114.7313       2.152871    
   122.1606       114.1291       2.061127    
   127.1186       113.6599       1.985405    
   132.1048       113.3961       1.931018    
   137.1018       113.2836       1.908297    
   142.1004       113.3186       1.931793    
   147.0855       113.5730       2.010962    
   152.0289       114.1145       2.143860    
   156.9416       114.8120       2.315376    
   161.8866       115.3350       2.502913    
   166.8759       115.5344       2.677963    
   171.8755       115.5392       2.816263    
   176.8751       115.4947       2.908023    
   181.8749       115.4726       2.953833    
   186.8749       115.4719       2.956200    
   191.8749       115.4722       2.920370    
   196.8749       115.4722       2.844525    
   201.8749       115.4722       2.741009    
   206.8749       115.4720       2.644396    
   211.8749       115.4739       2.582544    
   216.8748       115.4921       2.549896    
   221.8745       115.5383       2.543228    
   226.8739       115.5924       2.553846    
   231.8736       115.5948       2.571276    
   236.8703       115.4796       2.589557    
   241.8605       115.2498       2.604890    
   246.8531       115.0682       2.613867    
   251.8497       115.1104       2.612967    
   256.8403       115.3352       2.601681    
   261.8292       115.5839       2.583246    
   266.8226       115.7724       2.564250    
   271.8200       115.8866       2.556173    
   276.8195       115.9228       2.572464    
   281.8193       115.9004       2.619470    
   286.8188       115.8482       2.692044    
   291.8181       115.7824       2.777641    
   296.8170       115.7058       2.860723    
   301.8156       115.6153       2.924243    
   306.8141       115.5281       2.952875    
   311.8136       115.4968       2.941293    
   316.8123       115.4420       2.895030    
   321.7794       115.0840       2.829171    
   326.7076       114.4521       2.758932    
   331.6619       114.2384       2.690371    
   336.6017       114.7507       2.616834    
   341.4941       115.5241       2.530182    
   346.3997       116.2474       2.434074    
   351.3318       116.8596       2.351932    
   356.3008       117.2437       2.307181    
   361.2956       117.4006       2.303229    
   366.2939       117.4977       2.334887    
   371.2916       117.6117       2.393191    
   376.2886       117.7412       2.465094    
   381.2849       117.8860       2.536126    
   386.2799       118.0519       2.611981    
   391.2732       118.2462       2.704021    
   396.2645       118.4663       2.817552    
   401.2549       118.6983       2.939811    
   406.2462       118.9186       3.044540    
   411.2407       119.0920       3.112019    
   416.2387       119.1877       3.136635    
   421.2385       119.2163       3.121629    
   426.2385       119.2194       3.073243    
   431.2385       119.2319       2.997344    
   436.2343       119.3509       2.900459    
   441.2233       119.5975       2.790962    
   446.2118       119.8504       2.677228    
   451.2035       120.0655       2.569638    
   456.1937       120.2983       2.482979    
   461.1783       120.5900       2.427235    
   466.1624       120.8887       2.399231    
   471.1551       121.0661       2.392521    
   476.1545       121.1075       2.397888    
   481.8401       121.1095       2.405713    
   489.3643       121.1095       2.416448    
   507.4286       121.1095       2.430665    
  -33.77417       109.4377       2.127180    
  -15.70986       109.4377       2.101754    
  -8.185690       109.4377       2.119476    
  -2.500000       109.4377       2.154592    
   2.481762       109.6495       2.205149    
   7.434425       110.1285       2.274428    
   12.38829       110.6005       2.355345    
   17.37068       110.8431       2.435522    
   22.36992       110.9020       2.501687    
   27.36889       110.9691       2.545611    
   32.36626       111.0811       2.565007    
   37.36148       111.2335       2.562857    
   42.35468       111.4164       2.547153    
   47.34677       111.6138       2.528242    
   52.33939       111.8043       2.514860    
   57.33461       111.9553       2.512210    
   62.33282       112.0418       2.521917    
   67.33237       112.0446       2.542384    
   72.33087       111.9657       2.568788    
   77.32610       111.8166       2.593639    
   82.31709       111.6071       2.608561    
   87.30524       111.3655       2.606510    
   92.29430       111.1339       2.583028    
   97.28818       110.9664       2.537024    
   102.2866       110.8923       2.470518    
   107.2863       110.8566       2.387856    
   112.2728       110.6531       2.296182    
   117.2255       110.1834       2.204172    
   122.1606       109.6189       2.121036    
   127.1186       109.1790       2.055139    
   132.1048       108.9318       2.014925    
   137.1018       108.8263       2.010799    
   142.1004       108.8592       2.052981    
   147.0855       109.0976       2.146183    
   152.0289       109.6052       2.285955    
   156.9416       110.2591       2.458727    
   161.8866       110.7494       2.645657    
   166.8759       110.9363       2.824378    
   171.8755       110.9408       2.974179    
   176.8751       110.8991       3.082981    
   181.8749       110.8784       3.146743    
   186.8749       110.8776       3.165799    
   191.8749       110.8779       3.143563    
   196.8749       110.8779       3.085253    
   201.8749       110.8779       3.004309    
   206.8749       110.8778       2.922596    
   211.8749       110.8796       2.857824    
   216.8748       110.8966       2.813951    
   221.8745       110.9400       2.790009    
   226.8739       110.9907       2.781159    
   231.8736       110.9929       2.781157    
   236.8703       110.8849       2.785195    
   241.8605       110.6695       2.789809    
   246.8531       110.4993       2.792533    
   251.8497       110.5388       2.791499    
   256.8403       110.7495       2.786809    
   261.8292       110.9827       2.781231    
   266.8226       111.1594       2.779678    
   271.8200       111.2665       2.788868    
   276.8195       111.3003       2.815199    
   281.8193       111.2794       2.860840    
   286.8188       111.2305       2.921768    
   291.8181       111.1687       2.988975    
   296.8170       111.0969       3.050766    
   301.8156       111.0121       3.094698    
   306.8141       110.9304       3.110435    
   311.8136       110.9010       3.093909    
   316.8123       110.8497       3.048222    
   321.7794       110.5141       2.982552    
   326.7076       109.9218       2.907172    
   331.6619       109.7214       2.827363    
   336.6017       110.2016       2.741799    
   341.4941       110.9267       2.649826    
   346.3997       111.6047       2.556934    
   351.3318       112.1786       2.478209    
   356.3008       112.5386       2.428309    
   361.2956       112.6857       2.413286    
   366.2939       112.7768       2.432236    
   371.2916       112.8837       2.479347    
   376.2886       113.0050       2.545657    
   381.2849       113.1407       2.622947    
   386.2799       113.2963       2.710645    
   391.2732       113.4784       2.810737    
   396.2645       113.6848       2.921550    
   401.2549       113.9022       3.033126    
   406.2462       114.1088       3.129232    
   411.2407       114.2713       3.195642    
   416.2387       114.3611       3.225446    
   421.2385       114.3878       3.218843    
   426.2385       114.3907       3.179804    
   431.2385       114.4025       3.113851    
   436.2343       114.5140       3.028553    
   441.2233       114.7451       2.932802    
   446.2118       114.9823       2.834374    
   451.2035       115.1839       2.740291    
   456.1937       115.4022       2.659120    
   461.1783       115.6756       2.598091    
   466.1624       115.9556       2.556163    
   471.1551       116.1219       2.528446    
   476.1545       116.1607       2.511976    
   481.8401       116.1625       2.500017    
   489.3643       116.1625       2.489681    
   507.4286       116.1625       2.473138    
  -33.77417       104.4251       2.174802    
  -15.70986       104.4251       2.177461    
  -8.185690       104.4251       2.204970    
  -2.500000       104.4251       2.244253    
   2.481762       104.6212       2.293895    
   7.434425       105.0646       2.356889    
   12.38829       105.5015       2.427450    
   17.37068       105.7260       2.497210    
   22.36992       105.7805       2.557430    
   27.36889       105.8427       2.601963    
   32.36626       105.9463       2.628222    
   37.36148       106.0873       2.637290    
   42.35468       106.2567       2.633889    
   47.34677       106.4394       2.624645    
   52.33939       106.6157       2.615625    
   57.33461       106.7555       2.610856    
   62.33282       106.8356       2.611802    
   67.33237       106.8381       2.617534    
   72.33087       106.7651       2.625051    
   77.32610       106.6271       2.629665    
   82.31709       106.4332       2.625971    
   87.30524       106.2096       2.609243    
   92.29430       105.9952       2.576480    
   97.28818       105.8402       2.527118    
   102.2866       105.7715       2.463044    
   107.2863       105.7385       2.388061    
   112.2728       105.5501       2.308052    
   117.2255       105.1154       2.230353    
   122.1606       104.5929       2.163207    
   127.1186       104.1857       2.115007    
   132.1048       103.9569       2.094320    
   137.1018       103.8593       2.109630    
   142.1004       103.8897       2.167390    
   147.0855       104.1104       2.269220    
   152.0289       104.5803       2.409551    
   156.9416       105.1855       2.576600    
   161.8866       105.6393       2.755754    
   166.8759       105.8122       2.930177    
   171.8755       105.8165       3.082891    
   176.8751       105.7778       3.201624    
   181.8749       105.7587       3.279861    
   186.8749       105.7580       3.315892    
   191.8749       105.7582       3.312106    
   196.8749       105.7583       3.274998    
   201.8749       105.7583       3.216167    
   206.8749       105.7581       3.150548    
   211.8749       105.7598       3.090728    
   216.8748       105.7755       3.042960    
   221.8745       105.8157       3.008876    
   226.8739       105.8626       2.986838    
   231.8736       105.8647       2.973658    
   236.8703       105.7647       2.966244    
   241.8605       105.5654       2.962089    
   246.8531       105.4078       2.959627    
   251.8497       105.4444       2.957952    
   256.8403       105.6394       2.957286    
   261.8292       105.8553       2.959453    
   266.8226       106.0188       2.967389    
   271.8200       106.1179       2.984408    
   276.8195       106.1492       3.012915    
   281.8193       106.1298       3.052773    
   286.8188       106.0846       3.100405    
   291.8181       106.0275       3.149144    
   296.8170       105.9610       3.190572    
   301.8156       105.8824       3.216088    
   306.8141       105.8068       3.218901    
   311.8136       105.7796       3.196142    
   316.8123       105.7321       3.149460    
   321.7794       105.4215       3.084367    
   326.7076       104.8732       3.007642    
   331.6619       104.6877       2.923969    
   336.6017       105.1322       2.835456    
   341.4941       105.8034       2.744994    
   346.3997       106.4309       2.657836    
   351.3318       106.9622       2.583954    
   356.3008       107.2954       2.533168    
   361.2956       107.4315       2.511534    
   366.2939       107.5159       2.520502    
   371.2916       107.6148       2.557264    
   376.2886       107.7271       2.616253    
   381.2849       107.8528       2.691747    
   386.2799       107.9968       2.780240    
   391.2732       108.1653       2.878741    
   396.2645       108.3564       2.982461    
   401.2549       108.5576       3.083235    
   406.2462       108.7488       3.170227    
   411.2407       108.8992       3.233327    
   416.2387       108.9823       3.266392    
   421.2385       109.0071       3.268183    
   426.2385       109.0098       3.240817    
   431.2385       109.0207       3.188582    
   436.2343       109.1239       3.118103    
   441.2233       109.3378       3.037627    
   446.2118       109.5574       2.954350    
   451.2035       109.7439       2.873318    
   456.1937       109.9460       2.799427    
   461.1783       110.1991       2.737603    
   466.1624       110.4583       2.688562    
   471.1551       110.6122       2.649595    
   476.1545       110.6481       2.618967    
   481.8401       110.6497       2.591317    
   489.3643       110.6497       2.564022    
   507.4286       110.6497       2.520343    
  -33.77417       98.76926       2.225286    
  -15.70986       98.76926       2.250289    
  -8.185690       98.76926       2.282646    
  -2.500000       98.76926       2.321680    
   2.481762       98.94752       2.366763    
   7.434425       99.35075       2.420688    
   12.38829       99.74802       2.479148    
   17.37068       99.95215       2.536965    
   22.36992       100.0017       2.588736    
   27.36889       100.0582       2.629874    
   32.36626       100.1525       2.658083    
   37.36148       100.2807       2.673538    
   42.35468       100.4347       2.678437    
   47.34677       100.6009       2.676318    
   52.33939       100.7612       2.670884    
   57.33461       100.8883       2.664868    
   62.33282       100.9611       2.659384    
   67.33237       100.9634       2.653974    
   72.33087       100.8971       2.646973    
   77.32610       100.7716       2.635793    
   82.31709       100.5952       2.617455    
   87.30524       100.3919       2.589354    
   92.29430       100.1970       2.549936    
   97.28818       100.0560       2.499316    
   102.2866       99.99355       2.439531    
   107.2863       99.96349       2.374195    
   112.2728       99.79222       2.308395    
   117.2255       99.39693       2.248275    
   122.1606       98.92178       2.200775    
   127.1186       98.55151       2.173186    
   132.1048       98.34343       2.172664    
   137.1018       98.25465       2.205193    
   142.1004       98.28233       2.274260    
   147.0855       98.48299       2.379503    
   152.0289       98.91029       2.515226    
   156.9416       99.46066       2.671681    
   161.8866       99.87329       2.838067    
   166.8759       100.0306       3.002107    
   171.8755       100.0344       3.150448    
   176.8751       99.99930       3.272188    
   181.8749       99.98188       3.360259    
   186.8749       99.98126       3.411649    
   191.8749       99.98149       3.427383    
   196.8749       99.98150       3.412613    
   201.8749       99.98149       3.376107    
   206.8749       99.98139       3.328412    
   211.8749       99.98287       3.278976    
   216.8748       99.99718       3.234130    
   221.8745       100.0337       3.197059    
   226.8739       100.0764       3.168370    
   231.8736       100.0783       3.147097    
   236.8703       99.98734       3.131780    
   241.8605       99.80609       3.121074    
   246.8531       99.66279       3.114238    
   251.8497       99.69608       3.110892    
   256.8403       99.87341       3.111090    
   261.8292       100.0697       3.115689    
   266.8226       100.2184       3.126024    
   271.8200       100.3085       3.143282    
   276.8195       100.3370       3.167761    
   281.8193       100.3194       3.198179    
   286.8188       100.2782       3.231309    
   291.8181       100.2263       3.262158    
   296.8170       100.1659       3.284875    
   301.8156       100.0944       3.293815    
   306.8141       100.0256       3.284713    
   311.8136       100.0009       3.255713    
   316.8123       99.95772       3.207727    
   321.7794       99.67523       3.144145    
   326.7076       99.17667       3.069560    
   331.6619       99.00801       2.987975    
   336.6017       99.41222       2.903137    
   341.4941       100.0225       2.819129    
   346.3997       100.5932       2.740213    
   351.3318       101.0763       2.673127    
   356.3008       101.3793       2.624762    
   361.2956       101.5031       2.600374    
   366.2939       101.5798       2.602295    
   371.2916       101.6697       2.629639    
   376.2886       101.7719       2.679200    
   381.2849       101.8861       2.746744    
   386.2799       102.0170       2.827908    
   391.2732       102.1703       2.917795    
   396.2645       102.3440       3.010575    
   401.2549       102.5270       3.099319    
   406.2462       102.7009       3.176344    
   411.2407       102.8377       3.234539    
   416.2387       102.9132       3.269080    
   421.2385       102.9358       3.278230    
   426.2385       102.9382       3.262782    
   431.2385       102.9481       3.225570    
   436.2343       103.0419       3.171559    
   441.2233       103.2365       3.107171    
   446.2118       103.4361       3.038447    
   451.2035       103.6058       2.970236    
   456.1937       103.7895       2.906000    
   461.1783       104.0197       2.847689    
   466.1624       104.2553       2.796336    
   471.1551       104.3953       2.752205    
   476.1545       104.4279       2.714614    
   481.8401       104.4295       2.677816    
   489.3643       104.4295       2.638038    
   507.4286       104.4295       2.569854    
  -33.77417       92.28692       2.276747    
  -15.70986       92.28692       2.316777    
  -8.185690       92.28692       2.350108    
  -2.500000       92.28692       2.385900    
   2.481762       92.44483       2.424631    
   7.434425       92.80198       2.468843    
   12.38829       93.15384       2.515768    
   17.37068       93.33465       2.562045    
   22.36992       93.37855       2.604295    
   27.36889       93.42858       2.639546    
   32.36626       93.51208       2.665830    
   37.36148       93.62569       2.682779    
   42.35468       93.76205       2.691344    
   47.34677       93.90923       2.693043    
   52.33939       94.05121       2.689600    
   57.33461       94.16380       2.682585    
   62.33282       94.22831       2.672845    
   67.33237       94.23037       2.660262    
   72.33087       94.17159       2.643985    
   77.32610       94.06042       2.622795    
   82.31709       93.90422       2.595468    
   87.30524       93.72411       2.561094    
   92.29430       93.55146       2.519365    
   97.28818       93.42661       2.470997    
   102.2866       93.37131       2.418130    
   107.2863       93.34469       2.364246    
   112.2728       93.19299       2.313881    
   117.2255       92.84286       2.272081    
   122.1606       92.42202       2.244238    
   127.1186       92.09407       2.236008    
   132.1048       91.90976       2.252672    
   137.1018       91.83113       2.297958    
   142.1004       91.85565       2.373327    
   147.0855       92.03337       2.477257    
   152.0289       92.41184       2.604384    
   156.9416       92.89931       2.746931    
   161.8866       93.26480       2.897232    
   166.8759       93.40413       3.046635    
   171.8755       93.40750       3.185102    
   176.8751       93.37640       3.303848    
   181.8749       93.36098       3.396472    
   186.8749       93.36044       3.459490    
   191.8749       93.36063       3.492613    
   196.8749       93.36064       3.498915    
   201.8749       93.36063       3.484253    
   206.8749       93.36054       3.455877    
   211.8749       93.36186       3.420803    
   216.8748       93.37454       3.384585    
   221.8745       93.40688       3.350903    
   226.8739       93.44470       3.321623    
   231.8736       93.44635       3.297280    
   236.8703       93.36582       3.277742    
   241.8605       93.20527       3.262776    
   246.8531       93.07835       3.252349    
   251.8497       93.10783       3.246356    
   256.8403       93.26490       3.244650    
   261.8292       93.43874       3.247361    
   266.8226       93.57047       3.254744    
   271.8200       93.65030       3.266785    
   276.8195       93.67554       3.282831    
   281.8193       93.65989       3.301281    
   286.8188       93.62345       3.319452    
   291.8181       93.57744       3.333720    
   296.8170       93.52392       3.340132    
   301.8156       93.46066       3.335110    
   306.8141       93.39973       3.316086    
   311.8136       93.37785       3.281982    
   316.8123       93.33959       3.233412    
   321.7794       93.08938       3.172684    
   326.7076       92.64779       3.103025    
   331.6619       92.49840       3.027605    
   336.6017       92.85643       2.950566    
   341.4941       93.39696       2.875972    
   346.3997       93.90244       2.806967    
   351.3318       94.33030       2.748145    
   356.3008       94.59869       2.704408    
   361.2956       94.70834       2.679998    
   366.2939       94.77627       2.677279    
   371.2916       94.85593       2.696245    
   376.2886       94.94642       2.735119    
   381.2849       95.04758       2.790885    
   386.2799       95.16358       2.859546    
   391.2732       95.29931       2.936138    
   396.2645       95.45317       3.015010    
   401.2549       95.61526       3.090284    
   406.2462       95.76926       3.156327    
   411.2407       95.89043       3.208229    
   416.2387       95.95733       3.242381    
   421.2385       95.97731       3.257003    
   426.2385       95.97943       3.252166    
   431.2385       95.98818       3.229564    
   436.2343       96.07135       3.192279    
   441.2233       96.24365       3.144444    
   446.2118       96.42047       3.090704    
   451.2035       96.57073       3.035360    
   456.1937       96.73344       2.981186    
   461.1783       96.93733       2.929571    
   466.1624       97.14609       2.881209    
   471.1551       97.27006       2.836536    
   476.1545       97.29897       2.796444    
   481.8401       97.30029       2.756052    
   489.3643       97.30029       2.709478    
   507.4286       97.30029       2.620182    
  -33.77417       84.70639       2.327298    
  -15.70986       84.70639       2.374596    
  -8.185690       84.70639       2.406220    
  -2.500000       84.70639       2.437207    
   2.481762       84.84047       2.469150    
   7.434425       85.14374       2.504485    
   12.38829       85.44250       2.541203    
   17.37068       85.59602       2.577241    
   22.36992       85.63330       2.610366    
   27.36889       85.67580       2.638707    
   32.36626       85.74669       2.660953    
   37.36148       85.84315       2.676286    
   42.35468       85.95895       2.684943    
   47.34677       86.08392       2.687637    
   52.33939       86.20448       2.684854    
   57.33461       86.30008       2.677113    
   62.33282       86.35486       2.665022    
   67.33237       86.35661       2.648861    
   72.33087       86.30669       2.628407    
   77.32610       86.21230       2.603221    
   82.31709       86.07966       2.573045    
   87.30524       85.92673       2.538010    
   92.29430       85.78013       2.498677    
   97.28818       85.67411       2.456234    
   102.2866       85.62716       2.412840    
   107.2863       85.60456       2.371680    
   112.2728       85.47575       2.336674    
   117.2255       85.17844       2.311813    
   122.1606       84.82110       2.300970    
   127.1186       84.54264       2.308103    
   132.1048       84.38613       2.336754    
   137.1018       84.31937       2.389007    
   142.1004       84.34019       2.465146    
   147.0855       84.49109       2.563220    
   152.0289       84.81246       2.678542    
   156.9416       85.22638       2.805095    
   161.8866       85.53673       2.937539    
   166.8759       85.65503       3.069878    
   171.8755       85.65790       3.194880    
   176.8751       85.63148       3.306039    
   181.8749       85.61840       3.398171    
   186.8749       85.61794       3.467912    
   191.8749       85.61810       3.514136    
   196.8749       85.61810       3.538113    
   201.8749       85.61810       3.543183    
   206.8749       85.61802       3.533909    
   211.8749       85.61914       3.515148    
   216.8748       85.62991       3.491254    
   221.8745       85.65736       3.465657    
   226.8739       85.68948       3.440704    
   231.8736       85.69088       3.417809    
   236.8703       85.62250       3.397759    
   241.8605       85.48617       3.381063    
   246.8531       85.37840       3.368071    
   251.8497       85.40344       3.358887    
   256.8403       85.53680       3.353417    
   261.8292       85.68442       3.351493    
   266.8226       85.79627       3.352809    
   271.8200       85.86406       3.356755    
   276.8195       85.88549       3.362319    
   281.8193       85.87220       3.368037    
   286.8188       85.84126       3.371959    
   291.8181       85.80219       3.371718    
   296.8170       85.75674       3.364807    
   301.8156       85.70303       3.349010    
   306.8141       85.65130       3.322778    
   311.8136       85.63272       3.285518    
   316.8123       85.60023       3.237741    
   321.7794       85.38776       3.181170    
   326.7076       85.01280       3.118088    
   331.6619       84.88596       3.050806    
   336.6017       85.18996       2.983231    
   341.4941       85.64894       2.918959    
   346.3997       86.07815       2.860225    
   351.3318       86.44146       2.810157    
   356.3008       86.66934       2.772112    
   361.2956       86.76245       2.749174    
   366.2939       86.82014       2.743335    
   371.2916       86.88777       2.755009    
   376.2886       86.96461       2.783290    
   381.2849       87.05051       2.826091    
   386.2799       87.14902       2.880164    
   391.2732       87.26426       2.941249    
   396.2645       87.39491       3.004546    
   401.2549       87.53254       3.065387    
   406.2462       87.66331       3.119706    
   411.2407       87.76619       3.164110    
   416.2387       87.82300       3.195923    
   421.2385       87.83997       3.213629    
   426.2385       87.84176       3.217087    
   431.2385       87.84920       3.207090    
   436.2343       87.91981       3.185167    
   441.2233       88.06612       3.153951    
   446.2118       88.21626       3.116463    
   451.2035       88.34385       3.075161    
   456.1937       88.48203       3.032320    
   461.1783       88.65514       2.989682    
   466.1624       88.83239       2.947875    
   471.1551       88.93765       2.907312    
   476.1545       88.96221       2.868565    
   481.8401       88.96335       2.827298    
   489.3643       88.96335       2.776958    
   507.4286       88.96335       2.666808    
  -33.77417       75.60016       2.374023    
  -15.70986       75.60016       2.423271    
  -8.185690       75.60016       2.451897    
  -2.500000       75.60016       2.478184    
   2.481762       75.70561       2.504166    
   7.434425       75.94414       2.532002    
   12.38829       76.17914       2.560414    
   17.37068       76.29989       2.587947    
   22.36992       76.32921       2.613315    
   27.36889       76.36263       2.635175    
   32.36626       76.41840       2.652653    
   37.36148       76.49427       2.665153    
   42.35468       76.58534       2.672279    
   47.34677       76.68364       2.674247    
   52.33939       76.77846       2.671396    
   57.33461       76.85366       2.663806    
   62.33282       76.89674       2.651677    
   67.33237       76.89812       2.635431    
   72.33087       76.85886       2.615342    
   77.32610       76.78461       2.591446    
   82.31709       76.68029       2.563863    
   87.30524       76.56001       2.533113    
   92.29430       76.44469       2.500170    
   97.28818       76.36131       2.466475    
   102.2866       76.32438       2.434081    
   107.2863       76.30660       2.405676    
   112.2728       76.20528       2.384383    
   117.2255       75.97144       2.373203    
   122.1606       75.69038       2.374813    
   127.1186       75.47135       2.391812    
   132.1048       75.34826       2.426382    
   137.1018       75.29574       2.479547    
   142.1004       75.31212       2.551059    
   147.0855       75.43081       2.639113    
   152.0289       75.68358       2.739997    
   156.9416       76.00915       2.849327    
   161.8866       76.25325       2.963568    
   166.8759       76.34630       3.078543    
   171.8755       76.34855       3.188934    
   176.8751       76.32778       3.289967    
   181.8749       76.31749       3.377660    
   186.8749       76.31712       3.449126    
   191.8749       76.31725       3.502948    
   196.8749       76.31725       3.539262    
   201.8749       76.31725       3.559616    
   206.8749       76.31718       3.566565    
   211.8749       76.31807       3.563186    
   216.8748       76.32654       3.552592    
   221.8745       76.34814       3.537580    
   226.8739       76.37340       3.520387    
   231.8736       76.37450       3.502632    
   236.8703       76.32071       3.485410    
   241.8605       76.21349       3.469473    
   246.8531       76.12872       3.455327    
   251.8497       76.14841       3.443331    
   256.8403       76.25331       3.433662    
   261.8292       76.36942       3.426226    
   266.8226       76.45739       3.420644    
   271.8200       76.51070       3.416216    
   276.8195       76.52757       3.411937    
   281.8193       76.51711       3.406592    
   286.8188       76.49277       3.398838    
   291.8181       76.46204       3.387247    
   296.8170       76.42630       3.370396    
   301.8156       76.38405       3.347024    
   306.8141       76.34336       3.316247    
   311.8136       76.32875       3.277759    
   316.8123       76.30320       3.231992    
   321.7794       76.13609       3.180270    
   326.7076       75.84116       3.124205    
   331.6619       75.74139       3.065373    
   336.6017       75.98050       3.007120    
   341.4941       76.34151       2.952429    
   346.3997       76.67910       2.902892    
   351.3318       76.96486       2.860660    
   356.3008       77.14410       2.827937    
   361.2956       77.21733       2.806802    
   366.2939       77.26270       2.798760    
   371.2916       77.31591       2.804351    
   376.2886       77.37634       2.823126    
   381.2849       77.44391       2.853628    
   386.2799       77.52139       2.893399    
   391.2732       77.61202       2.939165    
   396.2645       77.71479       2.987289    
   401.2549       77.82304       3.034327    
   406.2462       77.92590       3.077331    
   411.2407       78.00681       3.113858    
   416.2387       78.05150       3.142005    
   421.2385       78.06484       3.160637    
   426.2385       78.06626       3.169365    
   431.2385       78.07211       3.168431    
   436.2343       78.12765       3.158930    
   441.2233       78.24273       3.142429    
   446.2118       78.36082       3.120110    
   451.2035       78.46117       3.093285    
   456.1937       78.56985       3.063525    
   461.1783       78.70601       3.031996    
   466.1624       78.84543       2.999665    
   471.1551       78.92822       2.966970    
   476.1545       78.94754       2.933985    
   481.8401       78.94843       2.896147    
   489.3643       78.94843       2.844995    
   507.4286       78.94843       2.700830    
  -33.77417       56.32260       2.440592    
  -15.70986       56.32260       2.487606    
  -8.185690       56.32260       2.511687    
  -2.500000       56.32260       2.531555    
   2.481762       56.36747       2.549980    
   7.434425       56.46896       2.568504    
   12.38829       56.56895       2.586579    
   17.37068       56.62033       2.603675    
   22.36992       56.63280       2.619157    
   27.36889       56.64702       2.632603    
   32.36626       56.67075       2.643493    
   37.36148       56.70303       2.651643    
   42.35468       56.74178       2.656779    
   47.34677       56.78361       2.658509    
   52.33939       56.82395       2.657060    
   57.33461       56.85595       2.652575    
   62.33282       56.87428       2.644712    
   67.33237       56.87487       2.633536    
   72.33087       56.85816       2.619763    
   77.32610       56.82657       2.604139    
   82.31709       56.78218       2.587109    
   87.30524       56.73100       2.569135    
   92.29430       56.68194       2.551041    
   97.28818       56.64646       2.534058    
   102.2866       56.63075       2.519695    
   107.2863       56.62318       2.509592    
   112.2728       56.58007       2.505404    
   117.2255       56.48058       2.508662    
   122.1606       56.36099       2.520825    
   127.1186       56.26780       2.543413    
   132.1048       56.21542       2.577583    
   137.1018       56.19307       2.623683    
   142.1004       56.20005       2.681331    
   147.0855       56.25055       2.749249    
   152.0289       56.35809       2.825043    
   156.9416       56.49662       2.906233    
   161.8866       56.60048       2.991338    
   166.8759       56.64007       3.078358    
   171.8755       56.64103       3.164253    
   176.8751       56.63219       3.246238    
   181.8749       56.62782       3.321849    
   186.8749       56.62766       3.389037    
   191.8749       56.62771       3.446386    
   196.8749       56.62772       3.493160    
   201.8749       56.62771       3.529299    
   206.8749       56.62769       3.555342    
   211.8749       56.62806       3.572286    
   216.8748       56.63167       3.581400    
   221.8745       56.64086       3.584054    
   226.8739       56.65160       3.581588    
   231.8736       56.65207       3.575220    
   236.8703       56.62919       3.566005    
   241.8605       56.58356       3.554818    
   246.8531       56.54750       3.542312    
   251.8497       56.55588       3.528978    
   256.8403       56.60051       3.515137    
   261.8292       56.64991       3.500834    
   266.8226       56.68734       3.485889    
   271.8200       56.71003       3.469972    
   276.8195       56.71720       3.452644    
   281.8193       56.71275       3.433414    
   286.8188       56.70240       3.411795    
   291.8181       56.68932       3.387356    
   296.8170       56.67411       3.359753    
   301.8156       56.65614       3.328767    
   306.8141       56.63882       3.294328    
   311.8136       56.63261       3.256573    
   316.8123       56.62173       3.215912    
   321.7794       56.55063       3.173113    
   326.7076       56.42514       3.128804    
   331.6619       56.38269       3.083372    
   336.6017       56.48443       3.038963    
   341.4941       56.63803       2.997500    
   346.3997       56.78168       2.959803    
   351.3318       56.90327       2.927094    
   356.3008       56.97953       2.900552    
   361.2956       57.01069       2.881294    
   366.2939       57.02999       2.870180    
   371.2916       57.05263       2.867534    
   376.2886       57.07835       2.873140    
   381.2849       57.10709       2.886248    
   386.2799       57.14006       2.905643    
   391.2732       57.17862       2.929818    
   396.2645       57.22235       2.957153    
   401.2549       57.26841       2.985944    
   406.2462       57.31217       3.014387    
   411.2407       57.34660       3.040848    
   416.2387       57.36561       3.064160    
   421.2385       57.37129       3.083409    
   426.2385       57.37189       3.097751    
   431.2385       57.37438       3.107016    
   436.2343       57.39801       3.111533    
   441.2233       57.44698       3.111266    
   446.2118       57.49723       3.106537    
   451.2035       57.53992       3.098273    
   456.1937       57.58617       3.087223    
   461.1783       57.64410       3.074243    
   466.1624       57.70342       3.060169    
   471.1551       57.73865       3.045969    
   476.1545       57.74687       3.032719    
   481.8401       57.74725       3.019625    
   489.3643       57.74725       3.007683    
   507.4286       57.74725       2.892768    
