        1545
  -33.77417       136.6885       2.192981    
  -15.70986       136.6885       2.010703    
  -8.185690       136.6885       1.911391    
  -2.500000       136.6885       1.933368    
   2.481762       136.9860       1.932414    
   7.434425       137.6588       1.679178    
   12.38829       138.3216       1.628499    
   17.37068       138.6622       1.491002    
   22.36992       138.7449       1.571537    
   27.36889       138.8391       1.482099    
   32.36626       138.9964       1.484729    
   37.36148       139.2104       1.509211    
   42.35468       139.4673       1.647844    
   47.34677       139.7446       1.724994    
   52.33939       140.0120       1.700303    
   57.33461       140.2241       1.694077    
   62.33282       140.3456       1.534319    
   67.33237       140.3495       1.585458    
   72.33087       140.2388       1.541208    
   77.32610       140.0294       1.682295    
   82.31709       139.7351       1.636485    
   87.30524       139.3958       1.729346    
   92.29430       139.0706       1.701316    
   97.28818       138.8354       1.612192    
   102.2866       138.7312       1.620175    
   107.2863       138.6811       1.557526    
   112.2728       138.3953       1.542467    
   117.2255       137.7357       1.570398    
   122.1606       136.9430       1.603727    
   127.1186       136.3252       1.576906    
   132.1048       135.9780       1.470410    
   137.1018       135.8299       1.435184    
   142.1004       135.8761       1.412599    
   147.0855       136.2108       1.508313    
   152.0289       136.9238       1.648638    
   156.9416       137.8421       1.638635    
   161.8866       138.5306       1.628309    
   166.8759       138.7930       1.646264    
   171.8755       138.7994       1.583313    
   176.8751       138.7408       1.525936    
   181.8749       138.7118       1.500832    
   186.8749       138.7108       1.454859    
   191.8749       138.7111       1.461743    
   196.8749       138.7112       1.435559    
   201.8749       138.7111       1.477097    
   206.8749       138.7109       1.462349    
   211.8749       138.7134       1.487880    
   216.8748       138.7373       1.518249    
   221.8745       138.7983       1.439839    
   226.8739       138.8695       1.538566    
   231.8736       138.8726       1.370627    
   236.8703       138.7209       1.325594    
   241.8605       138.4185       1.309054    
   246.8531       138.1794       1.513583    
   251.8497       138.2349       1.470708    
   256.8403       138.5308       1.523718    
   261.8292       138.8582       1.503650    
   266.8226       139.1064       1.547501    
   271.8200       139.2568       1.607401    
   276.8195       139.3043       1.568445    
   281.8193       139.2749       1.568904    
   286.8188       139.2062       1.522620    
   291.8181       139.1195       1.460589    
   296.8170       139.0187       1.447264    
   301.8156       138.8996       1.434411    
   306.8141       138.7848       1.561125    
   311.8136       138.7435       1.556302    
   316.8123       138.6715       1.518202    
   321.7794       138.2001       1.448985    
   326.7076       137.3683       1.613424    
   331.6619       137.0869       1.650224    
   336.6017       137.7613       1.498162    
   341.4941       138.7795       1.536941    
   346.3997       139.7317       1.786482    
   351.3318       140.5377       1.528251    
   356.3008       141.0433       1.750042    
   361.2956       141.2499       1.548452    
   366.2939       141.3779       1.490228    
   371.2916       141.5279       1.365355    
   376.2886       141.6984       1.370180    
   381.2849       141.8889       1.464697    
   386.2799       142.1075       1.386692    
   391.2732       142.3631       1.425159    
   396.2645       142.6530       1.414764    
   401.2549       142.9583       1.373163    
   406.2462       143.2484       1.205002    
   411.2407       143.4767       1.131233    
   416.2387       143.6027       1.165746    
   421.2385       143.6403       1.091102    
   426.2385       143.6443       1.082422    
   431.2385       143.6608       1.080660    
   436.2343       143.8174       1.280827    
   441.2233       144.1421       1.239511    
   446.2118       144.4751       1.134839    
   451.2035       144.7582       1.058062    
   456.1937       145.0647       1.113826    
   461.1783       145.4488       1.337993    
   466.1624       145.8420       1.487786    
   471.1551       146.0755       1.688141    
   476.1545       146.1300       1.794122    
   481.8401       146.1326       1.968733    
   489.3643       146.1326       2.141225    
   507.4286       146.1326       2.374665    
  -33.77417       134.0858       2.195191    
  -15.70986       134.0858       2.013552    
  -8.185690       134.0858       1.902069    
  -2.500000       134.0858       1.812672    
   2.481762       134.3752       1.701854    
   7.434425       135.0294       1.486533    
   12.38829       135.6740       1.398266    
   17.37068       136.0052       1.335048    
   22.36992       136.0857       1.328969    
   27.36889       136.1774       1.305752    
   32.36626       136.3303       1.307025    
   37.36148       136.5384       1.334281    
   42.35468       136.7882       1.394117    
   47.34677       137.0579       1.459017    
   52.33939       137.3180       1.461494    
   57.33461       137.5242       1.437836    
   62.33282       137.6424       1.370544    
   67.33237       137.6462       1.375847    
   72.33087       137.5385       1.341367    
   77.32610       137.3349       1.447831    
   82.31709       137.0487       1.495162    
   87.30524       136.7188       1.525235    
   92.29430       136.4025       1.442168    
   97.28818       136.1738       1.391279    
   102.2866       136.0724       1.389958    
   107.2863       136.0237       1.317860    
   112.2728       135.7457       1.290511    
   117.2255       135.1043       1.311098    
   122.1606       134.3334       1.431044    
   127.1186       133.7326       1.460313    
   132.1048       133.3949       1.464159    
   137.1018       133.2509       1.447136    
   142.1004       133.2958       1.410827    
   147.0855       133.6214       1.390322    
   152.0289       134.3147       1.464910    
   156.9416       135.2077       1.379271    
   161.8866       135.8773       1.414559    
   166.8759       136.1325       1.375117    
   171.8755       136.1387       1.335689    
   176.8751       136.0817       1.296511    
   181.8749       136.0535       1.209120    
   186.8749       136.0525       1.183524    
   191.8749       136.0529       1.167621    
   196.8749       136.0529       1.192980    
   201.8749       136.0529       1.210792    
   206.8749       136.0527       1.234640    
   211.8749       136.0551       1.266102    
   216.8748       136.0783       1.241255    
   221.8745       136.1376       1.262663    
   226.8739       136.2069       1.222234    
   231.8736       136.2099       1.076998    
   236.8703       136.0623       1.163737    
   241.8605       135.7682       1.175641    
   246.8531       135.5358       1.256632    
   251.8497       135.5898       1.194012    
   256.8403       135.8775       1.333295    
   261.8292       136.1960       1.298493    
   266.8226       136.4373       1.221370    
   271.8200       136.5835       1.314255    
   276.8195       136.6297       1.366821    
   281.8193       136.6011       1.276056    
   286.8188       136.5343       1.262316    
   291.8181       136.4500       1.220634    
   296.8170       136.3520       1.211943    
   301.8156       136.2361       1.234379    
   306.8141       136.1245       1.295863    
   311.8136       136.0844       1.117980    
   316.8123       136.0143       1.473868    
   321.7794       135.5559       1.516936    
   326.7076       134.7469       1.553857    
   331.6619       134.4733       1.386184    
   336.6017       135.1292       1.369039    
   341.4941       136.1194       1.490429    
   346.3997       137.0454       1.542381    
   351.3318       137.8293       1.354120    
   356.3008       138.3209       1.495918    
   361.2956       138.5218       1.394714    
   366.2939       138.6463       1.467978    
   371.2916       138.7922       1.332984    
   376.2886       138.9579       1.324904    
   381.2849       139.1433       1.360973    
   386.2799       139.3558       1.525247    
   391.2732       139.6044       1.387120    
   396.2645       139.8863       1.221450    
   401.2549       140.1832       1.378687    
   406.2462       140.4654       1.221237    
   411.2407       140.6873       1.119244    
   416.2387       140.8099       1.152978    
   421.2385       140.8465       1.223239    
   426.2385       140.8504       1.260674    
   431.2385       140.8664       1.246031    
   436.2343       141.0188       1.340719    
   441.2233       141.3345       1.308216    
   446.2118       141.6584       1.215707    
   451.2035       141.9337       1.177176    
   456.1937       142.2318       1.260156    
   461.1783       142.6053       1.435942    
   466.1624       142.9877       1.555593    
   471.1551       143.2148       1.687890    
   476.1545       143.2677       1.807760    
   481.8401       143.2702       1.982129    
   489.3643       143.2702       2.149271    
   507.4286       143.2702       2.376691    
  -33.77417       131.3152       2.198691    
  -15.70986       131.3152       2.021040    
  -8.185690       131.3152       1.902764    
  -2.500000       131.3152       1.782732    
   2.481762       131.5958       1.645963    
   7.434425       132.2304       1.474967    
   12.38829       132.8556       1.383009    
   17.37068       133.1768       1.344700    
   22.36992       133.2549       1.337373    
   27.36889       133.3438       1.334726    
   32.36626       133.4921       1.347323    
   37.36148       133.6940       1.377040    
   42.35468       133.9363       1.420348    
   47.34677       134.1978       1.467380    
   52.33939       134.4500       1.471432    
   57.33461       134.6501       1.443841    
   62.33282       134.7647       1.412121    
   67.33237       134.7684       1.415412    
   72.33087       134.6640       1.409339    
   77.32610       134.4664       1.480208    
   82.31709       134.1889       1.541904    
   87.30524       133.8689       1.552398    
   92.29430       133.5621       1.471631    
   97.28818       133.3403       1.411135    
   102.2866       133.2420       1.393954    
   107.2863       133.1947       1.346485    
   112.2728       132.9252       1.310855    
   117.2255       132.3031       1.319594    
   122.1606       131.5553       1.407587    
   127.1186       130.9726       1.458403    
   132.1048       130.6451       1.489841    
   137.1018       130.5054       1.483973    
   142.1004       130.5490       1.451760    
   147.0855       130.8647       1.413381    
   152.0289       131.5372       1.430137    
   156.9416       132.4034       1.384795    
   161.8866       133.0527       1.410400    
   166.8759       133.3003       1.384653    
   171.8755       133.3063       1.348384    
   176.8751       133.2510       1.312269    
   181.8749       133.2236       1.246611    
   186.8749       133.2227       1.220853    
   191.8749       133.2231       1.204904    
   196.8749       133.2231       1.219732    
   201.8749       133.2231       1.228889    
   206.8749       133.2229       1.247492    
   211.8749       133.2252       1.261817    
   216.8748       133.2477       1.236026    
   221.8745       133.3052       1.246964    
   226.8739       133.3724       1.217639    
   231.8736       133.3753       1.153520    
   236.8703       133.2322       1.207729    
   241.8605       132.9470       1.210791    
   246.8531       132.7215       1.229415    
   251.8497       132.7738       1.225600    
   256.8403       133.0529       1.338766    
   261.8292       133.3618       1.327744    
   266.8226       133.5959       1.267188    
   271.8200       133.7377       1.315060    
   276.8195       133.7825       1.347972    
   281.8193       133.7548       1.280354    
   286.8188       133.6900       1.263934    
   291.8181       133.6082       1.252813    
   296.8170       133.5132       1.255743    
   301.8156       133.4008       1.270243    
   306.8141       133.2925       1.287146    
   311.8136       133.2536       1.228464    
   316.8123       133.1856       1.484403    
   321.7794       132.7410       1.545998    
   326.7076       131.9564       1.521744    
   331.6619       131.6910       1.392328    
   336.6017       132.3271       1.406166    
   341.4941       133.2876       1.498346    
   346.3997       134.1857       1.503169    
   351.3318       134.9460       1.404540    
   356.3008       135.4228       1.460354    
   361.2956       135.6176       1.431305    
   366.2939       135.7384       1.449532    
   371.2916       135.8799       1.384561    
   376.2886       136.0407       1.387886    
   381.2849       136.2204       1.404616    
   386.2799       136.4265       1.472141    
   391.2732       136.6677       1.401233    
   396.2645       136.9411       1.346728    
   401.2549       137.2291       1.441848    
   406.2462       137.5027       1.358821    
   411.2407       137.7180       1.298013    
   416.2387       137.8369       1.316623    
   421.2385       137.8724       1.361562    
   426.2385       137.8761       1.387218    
   431.2385       137.8917       1.388883    
   436.2343       138.0394       1.430030    
   441.2233       138.3456       1.402850    
   446.2118       138.6598       1.334664    
   451.2035       138.9268       1.308942    
   456.1937       139.2159       1.369996    
   461.1783       139.5782       1.494285    
   466.1624       139.9491       1.606250    
   471.1551       140.1694       1.728962    
   476.1545       140.2207       1.856700    
   481.8401       140.2231       2.011263    
   489.3643       140.2231       2.164085    
   507.4286       140.2231       2.381732    
  -33.77417       128.3538       2.204600    
  -15.70986       128.3538       2.034317    
  -8.185690       128.3538       1.921815    
  -2.500000       128.3538       1.803662    
   2.481762       128.6251       1.680040    
   7.434425       129.2386       1.547985    
   12.38829       129.8431       1.468366    
   17.37068       130.1537       1.440995    
   22.36992       130.2291       1.439811    
   27.36889       130.3151       1.448090    
   32.36626       130.4585       1.469542    
   37.36148       130.6536       1.500805    
   42.35468       130.8879       1.538113    
   47.34677       131.1408       1.571699    
   52.33939       131.3846       1.577599    
   57.33461       131.5780       1.562071    
   62.33282       131.6889       1.548688    
   67.33237       131.6924       1.553170    
   72.33087       131.5914       1.565244    
   77.32610       131.4005       1.613783    
   82.31709       131.1322       1.659023    
   87.30524       130.8228       1.661118    
   92.29430       130.5262       1.601408    
   97.28818       130.3116       1.543751    
   102.2866       130.2167       1.511905    
   107.2863       130.1709       1.472259    
   112.2728       129.9104       1.433926    
   117.2255       129.3089       1.428907    
   122.1606       128.5859       1.475769    
   127.1186       128.0226       1.516497    
   132.1048       127.7059       1.543557    
   137.1018       127.5708       1.543602    
   142.1004       127.6130       1.520912    
   147.0855       127.9183       1.499115    
   152.0289       128.5684       1.502885    
   156.9416       129.4059       1.495152    
   161.8866       130.0337       1.519581    
   166.8759       130.2731       1.514681    
   171.8755       130.2789       1.490057    
   176.8751       130.2254       1.459843    
   181.8749       130.1989       1.415809    
   186.8749       130.1980       1.390121    
   191.8749       130.1983       1.374328    
   196.8749       130.1983       1.374612    
   201.8749       130.1983       1.374746    
   206.8749       130.1982       1.380719    
   211.8749       130.2005       1.380863    
   216.8748       130.2222       1.360983    
   221.8745       130.2778       1.357392    
   226.8739       130.3428       1.342591    
   231.8736       130.3456       1.321382    
   236.8703       130.2072       1.343677    
   241.8605       129.9314       1.343692    
   246.8531       129.7134       1.353052    
   251.8497       129.7641       1.378851    
   256.8403       130.0339       1.455325    
   261.8292       130.3325       1.463747    
   266.8226       130.5588       1.435213    
   271.8200       130.6960       1.451441    
   276.8195       130.7393       1.460781    
   281.8193       130.7124       1.421450    
   286.8188       130.6498       1.406967    
   291.8181       130.5708       1.406937    
   296.8170       130.4788       1.416993    
   301.8156       130.3701       1.428457    
   306.8141       130.2655       1.437630    
   311.8136       130.2279       1.444474    
   316.8123       130.1622       1.582924    
   321.7794       129.7323       1.623634    
   326.7076       128.9738       1.593332    
   331.6619       128.7171       1.518142    
   336.6017       129.3322       1.524039    
   341.4941       130.2607       1.569896    
   346.3997       131.1291       1.567865    
   351.3318       131.8641       1.515790    
   356.3008       132.3251       1.521861    
   361.2956       132.5135       1.506831    
   366.2939       132.6302       1.499234    
   371.2916       132.7671       1.473252    
   376.2886       132.9225       1.484037    
   381.2849       133.0963       1.498028    
   386.2799       133.2955       1.530006    
   391.2732       133.5287       1.521684    
   396.2645       133.7930       1.525681    
   401.2549       134.0715       1.575606    
   406.2462       134.3360       1.544956    
   411.2407       134.5442       1.514663    
   416.2387       134.6591       1.517317    
   421.2385       134.6935       1.532482    
   426.2385       134.6971       1.539150    
   431.2385       134.7121       1.539925    
   436.2343       134.8550       1.548804    
   441.2233       135.1510       1.523521    
   446.2118       135.4547       1.477239    
   451.2035       135.7129       1.459910    
   456.1937       135.9924       1.500026    
   461.1783       136.3427       1.588249    
   466.1624       136.7012       1.687608    
   471.1551       136.9142       1.800683    
   476.1545       136.9639       1.920825    
   481.8401       136.9662       2.051657    
   489.3643       136.9662       2.187873    
   507.4286       136.9662       2.390191    
  -33.77417       125.1739       2.213505    
  -15.70986       125.1739       2.054549    
  -8.185690       125.1739       1.951373    
  -2.500000       125.1739       1.850626    
   2.481762       125.4352       1.748515    
   7.434425       126.0261       1.651633    
   12.38829       126.6083       1.590576    
   17.37068       126.9075       1.569103    
   22.36992       126.9801       1.572099    
   27.36889       127.0629       1.586916    
   32.36626       127.2010       1.611940    
   37.36148       127.3890       1.642572    
   42.35468       127.6146       1.675359    
   47.34677       127.8582       1.701774    
   52.33939       128.0931       1.711500    
   57.33461       128.2793       1.708869    
   62.33282       128.3861       1.707709    
   67.33237       128.3895       1.715682    
   72.33087       128.2923       1.733923    
   77.32610       128.1083       1.767771    
   82.31709       127.8499       1.795462    
   87.30524       127.5519       1.792946    
   92.29430       127.2662       1.750957    
   97.28818       127.0596       1.701728    
   102.2866       126.9681       1.662512    
   107.2863       126.9241       1.623487    
   112.2728       126.6731       1.585034    
   117.2255       126.0938       1.567861    
   122.1606       125.3975       1.584143    
   127.1186       124.8549       1.609946    
   132.1048       124.5499       1.628557    
   137.1018       124.4198       1.633111    
   142.1004       124.4603       1.623369    
   147.0855       124.7544       1.614959    
   152.0289       125.3806       1.625836    
   156.9416       126.1872       1.641724    
   161.8866       126.7919       1.671559    
   166.8759       127.0225       1.682322    
   171.8755       127.0280       1.672210    
   176.8751       126.9765       1.651741    
   181.8749       126.9510       1.622759    
   186.8749       126.9501       1.599399    
   191.8749       126.9505       1.583405    
   196.8749       126.9505       1.574365    
   201.8749       126.9505       1.567235    
   206.8749       126.9503       1.562942    
   211.8749       126.9525       1.554416    
   216.8748       126.9735       1.537460    
   221.8745       127.0270       1.527109    
   226.8739       127.0896       1.517549    
   231.8736       127.0923       1.510834    
   236.8703       126.9591       1.519228    
   241.8605       126.6934       1.522430    
   246.8531       126.4834       1.535977    
   251.8497       126.5322       1.567709    
   256.8403       126.7921       1.620836    
   261.8292       127.0797       1.638432    
   266.8226       127.2977       1.630944    
   271.8200       127.4297       1.634646    
   276.8195       127.4715       1.633311    
   281.8193       127.4456       1.612333    
   286.8188       127.3853       1.602964    
   291.8181       127.3092       1.606201    
   296.8170       127.2206       1.618203    
   301.8156       127.1160       1.630313    
   306.8141       127.0152       1.643053    
   311.8136       126.9790       1.664460    
   316.8123       126.9157       1.731378    
   321.7794       126.5017       1.751186    
   326.7076       125.7710       1.727374    
   331.6619       125.5238       1.680596    
   336.6017       126.1162       1.674145    
   341.4941       127.0106       1.688168    
   346.3997       127.8469       1.679002    
   351.3318       128.5549       1.645236    
   356.3008       128.9989       1.630235    
   361.2956       129.1804       1.613848    
   366.2939       129.2928       1.598563    
   371.2916       129.4245       1.589591    
   376.2886       129.5742       1.605923    
   381.2849       129.7417       1.626847    
   386.2799       129.9336       1.657352    
   391.2732       130.1582       1.679797    
   396.2645       130.4128       1.705375    
   401.2549       130.6809       1.737014    
   406.2462       130.9357       1.731732    
   411.2407       131.1362       1.718526    
   416.2387       131.2469       1.712097    
   421.2385       131.2800       1.710143    
   426.2385       131.2835       1.702557    
   431.2385       131.2979       1.694699    
   436.2343       131.4355       1.685320    
   441.2233       131.7207       1.661590    
   446.2118       132.0132       1.629973    
   451.2035       132.2618       1.619335    
   456.1937       132.5311       1.646374    
   461.1783       132.8684       1.709750    
   466.1624       133.2138       1.792633    
   471.1551       133.4189       1.890316    
   476.1545       133.4668       1.992091    
   481.8401       133.4690       2.102038    
   489.3643       133.4690       2.218616    
   507.4286       133.4690       2.401056    
  -33.77417       121.7413       2.224471    
  -15.70986       121.7413       2.081627    
  -8.185690       121.7413       1.993478    
  -2.500000       121.7413       1.910926    
   2.481762       121.9919       1.833746    
   7.434425       122.5584       1.763994    
   12.38829       123.1165       1.718149    
   17.37068       123.4034       1.703100    
   22.36992       123.4730       1.708470    
   27.36889       123.5524       1.725966    
   32.36626       123.6848       1.751679    
   37.36148       123.8650       1.779904    
   42.35468       124.0813       1.808778    
   47.34677       124.3148       1.832145    
   52.33939       124.5400       1.845893    
   57.33461       124.7186       1.852731    
   62.33282       124.8209       1.860319    
   67.33237       124.8242       1.871756    
   72.33087       124.7309       1.889424    
   77.32610       124.5546       1.912687    
   82.31709       124.3068       1.928955    
   87.30524       124.0211       1.924506    
   92.29430       123.7473       1.894113    
   97.28818       123.5492       1.852719    
   102.2866       123.4615       1.812405    
   107.2863       123.4193       1.773823    
   112.2728       123.1786       1.736037    
   117.2255       122.6232       1.712654    
   122.1606       121.9557       1.711048    
   127.1186       121.4355       1.720776    
   132.1048       121.1431       1.731159    
   137.1018       121.0183       1.737153    
   142.1004       121.0573       1.740100    
   147.0855       121.3392       1.746323    
   152.0289       121.9395       1.768816    
   156.9416       122.7128       1.796313    
   161.8866       123.2925       1.831860    
   166.8759       123.5135       1.853840    
   171.8755       123.5189       1.856362    
   176.8751       123.4696       1.846489    
   181.8749       123.4451       1.827963    
   186.8749       123.4443       1.808305    
   191.8749       123.4446       1.792874    
   196.8749       123.4446       1.779786    
   201.8749       123.4446       1.768921    
   206.8749       123.4444       1.758740    
   211.8749       123.4465       1.746190    
   216.8748       123.4666       1.730461    
   221.8745       123.5179       1.718143    
   226.8739       123.5779       1.709373    
   231.8736       123.5806       1.705447    
   236.8703       123.4528       1.709297    
   241.8605       123.1981       1.716403    
   246.8531       122.9968       1.732349    
   251.8497       123.0435       1.761790    
   256.8403       123.2927       1.800185    
   261.8292       123.5684       1.820996    
   266.8226       123.7774       1.825440    
   271.8200       123.9041       1.827807    
   276.8195       123.9441       1.825011    
   281.8193       123.9193       1.815052    
   286.8188       123.8614       1.810512    
   291.8181       123.7885       1.813911    
   296.8170       123.7036       1.824734    
   301.8156       123.6032       1.837161    
   306.8141       123.5066       1.850536    
   311.8136       123.4719       1.868320    
   316.8123       123.4112       1.897806    
   321.7794       123.0143       1.903007    
   326.7076       122.3138       1.883081    
   331.6619       122.0768       1.850231    
   336.6017       122.6448       1.833628    
   341.4941       123.5022       1.827759    
   346.3997       124.3040       1.812594    
   351.3318       124.9827       1.786404    
   356.3008       125.4084       1.763734    
   361.2956       125.5824       1.744299    
   366.2939       125.6901       1.729057    
   371.2916       125.8165       1.726989    
   376.2886       125.9600       1.745985    
   381.2849       126.1205       1.773078    
   386.2799       126.3045       1.805981    
   391.2732       126.5198       1.840190    
   396.2645       126.7639       1.871879    
   401.2549       127.0210       1.897007    
   406.2462       127.2653       1.902283    
   411.2407       127.4575       1.897237    
   416.2387       127.5636       1.888647    
   421.2385       127.5953       1.877576    
   426.2385       127.5986       1.861186    
   431.2385       127.6125       1.846766    
   436.2343       127.7445       1.829220    
   441.2233       128.0178       1.806327    
   446.2118       128.2982       1.784222    
   451.2035       128.5366       1.778237    
   456.1937       128.7948       1.797150    
   461.1783       129.1181       1.843205    
   466.1624       129.4493       1.908411    
   471.1551       129.6459       1.987535    
   476.1545       129.6918       2.070277    
   481.8401       129.6939       2.159080    
   489.3643       129.6939       2.255720    
   507.4286       129.6939       2.415626    
  -33.77417       118.0135       2.238729    
  -15.70986       118.0135       2.114233    
  -8.185690       118.0135       2.042647    
  -2.500000       118.0135       1.978746    
   2.481762       118.2522       1.922191    
   7.434425       118.7923       1.873728    
   12.38829       119.3243       1.842709    
   17.37068       119.5977       1.832283    
   22.36992       119.6640       1.839022    
   27.36889       119.7397       1.856293    
   32.36626       119.8660       1.880037    
   37.36148       120.0378       1.905982    
   42.35468       120.2439       1.931597    
   47.34677       120.4665       1.953720    
   52.33939       120.6811       1.971611    
   57.33461       120.8514       1.984527    
   62.33282       120.9489       1.996174    
   67.33237       120.9520       2.009311    
   72.33087       120.8632       2.024812    
   77.32610       120.6951       2.040465    
   82.31709       120.4589       2.048756    
   87.30524       120.1866       2.043522    
   92.29430       119.9255       2.021755    
   97.28818       119.7367       1.987949    
   102.2866       119.6531       1.950855    
   107.2863       119.6129       1.914788    
   112.2728       119.3835       1.879581    
   117.2255       118.8540       1.851799    
   122.1606       118.2177       1.841993    
   127.1186       117.7218       1.846218    
   132.1048       117.4431       1.850874    
   137.1018       117.3242       1.856036    
   142.1004       117.3613       1.868688    
   147.0855       117.6301       1.886012    
   152.0289       118.2023       1.912089    
   156.9416       118.9394       1.946883    
   161.8866       119.4921       1.988064    
   166.8759       119.7027       2.016145    
   171.8755       119.7078       2.027733    
   176.8751       119.6608       2.027130    
   181.8749       119.6375       2.017147    
   186.8749       119.6367       2.002858    
   191.8749       119.6370       1.988613    
   196.8749       119.6370       1.974588    
   201.8749       119.6370       1.962436    
   206.8749       119.6368       1.950130    
   211.8749       119.6388       1.936667    
   216.8748       119.6580       1.922256    
   221.8745       119.7069       1.910565    
   226.8739       119.7641       1.902594    
   231.8736       119.7666       1.899025    
   236.8703       119.6448       1.900954    
   241.8605       119.4020       1.909684    
   246.8531       119.2101       1.925634    
   251.8497       119.2547       1.950191    
   256.8403       119.4922       1.978627    
   261.8292       119.7551       1.999328    
   266.8226       119.9542       2.009442    
   271.8200       120.0750       2.014455    
   276.8195       120.1131       2.014404    
   281.8193       120.0895       2.010579    
   286.8188       120.0343       2.009086    
   291.8181       119.9648       2.012432    
   296.8170       119.8839       2.020633    
   301.8156       119.7882       2.031321    
   306.8141       119.6961       2.042574    
   311.8136       119.6630       2.052761    
   316.8123       119.6051       2.063408    
   321.7794       119.2268       2.060803    
   326.7076       118.5591       2.041601    
   331.6619       118.3332       2.015058    
   336.6017       118.8746       1.994165    
   341.4941       119.6919       1.978045    
   346.3997       120.4562       1.958548    
   351.3318       121.1031       1.932716    
   356.3008       121.5089       1.909041    
   361.2956       121.6748       1.889628    
   366.2939       121.7775       1.874558    
   371.2916       121.8979       1.874797    
   376.2886       122.0348       1.894224    
   381.2849       122.1877       1.921854    
   386.2799       122.3631       1.954865    
   391.2732       122.5684       1.990857    
   396.2645       122.8010       2.021128    
   401.2549       123.0461       2.042581    
   406.2462       123.2790       2.051994    
   411.2407       123.4621       2.051273    
   416.2387       123.5633       2.042044    
   421.2385       123.5935       2.027182    
   426.2385       123.5967       2.008536    
   431.2385       123.6100       1.990833    
   436.2343       123.7357       1.970275    
   441.2233       123.9963       1.949780    
   446.2118       124.2636       1.934292    
   451.2035       124.4909       1.931017    
   456.1937       124.7369       1.944380    
   461.1783       125.0452       1.977307    
   466.1624       125.3608       2.025942    
   471.1551       125.5482       2.086152    
   476.1545       125.5920       2.150840    
   481.8401       125.5940       2.220108    
   489.3643       125.5940       2.298087    
   507.4286       125.5940       2.433735    
  -33.77417       113.9358       2.256205    
  -15.70986       113.9358       2.153059    
  -8.185690       113.9358       2.096303    
  -2.500000       113.9358       2.049565    
   2.481762       114.1617       2.010146    
   7.434425       114.6728       1.978175    
   12.38829       115.1762       1.958041    
   17.37068       115.4350       1.952517    
   22.36992       115.4978       1.960422    
   27.36889       115.5694       1.976888    
   32.36626       115.6889       1.997824    
   37.36148       115.8514       2.020919    
   42.35468       116.0465       2.044786    
   47.34677       116.2571       2.066137    
   52.33939       116.4603       2.085911    
   57.33461       116.6214       2.102501    
   62.33282       116.7137       2.116412    
   67.33237       116.7167       2.129893    
   72.33087       116.6326       2.143436    
   77.32610       116.4735       2.153376    
   82.31709       116.2499       2.156272    
   87.30524       115.9922       2.151458    
   92.29430       115.7452       2.135821    
   97.28818       115.5665       2.108990    
   102.2866       115.4874       2.077301    
   107.2863       115.4493       2.043969    
   112.2728       115.2323       2.013853    
   117.2255       114.7313       1.989241    
   122.1606       114.1291       1.974208    
   127.1186       113.6599       1.972905    
   132.1048       113.3961       1.975093    
   137.1018       113.2836       1.983391    
   142.1004       113.3186       1.999161    
   147.0855       113.5730       2.022826    
   152.0289       114.1145       2.055183    
   156.9416       114.8120       2.094481    
   161.8866       115.3350       2.134648    
   166.8759       115.5344       2.165172    
   171.8755       115.5392       2.184622    
   176.8751       115.4947       2.191405    
   181.8749       115.4726       2.188103    
   186.8749       115.4719       2.179769    
   191.8749       115.4722       2.168326    
   196.8749       115.4722       2.156341    
   201.8749       115.4722       2.145538    
   206.8749       115.4720       2.133381    
   211.8749       115.4739       2.120273    
   216.8748       115.4921       2.106910    
   221.8745       115.5383       2.095070    
   226.8739       115.5924       2.087149    
   231.8736       115.5948       2.084841    
   236.8703       115.4796       2.087291    
   241.8605       115.2498       2.095673    
   246.8531       115.0682       2.110672    
   251.8497       115.1104       2.130450    
   256.8403       115.3352       2.152317    
   261.8292       115.5839       2.169915    
   266.8226       115.7724       2.182528    
   271.8200       115.8866       2.190485    
   276.8195       115.9228       2.193256    
   281.8193       115.9004       2.192851    
   286.8188       115.8482       2.192856    
   291.8181       115.7824       2.195876    
   296.8170       115.7058       2.201344    
   301.8156       115.6153       2.208359    
   306.8141       115.5281       2.216181    
   311.8136       115.4968       2.220483    
   316.8123       115.4420       2.220583    
   321.7794       115.0840       2.211763    
   326.7076       114.4521       2.194156    
   331.6619       114.2384       2.170729    
   336.6017       114.7507       2.147750    
   341.4941       115.5241       2.127815    
   346.3997       116.2474       2.104993    
   351.3318       116.8596       2.081005    
   356.3008       117.2437       2.057978    
   361.2956       117.4006       2.038949    
   366.2939       117.4977       2.025748    
   371.2916       117.6117       2.026889    
   376.2886       117.7412       2.043542    
   381.2849       117.8860       2.067338    
   386.2799       118.0519       2.096060    
   391.2732       118.2462       2.127204    
   396.2645       118.4663       2.154385    
   401.2549       118.6983       2.173160    
   406.2462       118.9186       2.183070    
   411.2407       119.0920       2.184240    
   416.2387       119.1877       2.175976    
   421.2385       119.2163       2.161277    
   426.2385       119.2194       2.143744    
   431.2385       119.2319       2.124850    
   436.2343       119.3509       2.105784    
   441.2233       119.5975       2.088427    
   446.2118       119.8504       2.076089    
   451.2035       120.0655       2.073259    
   456.1937       120.2983       2.082060    
   461.1783       120.5900       2.105371    
   466.1624       120.8887       2.141163    
   471.1551       121.0661       2.184432    
   476.1545       121.1075       2.232039    
   481.8401       121.1095       2.284176    
   489.3643       121.1095       2.344395    
   507.4286       121.1095       2.455482    
  -33.77417       109.4377       2.277409    
  -15.70986       109.4377       2.195386    
  -8.185690       109.4377       2.153995    
  -2.500000       109.4377       2.121010    
   2.481762       109.6495       2.095155    
   7.434425       110.1285       2.075616    
   12.38829       110.6005       2.064693    
   17.37068       110.8431       2.063790    
   22.36992       110.9020       2.071667    
   27.36889       110.9691       2.086277    
   32.36626       111.0811       2.105149    
   37.36148       111.2335       2.125860    
   42.35468       111.4164       2.147834    
   47.34677       111.6138       2.168925    
   52.33939       111.8043       2.188566    
   57.33461       111.9553       2.205640    
   62.33282       112.0418       2.220016    
   67.33237       112.0446       2.233196    
   72.33087       111.9657       2.245256    
   77.32610       111.8166       2.252020    
   82.31709       111.6071       2.253080    
   87.30524       111.3655       2.249069    
   92.29430       111.1339       2.236626    
   97.28818       110.9664       2.215549    
   102.2866       110.8923       2.191811    
   107.2863       110.8566       2.165068    
   112.2728       110.6531       2.138550    
   117.2255       110.1834       2.117027    
   122.1606       109.6189       2.105035    
   127.1186       109.1790       2.103321    
   132.1048       108.9318       2.104585    
   137.1018       108.8263       2.114606    
   142.1004       108.8592       2.132060    
   147.0855       109.0976       2.160160    
   152.0289       109.6052       2.193709    
   156.9416       110.2591       2.231105    
   161.8866       110.7494       2.269566    
   166.8759       110.9363       2.300304    
   171.8755       110.9408       2.321364    
   176.8751       110.8991       2.332107    
   181.8749       110.8784       2.334767    
   186.8749       110.8776       2.332459    
   191.8749       110.8779       2.326168    
   196.8749       110.8779       2.318920    
   201.8749       110.8779       2.310554    
   206.8749       110.8778       2.298852    
   211.8749       110.8796       2.287980    
   216.8748       110.8966       2.278625    
   221.8745       110.9400       2.269003    
   226.8739       110.9907       2.262237    
   231.8736       110.9929       2.260301    
   236.8703       110.8849       2.262558    
   241.8605       110.6695       2.269498    
   246.8531       110.4993       2.281107    
   251.8497       110.5388       2.297300    
   256.8403       110.7495       2.313912    
   261.8292       110.9827       2.328674    
   266.8226       111.1594       2.341187    
   271.8200       111.2665       2.350024    
   276.8195       111.3003       2.354789    
   281.8193       111.2794       2.357202    
   286.8188       111.2305       2.358338    
   291.8181       111.1687       2.359903    
   296.8170       111.0969       2.362620    
   301.8156       111.0121       2.366604    
   306.8141       110.9304       2.369104    
   311.8136       110.9010       2.369237    
   316.8123       110.8497       2.365324    
   321.7794       110.5141       2.352863    
   326.7076       109.9218       2.335180    
   331.6619       109.7214       2.314154    
   336.6017       110.2016       2.289660    
   341.4941       110.9267       2.270581    
   346.3997       111.6047       2.246467    
   351.3318       112.1786       2.225162    
   356.3008       112.5386       2.203383    
   361.2956       112.6857       2.188038    
   366.2939       112.7768       2.178912    
   371.2916       112.8837       2.179325    
   376.2886       113.0050       2.191039    
   381.2849       113.1407       2.209197    
   386.2799       113.2963       2.230540    
   391.2732       113.4784       2.254183    
   396.2645       113.6848       2.275169    
   401.2549       113.9022       2.290072    
   406.2462       114.1088       2.298279    
   411.2407       114.2713       2.299732    
   416.2387       114.3611       2.294086    
   421.2385       114.3878       2.280805    
   426.2385       114.3907       2.265646    
   431.2385       114.4025       2.248585    
   436.2343       114.5140       2.231897    
   441.2233       114.7451       2.216651    
   446.2118       114.9823       2.206680    
   451.2035       115.1839       2.204956    
   456.1937       115.4022       2.211134    
   461.1783       115.6756       2.226116    
   466.1624       115.9556       2.250268    
   471.1551       116.1219       2.278855    
   476.1545       116.1607       2.313000    
   481.8401       116.1625       2.350129    
   489.3643       116.1625       2.395337    
   507.4286       116.1625       2.480719    
  -33.77417       104.4251       2.301181    
  -15.70986       104.4251       2.241007    
  -8.185690       104.4251       2.212825    
  -2.500000       104.4251       2.191560    
   2.481762       104.6212       2.175936    
   7.434425       105.0646       2.166444    
   12.38829       105.5015       2.162834    
   17.37068       105.7260       2.165196    
   22.36992       105.7805       2.174032    
   27.36889       105.8427       2.187449    
   32.36626       105.9463       2.204067    
   37.36148       106.0873       2.222115    
   42.35468       106.2567       2.241453    
   47.34677       106.4394       2.261446    
   52.33939       106.6157       2.279851    
   57.33461       106.7555       2.295580    
   62.33282       106.8356       2.309294    
   67.33237       106.8381       2.321600    
   72.33087       106.7651       2.331717    
   77.32610       106.6271       2.337207    
   82.31709       106.4332       2.338676    
   87.30524       106.2096       2.336071    
   92.29430       105.9952       2.326432    
   97.28818       105.8402       2.311497    
   102.2866       105.7715       2.294655    
   107.2863       105.7385       2.273953    
   112.2728       105.5501       2.254889    
   117.2255       105.1154       2.238326    
   122.1606       104.5929       2.228253    
   127.1186       104.1857       2.226446    
   132.1048       103.9569       2.231725    
   137.1018       103.8593       2.240896    
   142.1004       103.8897       2.261210    
   147.0855       104.1104       2.286969    
   152.0289       104.5803       2.320328    
   156.9416       105.1855       2.356079    
   161.8866       105.6393       2.392977    
   166.8759       105.8122       2.422870    
   171.8755       105.8165       2.446716    
   176.8751       105.7778       2.460597    
   181.8749       105.7587       2.466319    
   186.8749       105.7580       2.467834    
   191.8749       105.7582       2.466136    
   196.8749       105.7583       2.463809    
   201.8749       105.7583       2.459703    
   206.8749       105.7581       2.451535    
   211.8749       105.7598       2.443181    
   216.8748       105.7755       2.436214    
   221.8745       105.8157       2.428615    
   226.8739       105.8626       2.424346    
   231.8736       105.8647       2.423770    
   236.8703       105.7647       2.425809    
   241.8605       105.5654       2.431663    
   246.8531       105.4078       2.440143    
   251.8497       105.4444       2.451852    
   256.8403       105.6394       2.463196    
   261.8292       105.8553       2.475376    
   266.8226       106.0188       2.487020    
   271.8200       106.1179       2.496872    
   276.8195       106.1492       2.502127    
   281.8193       106.1298       2.503970    
   286.8188       106.0846       2.505208    
   291.8181       106.0275       2.506841    
   296.8170       105.9610       2.507118    
   301.8156       105.8824       2.507072    
   306.8141       105.8068       2.504807    
   311.8136       105.7796       2.501643    
   316.8123       105.7321       2.496651    
   321.7794       105.4215       2.485489    
   326.7076       104.8732       2.466197    
   331.6619       104.6877       2.447090    
   336.6017       105.1322       2.424703    
   341.4941       105.8034       2.405609    
   346.3997       106.4309       2.383343    
   351.3318       106.9622       2.363287    
   356.3008       107.2954       2.345381    
   361.2956       107.4315       2.334755    
   366.2939       107.5159       2.326269    
   371.2916       107.6148       2.326650    
   376.2886       107.7271       2.334823    
   381.2849       107.8528       2.344940    
   386.2799       107.9968       2.357588    
   391.2732       108.1653       2.373723    
   396.2645       108.3564       2.387664    
   401.2549       108.5576       2.398558    
   406.2462       108.7488       2.405367    
   411.2407       108.8992       2.405409    
   416.2387       108.9823       2.401676    
   421.2385       109.0071       2.391203    
   426.2385       109.0098       2.379068    
   431.2385       109.0207       2.365484    
   436.2343       109.1239       2.350644    
   441.2233       109.3378       2.337730    
   446.2118       109.5574       2.328776    
   451.2035       109.7439       2.326411    
   456.1937       109.9460       2.329702    
   461.1783       110.1991       2.338090    
   466.1624       110.4583       2.352413    
   471.1551       110.6122       2.369702    
   476.1545       110.6481       2.391844    
   481.8401       110.6497       2.417747    
   489.3643       110.6497       2.447488    
   507.4286       110.6497       2.508621    
  -33.77417       98.76926       2.328605    
  -15.70986       98.76926       2.288179    
  -8.185690       98.76926       2.271615    
  -2.500000       98.76926       2.259382    
   2.481762       98.94752       2.251370    
   7.434425       99.35075       2.247690    
   12.38829       99.74802       2.249511    
   17.37068       99.95215       2.255245    
   22.36992       100.0017       2.264706    
   27.36889       100.0582       2.278318    
   32.36626       100.1525       2.293529    
   37.36148       100.2807       2.309856    
   42.35468       100.4347       2.327183    
   47.34677       100.6009       2.345482    
   52.33939       100.7612       2.364199    
   57.33461       100.8883       2.381018    
   62.33282       100.9611       2.395317    
   67.33237       100.9634       2.407282    
   72.33087       100.8971       2.415797    
   77.32610       100.7716       2.419240    
   82.31709       100.5952       2.419761    
   87.30524       100.3919       2.417395    
   92.29430       100.1970       2.408934    
   97.28818       100.0560       2.397982    
   102.2866       99.99355       2.388708    
   107.2863       99.96349       2.376338    
   112.2728       99.79222       2.362708    
   117.2255       99.39693       2.352365    
   122.1606       98.92178       2.348472    
   127.1186       98.55151       2.349580    
   132.1048       98.34343       2.357837    
   137.1018       98.25465       2.369936    
   142.1004       98.28233       2.389332    
   147.0855       98.48299       2.413731    
   152.0289       98.91029       2.442534    
   156.9416       99.46066       2.471060    
   161.8866       99.87329       2.502833    
   166.8759       100.0306       2.531848    
   171.8755       100.0344       2.554550    
   176.8751       99.99930       2.568265    
   181.8749       99.98188       2.579634    
   186.8749       99.98126       2.587514    
   191.8749       99.98149       2.589698    
   196.8749       99.98150       2.590011    
   201.8749       99.98149       2.588830    
   206.8749       99.98139       2.585131    
   211.8749       99.98287       2.581064    
   216.8748       99.99718       2.578173    
   221.8745       100.0337       2.574912    
   226.8739       100.0764       2.572737    
   231.8736       100.0783       2.573050    
   236.8703       99.98734       2.575471    
   241.8605       99.80609       2.579393    
   246.8531       99.66279       2.585162    
   251.8497       99.69608       2.592564    
   256.8403       99.87341       2.600855    
   261.8292       100.0697       2.609882    
   266.8226       100.2184       2.618485    
   271.8200       100.3085       2.626683    
   276.8195       100.3370       2.632086    
   281.8193       100.3194       2.635087    
   286.8188       100.2782       2.636785    
   291.8181       100.2263       2.637988    
   296.8170       100.1659       2.638036    
   301.8156       100.0944       2.635889    
   306.8141       100.0256       2.629589    
   311.8136       100.0009       2.622046    
   316.8123       99.95772       2.613147    
   321.7794       99.67523       2.601589    
   326.7076       99.17667       2.584161    
   331.6619       99.00801       2.566240    
   336.6017       99.41222       2.548823    
   341.4941       100.0225       2.531459    
   346.3997       100.5932       2.513754    
   351.3318       101.0763       2.496348    
   356.3008       101.3793       2.481374    
   361.2956       101.5031       2.470720    
   366.2939       101.5798       2.462821    
   371.2916       101.6697       2.461251    
   376.2886       101.7719       2.462965    
   381.2849       101.8861       2.468950    
   386.2799       102.0170       2.477681    
   391.2732       102.1703       2.486967    
   396.2645       102.3440       2.495656    
   401.2549       102.5270       2.501207    
   406.2462       102.7009       2.505749    
   411.2407       102.8377       2.505681    
   416.2387       102.9132       2.502245    
   421.2385       102.9358       2.494338    
   426.2385       102.9382       2.484247    
   431.2385       102.9481       2.472031    
   436.2343       103.0419       2.459143    
   441.2233       103.2365       2.447693    
   446.2118       103.4361       2.439003    
   451.2035       103.6058       2.437032    
   456.1937       103.7895       2.437966    
   461.1783       104.0197       2.441316    
   466.1624       104.2553       2.448617    
   471.1551       104.3953       2.457770    
   476.1545       104.4279       2.470298    
   481.8401       104.4295       2.484861    
   489.3643       104.4295       2.501835    
   507.4286       104.4295       2.538522    
  -33.77417       92.28692       2.358574    
  -15.70986       92.28692       2.335824    
  -8.185690       92.28692       2.328448    
  -2.500000       92.28692       2.324146    
   2.481762       92.44483       2.321254    
   7.434425       92.80198       2.321218    
   12.38829       93.15384       2.325045    
   17.37068       93.33465       2.332813    
   22.36992       93.37855       2.343725    
   27.36889       93.42858       2.356351    
   32.36626       93.51208       2.371588    
   37.36148       93.62569       2.387659    
   42.35468       93.76205       2.404379    
   47.34677       93.90923       2.421787    
   52.33939       94.05121       2.438040    
   57.33461       94.16380       2.451940    
   62.33282       94.22831       2.464149    
   67.33237       94.23037       2.474918    
   72.33087       94.17159       2.483706    
   77.32610       94.06042       2.487907    
   82.31709       93.90422       2.488170    
   87.30524       93.72411       2.487727    
   92.29430       93.55146       2.484750    
   97.28818       93.42661       2.478035    
   102.2866       93.37131       2.471909    
   107.2863       93.34469       2.466840    
   112.2728       93.19299       2.461072    
   117.2255       92.84286       2.456200    
   122.1606       92.42202       2.457477    
   127.1186       92.09407       2.463558    
   132.1048       91.90976       2.471554    
   137.1018       91.83113       2.484355    
   142.1004       91.85565       2.499741    
   147.0855       92.03337       2.523600    
   152.0289       92.41184       2.549243    
   156.9416       92.89931       2.576016    
   161.8866       93.26480       2.603324    
   166.8759       93.40413       2.626876    
   171.8755       93.40750       2.646262    
   176.8751       93.37640       2.661968    
   181.8749       93.36098       2.676304    
   186.8749       93.36044       2.685338    
   191.8749       93.36063       2.690615    
   196.8749       93.36064       2.695710    
   201.8749       93.36063       2.698329    
   206.8749       93.36054       2.698685    
   211.8749       93.36186       2.698499    
   216.8748       93.37454       2.698293    
   221.8745       93.40688       2.698245    
   226.8739       93.44470       2.698519    
   231.8736       93.44635       2.700441    
   236.8703       93.36582       2.703673    
   241.8605       93.20527       2.706937    
   246.8531       93.07835       2.710637    
   251.8497       93.10783       2.714242    
   256.8403       93.26490       2.718671    
   261.8292       93.43874       2.723103    
   266.8226       93.57047       2.728070    
   271.8200       93.65030       2.734699    
   276.8195       93.67554       2.740683    
   281.8193       93.65989       2.745043    
   286.8188       93.62345       2.747614    
   291.8181       93.57744       2.748118    
   296.8170       93.52392       2.746607    
   301.8156       93.46066       2.743196    
   306.8141       93.39973       2.735475    
   311.8136       93.37785       2.725750    
   316.8123       93.33959       2.714501    
   321.7794       93.08938       2.700428    
   326.7076       92.64779       2.684757    
   331.6619       92.49840       2.668229    
   336.6017       92.85643       2.654075    
   341.4941       93.39696       2.640713    
   346.3997       93.90244       2.626371    
   351.3318       94.33030       2.611218    
   356.3008       94.59869       2.598095    
   361.2956       94.70834       2.586906    
   366.2939       94.77627       2.579260    
   371.2916       94.85593       2.575164    
   376.2886       94.94642       2.573801    
   381.2849       95.04758       2.578052    
   386.2799       95.16358       2.584112    
   391.2732       95.29931       2.589045    
   396.2645       95.45317       2.593323    
   401.2549       95.61526       2.594272    
   406.2462       95.76926       2.594851    
   411.2407       95.89043       2.593773    
   416.2387       95.95733       2.590405    
   421.2385       95.97731       2.584604    
   426.2385       95.97943       2.576715    
   431.2385       95.98818       2.567319    
   436.2343       96.07135       2.557108    
   441.2233       96.24365       2.547213    
   446.2118       96.42047       2.540468    
   451.2035       96.57073       2.537196    
   456.1937       96.73344       2.535305    
   461.1783       96.93733       2.535421    
   466.1624       97.14609       2.537042    
   471.1551       97.27006       2.539503    
   476.1545       97.29897       2.545062    
   481.8401       97.30029       2.551392    
   489.3643       97.30029       2.556884    
   507.4286       97.30029       2.568523    
  -33.77417       84.70639       2.389360    
  -15.70986       84.70639       2.382192    
  -8.185690       84.70639       2.382986    
  -2.500000       84.70639       2.385272    
   2.481762       84.84047       2.387868    
   7.434425       85.14374       2.391088    
   12.38829       85.44250       2.396776    
   17.37068       85.59602       2.405225    
   22.36992       85.63330       2.416837    
   27.36889       85.67580       2.429260    
   32.36626       85.74669       2.442306    
   37.36148       85.84315       2.456423    
   42.35468       85.95895       2.471089    
   47.34677       86.08392       2.487592    
   52.33939       86.20448       2.503882    
   57.33461       86.30008       2.517314    
   62.33282       86.35486       2.527793    
   67.33237       86.35661       2.536817    
   72.33087       86.30669       2.545204    
   77.32610       86.21230       2.552277    
   82.31709       86.07966       2.556160    
   87.30524       85.92673       2.557239    
   92.29430       85.78013       2.557748    
   97.28818       85.67411       2.556730    
   102.2866       85.62716       2.554380    
   107.2863       85.60456       2.551765    
   112.2728       85.47575       2.549721    
   117.2255       85.17844       2.549277    
   122.1606       84.82110       2.552982    
   127.1186       84.54264       2.561566    
   132.1048       84.38613       2.571790    
   137.1018       84.31937       2.586385    
   142.1004       84.34019       2.603090    
   147.0855       84.49109       2.624537    
   152.0289       84.81246       2.646380    
   156.9416       85.22638       2.670275    
   161.8866       85.53673       2.693855    
   166.8759       85.65503       2.715659    
   171.8755       85.65790       2.735146    
   176.8751       85.63148       2.750809    
   181.8749       85.61840       2.763622    
   186.8749       85.61794       2.773847    
   191.8749       85.61810       2.782270    
   196.8749       85.61810       2.787670    
   201.8749       85.61810       2.789483    
   206.8749       85.61802       2.791194    
   211.8749       85.61914       2.794070    
   216.8748       85.62991       2.796841    
   221.8745       85.65736       2.799237    
   226.8739       85.68948       2.801737    
   231.8736       85.69088       2.804725    
   236.8703       85.62250       2.807966    
   241.8605       85.48617       2.811019    
   246.8531       85.37840       2.813902    
   251.8497       85.40344       2.816580    
   256.8403       85.53680       2.818960    
   261.8292       85.68442       2.821024    
   266.8226       85.79627       2.824025    
   271.8200       85.86406       2.828770    
   276.8195       85.88549       2.833477    
   281.8193       85.87220       2.837060    
   286.8188       85.84126       2.839406    
   291.8181       85.80219       2.839739    
   296.8170       85.75674       2.836241    
   301.8156       85.70303       2.830266    
   306.8141       85.65130       2.822734    
   311.8136       85.63272       2.813802    
   316.8123       85.60023       2.803311    
   321.7794       85.38776       2.789828    
   326.7076       85.01280       2.775696    
   331.6619       84.88596       2.762025    
   336.6017       85.18996       2.749439    
   341.4941       85.64894       2.737000    
   346.3997       86.07815       2.723197    
   351.3318       86.44146       2.709977    
   356.3008       86.66934       2.698983    
   361.2956       86.76245       2.689122    
   366.2939       86.82014       2.680525    
   371.2916       86.88777       2.674273    
   376.2886       86.96461       2.671381    
   381.2849       87.05051       2.672017    
   386.2799       87.14902       2.674534    
   391.2732       87.26426       2.677349    
   396.2645       87.39491       2.679070    
   401.2549       87.53254       2.679044    
   406.2462       87.66331       2.678372    
   411.2407       87.76619       2.676669    
   416.2387       87.82300       2.673032    
   421.2385       87.83997       2.667162    
   426.2385       87.84176       2.660185    
   431.2385       87.84920       2.652616    
   436.2343       87.91981       2.644123    
   441.2233       88.06612       2.636809    
   446.2118       88.21626       2.631799    
   451.2035       88.34385       2.628615    
   456.1937       88.48203       2.626120    
   461.1783       88.65514       2.623425    
   466.1624       88.83239       2.621262    
   471.1551       88.93765       2.619393    
   476.1545       88.96221       2.618018    
   481.8401       88.96335       2.616046    
   489.3643       88.96335       2.612044    
   507.4286       88.96335       2.597602    
  -33.77417       75.60016       2.422065    
  -15.70986       75.60016       2.424140    
  -8.185690       75.60016       2.428945    
  -2.500000       75.60016       2.434355    
   2.481762       75.70561       2.439485    
   7.434425       75.94414       2.445755    
   12.38829       76.17914       2.452806    
   17.37068       76.29989       2.462676    
   22.36992       76.32921       2.474829    
   27.36889       76.36263       2.489412    
   32.36626       76.41840       2.504032    
   37.36148       76.49427       2.517829    
   42.35468       76.58534       2.531525    
   47.34677       76.68364       2.544857    
   52.33939       76.77846       2.559577    
   57.33461       76.85366       2.574565    
   62.33282       76.89674       2.587461    
   67.33237       76.89812       2.597556    
   72.33087       76.85886       2.605691    
   77.32610       76.78461       2.612784    
   82.31709       76.68029       2.618572    
   87.30524       76.56001       2.621973    
   92.29430       76.44469       2.622546    
   97.28818       76.36131       2.622219    
   102.2866       76.32438       2.622271    
   107.2863       76.30660       2.624398    
   112.2728       76.20528       2.628943    
   117.2255       75.97144       2.635830    
   122.1606       75.69038       2.643926    
   127.1186       75.47135       2.653434    
   132.1048       75.34826       2.663971    
   137.1018       75.29574       2.677095    
   142.1004       75.31212       2.692715    
   147.0855       75.43081       2.710864    
   152.0289       75.68358       2.730077    
   156.9416       76.00915       2.750507    
   161.8866       76.25325       2.770361    
   166.8759       76.34630       2.789555    
   171.8755       76.34855       2.807008    
   176.8751       76.32778       2.822273    
   181.8749       76.31749       2.835234    
   186.8749       76.31712       2.846558    
   191.8749       76.31725       2.855491    
   196.8749       76.31725       2.861890    
   201.8749       76.31725       2.866983    
   206.8749       76.31718       2.871782    
   211.8749       76.31807       2.875725    
   216.8748       76.32654       2.878177    
   221.8745       76.34814       2.880700    
   226.8739       76.37340       2.885028    
   231.8736       76.37450       2.891110    
   236.8703       76.32071       2.896739    
   241.8605       76.21349       2.900013    
   246.8531       76.12872       2.900744    
   251.8497       76.14841       2.900223    
   256.8403       76.25331       2.899993    
   261.8292       76.36942       2.900854    
   266.8226       76.45739       2.903476    
   271.8200       76.51070       2.907471    
   276.8195       76.52757       2.911378    
   281.8193       76.51711       2.913969    
   286.8188       76.49277       2.914701    
   291.8181       76.46204       2.913682    
   296.8170       76.42630       2.910244    
   301.8156       76.38405       2.904024    
   306.8141       76.34336       2.895587    
   311.8136       76.32875       2.885179    
   316.8123       76.30320       2.874148    
   321.7794       76.13609       2.863033    
   326.7076       75.84116       2.851917    
   331.6619       75.74139       2.840781    
   336.6017       75.98050       2.829068    
   341.4941       76.34151       2.816763    
   346.3997       76.67910       2.803501    
   351.3318       76.96486       2.790814    
   356.3008       77.14410       2.779455    
   361.2956       77.21733       2.769711    
   366.2939       77.26270       2.761705    
   371.2916       77.31591       2.756169    
   376.2886       77.37634       2.753312    
   381.2849       77.44391       2.752181    
   386.2799       77.52139       2.751986    
   391.2732       77.61202       2.752321    
   396.2645       77.71479       2.752648    
   401.2549       77.82304       2.752965    
   406.2462       77.92590       2.753055    
   411.2407       78.00681       2.751637    
   416.2387       78.05150       2.747818    
   421.2385       78.06484       2.742302    
   426.2385       78.06626       2.735472    
   431.2385       78.07211       2.727585    
   436.2343       78.12765       2.719872    
   441.2233       78.24273       2.713253    
   446.2118       78.36082       2.708342    
   451.2035       78.46117       2.704803    
   456.1937       78.56985       2.701512    
   461.1783       78.70601       2.697928    
   466.1624       78.84543       2.693527    
   471.1551       78.92822       2.689853    
   476.1545       78.94754       2.685381    
   481.8401       78.94843       2.678882    
   489.3643       78.94843       2.667431    
   507.4286       78.94843       2.618437    
  -33.77417       56.32260       2.471336    
  -15.70986       56.32260       2.490076    
  -8.185690       56.32260       2.499000    
  -2.500000       56.32260       2.507621    
   2.481762       56.36747       2.515538    
   7.434425       56.46896       2.524013    
   12.38829       56.56895       2.533772    
   17.37068       56.62033       2.543969    
   22.36992       56.63280       2.555330    
   27.36889       56.64702       2.567160    
   32.36626       56.67075       2.580349    
   37.36148       56.70303       2.593227    
   42.35468       56.74178       2.606298    
   47.34677       56.78361       2.619536    
   52.33939       56.82395       2.631468    
   57.33461       56.85595       2.643416    
   62.33282       56.87428       2.655083    
   67.33237       56.87487       2.665264    
   72.33087       56.85816       2.675051    
   77.32610       56.82657       2.684195    
   82.31709       56.78218       2.692480    
   87.30524       56.73100       2.700984    
   92.29430       56.68194       2.709126    
   97.28818       56.64646       2.716703    
   102.2866       56.63075       2.724046    
   107.2863       56.62318       2.731398    
   112.2728       56.58007       2.738569    
   117.2255       56.48058       2.745954    
   122.1606       56.36099       2.754130    
   127.1186       56.26780       2.763382    
   132.1048       56.21542       2.773771    
   137.1018       56.19307       2.785422    
   142.1004       56.20005       2.798458    
   147.0855       56.25055       2.812793    
   152.0289       56.35809       2.828053    
   156.9416       56.49662       2.843810    
   161.8866       56.60048       2.859720    
   166.8759       56.64007       2.875542    
   171.8755       56.64103       2.890733    
   176.8751       56.63219       2.904992    
   181.8749       56.62782       2.918010    
   186.8749       56.62766       2.929683    
   191.8749       56.62771       2.939995    
   196.8749       56.62772       2.949121    
   201.8749       56.62771       2.957028    
   206.8749       56.62769       2.963962    
   211.8749       56.62806       2.970003    
   216.8748       56.63167       2.975327    
   221.8745       56.64086       2.980275    
   226.8739       56.65160       2.984832    
   231.8736       56.65207       2.989005    
   236.8703       56.62919       2.992629    
   241.8605       56.58356       2.995747    
   246.8531       56.54750       2.998515    
   251.8497       56.55588       3.000940    
   256.8403       56.60051       3.002893    
   261.8292       56.64991       3.004049    
   266.8226       56.68734       3.004382    
   271.8200       56.71003       3.003882    
   276.8195       56.71720       3.002686    
   281.8193       56.71275       3.000827    
   286.8188       56.70240       2.998188    
   291.8181       56.68932       2.994586    
   296.8170       56.67411       2.989741    
   301.8156       56.65614       2.983338    
   306.8141       56.63882       2.975346    
   311.8136       56.63261       2.966113    
   316.8123       56.62173       2.956320    
   321.7794       56.55063       2.946733    
   326.7076       56.42514       2.937812    
   331.6619       56.38269       2.929790    
   336.6017       56.48443       2.922912    
   341.4941       56.63803       2.917142    
   346.3997       56.78168       2.911977    
   351.3318       56.90327       2.907185    
   356.3008       56.97953       2.902525    
   361.2956       57.01069       2.897911    
   366.2939       57.02999       2.893361    
   371.2916       57.05263       2.888958    
   376.2886       57.07835       2.884640    
   381.2849       57.10709       2.880180    
   386.2799       57.14006       2.875710    
   391.2732       57.17862       2.871382    
   396.2645       57.22235       2.866976    
   401.2549       57.26841       2.862777    
   406.2462       57.31217       2.858697    
   411.2407       57.34660       2.854092    
   416.2387       57.36561       2.849417    
   421.2385       57.37129       2.844768    
   426.2385       57.37189       2.839711    
   431.2385       57.37438       2.834890    
   436.2343       57.39801       2.829907    
   441.2233       57.44698       2.824621    
   446.2118       57.49723       2.819474    
   451.2035       57.53992       2.814096    
   456.1937       57.58617       2.809026    
   461.1783       57.64410       2.803790    
   466.1624       57.70342       2.798949    
   471.1551       57.73865       2.794039    
   476.1545       57.74687       2.789365    
   481.8401       57.74725       2.784732    
   489.3643       57.74725       2.779433    
   507.4286       57.74725       2.729481    
