        1545
  -33.77417       136.6885       2.093077    
  -15.70986       136.6885       1.775049    
  -8.185690       136.6885       1.680049    
  -2.500000       136.6885       1.824165    
   2.481762       136.9860       1.866166    
   7.434425       137.6588       1.601601    
   12.38829       138.3216       1.629503    
   17.37068       138.6622       1.415069    
   22.36992       138.7449       1.655372    
   27.36889       138.8391       1.521753    
   32.36626       138.9964       1.532453    
   37.36148       139.2104       1.555339    
   42.35468       139.4673       1.701002    
   47.34677       139.7446       1.767665    
   52.33939       140.0120       1.783120    
   57.33461       140.2241       1.773101    
   62.33282       140.3456       1.549654    
   67.33237       140.3495       1.626857    
   72.33087       140.2388       1.550279    
   77.32610       140.0294       1.670780    
   82.31709       139.7351       1.580267    
   87.30524       139.3958       1.631540    
   92.29430       139.0706       1.652963    
   97.28818       138.8354       1.535268    
   102.2866       138.7312       1.625761    
   107.2863       138.6811       1.618266    
   112.2728       138.3953       1.627918    
   117.2255       137.7357       1.625719    
   122.1606       136.9430       1.595152    
   127.1186       136.3252       1.563865    
   132.1048       135.9780       1.542397    
   137.1018       135.8299       1.487168    
   142.1004       135.8761       1.389307    
   147.0855       136.2108       1.436378    
   152.0289       136.9238       1.647206    
   156.9416       137.8421       1.681077    
   161.8866       138.5306       1.735929    
   166.8759       138.7930       1.661559    
   171.8755       138.7994       1.546880    
   176.8751       138.7408       1.461033    
   181.8749       138.7118       1.441338    
   186.8749       138.7108       1.385799    
   191.8749       138.7111       1.451239    
   196.8749       138.7112       1.455553    
   201.8749       138.7111       1.563876    
   206.8749       138.7109       1.474731    
   211.8749       138.7134       1.522843    
   216.8748       138.7373       1.567880    
   221.8745       138.7983       1.402094    
   226.8739       138.8695       1.570208    
   231.8736       138.8726       1.338622    
   236.8703       138.7209       1.440128    
   241.8605       138.4185       1.375313    
   246.8531       138.1794       1.351504    
   251.8497       138.2349       1.395518    
   256.8403       138.5308       1.545210    
   261.8292       138.8582       1.603320    
   266.8226       139.1064       1.547801    
   271.8200       139.2568       1.643123    
   276.8195       139.3043       1.604207    
   281.8193       139.2749       1.691948    
   286.8188       139.2062       1.570261    
   291.8181       139.1195       1.483070    
   296.8170       139.0187       1.417388    
   301.8156       138.8996       1.429095    
   306.8141       138.7848       1.660089    
   311.8136       138.7435       1.575702    
   316.8123       138.6715       1.372346    
   321.7794       138.2001       1.342099    
   326.7076       137.3683       1.438301    
   331.6619       137.0869       1.586230    
   336.6017       137.7613       1.445868    
   341.4941       138.7795       1.349352    
   346.3997       139.7317       1.625334    
   351.3318       140.5377       1.478407    
   356.3008       141.0433       1.757392    
   361.2956       141.2499       1.596330    
   366.2939       141.3779       1.433739    
   371.2916       141.5279       1.333524    
   376.2886       141.6984       1.313806    
   381.2849       141.8889       1.223500    
   386.2799       142.1075       1.000456    
   391.2732       142.3631       1.050248    
   396.2645       142.6530       1.096294    
   401.2549       142.9583      0.9281933    
   406.2462       143.2484      0.7856685    
   411.2407       143.4767      0.7864264    
   416.2387       143.6027      0.8550364    
   421.2385       143.6403      0.7690768    
   426.2385       143.6443      0.8543388    
   431.2385       143.6608      0.8476899    
   436.2343       143.8174       1.102162    
   441.2233       144.1421       1.063739    
   446.2118       144.4751      0.8181680    
   451.2035       144.7582      0.7692963    
   456.1937       145.0647      0.8556424    
   461.1783       145.4488       1.205306    
   466.1624       145.8420       1.324833    
   471.1551       146.0755       1.451643    
   476.1545       146.1300       1.494379    
   481.8401       146.1326       1.848894    
   489.3643       146.1326       2.135980    
   507.4286       146.1326       2.568280    
  -33.77417       134.0858       2.096206    
  -15.70986       134.0858       1.779799    
  -8.185690       134.0858       1.664337    
  -2.500000       134.0858       1.617299    
   2.481762       134.3752       1.537480    
   7.434425       135.0294       1.269159    
   12.38829       135.6740       1.234425    
   17.37068       136.0052       1.194142    
   22.36992       136.0857       1.287696    
   27.36889       136.1774       1.118921    
   32.36626       136.3303       1.164832    
   37.36148       136.5384       1.222440    
   42.35468       136.7882       1.266457    
   47.34677       137.0579       1.393825    
   52.33939       137.3180       1.376255    
   57.33461       137.5242       1.249053    
   62.33282       137.6424       1.200706    
   67.33237       137.6462       1.306569    
   72.33087       137.5385       1.086904    
   77.32610       137.3349       1.214388    
   82.31709       137.0487       1.256557    
   87.30524       136.7188       1.361823    
   92.29430       136.4025       1.207064    
   97.28818       136.1738       1.053260    
   102.2866       136.0724       1.157718    
   107.2863       136.0237       1.150819    
   112.2728       135.7457       1.101810    
   117.2255       135.1043       1.146447    
   122.1606       134.3334       1.344894    
   127.1186       133.7326       1.467385    
   132.1048       133.3949       1.533158    
   137.1018       133.2509       1.494040    
   142.1004       133.2958       1.391660    
   147.0855       133.6214       1.316430    
   152.0289       134.3147       1.357303    
   156.9416       135.2077       1.182645    
   161.8866       135.8773       1.266119    
   166.8759       136.1325       1.171674    
   171.8755       136.1387       1.054440    
   176.8751       136.0817       1.019033    
   181.8749       136.0535       1.032289    
   186.8749       136.0525      0.9766067    
   191.8749       136.0529      0.9648176    
   196.8749       136.0529      0.9704708    
   201.8749       136.0529       1.025013    
   206.8749       136.0527       1.035141    
   211.8749       136.0551       1.153865    
   216.8748       136.0783       1.071366    
   221.8745       136.1376      0.9402039    
   226.8739       136.2069       1.106496    
   231.8736       136.2099      0.7914003    
   236.8703       136.0623      0.9142151    
   241.8605       135.7682      0.8818989    
   246.8531       135.5358      0.8685006    
   251.8497       135.5898      0.9651343    
   256.8403       135.8775       1.083620    
   261.8292       136.1960       1.033712    
   266.8226       136.4373      0.9853143    
   271.8200       136.5835       1.171171    
   276.8195       136.6297       1.247410    
   281.8193       136.6011       1.136791    
   286.8188       136.5343       1.018622    
   291.8181       136.4500       1.068106    
   296.8170       136.3520       1.055432    
   301.8156       136.2361      0.9646778    
   306.8141       136.1245      0.9686556    
   311.8136       136.0844      0.8478776    
   316.8123       136.0143       1.272844    
   321.7794       135.5559       1.424253    
   326.7076       134.7469       1.249491    
   331.6619       134.4733       1.152830    
   336.6017       135.1292       1.244863    
   341.4941       136.1194       1.370771    
   346.3997       137.0454       1.388042    
   351.3318       137.8293       1.127904    
   356.3008       138.3209       1.334939    
   361.2956       138.5218       1.239571    
   366.2939       138.6463       1.050084    
   371.2916       138.7922      0.9566153    
   376.2886       138.9579       1.197002    
   381.2849       139.1433       1.272106    
   386.2799       139.3558       1.331122    
   391.2732       139.6044       1.320089    
   396.2645       139.8863       1.287972    
   401.2549       140.1832       1.275961    
   406.2462       140.4654       1.226763    
   411.2407       140.6873       1.214044    
   416.2387       140.8099       1.216725    
   421.2385       140.8465       1.181522    
   426.2385       140.8504       1.170768    
   431.2385       140.8664       1.195174    
   436.2343       141.0188       1.306066    
   441.2233       141.3345       1.253446    
   446.2118       141.6584       1.081841    
   451.2035       141.9337       1.076802    
   456.1937       142.2318       1.222256    
   461.1783       142.6053       1.457601    
   466.1624       142.9877       1.553527    
   471.1551       143.2148       1.602224    
   476.1545       143.2677       1.649301    
   481.8401       143.2702       1.890307    
   489.3643       143.2702       2.149981    
   507.4286       143.2702       2.571985    
  -33.77417       131.3152       2.101401    
  -15.70986       131.3152       1.793518    
  -8.185690       131.3152       1.669458    
  -2.500000       131.3152       1.572668    
   2.481762       131.5958       1.464875    
   7.434425       132.2304       1.283646    
   12.38829       132.8556       1.266992    
   17.37068       133.1768       1.309329    
   22.36992       133.2549       1.368198    
   27.36889       133.3438       1.276787    
   32.36626       133.4921       1.281735    
   37.36148       133.6940       1.311620    
   42.35468       133.9363       1.333570    
   47.34677       134.1978       1.409539    
   52.33939       134.4500       1.399674    
   57.33461       134.6501       1.318892    
   62.33282       134.7647       1.328762    
   67.33237       134.7684       1.391616    
   72.33087       134.6640       1.300362    
   77.32610       134.4664       1.376730    
   82.31709       134.1889       1.474661    
   87.30524       133.8689       1.536482    
   92.29430       133.5621       1.411883    
   97.28818       133.3403       1.295677    
   102.2866       133.2420       1.314978    
   107.2863       133.1947       1.283326    
   112.2728       132.9252       1.195385    
   117.2255       132.3031       1.198837    
   122.1606       131.5553       1.350430    
   127.1186       130.9726       1.471453    
   132.1048       130.6451       1.547346    
   137.1018       130.5054       1.520821    
   142.1004       130.5490       1.432290    
   147.0855       130.8647       1.351863    
   152.0289       131.5372       1.336204    
   156.9416       132.4034       1.222964    
   161.8866       133.0527       1.307300    
   166.8759       133.3003       1.297315    
   171.8755       133.3063       1.241954    
   176.8751       133.2510       1.226085    
   181.8749       133.2236       1.221096    
   186.8749       133.2227       1.171881    
   191.8749       133.2231       1.144429    
   196.8749       133.2231       1.128254    
   201.8749       133.2231       1.120026    
   206.8749       133.2229       1.126440    
   211.8749       133.2252       1.193665    
   216.8748       133.2477       1.114667    
   221.8745       133.3052       1.072455    
   226.8739       133.3724       1.170303    
   231.8736       133.3753       1.064882    
   236.8703       133.2322       1.099588    
   241.8605       132.9470       1.122693    
   246.8531       132.7215       1.160122    
   251.8497       132.7738       1.225445    
   256.8403       133.0529       1.267299    
   261.8292       133.3618       1.219585    
   266.8226       133.5959       1.178733    
   271.8200       133.7377       1.254178    
   276.8195       133.7825       1.270679    
   281.8193       133.7548       1.135846    
   286.8188       133.6900       1.079022    
   291.8181       133.6082       1.182869    
   296.8170       133.5132       1.237097    
   301.8156       133.4008       1.196242    
   306.8141       133.2925       1.140991    
   311.8136       133.2536       1.162120    
   316.8123       133.1856       1.404925    
   321.7794       132.7410       1.499671    
   326.7076       131.9564       1.336992    
   331.6619       131.6910       1.237813    
   336.6017       132.3271       1.360204    
   341.4941       133.2876       1.483420    
   346.3997       134.1857       1.434811    
   351.3318       134.9460       1.239439    
   356.3008       135.4228       1.329139    
   361.2956       135.6176       1.308183    
   366.2939       135.7384       1.234924    
   371.2916       135.8799       1.246981    
   376.2886       136.0407       1.418044    
   381.2849       136.2204       1.488708    
   386.2799       136.4265       1.520114    
   391.2732       136.6677       1.519169    
   396.2645       136.9411       1.515667    
   401.2549       137.2291       1.563933    
   406.2462       137.5027       1.567889    
   411.2407       137.7180       1.556913    
   416.2387       137.8369       1.543462    
   421.2385       137.8724       1.523338    
   426.2385       137.8761       1.508199    
   431.2385       137.8917       1.520636    
   436.2343       138.0394       1.544624    
   441.2233       138.3456       1.470554    
   446.2118       138.6598       1.336239    
   451.2035       138.9268       1.298664    
   456.1937       139.2159       1.373430    
   461.1783       139.5782       1.518849    
   466.1624       139.9491       1.614585    
   471.1551       140.1694       1.687116    
   476.1545       140.2207       1.771044    
   481.8401       140.2231       1.953219    
   489.3643       140.2231       2.178851    
   507.4286       140.2231       2.578032    
  -33.77417       128.3538       2.109186    
  -15.70986       128.3538       1.817915    
  -8.185690       128.3538       1.699852    
  -2.500000       128.3538       1.606905    
   2.481762       128.6251       1.522241    
   7.434425       129.2386       1.438557    
   12.38829       129.8431       1.465407    
   17.37068       130.1537       1.541501    
   22.36992       130.2291       1.600376    
   27.36889       130.3151       1.566576    
   32.36626       130.4585       1.553037    
   37.36148       130.6536       1.556520    
   42.35468       130.8879       1.565649    
   47.34677       131.1408       1.601065    
   52.33939       131.3846       1.603567    
   57.33461       131.5780       1.579491    
   62.33282       131.6889       1.604402    
   67.33237       131.6924       1.650360    
   72.33087       131.5914       1.646909    
   77.32610       131.4005       1.707798    
   82.31709       131.1322       1.785982    
   87.30524       130.8228       1.820398    
   92.29430       130.5262       1.758108    
   97.28818       130.3116       1.688029    
   102.2866       130.2167       1.661561    
   107.2863       130.1709       1.601928    
   112.2728       129.9104       1.497533    
   117.2255       129.3089       1.442443    
   122.1606       128.5859       1.491052    
   127.1186       128.0226       1.550957    
   132.1048       127.7059       1.599443    
   137.1018       127.5708       1.576105    
   142.1004       127.6130       1.514799    
   147.0855       127.9183       1.465400    
   152.0289       128.5684       1.473240    
   156.9416       129.4059       1.472786    
   161.8866       130.0337       1.576669    
   166.8759       130.2731       1.630179    
   171.8755       130.2789       1.628066    
   176.8751       130.2254       1.621254    
   181.8749       130.1989       1.605588    
   186.8749       130.1980       1.564562    
   191.8749       130.1983       1.528208    
   196.8749       130.1983       1.490958    
   201.8749       130.1983       1.452026    
   206.8749       130.1982       1.435212    
   211.8749       130.2005       1.455038    
   216.8748       130.2222       1.413901    
   221.8745       130.2778       1.412444    
   226.8739       130.3428       1.473073    
   231.8736       130.3456       1.467461    
   236.8703       130.2072       1.489297    
   241.8605       129.9314       1.530549    
   246.8531       129.7134       1.578801    
   251.8497       129.7641       1.605310    
   256.8403       130.0339       1.610059    
   261.8292       130.3325       1.579041    
   266.8226       130.5588       1.541510    
   271.8200       130.6960       1.537578    
   276.8195       130.7393       1.505372    
   281.8193       130.7124       1.414199    
   286.8188       130.6498       1.405032    
   291.8181       130.5708       1.506102    
   296.8170       130.4788       1.586622    
   301.8156       130.3701       1.600080    
   306.8141       130.2655       1.587791    
   311.8136       130.2279       1.620261    
   316.8123       130.1622       1.704307    
   321.7794       129.7323       1.719903    
   326.7076       128.9738       1.604536    
   331.6619       128.7171       1.533552    
   336.6017       129.3322       1.599521    
   341.4941       130.2607       1.668244    
   346.3997       131.1291       1.618744    
   351.3318       131.8641       1.501069    
   356.3008       132.3251       1.527548    
   361.2956       132.5135       1.543398    
   366.2939       132.6302       1.543545    
   371.2916       132.7671       1.590160    
   376.2886       132.9225       1.695667    
   381.2849       133.0963       1.745842    
   386.2799       133.2955       1.758550    
   391.2732       133.5287       1.768223    
   396.2645       133.7930       1.792987    
   401.2549       134.0715       1.850400    
   406.2462       134.3360       1.877221    
   411.2407       134.5442       1.878246    
   416.2387       134.6591       1.866226    
   421.2385       134.6935       1.848254    
   426.2385       134.6971       1.826883    
   431.2385       134.7121       1.810320    
   436.2343       134.8550       1.782599    
   441.2233       135.1510       1.698470    
   446.2118       135.4547       1.587042    
   451.2035       135.7129       1.529581    
   456.1937       135.9924       1.547465    
   461.1783       136.3427       1.623900    
   466.1624       136.7012       1.705019    
   471.1551       136.9142       1.785731    
   476.1545       136.9639       1.882670    
   481.8401       136.9662       2.029031    
   489.3643       136.9662       2.220084    
   507.4286       136.9662       2.586570    
  -33.77417       125.1739       2.120014    
  -15.70986       125.1739       1.854717    
  -8.185690       125.1739       1.753350    
  -2.500000       125.1739       1.682833    
   2.481762       125.4352       1.631140    
   7.434425       126.0261       1.611248    
   12.38829       126.6083       1.664448    
   17.37068       126.9075       1.750714    
   22.36992       126.9801       1.815392    
   27.36889       127.0629       1.818199    
   32.36626       127.2010       1.809257    
   37.36148       127.3890       1.804222    
   42.35468       127.6146       1.805602    
   47.34677       127.8582       1.820631    
   52.33939       128.0931       1.828594    
   57.33461       128.2793       1.832829    
   62.33282       128.3861       1.863023    
   67.33237       128.3895       1.906177    
   72.33087       128.2923       1.938216    
   77.32610       128.1083       1.992639    
   82.31709       127.8499       2.049168    
   87.30524       127.5519       2.073245    
   92.29430       127.2662       2.045916    
   97.28818       127.0596       2.000350    
   102.2866       126.9681       1.954942    
   107.2863       126.9241       1.878353    
   112.2728       126.6731       1.768616    
   117.2255       126.0938       1.681933    
   122.1606       125.3975       1.661081    
   127.1186       124.8549       1.669786    
   132.1048       124.5499       1.681313    
   137.1018       124.4198       1.657889    
   142.1004       124.4603       1.628580    
   147.0855       124.7544       1.621302    
   152.0289       125.3806       1.663638    
   156.9416       126.1872       1.735458    
   161.8866       126.7919       1.859929    
   166.8759       127.0225       1.949133    
   171.8755       127.0280       1.982140    
   176.8751       126.9765       1.987026    
   181.8749       126.9510       1.972456    
   186.8749       126.9501       1.937684    
   191.8749       126.9505       1.896966    
   196.8749       126.9505       1.850507    
   201.8749       126.9505       1.802463    
   206.8749       126.9503       1.772153    
   211.8749       126.9525       1.765738    
   216.8748       126.9735       1.746151    
   221.8745       127.0270       1.755690    
   226.8739       127.0896       1.796991    
   231.8736       127.0923       1.819149    
   236.8703       126.9591       1.845847    
   241.8605       126.6934       1.884326    
   246.8531       126.4834       1.921160    
   251.8497       126.5322       1.932138    
   256.8403       126.7921       1.925255    
   261.8292       127.0797       1.900388    
   266.8226       127.2977       1.865187    
   271.8200       127.4297       1.834767    
   276.8195       127.4715       1.794000    
   281.8193       127.4456       1.746519    
   286.8188       127.3853       1.762854    
   291.8181       127.3092       1.847516    
   296.8170       127.2206       1.929332    
   301.8156       127.1160       1.970992    
   306.8141       127.0152       1.986428    
   311.8136       126.9790       2.006069    
   316.8123       126.9157       2.022154    
   321.7794       126.5017       1.991563    
   326.7076       125.7710       1.902084    
   331.6619       125.5238       1.841023    
   336.6017       126.1162       1.854590    
   341.4941       127.0106       1.875033    
   346.3997       127.8469       1.834056    
   351.3318       128.5549       1.765040    
   356.3008       128.9989       1.766572    
   361.2956       129.1804       1.788760    
   366.2939       129.2928       1.815287    
   371.2916       129.4245       1.865326    
   376.2886       129.5742       1.935340    
   381.2849       129.7417       1.976912    
   386.2799       129.9336       1.994413    
   391.2732       130.1582       2.015800    
   396.2645       130.4128       2.053625    
   401.2549       130.6809       2.107398    
   406.2462       130.9357       2.141747    
   411.2407       131.1362       2.151953    
   416.2387       131.2469       2.144406    
   421.2385       131.2800       2.125130    
   426.2385       131.2835       2.094880    
   431.2385       131.2979       2.056294    
   436.2343       131.4355       2.002886    
   441.2233       131.7207       1.918747    
   446.2118       132.0132       1.824596    
   451.2035       132.2618       1.761915    
   456.1937       132.5311       1.749474    
   461.1783       132.8684       1.781475    
   466.1624       133.2138       1.837433    
   471.1551       133.4189       1.908085    
   476.1545       133.4668       1.996256    
   481.8401       133.4690       2.113617    
   489.3643       133.4690       2.272028    
   507.4286       133.4690       2.597623    
  -33.77417       121.7413       2.134687    
  -15.70986       121.7413       1.902470    
  -8.185690       121.7413       1.821210    
  -2.500000       121.7413       1.775291    
   2.481762       121.9919       1.752066    
   7.434425       122.5584       1.765860    
   12.38829       123.1165       1.828941    
   17.37068       123.4034       1.913585    
   22.36992       123.4730       1.980392    
   27.36889       123.5524       2.005117    
   32.36626       123.6848       2.009167    
   37.36148       123.8650       2.007770    
   42.35468       124.0813       2.008377    
   47.34677       124.3148       2.016316    
   52.33939       124.5400       2.026778    
   57.33461       124.7186       2.041979    
   62.33282       124.8209       2.072963    
   67.33237       124.8242       2.114141    
   72.33087       124.7309       2.155298    
   77.32610       124.5546       2.202270    
   82.31709       124.3068       2.243465    
   87.30524       124.0211       2.261336    
   92.29430       123.7473       2.247688    
   97.28818       123.5492       2.211685    
   102.2866       123.4615       2.158327    
   107.2863       123.4193       2.076415    
   112.2728       123.1786       1.970577    
   117.2255       122.6232       1.874174    
   122.1606       121.9557       1.817954    
   127.1186       121.4355       1.794439    
   132.1048       121.1431       1.780486    
   137.1018       121.0183       1.761939    
   142.1004       121.0573       1.758410    
   147.0855       121.3392       1.787019    
   152.0289       121.9395       1.855920    
   156.9416       122.7128       1.963807    
   161.8866       123.2925       2.098597    
   166.8759       123.5135       2.205391    
   171.8755       123.5189       2.262347    
   176.8751       123.4696       2.281741    
   181.8749       123.4451       2.274669    
   186.8749       123.4443       2.246891    
   191.8749       123.4446       2.207563    
   196.8749       123.4446       2.160688    
   201.8749       123.4446       2.112898    
   206.8749       123.4444       2.077538    
   211.8749       123.4465       2.059123    
   216.8748       123.4666       2.046699    
   221.8745       123.5179       2.055394    
   226.8739       123.5779       2.083067    
   231.8736       123.5806       2.108108    
   236.8703       123.4528       2.134321    
   241.8605       123.1981       2.164331    
   246.8531       122.9968       2.188437    
   251.8497       123.0435       2.193350    
   256.8403       123.2927       2.183424    
   261.8292       123.5684       2.161876    
   266.8226       123.7774       2.131822    
   271.8200       123.9041       2.100782    
   276.8195       123.9441       2.070606    
   281.8193       123.9193       2.053482    
   286.8188       123.8614       2.081209    
   291.8181       123.7885       2.150262    
   296.8170       123.7036       2.222594    
   301.8156       123.6032       2.271287    
   306.8141       123.5066       2.295843    
   311.8136       123.4719       2.305718    
   316.8123       123.4112       2.294444    
   321.7794       123.0143       2.245588    
   326.7076       122.3138       2.167331    
   331.6619       122.0768       2.106992    
   336.6017       122.6448       2.087106    
   341.4941       123.5022       2.076401    
   346.3997       124.3040       2.040741    
   351.3318       124.9827       1.996627    
   356.3008       125.4084       1.988669    
   361.2956       125.5824       2.005694    
   366.2939       125.6901       2.035753    
   371.2916       125.8165       2.080288    
   376.2886       125.9600       2.132806    
   381.2849       126.1205       2.172507    
   386.2799       126.3045       2.199882    
   391.2732       126.5198       2.231056    
   396.2645       126.7639       2.273615    
   401.2549       127.0210       2.322557    
   406.2462       127.2653       2.358088    
   411.2407       127.4575       2.373369    
   416.2387       127.5636       2.369229    
   421.2385       127.5953       2.348589    
   426.2385       127.5986       2.311970    
   431.2385       127.6125       2.261970    
   436.2343       127.7445       2.199210    
   441.2233       128.0178       2.120081    
   446.2118       128.2982       2.039073    
   451.2035       128.5366       1.979624    
   456.1937       128.7948       1.952014    
   461.1783       129.1181       1.958140    
   466.1624       129.4493       1.989422    
   471.1551       129.6459       2.043340    
   476.1545       129.6918       2.112421    
   481.8401       129.6939       2.204935    
   489.3643       129.6939       2.331784    
   507.4286       129.6939       2.611716    
  -33.77417       118.0135       2.153482    
  -15.70986       118.0135       1.959087    
  -8.185690       118.0135       1.898707    
  -2.500000       118.0135       1.873837    
   2.481762       118.2522       1.870830    
   7.434425       118.7923       1.900081    
   12.38829       119.3243       1.962109    
   17.37068       119.5977       2.037934    
   22.36992       119.6640       2.101353    
   27.36889       119.7397       2.137550    
   32.36626       119.8660       2.154372    
   37.36148       120.0378       2.161719    
   42.35468       120.2439       2.166950    
   47.34677       120.4665       2.175396    
   52.33939       120.6811       2.188138    
   57.33461       120.8514       2.206894    
   62.33282       120.9489       2.235846    
   67.33237       120.9520       2.272469    
   72.33087       120.8632       2.310946    
   77.32610       120.6951       2.348788    
   82.31709       120.4589       2.378114    
   87.30524       120.1866       2.389587    
   92.29430       119.9255       2.378365    
   97.28818       119.7367       2.344672    
   102.2866       119.6531       2.289172    
   107.2863       119.6129       2.209976    
   112.2728       119.3835       2.114337    
   117.2255       118.8540       2.022305    
   122.1606       118.2177       1.954278    
   127.1186       117.7218       1.914868    
   132.1048       117.4431       1.892798    
   137.1018       117.3242       1.884567    
   142.1004       117.3613       1.898058    
   147.0855       117.6301       1.947541    
   152.0289       118.2023       2.033653    
   156.9416       118.9394       2.155028    
   161.8866       119.4921       2.290005    
   166.8759       119.7027       2.403238    
   171.8755       119.7078       2.475605    
   176.8751       119.6608       2.509461    
   181.8749       119.6375       2.513312    
   186.8749       119.6367       2.494849    
   191.8749       119.6370       2.461838    
   196.8749       119.6370       2.420122    
   201.8749       119.6370       2.376978    
   206.8749       119.6368       2.341914    
   211.8749       119.6388       2.319355    
   216.8748       119.6580       2.307793    
   221.8745       119.7069       2.312040    
   226.8739       119.7641       2.329232    
   231.8736       119.7666       2.349175    
   236.8703       119.6448       2.369941    
   241.8605       119.4020       2.390621    
   246.8531       119.2101       2.404946    
   251.8497       119.2547       2.406540    
   256.8403       119.4922       2.396924    
   261.8292       119.7551       2.379315    
   266.8226       119.9542       2.356429    
   271.8200       120.0750       2.333863    
   276.8195       120.1131       2.317920    
   281.8193       120.0895       2.318996    
   286.8188       120.0343       2.350055    
   291.8181       119.9648       2.405707    
   296.8170       119.8839       2.465039    
   301.8156       119.7882       2.509426    
   306.8141       119.6961       2.532774    
   311.8136       119.6630       2.535383    
   316.8123       119.6051       2.512577    
   321.7794       119.2268       2.459376    
   326.7076       118.5591       2.388290    
   331.6619       118.3332       2.327512    
   336.6017       118.8746       2.289377    
   341.4941       119.6919       2.261293    
   346.3997       120.4562       2.227502    
   351.3318       121.1031       2.194806    
   356.3008       121.5089       2.182977    
   361.2956       121.6748       2.192653    
   366.2939       121.7775       2.217723    
   371.2916       121.8979       2.254754    
   376.2886       122.0348       2.297793    
   381.2849       122.1877       2.337003    
   386.2799       122.3631       2.371344    
   391.2732       122.5684       2.408161    
   396.2645       122.8010       2.451041    
   401.2549       123.0461       2.495284    
   406.2462       123.2790       2.529206    
   411.2407       123.4621       2.546407    
   416.2387       123.5633       2.544440    
   421.2385       123.5935       2.523852    
   426.2385       123.5967       2.485192    
   431.2385       123.6100       2.432439    
   436.2343       123.7357       2.369501    
   441.2233       123.9963       2.297715    
   446.2118       124.2636       2.226136    
   451.2035       124.4909       2.170588    
   456.1937       124.7369       2.136709    
   461.1783       125.0452       2.128444    
   466.1624       125.3608       2.143143    
   471.1551       125.5482       2.179265    
   476.1545       125.5920       2.229345    
   481.8401       125.5940       2.298293    
   489.3643       125.5940       2.396782    
   507.4286       125.5940       2.629319    
  -33.77417       113.9358       2.176819    
  -15.70986       113.9358       2.022137    
  -8.185690       113.9358       1.982575    
  -2.500000       113.9358       1.973542    
   2.481762       114.1617       1.983220    
   7.434425       114.6728       2.016865    
   12.38829       115.1762       2.071553    
   17.37068       115.4350       2.135369    
   22.36992       115.4978       2.192132    
   27.36889       115.5694       2.232766    
   32.36626       115.6889       2.258793    
   37.36148       115.8514       2.275241    
   42.35468       116.0465       2.287323    
   47.34677       116.2571       2.299532    
   52.33939       116.4603       2.314517    
   57.33461       116.6214       2.333859    
   62.33282       116.7137       2.359231    
   67.33237       116.7167       2.389377    
   72.33087       116.6326       2.420512    
   77.32610       116.4735       2.448631    
   82.31709       116.2499       2.467860    
   87.30524       115.9922       2.472589    
   92.29430       115.7452       2.459260    
   97.28818       115.5665       2.425748    
   102.2866       115.4874       2.372026    
   107.2863       115.4493       2.300174    
   112.2728       115.2323       2.217838    
   117.2255       114.7313       2.137995    
   122.1606       114.1291       2.073629    
   127.1186       113.6599       2.032097    
   132.1048       113.3961       2.012688    
   137.1018       113.2836       2.015077    
   142.1004       113.3186       2.041217    
   147.0855       113.5730       2.100930    
   152.0289       114.1145       2.194327    
   156.9416       114.8120       2.314999    
   161.8866       115.3350       2.443261    
   166.8759       115.5344       2.555749    
   171.8755       115.5392       2.636295    
   176.8751       115.4947       2.682106    
   181.8749       115.4726       2.697968    
   186.8749       115.4719       2.690761    
   191.8749       115.4722       2.667464    
   196.8749       115.4722       2.634448    
   201.8749       115.4722       2.598654    
   206.8749       115.4720       2.567370    
   211.8749       115.4739       2.544972    
   216.8748       115.4921       2.532894    
   221.8745       115.5383       2.532655    
   226.8739       115.5924       2.541808    
   231.8736       115.5948       2.554856    
   236.8703       115.4796       2.568613    
   241.8605       115.2498       2.581010    
   246.8531       115.0682       2.588308    
   251.8497       115.1104       2.587544    
   256.8403       115.3352       2.579380    
   261.8292       115.5839       2.566299    
   266.8226       115.7724       2.551008    
   271.8200       115.8866       2.538165    
   276.8195       115.9228       2.533701    
   281.8193       115.9004       2.544145    
   286.8188       115.8482       2.573812    
   291.8181       115.7824       2.617592    
   296.8170       115.7058       2.663355    
   301.8156       115.6153       2.698429    
   306.8141       115.5281       2.715586    
   311.8136       115.4968       2.711873    
   316.8123       115.4420       2.684247    
   321.7794       115.0840       2.632869    
   326.7076       114.4521       2.568779    
   331.6619       114.2384       2.509622    
   336.6017       114.7507       2.463536    
   341.4941       115.5241       2.427088    
   346.3997       116.2474       2.393722    
   351.3318       116.8596       2.365956    
   356.3008       117.2437       2.352279    
   361.2956       117.4006       2.355473    
   366.2939       117.4977       2.373389    
   371.2916       117.6117       2.402744    
   376.2886       117.7412       2.439056    
   381.2849       117.8860       2.476684    
   386.2799       118.0519       2.513637    
   391.2732       118.2462       2.551876    
   396.2645       118.4663       2.592300    
   401.2549       118.6983       2.631283    
   406.2462       118.9186       2.661582    
   411.2407       119.0920       2.677929    
   416.2387       119.1877       2.677125    
   421.2385       119.2163       2.658270    
   426.2385       119.2194       2.621828    
   431.2385       119.2319       2.571859    
   436.2343       119.3509       2.513240    
   441.2233       119.5975       2.449935    
   446.2118       119.8504       2.387195    
   451.2035       120.0655       2.334753    
   456.1937       120.2983       2.298491    
   461.1783       120.5900       2.281786    
   466.1624       120.8887       2.285336    
   471.1551       121.0661       2.306240    
   476.1545       121.1075       2.340537    
   481.8401       121.1095       2.390377    
   489.3643       121.1095       2.465578    
   507.4286       121.1095       2.650692    
  -33.77417       109.4377       2.204936    
  -15.70986       109.4377       2.087484    
  -8.185690       109.4377       2.064854    
  -2.500000       109.4377       2.067124    
   2.481762       109.6495       2.084451    
   7.434425       110.1285       2.117816    
   12.38829       110.6005       2.164273    
   17.37068       110.8431       2.216868    
   22.36992       110.9020       2.266403    
   27.36889       110.9691       2.307142    
   32.36626       111.0811       2.338115    
   37.36148       111.2335       2.361160    
   42.35468       111.4164       2.379113    
   47.34677       111.6138       2.395016    
   52.33939       111.8043       2.411429    
   57.33461       111.9553       2.429910    
   62.33282       112.0418       2.451165    
   67.33237       112.0446       2.474468    
   72.33087       111.9657       2.497328    
   77.32610       111.8166       2.516268    
   82.31709       111.6071       2.526902    
   87.30524       111.3655       2.525527    
   92.29430       111.1339       2.509454    
   97.28818       110.9664       2.476748    
   102.2866       110.8923       2.427767    
   107.2863       110.8566       2.365862    
   112.2728       110.6531       2.297875    
   117.2255       110.1834       2.233009    
   122.1606       109.6189       2.179935    
   127.1186       109.1790       2.144981    
   132.1048       108.9318       2.132024    
   137.1018       108.8263       2.142972    
   142.1004       108.8592       2.179039    
   147.0855       109.0976       2.244183    
   152.0289       109.6052       2.337075    
   156.9416       110.2591       2.449794    
   161.8866       110.7494       2.567864    
   166.8759       110.9363       2.674948    
   171.8755       110.9408       2.757720    
   176.8751       110.8991       2.811533    
   181.8749       110.8784       2.838213    
   186.8749       110.8776       2.842645    
   191.8749       110.8779       2.830696    
   196.8749       110.8779       2.808344    
   201.8749       110.8779       2.781685    
   206.8749       110.8778       2.756550    
   211.8749       110.8796       2.737014    
   216.8748       110.8966       2.725211    
   221.8745       110.9400       2.721915    
   226.8739       110.9907       2.725408    
   231.8736       110.9929       2.732368    
   236.8703       110.8849       2.739957    
   241.8605       110.6695       2.746117    
   246.8531       110.4993       2.748710    
   251.8497       110.5388       2.746363    
   256.8403       110.7495       2.739757    
   261.8292       110.9827       2.730832    
   266.8226       111.1594       2.721987    
   271.8200       111.2665       2.716743    
   276.8195       111.3003       2.719287    
   281.8193       111.2794       2.733021    
   286.8188       111.2305       2.758501    
   291.8181       111.1687       2.791362    
   296.8170       111.0969       2.824058    
   301.8156       111.0121       2.848231    
   306.8141       110.9304       2.857556    
   311.8136       110.9010       2.848500    
   316.8123       110.8497       2.819374    
   321.7794       110.5141       2.772326    
   326.7076       109.9218       2.715779    
   331.6619       109.7214       2.660779    
   336.6017       110.2016       2.613433    
   341.4941       110.9267       2.574546    
   346.3997       111.6047       2.541985    
   351.3318       112.1786       2.516644    
   356.3008       112.5386       2.501954    
   361.2956       112.6857       2.500211    
   366.2939       112.7768       2.511383    
   371.2916       112.8837       2.533465    
   376.2886       113.0050       2.563306    
   381.2849       113.1407       2.597207    
   386.2799       113.2963       2.632719    
   391.2732       113.4784       2.668945    
   396.2645       113.6848       2.704992    
   401.2549       113.9022       2.738031    
   406.2462       114.1088       2.763382    
   411.2407       114.2713       2.777050    
   416.2387       114.3611       2.776482    
   421.2385       114.3878       2.760313    
   426.2385       114.3907       2.728894    
   431.2385       114.4025       2.684936    
   436.2343       114.5140       2.632939    
   441.2233       114.7451       2.577959    
   446.2118       114.9823       2.524189    
   451.2035       115.1839       2.476946    
   456.1937       115.4022       2.441465    
   461.1783       115.6756       2.420811    
   466.1624       115.9556       2.416381    
   471.1551       116.1219       2.426188    
   476.1545       116.1607       2.447888    
   481.8401       116.1625       2.482476    
   489.3643       116.1625       2.537331    
   507.4286       116.1625       2.675682    
  -33.77417       104.4251       2.237871    
  -15.70986       104.4251       2.154575    
  -8.185690       104.4251       2.143524    
  -2.500000       104.4251       2.152611    
   2.481762       104.6212       2.173582    
   7.434425       105.0646       2.205715    
   12.38829       105.5015       2.246096    
   17.37068       105.7260       2.290309    
   22.36992       105.7805       2.333360    
   27.36889       105.8427       2.371612    
   32.36626       105.9463       2.403566    
   37.36148       106.0873       2.429438    
   42.35468       106.2567       2.450428    
   47.34677       106.4394       2.468379    
   52.33939       106.6157       2.485212    
   57.33461       106.7555       2.502179    
   62.33282       106.8356       2.519577    
   67.33237       106.8381       2.536892    
   72.33087       106.7651       2.552509    
   77.32610       106.6271       2.563829    
   82.31709       106.4332       2.567740    
   87.30524       106.2096       2.561769    
   92.29430       105.9952       2.544196    
   97.28818       105.8402       2.513973    
   102.2866       105.7715       2.471895    
   107.2863       105.7385       2.421352    
   112.2728       105.5501       2.367835    
   117.2255       105.1154       2.317996    
   122.1606       104.5929       2.278306    
   127.1186       104.1857       2.253888    
   132.1048       103.9569       2.249091    
   137.1018       103.8593       2.266954    
   142.1004       103.8897       2.308918    
   147.0855       104.1104       2.375160    
   152.0289       104.5803       2.462772    
   156.9416       105.1855       2.564734    
   161.8866       105.6393       2.670773    
   166.8759       105.8122       2.769062    
   171.8755       105.8165       2.849369    
   176.8751       105.7778       2.906997    
   181.8749       105.7587       2.941847    
   186.8749       105.7580       2.956783    
   191.8749       105.7582       2.956198    
   196.8749       105.7583       2.945017    
   201.8749       105.7583       2.928291    
   206.8749       105.7581       2.910712    
   211.8749       105.7598       2.895850    
   216.8748       105.7755       2.885872    
   221.8745       105.8157       2.881533    
   226.8739       105.8626       2.881880    
   231.8736       105.8647       2.884834    
   236.8703       105.7647       2.888307    
   241.8605       105.5654       2.890609    
   246.8531       105.4078       2.890506    
   251.8497       105.4444       2.887489    
   256.8403       105.6394       2.882287    
   261.8292       105.8553       2.876412    
   266.8226       106.0188       2.871766    
   271.8200       106.1179       2.870843    
   276.8195       106.1492       2.876201    
   281.8193       106.1298       2.889208    
   286.8188       106.0846       2.908889    
   291.8181       106.0275       2.931654    
   296.8170       105.9610       2.952517    
   301.8156       105.8824       2.966213    
   306.8141       105.8068       2.968166    
   311.8136       105.7796       2.955319    
   316.8123       105.7321       2.926805    
   321.7794       105.4215       2.885072    
   326.7076       104.8732       2.836208    
   331.6619       104.6877       2.787122    
   336.6017       105.1322       2.742679    
   341.4941       105.8034       2.705257    
   346.3997       106.4309       2.674590    
   351.3318       106.9622       2.651052    
   356.3008       107.2954       2.635982    
   361.2956       107.4315       2.630934    
   366.2939       107.5159       2.636654    
   371.2916       107.6148       2.652135    
   376.2886       107.7271       2.675171    
   381.2849       107.8528       2.703168    
   386.2799       107.9968       2.733813    
   391.2732       108.1653       2.765204    
   396.2645       108.3564       2.795453    
   401.2549       108.5576       2.822170    
   406.2462       108.7488       2.842268    
   411.2407       108.8992       2.852925    
   416.2387       108.9823       2.852168    
   421.2385       109.0071       2.838846    
   426.2385       109.0098       2.813227    
   431.2385       109.0207       2.776900    
   436.2343       109.1239       2.733188    
   441.2233       109.3378       2.686634    
   446.2118       109.5574       2.641337    
   451.2035       109.7439       2.600946    
   456.1937       109.9460       2.569096    
   461.1783       110.1991       2.548194    
   466.1624       110.4583       2.539292    
   471.1551       110.6122       2.541556    
   476.1545       110.6481       2.553186    
   481.8401       110.6497       2.574177    
   489.3643       110.6497       2.609741    
   507.4286       110.6497       2.703446    
  -33.77417       98.76926       2.275676    
  -15.70986       98.76926       2.223739    
  -8.185690       98.76926       2.220780    
  -2.500000       98.76926       2.232833    
   2.481762       98.94752       2.253998    
   7.434425       99.35075       2.283716    
   12.38829       99.74802       2.319201    
   17.37068       99.95215       2.357168    
   22.36992       100.0017       2.394522    
   27.36889       100.0582       2.428900    
   32.36626       100.1525       2.459080    
   37.36148       100.2807       2.484746    
   42.35468       100.4347       2.506351    
   47.34677       100.6009       2.524979    
   52.33939       100.7612       2.541752    
   57.33461       100.8883       2.557320    
   62.33282       100.9611       2.571697    
   67.33237       100.9634       2.584448    
   72.33087       100.8971       2.594550    
   77.32610       100.7716       2.600301    
   82.31709       100.5952       2.599709    
   87.30524       100.3919       2.591244    
   92.29430       100.1970       2.574128    
   97.28818       100.0560       2.548208    
   102.2866       99.99355       2.514493    
   107.2863       99.96349       2.475812    
   112.2728       99.79222       2.436367    
   117.2255       99.39693       2.400893    
   122.1606       98.92178       2.374317    
   127.1186       98.55151       2.361008    
   132.1048       98.34343       2.364657    
   137.1018       98.25465       2.387793    
   142.1004       98.28233       2.431518    
   147.0855       98.48299       2.494677    
   152.0289       98.91029       2.573985    
   156.9416       99.46066       2.663546    
   161.8866       99.87329       2.756023    
   166.8759       100.0306       2.843214    
   171.8755       100.0344       2.917798    
   176.8751       99.99930       2.975602    
   181.8749       99.98188       3.015485    
   186.8749       99.98126       3.038765    
   191.8749       99.98149       3.048271    
   196.8749       99.98150       3.047589    
   201.8749       99.98149       3.040652    
   206.8749       99.98139       3.031182    
   211.8749       99.98287       3.022164    
   216.8748       99.99718       3.015557    
   221.8745       100.0337       3.012195    
   226.8739       100.0764       3.011726    
   231.8736       100.0783       3.012922    
   236.8703       99.98734       3.014351    
   241.8605       99.80609       3.014802    
   246.8531       99.66279       3.013597    
   251.8497       99.69608       3.010673    
   256.8403       99.87341       3.006666    
   261.8292       100.0697       3.002695    
   266.8226       100.2184       3.000191    
   271.8200       100.3085       3.000832    
   276.8195       100.3370       3.005948    
   281.8193       100.3194       3.015752    
   286.8188       100.2782       3.028903    
   291.8181       100.2263       3.042682    
   296.8170       100.1659       3.053736    
   301.8156       100.0944       3.058753    
   306.8141       100.0256       3.054796    
   311.8136       100.0009       3.039759    
   316.8123       99.95772       3.013233    
   321.7794       99.67523       2.977167    
   326.7076       99.17667       2.935649    
   331.6619       99.00801       2.893180    
   336.6017       99.41222       2.853738    
   341.4941       100.0225       2.819749    
   346.3997       100.5932       2.791538    
   351.3318       101.0763       2.769550    
   356.3008       101.3793       2.754582    
   361.2956       101.5031       2.747637    
   366.2939       101.5798       2.749344    
   371.2916       101.6697       2.759094    
   376.2886       101.7719       2.775334    
   381.2849       101.8861       2.796169    
   386.2799       102.0170       2.819730    
   391.2732       102.1703       2.844190    
   396.2645       102.3440       2.867615    
   401.2549       102.5270       2.887941    
   406.2462       102.7009       2.902961    
   411.2407       102.8377       2.910625    
   416.2387       102.9132       2.909350    
   421.2385       102.9358       2.898339    
   426.2385       102.9382       2.877860    
   431.2385       102.9481       2.849110    
   436.2343       103.0419       2.814445    
   441.2233       103.2365       2.777232    
   446.2118       103.4361       2.740814    
   451.2035       103.6058       2.707931    
   456.1937       103.7895       2.680919    
   461.1783       104.0197       2.661462    
   466.1624       104.2553       2.650332    
   471.1551       104.3953       2.647166    
   476.1545       104.4279       2.650586    
   481.8401       104.4295       2.659933    
   489.3643       104.4295       2.678548    
   507.4286       104.4295       2.732680    
  -33.77417       92.28692       2.317962    
  -15.70986       92.28692       2.292697    
  -8.185690       92.28692       2.295873    
  -2.500000       92.28692       2.308759    
   2.481762       92.44483       2.327953    
   7.434425       92.80198       2.353704    
   12.38829       93.15384       2.383818    
   17.37068       93.33465       2.415950    
   22.36992       93.37855       2.447909    
   27.36889       93.42858       2.477990    
   32.36626       93.51208       2.505319    
   37.36148       93.62569       2.529523    
   42.35468       93.76205       2.550691    
   47.34677       93.90923       2.569275    
   52.33939       94.05121       2.585675    
   57.33461       94.16380       2.600020    
   62.33282       94.22831       2.612162    
   67.33237       94.23037       2.621739    
   72.33087       94.17159       2.628151    
   77.32610       94.06042       2.630497    
   82.31709       93.90422       2.627746    
   87.30524       93.72411       2.619118    
   92.29430       93.55146       2.604440    
   97.28818       93.42661       2.584162    
   102.2866       93.37131       2.559424    
   107.2863       93.34469       2.532360    
   112.2728       93.19299       2.506067    
   117.2255       92.84286       2.483988    
   122.1606       92.42202       2.469630    
   127.1186       92.09407       2.466350    
   132.1048       91.90976       2.477019    
   137.1018       91.83113       2.503333    
   142.1004       91.85565       2.545774    
   147.0855       92.03337       2.602986    
   152.0289       92.41184       2.671882    
   156.9416       92.89931       2.747801    
   161.8866       93.26480       2.825817    
   166.8759       93.40413       2.900577    
   171.8755       93.40750       2.966978    
   176.8751       93.37640       3.021686    
   181.8749       93.36098       3.063319    
   186.8749       93.36044       3.092155    
   191.8749       93.36063       3.109641    
   196.8749       93.36064       3.118069    
   201.8749       93.36063       3.120218    
   206.8749       93.36054       3.118826    
   211.8749       93.36186       3.116193    
   216.8748       93.37454       3.113949    
   221.8745       93.40688       3.112942    
   226.8739       93.44470       3.113217    
   231.8736       93.44635       3.114176    
   236.8703       93.36582       3.114974    
   241.8605       93.20527       3.114911    
   246.8531       93.07835       3.113690    
   251.8497       93.10783       3.111423    
   256.8403       93.26490       3.108592    
   261.8292       93.43874       3.105960    
   266.8226       93.57047       3.104467    
   271.8200       93.65030       3.105037    
   276.8195       93.67554       3.108171    
   281.8193       93.65989       3.113631    
   286.8188       93.62345       3.120313    
   291.8181       93.57744       3.126385    
   296.8170       93.52392       3.129657    
   301.8156       93.46066       3.128009    
   306.8141       93.39973       3.119684    
   311.8136       93.37785       3.103548    
   316.8123       93.33959       3.079525    
   321.7794       93.08938       3.048958    
   326.7076       92.64779       3.014357    
   331.6619       92.49840       2.978591    
   336.6017       92.85643       2.944731    
   341.4941       93.39696       2.914751    
   346.3997       93.90244       2.889174    
   351.3318       94.33030       2.868670    
   356.3008       94.59869       2.853969    
   361.2956       94.70834       2.845700    
   366.2939       94.77627       2.844121    
   371.2916       94.85593       2.848737    
   376.2886       94.94642       2.858474    
   381.2849       95.04758       2.871984    
   386.2799       95.16358       2.887862    
   391.2732       95.29931       2.904644    
   396.2645       95.45317       2.920767    
   401.2549       95.61526       2.934581    
   406.2462       95.76926       2.944454    
   411.2407       95.89043       2.948905    
   416.2387       95.95733       2.946797    
   421.2385       95.97731       2.937631    
   426.2385       95.97943       2.921704    
   431.2385       95.98818       2.900058    
   436.2343       96.07135       2.874447    
   441.2233       96.24365       2.847104    
   446.2118       96.42047       2.820089    
   451.2035       96.57073       2.795007    
   456.1937       96.73344       2.773285    
   461.1783       96.93733       2.756172    
   466.1624       97.14609       2.744289    
   471.1551       97.27006       2.737425    
   476.1545       97.29897       2.734717    
   481.8401       97.30029       2.735257    
   489.3643       97.30029       2.740560    
   507.4286       97.30029       2.761565    
  -33.77417       84.70639       2.362444    
  -15.70986       84.70639       2.358745    
  -8.185690       84.70639       2.366635    
  -2.500000       84.70639       2.379923    
   2.481762       84.84047       2.396990    
   7.434425       85.14374       2.418592    
   12.38829       85.44250       2.443359    
   17.37068       85.59602       2.469785    
   22.36992       85.63330       2.496500    
   27.36889       85.67580       2.522267    
   32.36626       85.74669       2.546360    
   37.36148       85.84315       2.568460    
   42.35468       85.95895       2.588443    
   47.34677       86.08392       2.606275    
   52.33939       86.20448       2.621900    
   57.33461       86.30008       2.635172    
   62.33282       86.35486       2.645852    
   67.33237       86.35661       2.653630    
   72.33087       86.30669       2.658159    
   77.32610       86.21230       2.659096    
   82.31709       86.07966       2.656144    
   87.30524       85.92673       2.649151    
   92.29430       85.78013       2.638312    
   97.28818       85.67411       2.624302    
   102.2866       85.62716       2.608275    
   107.2863       85.60456       2.591860    
   112.2728       85.47575       2.577200    
   117.2255       85.17844       2.566673    
   122.1606       84.82110       2.562632    
   127.1186       84.54264       2.567348    
   132.1048       84.38613       2.582764    
   137.1018       84.31937       2.609910    
   142.1004       84.34019       2.648821    
   147.0855       84.49109       2.698270    
   152.0289       84.81246       2.755668    
   156.9416       85.22638       2.817664    
   161.8866       85.53673       2.881171    
   166.8759       85.65503       2.942861    
   171.8755       85.65790       2.999363    
   176.8751       85.63148       3.048355    
   181.8749       85.61840       3.088614    
   186.8749       85.61794       3.119848    
   191.8749       85.61810       3.142585    
   196.8749       85.61810       3.158048    
   201.8749       85.61810       3.167878    
   206.8749       85.61802       3.173792    
   211.8749       85.61914       3.177343    
   216.8748       85.62991       3.179752    
   221.8745       85.65736       3.181787    
   226.8739       85.68948       3.183727    
   231.8736       85.69088       3.185441    
   236.8703       85.62250       3.186604    
   241.8605       85.48617       3.186951    
   246.8531       85.37840       3.186440    
   251.8497       85.40344       3.185227    
   256.8403       85.53680       3.183630    
   261.8292       85.68442       3.182057    
   266.8226       85.79627       3.180948    
   271.8200       85.86406       3.180648    
   276.8195       85.88549       3.181222    
   281.8193       85.87220       3.182346    
   286.8188       85.84126       3.183277    
   291.8181       85.80219       3.182922    
   296.8170       85.75674       3.180017    
   301.8156       85.70303       3.173364    
   306.8141       85.65130       3.162040    
   311.8136       85.63272       3.145560    
   316.8123       85.60023       3.124043    
   321.7794       85.38776       3.098381    
   326.7076       85.01280       3.070016    
   331.6619       84.88596       3.040570    
   336.6017       85.18996       3.012190    
   341.4941       85.64894       2.986443    
   346.3997       86.07815       2.963902    
   351.3318       86.44146       2.945230    
   356.3008       86.66934       2.930991    
   361.2956       86.76245       2.921546    
   366.2939       86.82014       2.916985    
   371.2916       86.88777       2.916977    
   376.2886       86.96461       2.920861    
   381.2849       87.05051       2.927751    
   386.2799       87.14902       2.936633    
   391.2732       87.26426       2.946387    
   396.2645       87.39491       2.955817    
   401.2549       87.53254       2.963703    
   406.2462       87.66331       2.968904    
   411.2407       87.76619       2.970458    
   416.2387       87.82300       2.967697    
   421.2385       87.83997       2.960384    
   426.2385       87.84176       2.948799    
   431.2385       87.84920       2.933742    
   436.2343       87.91981       2.916388    
   441.2233       88.06612       2.897962    
   446.2118       88.21626       2.879354    
   451.2035       88.34385       2.861313    
   456.1937       88.48203       2.844772    
   461.1783       88.65514       2.830631    
   466.1624       88.83239       2.819304    
   471.1551       88.93765       2.810688    
   476.1545       88.96221       2.804388    
   481.8401       88.96335       2.799221    
   489.3643       88.96335       2.794774    
   507.4286       88.96335       2.787597    
  -33.77417       75.60016       2.405905    
  -15.70986       75.60016       2.418957    
  -8.185690       75.60016       2.431076    
  -2.500000       75.60016       2.444887    
   2.481762       75.70561       2.460749    
   7.434425       75.94414       2.479599    
   12.38829       76.17914       2.500567    
   17.37068       76.29989       2.522778    
   22.36992       76.32921       2.545349    
   27.36889       76.36263       2.567515    
   32.36626       76.41840       2.588666    
   37.36148       76.49427       2.608443    
   42.35468       76.58534       2.626694    
   47.34677       76.68364       2.643257    
   52.33939       76.77846       2.657901    
   57.33461       76.85366       2.670355    
   62.33282       76.89674       2.680337    
   67.33237       76.89812       2.687595    
   72.33087       76.85886       2.691955    
   77.32610       76.78461       2.693353    
   82.31709       76.68029       2.691856    
   87.30524       76.56001       2.687684    
   92.29430       76.44469       2.681253    
   97.28818       76.36131       2.673258    
   102.2866       76.32438       2.664694    
   107.2863       76.30660       2.656815    
   112.2728       76.20528       2.651076    
   117.2255       75.97144       2.649000    
   122.1606       75.69038       2.652062    
   127.1186       75.47135       2.661692    
   132.1048       75.34826       2.679043    
   137.1018       75.29574       2.704637    
   142.1004       75.31212       2.738312    
   147.0855       75.43081       2.779097    
   152.0289       75.68358       2.825077    
   156.9416       76.00915       2.874036    
   161.8866       76.25325       2.924205    
   166.8759       76.34630       2.973652    
   171.8755       76.34855       3.020252    
   176.8751       76.32778       3.062446    
   181.8749       76.31749       3.099238    
   186.8749       76.31712       3.130146    
   191.8749       76.31725       3.155219    
   196.8749       76.31725       3.174943    
   201.8749       76.31725       3.190093    
   206.8749       76.31718       3.201576    
   211.8749       76.31807       3.210301    
   216.8748       76.32654       3.217061    
   221.8745       76.34814       3.222440    
   226.8739       76.37340       3.226770    
   231.8736       76.37450       3.230169    
   236.8703       76.32071       3.232625    
   241.8605       76.21349       3.234136    
   246.8531       76.12872       3.234786    
   251.8497       76.14841       3.234714    
   256.8403       76.25331       3.234093    
   261.8292       76.36942       3.233088    
   266.8226       76.45739       3.231819    
   271.8200       76.51070       3.230331    
   276.8195       76.52757       3.228532    
   281.8193       76.51711       3.226155    
   286.8188       76.49277       3.222764    
   291.8181       76.46204       3.217794    
   296.8170       76.42630       3.210641    
   301.8156       76.38405       3.200758    
   306.8141       76.34336       3.187763    
   311.8136       76.32875       3.171530    
   316.8123       76.30320       3.152253    
   321.7794       76.13609       3.130541    
   326.7076       75.84116       3.107219    
   331.6619       75.74139       3.083117    
   336.6017       75.98050       3.059690    
   341.4941       76.34151       3.038099    
   346.3997       76.67910       3.018757    
   351.3318       76.96486       3.002146    
   356.3008       77.14410       2.988625    
   361.2956       77.21733       2.978427    
   366.2939       77.26270       2.971637    
   371.2916       77.31591       2.968091    
   376.2886       77.37634       2.967404    
   381.2849       77.44391       2.969021    
   386.2799       77.52139       2.972252    
   391.2732       77.61202       2.976310    
   396.2645       77.71479       2.980350    
   401.2549       77.82304       2.983528    
   406.2462       77.92590       2.985088    
   411.2407       78.00681       2.984444    
   416.2387       78.05150       2.981256    
   421.2385       78.06484       2.975482    
   426.2385       78.06626       2.967401    
   431.2385       78.07211       2.957538    
   436.2343       78.12765       2.946453    
   441.2233       78.24273       2.934546    
   446.2118       78.36082       2.922074    
   451.2035       78.46117       2.909470    
   456.1937       78.56985       2.897369    
   461.1783       78.70601       2.886286    
   466.1624       78.84543       2.876461    
   471.1551       78.92822       2.867942    
   476.1545       78.94754       2.860526    
   481.8401       78.94843       2.852758    
   489.3643       78.94843       2.842262    
   507.4286       78.94843       2.806062    
  -33.77417       56.32260       2.472317    
  -15.70986       56.32260       2.504273    
  -8.185690       56.32260       2.522217    
  -2.500000       56.32260       2.537802    
   2.481762       56.36747       2.553124    
   7.434425       56.46896       2.570375    
   12.38829       56.56895       2.588698    
   17.37068       56.62033       2.607496    
   22.36992       56.63280       2.626344    
   27.36889       56.64702       2.644816    
   32.36626       56.67075       2.662625    
   37.36148       56.70303       2.679413    
   42.35468       56.74178       2.695017    
   47.34677       56.78361       2.709453    
   52.33939       56.82395       2.722623    
   57.33461       56.85595       2.734299    
   62.33282       56.87428       2.744254    
   67.33237       56.87487       2.752343    
   72.33087       56.85816       2.758554    
   77.32610       56.82657       2.762991    
   82.31709       56.78218       2.765860    
   87.30524       56.73100       2.767465    
   92.29430       56.68194       2.768212    
   97.28818       56.64646       2.768591    
   102.2866       56.63075       2.769188    
   107.2863       56.62318       2.770661    
   112.2728       56.58007       2.773699    
   117.2255       56.48058       2.778963    
   122.1606       56.36099       2.787092    
   127.1186       56.26780       2.798736    
   132.1048       56.21542       2.814350    
   137.1018       56.19307       2.834059    
   142.1004       56.20005       2.857713    
   147.0855       56.25055       2.884822    
   152.0289       56.35809       2.914468    
   156.9416       56.49662       2.945719    
   161.8866       56.60048       2.978069    
   166.8759       56.64007       3.010870    
   171.8755       56.64103       3.043192    
   176.8751       56.63219       3.074286    
   181.8749       56.62782       3.103568    
   186.8749       56.62766       3.130607    
   191.8749       56.62771       3.155156    
   196.8749       56.62772       3.177127    
   201.8749       56.62771       3.196551    
   206.8749       56.62769       3.213548    
   211.8749       56.62806       3.228287    
   216.8748       56.63167       3.240949    
   221.8745       56.64086       3.251698    
   226.8739       56.65160       3.260679    
   231.8736       56.65207       3.268016    
   236.8703       56.62919       3.273808    
   241.8605       56.58356       3.278156    
   246.8531       56.54750       3.281158    
   251.8497       56.55588       3.282859    
   256.8403       56.60051       3.283304    
   261.8292       56.64991       3.282530    
   266.8226       56.68734       3.280534    
   271.8200       56.71003       3.277290    
   276.8195       56.71720       3.272753    
   281.8193       56.71275       3.266857    
   286.8188       56.70240       3.259527    
   291.8181       56.68932       3.250689    
   296.8170       56.67411       3.240284    
   301.8156       56.65614       3.228287    
   306.8141       56.63882       3.214728    
   311.8136       56.63261       3.199720    
   316.8123       56.62173       3.183489    
   321.7794       56.55063       3.166407    
   326.7076       56.42514       3.148814    
   331.6619       56.38269       3.130913    
   336.6017       56.48443       3.113485    
   341.4941       56.63803       3.097155    
   346.3997       56.78168       3.082007    
   351.3318       56.90327       3.068229    
   356.3008       56.97953       3.055965    
   361.2956       57.01069       3.045336    
   366.2939       57.02999       3.036436    
   371.2916       57.05263       3.029243    
   376.2886       57.07835       3.023632    
   381.2849       57.10709       3.019389    
   386.2799       57.14006       3.016235    
   391.2732       57.17862       3.013842    
   396.2645       57.22235       3.011858    
   401.2549       57.26841       3.009933    
   406.2462       57.31217       3.007748    
   411.2407       57.34660       3.005065    
   416.2387       57.36561       3.001763    
   421.2385       57.37129       2.997868    
   426.2385       57.37189       2.993506    
   431.2385       57.37438       2.988739    
   436.2343       57.39801       2.983437    
   441.2233       57.44698       2.977479    
   446.2118       57.49723       2.971039    
   451.2035       57.53992       2.964527    
   456.1937       57.58617       2.958262    
   461.1783       57.64410       2.952364    
   466.1624       57.70342       2.946950    
   471.1551       57.73865       2.942113    
   476.1545       57.74687       2.937846    
   481.8401       57.74725       2.933758    
   489.3643       57.74725       2.930099    
   507.4286       57.74725       2.894218    
