        1545
  -33.77417       136.6885       1.432015    
  -15.70986       136.6885       1.433223    
  -8.185690       136.6885       1.506558    
  -2.500000       136.6885       1.339760    
   2.481762       136.9860       1.198924    
   7.434425       137.6588       1.084946    
   12.38829       138.3216      0.9826072    
   17.37068       138.6622      0.7145424    
   22.36992       138.7449      0.9732603    
   27.36889       138.8391      0.7932748    
   32.36626       138.9964      0.8262609    
   37.36148       139.2104      0.8865035    
   42.35468       139.4673       1.022588    
   47.34677       139.7446       1.081216    
   52.33939       140.0120       1.065199    
   57.33461       140.2241       1.062165    
   62.33282       140.3456      0.9032351    
   67.33237       140.3495      0.9974888    
   72.33087       140.2388      0.8692129    
   77.32610       140.0294       1.047385    
   82.31709       139.7351       1.058179    
   87.30524       139.3958       1.182751    
   92.29430       139.0706       1.090086    
   97.28818       138.8354      0.8688937    
   102.2866       138.7312      0.9548054    
   107.2863       138.6811      0.9803501    
   112.2728       138.3953       1.080103    
   117.2255       137.7357       1.030415    
   122.1606       136.9430       1.103492    
   127.1186       136.3252       1.043409    
   132.1048       135.9780       1.441254    
   137.1018       135.8299       1.427453    
   142.1004       135.8761       1.301118    
   147.0855       136.2108      0.8909485    
   152.0289       136.9238       1.068881    
   156.9416       137.8421      0.9806405    
   161.8866       138.5306       1.058286    
   166.8759       138.7930      0.9956442    
   171.8755       138.7994      0.8732592    
   176.8751       138.7408      0.7816936    
   181.8749       138.7118      0.7881550    
   186.8749       138.7108      0.7779695    
   191.8749       138.7111      0.8189883    
   196.8749       138.7112      0.7889948    
   201.8749       138.7111      0.8632084    
   206.8749       138.7109      0.9125445    
   211.8749       138.7134      0.9118537    
   216.8748       138.7373      0.9469303    
   221.8745       138.7983      0.7596107    
   226.8739       138.8695      0.9511856    
   231.8736       138.8726      0.6560108    
   236.8703       138.7209      0.7643437    
   241.8605       138.4185      0.6908795    
   246.8531       138.1794      0.6902900    
   251.8497       138.2349      0.7724533    
   256.8403       138.5308      0.9106250    
   261.8292       138.8582      0.8833488    
   266.8226       139.1064      0.8311572    
   271.8200       139.2568       1.084380    
   276.8195       139.3043       1.132844    
   281.8193       139.2749       1.105869    
   286.8188       139.2062      0.8700182    
   291.8181       139.1195      0.7922922    
   296.8170       139.0187      0.7407889    
   301.8156       138.8996      0.6586180    
   306.8141       138.7848      0.7652221    
   311.8136       138.7435      0.7353021    
   316.8123       138.6715      0.8966280    
   321.7794       138.2001       1.019078    
   326.7076       137.3683       1.009258    
   331.6619       137.0869       1.082498    
   336.6017       137.7613       1.016848    
   341.4941       138.7795      0.9431707    
   346.3997       139.7317       1.170771    
   351.3318       140.5377      0.9112160    
   356.3008       141.0433       1.241992    
   361.2956       141.2499       1.112696    
   366.2939       141.3779      0.8616841    
   371.2916       141.5279      0.8058467    
   376.2886       141.6984      0.9474350    
   381.2849       141.8889       1.021348    
   386.2799       142.1075      0.9386522    
   391.2732       142.3631       1.046536    
   396.2645       142.6530       1.120144    
   401.2549       142.9583      0.8973793    
   406.2462       143.2484      0.7438958    
   411.2407       143.4767      0.7564164    
   416.2387       143.6027      0.8341770    
   421.2385       143.6403      0.7587229    
   426.2385       143.6443      0.8542243    
   431.2385       143.6608      0.8274935    
   436.2343       143.8174       1.077546    
   441.2233       144.1421       1.028894    
   446.2118       144.4751      0.8667417    
   451.2035       144.7582      0.7217208    
   456.1937       145.0647      0.8764629    
   461.1783       145.4488      0.9908227    
   466.1624       145.8420       1.330684    
   471.1551       146.0755       1.027164    
   476.1545       146.1300       1.204199    
   481.8401       146.1326       1.553616    
   489.3643       146.1326       1.678652    
   507.4286       146.1326       2.074850    
  -33.77417       134.0858       1.446181    
  -15.70986       134.0858       1.453779    
  -8.185690       134.0858       1.549082    
  -2.500000       134.0858       1.524419    
   2.481762       134.3752       1.456792    
   7.434425       135.0294       1.295427    
   12.38829       135.6740       1.225330    
   17.37068       136.0052       1.293933    
   22.36992       136.0857       1.370399    
   27.36889       136.1774       1.353188    
   32.36626       136.3303       1.317672    
   37.36148       136.5384       1.299573    
   42.35468       136.7882       1.283338    
   47.34677       137.0579       1.449699    
   52.33939       137.3180       1.496153    
   57.33461       137.5242       1.276637    
   62.33282       137.6424       1.272913    
   67.33237       137.6462       1.515686    
   72.33087       137.5385       1.292177    
   77.32610       137.3349       1.416946    
   82.31709       137.0487       1.444742    
   87.30524       136.7188       1.421697    
   92.29430       136.4025       1.477298    
   97.28818       136.1738       1.606315    
   102.2866       136.0724       1.633326    
   107.2863       136.0237       1.412961    
   112.2728       135.7457       1.108218    
   117.2255       135.1043       1.234225    
   122.1606       134.3334       1.389359    
   127.1186       133.7326       1.338086    
   132.1048       133.3949       1.477439    
   137.1018       133.2509       1.452547    
   142.1004       133.2958       1.350961    
   147.0855       133.6214       1.230158    
   152.0289       134.3147       1.377443    
   156.9416       135.2077       1.218002    
   161.8866       135.8773       1.315589    
   166.8759       136.1325       1.227585    
   171.8755       136.1387       1.222830    
   176.8751       136.0817       1.424156    
   181.8749       136.0535       1.378913    
   186.8749       136.0525       1.182000    
   191.8749       136.0529       1.176663    
   196.8749       136.0529       1.131920    
   201.8749       136.0529       1.338400    
   206.8749       136.0527      0.9204082    
   211.8749       136.0551       1.373406    
   216.8748       136.0783       1.071504    
   221.8745       136.1376       1.148600    
   226.8739       136.2069       1.241182    
   231.8736       136.2099       1.078457    
   236.8703       136.0623       1.267000    
   241.8605       135.7682       1.463145    
   246.8531       135.5358       1.507204    
   251.8497       135.5898       1.501945    
   256.8403       135.8775       1.437869    
   261.8292       136.1960       1.474215    
   266.8226       136.4373       1.486154    
   271.8200       136.5835       1.310604    
   276.8195       136.6297       1.224099    
   281.8193       136.6011       1.204501    
   286.8188       136.5343       1.060591    
   291.8181       136.4500       1.313998    
   296.8170       136.3520       1.346220    
   301.8156       136.2361       1.367723    
   306.8141       136.1245       1.379340    
   311.8136       136.0844       1.339284    
   316.8123       136.0143       1.295002    
   321.7794       135.5559       1.373989    
   326.7076       134.7469       1.307115    
   331.6619       134.4733       1.277640    
   336.6017       135.1292       1.383618    
   341.4941       136.1194       1.369945    
   346.3997       137.0454       1.410033    
   351.3318       137.8293       1.318472    
   356.3008       138.3209       1.270480    
   361.2956       138.5218       1.237489    
   366.2939       138.6463       1.218005    
   371.2916       138.7922       1.444177    
   376.2886       138.9579       1.535684    
   381.2849       139.1433       1.349252    
   386.2799       139.3558       1.302985    
   391.2732       139.6044       1.317003    
   396.2645       139.8863       1.194770    
   401.2549       140.1832       1.333731    
   406.2462       140.4654       1.309458    
   411.2407       140.6873       1.225708    
   416.2387       140.8099       1.222275    
   421.2385       140.8465       1.157561    
   426.2385       140.8504       1.119938    
   431.2385       140.8664       1.240062    
   436.2343       141.0188       1.344366    
   441.2233       141.3345       1.298527    
   446.2118       141.6584       1.083485    
   451.2035       141.9337       1.054639    
   456.1937       142.2318       1.142601    
   461.1783       142.6053       1.113657    
   466.1624       142.9877       1.325832    
   471.1551       143.2148       1.421084    
   476.1545       143.2677       1.481022    
   481.8401       143.2702       1.594410    
   489.3643       143.2702       1.704585    
   507.4286       143.2702       2.100736    
  -33.77417       131.3152       1.477679    
  -15.70986       131.3152       1.502358    
  -8.185690       131.3152       1.643322    
  -2.500000       131.3152       1.672804    
   2.481762       131.5958       1.656443    
   7.434425       132.2304       1.563991    
   12.38829       132.8556       1.552105    
   17.37068       133.1768       1.671114    
   22.36992       133.2549       1.749102    
   27.36889       133.3438       1.754255    
   32.36626       133.4921       1.703812    
   37.36148       133.6940       1.614892    
   42.35468       133.9363       1.513884    
   47.34677       134.1978       1.607204    
   52.33939       134.4500       1.696100    
   57.33461       134.6501       1.575236    
   62.33282       134.7647       1.577318    
   67.33237       134.7684       1.804027    
   72.33087       134.6640       1.682875    
   77.32610       134.4664       1.736019    
   82.31709       134.1889       1.729921    
   87.30524       133.8689       1.674327    
   92.29430       133.5621       1.699116    
   97.28818       133.3403       1.769387    
   102.2866       133.2420       1.727875    
   107.2863       133.1947       1.498509    
   112.2728       132.9252       1.312264    
   117.2255       132.3031       1.427398    
   122.1606       131.5553       1.540359    
   127.1186       130.9726       1.508576    
   132.1048       130.6451       1.542741    
   137.1018       130.5054       1.516080    
   142.1004       130.5490       1.454785    
   147.0855       130.8647       1.446591    
   152.0289       131.5372       1.565553    
   156.9416       132.4034       1.471642    
   161.8866       133.0527       1.546812    
   166.8759       133.3003       1.507586    
   171.8755       133.3063       1.575187    
   176.8751       133.2510       1.705929    
   181.8749       133.2236       1.649184    
   186.8749       133.2227       1.496746    
   191.8749       133.2231       1.433653    
   196.8749       133.2231       1.430937    
   201.8749       133.2231       1.577462    
   206.8749       133.2229      0.8104235    
   211.8749       133.2252       1.623853    
   216.8748       133.2477       1.278145    
   221.8745       133.3052       1.381947    
   226.8739       133.3724       1.447607    
   231.8736       133.3753       1.334022    
   236.8703       133.2322       1.455401    
   241.8605       132.9470       1.666062    
   246.8531       132.7215       1.715835    
   251.8497       132.7738       1.684366    
   256.8403       133.0529       1.657625    
   261.8292       133.3618       1.654830    
   266.8226       133.5959       1.617233    
   271.8200       133.7377       1.346985    
   276.8195       133.7825       1.197702    
   281.8193       133.7548       1.317859    
   286.8188       133.6900       1.270546    
   291.8181       133.6082       1.596847    
   296.8170       133.5132       1.715298    
   301.8156       133.4008       1.786119    
   306.8141       133.2925       1.807389    
   311.8136       133.2536       1.759346    
   316.8123       133.1856       1.690345    
   321.7794       132.7410       1.680545    
   326.7076       131.9564       1.591362    
   331.6619       131.6910       1.556911    
   336.6017       132.3271       1.620411    
   341.4941       133.2876       1.639318    
   346.3997       134.1857       1.654946    
   351.3318       134.9460       1.568330    
   356.3008       135.4228       1.436253    
   361.2956       135.6176       1.412278    
   366.2939       135.7384       1.526042    
   371.2916       135.8799       1.728413    
   376.2886       136.0407       1.793930    
   381.2849       136.2204       1.642829    
   386.2799       136.4265       1.537359    
   391.2732       136.6677       1.470721    
   396.2645       136.9411       1.413687    
   401.2549       137.2291       1.643795    
   406.2462       137.5027       1.686797    
   411.2407       137.7180       1.606560    
   416.2387       137.8369       1.546299    
   421.2385       137.8724       1.494441    
   426.2385       137.8761       1.479066    
   431.2385       137.8917       1.527569    
   436.2343       138.0394       1.556043    
   441.2233       138.3456       1.506104    
   446.2118       138.6598       1.379029    
   451.2035       138.9268       1.316539    
   456.1937       139.2159       1.282416    
   461.1783       139.5782       1.229717    
   466.1624       139.9491       1.332024    
   471.1551       140.1694       1.481081    
   476.1545       140.2207       1.565060    
   481.8401       140.2231       1.653493    
   489.3643       140.2231       1.766005    
   507.4286       140.2231       2.157500    
  -33.77417       128.3538       1.532667    
  -15.70986       128.3538       1.598656    
  -8.185690       128.3538       1.865985    
  -2.500000       128.3538       1.964857    
   2.481762       128.6251       2.000537    
   7.434425       129.2386       1.990435    
   12.38829       129.8431       2.016305    
   17.37068       130.1537       2.134410    
   22.36992       130.2291       2.217062    
   27.36889       130.3151       2.224716    
   32.36626       130.4585       2.158023    
   37.36148       130.6536       2.030161    
   42.35468       130.8879       1.897108    
   47.34677       131.1408       1.919439    
   52.33939       131.3846       2.010777    
   57.33461       131.5780       1.936675    
   62.33282       131.6889       1.955006    
   67.33237       131.6924       2.137566    
   72.33087       131.5914       2.134951    
   77.32610       131.4005       2.175566    
   82.31709       131.1322       2.167684    
   87.30524       130.8228       2.112827    
   92.29430       130.5262       2.048717    
   97.28818       130.3116       1.946493    
   102.2866       130.2167       1.851820    
   107.2863       130.1709       1.714302    
   112.2728       129.9104       1.642715    
   117.2255       129.3089       1.688963    
   122.1606       128.5859       1.727187    
   127.1186       128.0226       1.699073    
   132.1048       127.7059       1.675041    
   137.1018       127.5708       1.643047    
   142.1004       127.6130       1.623358    
   147.0855       127.9183       1.663588    
   152.0289       128.5684       1.829550    
   156.9416       129.4059       1.772111    
   161.8866       130.0337       1.887363    
   166.8759       130.2731       1.919183    
   171.8755       130.2789       1.957419    
   176.8751       130.2254       2.001465    
   181.8749       130.1989       1.941391    
   186.8749       130.1980       1.841936    
   191.8749       130.1983       1.789227    
   196.8749       130.1983       1.799558    
   201.8749       130.1983       1.833182    
   206.8749       130.1982       1.373137    
   211.8749       130.2005       1.881760    
   216.8748       130.2222       1.664627    
   221.8745       130.2778       1.657702    
   226.8739       130.3428       1.676760    
   231.8736       130.3456       1.605898    
   236.8703       130.2072       1.630115    
   241.8605       129.9314       1.723606    
   246.8531       129.7134       1.729401    
   251.8497       129.7641       1.689198    
   256.8403       130.0339       1.689867    
   261.8292       130.3325       1.697680    
   266.8226       130.5588       1.670505    
   271.8200       130.6960       1.511528    
   276.8195       130.7393       1.452455    
   281.8193       130.7124       1.592879    
   286.8188       130.6498       1.671650    
   291.8181       130.5708       1.899141    
   296.8170       130.4788       2.043489    
   301.8156       130.3701       2.137840    
   306.8141       130.2655       2.170921    
   311.8136       130.2279       2.129251    
   316.8123       130.1622       2.059851    
   321.7794       129.7323       2.005540    
   326.7076       128.9738       1.905973    
   331.6619       128.7171       1.855636    
   336.6017       129.3322       1.873221    
   341.4941       130.2607       1.870271    
   346.3997       131.1291       1.859908    
   351.3318       131.8641       1.793911    
   356.3008       132.3251       1.700444    
   361.2956       132.5135       1.686254    
   366.2939       132.6302       1.780766    
   371.2916       132.7671       1.917516    
   376.2886       132.9225       1.971224    
   381.2849       133.0963       1.895468    
   386.2799       133.2955       1.808233    
   391.2732       133.5287       1.749379    
   396.2645       133.7930       1.768593    
   401.2549       134.0715       1.948725    
   406.2462       134.3360       2.012429    
   411.2407       134.5442       1.964234    
   416.2387       134.6591       1.903572    
   421.2385       134.6935       1.858157    
   426.2385       134.6971       1.834350    
   431.2385       134.7121       1.825552    
   436.2343       134.8550       1.800200    
   441.2233       135.1510       1.747007    
   446.2118       135.4547       1.665096    
   451.2035       135.7129       1.590477    
   456.1937       135.9924       1.517190    
   461.1783       136.3427       1.468704    
   466.1624       136.7012       1.516149    
   471.1551       136.9142       1.615434    
   476.1545       136.9639       1.692757    
   481.8401       136.9662       1.782424    
   489.3643       136.9662       1.900512    
   507.4286       136.9662       2.264991    
  -33.77417       125.1739       1.620950    
  -15.70986       125.1739       1.776942    
  -8.185690       125.1739       2.039633    
  -2.500000       125.1739       2.173636    
   2.481762       125.4352       2.250581    
   7.434425       126.0261       2.302579    
   12.38829       126.6083       2.373279    
   17.37068       126.9075       2.478309    
   22.36992       126.9801       2.551494    
   27.36889       127.0629       2.556239    
   32.36626       127.2010       2.486652    
   37.36148       127.3890       2.357881    
   42.35468       127.6146       2.226292    
   47.34677       127.8582       2.187625    
   52.33939       128.0931       2.203695    
   57.33461       128.2793       2.154824    
   62.33282       128.3861       2.175808    
   67.33237       128.3895       2.308766    
   72.33087       128.2923       2.373463    
   77.32610       128.1083       2.429059    
   82.31709       127.8499       2.441203    
   87.30524       127.5519       2.406747    
   92.29430       127.2662       2.339746    
   97.28818       127.0596       2.227741    
   102.2866       126.9681       2.097847    
   107.2863       126.9241       2.007771    
   112.2728       126.6731       1.969887    
   117.2255       126.0938       1.975321    
   122.1606       125.3975       1.965828    
   127.1186       124.8549       1.922820    
   132.1048       124.5499       1.876906    
   137.1018       124.4198       1.843395    
   142.1004       124.4603       1.840479    
   147.0855       124.7544       1.894570    
   152.0289       125.3806       2.041247    
   156.9416       126.1872       2.158924    
   161.8866       126.7919       2.351227    
   166.8759       127.0225       2.486156    
   171.8755       127.0280       2.541767    
   176.8751       126.9765       2.555312    
   181.8749       126.9510       2.498149    
   186.8749       126.9501       2.413667    
   191.8749       126.9505       2.337205    
   196.8749       126.9505       2.318691    
   201.8749       126.9505       2.277505    
   206.8749       126.9503       2.012573    
   211.8749       126.9525       2.239344    
   216.8748       126.9735       2.128659    
   221.8745       127.0270       2.073263    
   226.8739       127.0896       2.046691    
   231.8736       127.0923       1.979382    
   236.8703       126.9591       1.956173    
   241.8605       126.6934       1.976156    
   246.8531       126.4834       1.952448    
   251.8497       126.5322       1.908060    
   256.8403       126.7921       1.914142    
   261.8292       127.0797       1.925542    
   266.8226       127.2977       1.926018    
   271.8200       127.4297       1.880939    
   276.8195       127.4715       1.919560    
   281.8193       127.4456       2.040863    
   286.8188       127.3853       2.187109    
   291.8181       127.3092       2.392864    
   296.8170       127.2206       2.556315    
   301.8156       127.1160       2.663744    
   306.8141       127.0152       2.690949    
   311.8136       126.9790       2.618442    
   316.8123       126.9157       2.524179    
   321.7794       126.5017       2.427391    
   326.7076       125.7710       2.313972    
   331.6619       125.5238       2.248116    
   336.6017       126.1162       2.229599    
   341.4941       127.0106       2.209601    
   346.3997       127.8469       2.181543    
   351.3318       128.5549       2.120890    
   356.3008       128.9989       2.052326    
   361.2956       129.1804       2.044525    
   366.2939       129.2928       2.117493    
   371.2916       129.4245       2.222075    
   376.2886       129.5742       2.273279    
   381.2849       129.7417       2.240346    
   386.2799       129.9336       2.189288    
   391.2732       130.1582       2.166815    
   396.2645       130.4128       2.240524    
   401.2549       130.6809       2.425805    
   406.2462       130.9357       2.516978    
   411.2407       131.1362       2.499574    
   416.2387       131.2469       2.443062    
   421.2385       131.2800       2.389045    
   426.2385       131.2835       2.345839    
   431.2385       131.2979       2.304453    
   436.2343       131.4355       2.249661    
   441.2233       131.7207       2.179865    
   446.2118       132.0132       2.095821    
   451.2035       132.2618       2.008903    
   456.1937       132.5311       1.926522    
   461.1783       132.8684       1.878492    
   466.1624       133.2138       1.898957    
   471.1551       133.4189       1.963749    
   476.1545       133.4668       2.031216    
   481.8401       133.4690       2.104809    
   489.3643       133.4690       2.198810    
   507.4286       133.4690       2.454213    
  -33.77417       121.7413       1.707732    
  -15.70986       121.7413       1.921638    
  -8.185690       121.7413       2.177265    
  -2.500000       121.7413       2.326767    
   2.481762       121.9919       2.427825    
   7.434425       122.5584       2.512598    
   12.38829       123.1165       2.600950    
   17.37068       123.4034       2.692778    
   22.36992       123.4730       2.752045    
   27.36889       123.5524       2.752323    
   32.36626       123.6848       2.686709    
   37.36148       123.8650       2.570748    
   42.35468       124.0813       2.447776    
   47.34677       124.3148       2.370962    
   52.33939       124.5400       2.329812    
   57.33461       124.7186       2.280730    
   62.33282       124.8209       2.290577    
   67.33237       124.8242       2.381318    
   72.33087       124.7309       2.466684    
   77.32610       124.5546       2.538232    
   82.31709       124.3068       2.574031    
   87.30524       124.0211       2.565448    
   92.29430       123.7473       2.513273    
   97.28818       123.5492       2.406493    
   102.2866       123.4615       2.261626    
   107.2863       123.4193       2.188011    
   112.2728       123.1786       2.151744    
   117.2255       122.6232       2.131205    
   122.1606       121.9557       2.099042    
   127.1186       121.4355       2.050117    
   132.1048       121.1431       2.001696    
   137.1018       121.0183       1.971620    
   142.1004       121.0573       1.975314    
   147.0855       121.3392       2.030409    
   152.0289       121.9395       2.164302    
   156.9416       122.7128       2.395209    
   161.8866       123.2925       2.659271    
   166.8759       123.5135       2.853436    
   171.8755       123.5189       2.949212    
   176.8751       123.4696       2.972607    
   181.8749       123.4451       2.934310    
   186.8749       123.4443       2.868380    
   191.8749       123.4446       2.804292    
   196.8749       123.4446       2.760115    
   201.8749       123.4446       2.686838    
   206.8749       123.4444       2.515970    
   211.8749       123.4465       2.562949    
   216.8748       123.4666       2.493018    
   221.8745       123.5179       2.423284    
   226.8739       123.5779       2.366482    
   231.8736       123.5806       2.296960    
   236.8703       123.4528       2.248661    
   241.8605       123.1981       2.223864    
   246.8531       122.9968       2.186475    
   251.8497       123.0435       2.150416    
   256.8403       123.2927       2.167745    
   261.8292       123.5684       2.182523    
   266.8226       123.7774       2.205932    
   271.8200       123.9041       2.234895    
   276.8195       123.9441       2.313841    
   281.8193       123.9193       2.448029    
   286.8188       123.8614       2.610116    
   291.8181       123.7885       2.794267    
   296.8170       123.7036       2.950030    
   301.8156       123.6032       3.048145    
   306.8141       123.5066       3.041995    
   311.8136       123.4719       2.876838    
   316.8123       123.4112       2.743919    
   321.7794       123.0143       2.629481    
   326.7076       122.3138       2.515055    
   331.6619       122.0768       2.441507    
   336.6017       122.6448       2.401979    
   341.4941       123.5022       2.370809    
   346.3997       124.3040       2.336473    
   351.3318       124.9827       2.289325    
   356.3008       125.4084       2.246590    
   361.2956       125.5824       2.242627    
   366.2939       125.6901       2.285900    
   371.2916       125.8165       2.350435    
   376.2886       125.9600       2.391908    
   381.2849       126.1205       2.391913    
   386.2799       126.3045       2.379627    
   391.2732       126.5198       2.398461    
   396.2645       126.7639       2.499463    
   401.2549       127.0210       2.744210    
   406.2462       127.2653       2.890339    
   411.2407       127.4575       2.913165    
   416.2387       127.5636       2.875146    
   421.2385       127.5953       2.821698    
   426.2385       127.5986       2.767596    
   431.2385       127.6125       2.709016    
   436.2343       127.7445       2.639724    
   441.2233       128.0178       2.561207    
   446.2118       128.2982       2.476655    
   451.2035       128.5366       2.392365    
   456.1937       128.7948       2.318091    
   461.1783       129.1181       2.274173    
   466.1624       129.4493       2.275468    
   471.1551       129.6459       2.309026    
   476.1545       129.6918       2.353611    
   481.8401       129.6939       2.402268    
   489.3643       129.6939       2.465734    
   507.4286       129.6939       2.626749    
  -33.77417       118.0135       1.794546    
  -15.70986       118.0135       2.041860    
  -8.185690       118.0135       2.286993    
  -2.500000       118.0135       2.439486    
   2.481762       118.2522       2.549695    
   7.434425       118.7923       2.645460    
   12.38829       119.3243       2.734587    
   17.37068       119.5977       2.812073    
   22.36992       119.6640       2.856793    
   27.36889       119.7397       2.851927    
   32.36626       119.8660       2.792990    
   37.36148       120.0378       2.693457    
   42.35468       120.2439       2.581544    
   47.34677       120.4665       2.487266    
   52.33939       120.6811       2.414326    
   57.33461       120.8514       2.356748    
   62.33282       120.9489       2.349375    
   67.33237       120.9520       2.404200    
   72.33087       120.8632       2.481017    
   77.32610       120.6951       2.554915    
   82.31709       120.4589       2.604643    
   87.30524       120.1866       2.618382    
   92.29430       119.9255       2.590801    
   97.28818       119.7367       2.512201    
   102.2866       119.6531       2.359993    
   107.2863       119.6129       2.279742    
   112.2728       119.3835       2.235598    
   117.2255       118.8540       2.200478    
   122.1606       118.2177       2.160896    
   127.1186       117.7218       2.115908    
   132.1048       117.4431       2.075317    
   137.1018       117.3242       2.052667    
   142.1004       117.3613       2.060368    
   147.0855       117.6301       2.112177    
   152.0289       118.2023       2.236061    
   156.9416       118.9394       2.495446    
   161.8866       119.4921       2.796491    
   166.8759       119.7027       3.057511    
   171.8755       119.7078       3.210614    
   176.8751       119.6608       3.273448    
   181.8749       119.6375       3.268448    
   186.8749       119.6367       3.225954    
   191.8749       119.6370       3.170351    
   196.8749       119.6370       3.113233    
   201.8749       119.6370       3.036479    
   206.8749       119.6368       2.927477    
   211.8749       119.6388       2.891941    
   216.8748       119.6580       2.823456    
   221.8745       119.7069       2.750054    
   226.8739       119.7641       2.680645    
   231.8736       119.7666       2.609474    
   236.8703       119.6448       2.550504    
   241.8605       119.4020       2.506152    
   246.8531       119.2101       2.464288    
   251.8497       119.2547       2.431690    
   256.8403       119.4922       2.427852    
   261.8292       119.7551       2.442454    
   266.8226       119.9542       2.479349    
   271.8200       120.0750       2.540385    
   276.8195       120.1131       2.638365    
   281.8193       120.0895       2.773493    
   286.8188       120.0343       2.930048    
   291.8181       119.9648       3.092868    
   296.8170       119.8839       3.231029    
   301.8156       119.7882       3.315128    
   306.8141       119.6961       3.308924    
   311.8136       119.6630       3.175383    
   316.8123       119.6051       2.943604    
   321.7794       119.2268       2.797719    
   326.7076       118.5591       2.651946    
   331.6619       118.3332       2.554995    
   336.6017       118.8746       2.495283    
   341.4941       119.6919       2.451959    
   346.3997       120.4562       2.412539    
   351.3318       121.1031       2.373275    
   356.3008       121.5089       2.344336    
   361.2956       121.6748       2.341143    
   366.2939       121.7775       2.366211    
   371.2916       121.8979       2.406260    
   376.2886       122.0348       2.440121    
   381.2849       122.1877       2.458621    
   386.2799       122.3631       2.477009    
   391.2732       122.5684       2.526116    
   396.2645       122.8010       2.648400    
   401.2549       123.0461       2.935197    
   406.2462       123.2790       3.123959    
   411.2407       123.4621       3.189635    
   416.2387       123.5633       3.180021    
   421.2385       123.5935       3.137218    
   426.2385       123.5967       3.082197    
   431.2385       123.6100       3.017365    
   436.2343       123.7357       2.942321    
   441.2233       123.9963       2.861424    
   446.2118       124.2636       2.779446    
   451.2035       124.4909       2.702151    
   456.1937       124.7369       2.637471    
   461.1783       125.0452       2.596028    
   466.1624       125.3608       2.583851    
   471.1551       125.5482       2.594528    
   476.1545       125.5920       2.616741    
   481.8401       125.5940       2.643731    
   489.3643       125.5940       2.682831    
   507.4286       125.5940       2.778016    
  -33.77417       113.9358       1.882721    
  -15.70986       113.9358       2.144759    
  -8.185690       113.9358       2.375041    
  -2.500000       113.9358       2.522020    
   2.481762       114.1617       2.630856    
   7.434425       114.6728       2.724350    
   12.38829       115.1762       2.804568    
   17.37068       115.4350       2.866195    
   22.36992       115.4978       2.897110    
   27.36889       115.5694       2.887529    
   32.36626       115.6889       2.835900    
   37.36148       115.8514       2.752045    
   42.35468       116.0465       2.653225    
   47.34677       116.2571       2.557639    
   52.33939       116.4603       2.474202    
   57.33461       116.6214       2.410680    
   62.33282       116.7137       2.387410    
   67.33237       116.7167       2.412360    
   72.33087       116.6326       2.467222    
   77.32610       116.4735       2.529420    
   82.31709       116.2499       2.579748    
   87.30524       115.9922       2.606422    
   92.29430       115.7452       2.601212    
   97.28818       115.5665       2.554235    
   102.2866       115.4874       2.451300    
   107.2863       115.4493       2.322383    
   112.2728       115.2323       2.261834    
   117.2255       114.7313       2.218965    
   122.1606       114.1291       2.179770    
   127.1186       113.6599       2.143200    
   132.1048       113.3961       2.113601    
   137.1018       113.2836       2.099696    
   142.1004       113.3186       2.110749    
   147.0855       113.5730       2.156886    
   152.0289       114.1145       2.259764    
   156.9416       114.8120       2.461066    
   161.8866       115.3350       2.812114    
   166.8759       115.5344       3.117371    
   171.8755       115.5392       3.329726    
   176.8751       115.4947       3.449844    
   181.8749       115.4726       3.493976    
   186.8749       115.4719       3.487197    
   191.8749       115.4722       3.449738    
   196.8749       115.4722       3.394314    
   201.8749       115.4722       3.322792    
   206.8749       115.4720       3.235951    
   211.8749       115.4739       3.168012    
   216.8748       115.4921       3.092741    
   221.8745       115.5383       3.017797    
   226.8739       115.5924       2.944436    
   231.8736       115.5948       2.872626    
   236.8703       115.4796       2.809710    
   241.8605       115.2498       2.758426    
   246.8531       115.0682       2.716024    
   251.8497       115.1104       2.686323    
   256.8403       115.3352       2.678329    
   261.8292       115.5839       2.693664    
   266.8226       115.7724       2.735913    
   271.8200       115.8866       2.806635    
   276.8195       115.9228       2.907330    
   281.8193       115.9004       3.034091    
   286.8188       115.8482       3.174859    
   291.8181       115.7824       3.314113    
   296.8170       115.7058       3.429523    
   301.8156       115.6153       3.496815    
   306.8141       115.5281       3.491081    
   311.8136       115.4968       3.397947    
   316.8123       115.4420       3.237137    
   321.7794       115.0840       3.049813    
   326.7076       114.4521       2.795677    
   331.6619       114.2384       2.644066    
   336.6017       114.7507       2.555933    
   341.4941       115.5241       2.494788    
   346.3997       116.2474       2.447158    
   351.3318       116.8596       2.409185    
   356.3008       117.2437       2.384696    
   361.2956       117.4006       2.379123    
   366.2939       117.4977       2.392515    
   371.2916       117.6117       2.417771    
   376.2886       117.7412       2.445115    
   381.2849       117.8860       2.471247    
   386.2799       118.0519       2.506312    
   391.2732       118.2462       2.572017    
   396.2645       118.4663       2.707961    
   401.2549       118.6983       3.016566    
   406.2462       118.9186       3.238710    
   411.2407       119.0920       3.346823    
   416.2387       119.1877       3.374215    
   421.2385       119.2163       3.354342    
   426.2385       119.2194       3.310281    
   431.2385       119.2319       3.250343    
   436.2343       119.3509       3.178382    
   441.2233       119.5975       3.100645    
   446.2118       119.8504       3.023258    
   451.2035       120.0655       2.952527    
   456.1937       120.2983       2.894575    
   461.1783       120.5900       2.854264    
   466.1624       120.8887       2.833162    
   471.1551       121.0661       2.827727    
   476.1545       121.1075       2.831953    
   481.8401       121.1095       2.841174    
   489.3643       121.1095       2.860098    
   507.4286       121.1095       2.910102    
  -33.77417       109.4377       1.972586    
  -15.70986       109.4377       2.237068    
  -8.185690       109.4377       2.447052    
  -2.500000       109.4377       2.582094    
   2.481762       109.6495       2.682495    
   7.434425       110.1285       2.766585    
   12.38829       110.6005       2.834033    
   17.37068       110.8431       2.880560    
   22.36992       110.9020       2.899604    
   27.36889       110.9691       2.886290    
   32.36626       111.0811       2.841026    
   37.36148       111.2335       2.770675    
   42.35468       111.4164       2.686495    
   47.34677       111.6138       2.600182    
   52.33939       111.8043       2.520596    
   57.33461       111.9553       2.457541    
   62.33282       112.0418       2.424074    
   67.33237       112.0446       2.426397    
   72.33087       111.9657       2.456657    
   77.32610       111.8166       2.499227    
   82.31709       111.6071       2.539706    
   87.30524       111.3655       2.568554    
   92.29430       111.1339       2.576658    
   97.28818       110.9664       2.552570    
   102.2866       110.8923       2.482359    
   107.2863       110.8566       2.341193    
   112.2728       110.6531       2.266008    
   117.2255       110.1834       2.216941    
   122.1606       109.6189       2.179571    
   127.1186       109.1790       2.150772    
   132.1048       108.9318       2.131054    
   137.1018       108.8263       2.124871    
   142.1004       108.8592       2.138029    
   147.0855       109.0976       2.177848    
   152.0289       109.6052       2.260871    
   156.9416       110.2591       2.422799    
   161.8866       110.7494       2.739225    
   166.8759       110.9363       3.048723    
   171.8755       110.9408       3.313360    
   176.8751       110.8991       3.495085    
   181.8749       110.8784       3.598964    
   186.8749       110.8776       3.641743    
   191.8749       110.8779       3.638587    
   196.8749       110.8779       3.602355    
   201.8749       110.8779       3.544215    
   206.8749       110.8778       3.470848    
   211.8749       110.8796       3.396015    
   216.8748       110.8966       3.318944    
   221.8745       110.9400       3.243731    
   226.8739       110.9907       3.169292    
   231.8736       110.9929       3.097907    
   236.8703       110.8849       3.034663    
   241.8605       110.6695       2.982254    
   246.8531       110.4993       2.941338    
   251.8497       110.5388       2.914937    
   256.8403       110.7495       2.908228    
   261.8292       110.9827       2.924596    
   266.8226       111.1594       2.966970    
   271.8200       111.2665       3.035997    
   276.8195       111.3003       3.129359    
   281.8193       111.2794       3.240983    
   286.8188       111.2305       3.360315    
   291.8181       111.1687       3.473516    
   296.8170       111.0969       3.563740    
   301.8156       111.0121       3.612921    
   306.8141       110.9304       3.604983    
   311.8136       110.9010       3.533710    
   316.8123       110.8497       3.408558    
   321.7794       110.5141       3.243774    
   326.7076       109.9218       3.032893    
   331.6619       109.7214       2.771409    
   336.6017       110.2016       2.636900    
   341.4941       110.9267       2.537079    
   346.3997       111.6047       2.468807    
   351.3318       112.1786       2.422607    
   356.3008       112.5386       2.394667    
   361.2956       112.6857       2.383812    
   366.2939       112.7768       2.388614    
   371.2916       112.8837       2.404708    
   376.2886       113.0050       2.426824    
   381.2849       113.1407       2.453955    
   386.2799       113.2963       2.493871    
   391.2732       113.4784       2.563882    
   396.2645       113.6848       2.702459    
   401.2549       113.9022       3.009618    
   406.2462       114.1088       3.253581    
   411.2407       114.2713       3.399450    
   416.2387       114.3611       3.467417    
   421.2385       114.3878       3.480411    
   426.2385       114.3907       3.458902    
   431.2385       114.4025       3.414701    
   436.2343       114.5140       3.354716    
   441.2233       114.7451       3.286224    
   446.2118       114.9823       3.216523    
   451.2035       115.1839       3.152189    
   456.1937       115.4022       3.098374    
   461.1783       115.6756       3.057953    
   466.1624       115.9556       3.030995    
   471.1551       116.1219       3.015349    
   476.1545       116.1607       3.007587    
   481.8401       116.1625       3.003840    
   489.3643       116.1625       3.006945    
   507.4286       116.1625       3.028308    
  -33.77417       104.4251       2.064226    
  -15.70986       104.4251       2.326673    
  -8.185690       104.4251       2.508453    
  -2.500000       104.4251       2.626050    
   2.481762       104.6212       2.713542    
   7.434425       105.0646       2.785022    
   12.38829       105.5015       2.839201    
   17.37068       105.7260       2.872946    
   22.36992       105.7805       2.882859    
   27.36889       105.8427       2.867203    
   32.36626       105.9463       2.827524    
   37.36148       106.0873       2.769114    
   42.35468       106.2567       2.699839    
   47.34677       106.4394       2.627535    
   52.33939       106.6157       2.559214    
   57.33461       106.7555       2.502573    
   62.33282       106.8356       2.465953    
   67.33237       106.8381       2.453970    
   72.33087       106.7651       2.463588    
   77.32610       106.6271       2.485729    
   82.31709       106.4332       2.511337    
   87.30524       106.2096       2.533888    
   92.29430       105.9952       2.545574    
   97.28818       105.8402       2.535644    
   102.2866       105.7715       2.492163    
   107.2863       105.7385       2.399108    
   112.2728       105.5501       2.284557    
   117.2255       105.1154       2.218536    
   122.1606       104.5929       2.178260    
   127.1186       104.1857       2.153623    
   132.1048       103.9569       2.140651    
   137.1018       103.8593       2.139443    
   142.1004       103.8897       2.152362    
   147.0855       104.1104       2.184272    
   152.0289       104.5803       2.246188    
   156.9416       105.1855       2.360890    
   161.8866       105.6393       2.566150    
   166.8759       105.8122       2.904054    
   171.8755       105.8165       3.183955    
   176.8751       105.7778       3.421705    
   181.8749       105.7587       3.583579    
   186.8749       105.7580       3.681975    
   191.8749       105.7582       3.726559    
   196.8749       105.7583       3.727147    
   201.8749       105.7583       3.695604    
   206.8749       105.7581       3.641982    
   211.8749       105.7598       3.576123    
   216.8748       105.7755       3.504615    
   221.8745       105.8157       3.431617    
   226.8739       105.8626       3.358529    
   231.8736       105.8647       3.289371    
   236.8703       105.7647       3.228094    
   241.8605       105.5654       3.177225    
   246.8531       105.4078       3.138739    
   251.8497       105.4444       3.115419    
   256.8403       105.6394       3.110610    
   261.8292       105.8553       3.126866    
   266.8226       106.0188       3.165825    
   271.8200       106.1179       3.227167    
   276.8195       106.1492       3.307482    
   281.8193       106.1298       3.400079    
   286.8188       106.0846       3.495598    
   291.8181       106.0275       3.582444    
   296.8170       105.9610       3.647901    
   301.8156       105.8824       3.679265    
   306.8141       105.8068       3.667022    
   311.8136       105.7796       3.608437    
   316.8123       105.7321       3.507393    
   321.7794       105.4215       3.370469    
   326.7076       104.8732       3.202494    
   331.6619       104.6877       3.013233    
   336.6017       105.1322       2.829025    
   341.4941       105.8034       2.622082    
   346.3997       106.4309       2.504253    
   351.3318       106.9622       2.435104    
   356.3008       107.2954       2.395625    
   361.2956       107.4315       2.376595    
   366.2939       107.5159       2.373617    
   371.2916       107.6148       2.382542    
   376.2886       107.7271       2.399368    
   381.2849       107.8528       2.423308    
   386.2799       107.9968       2.460212    
   391.2732       108.1653       2.524590    
   396.2645       108.3564       2.651585    
   401.2549       108.5576       2.929480    
   406.2462       108.7488       3.189859    
   411.2407       108.8992       3.368645    
   416.2387       108.9823       3.475502    
   421.2385       109.0071       3.525315    
   426.2385       109.0098       3.533875    
   431.2385       109.0207       3.513455    
   436.2343       109.1239       3.472968    
   441.2233       109.3378       3.420218    
   446.2118       109.5574       3.362587    
   451.2035       109.7439       3.306749    
   456.1937       109.9460       3.257309    
   461.1783       110.1991       3.216573    
   466.1624       110.4583       3.185614    
   471.1551       110.6122       3.163916    
   476.1545       110.6481       3.149226    
   481.8401       110.6497       3.138083    
   489.3643       110.6497       3.131899    
   507.4286       110.6497       3.135095    
  -33.77417       98.76926       2.157323    
  -15.70986       98.76926       2.426344    
  -8.185690       98.76926       2.563707    
  -2.500000       98.76926       2.658963    
   2.481762       98.94752       2.730911    
   7.434425       99.35075       2.789062    
   12.38829       99.74802       2.831415    
   17.37068       99.95215       2.855562    
   22.36992       100.0017       2.859677    
   27.36889       100.0582       2.843618    
   32.36626       100.1525       2.809508    
   37.36148       100.2807       2.761658    
   42.35468       100.4347       2.705778    
   47.34677       100.6009       2.647551    
   52.33939       100.7612       2.592241    
   57.33461       100.8883       2.545059    
   62.33282       100.9611       2.510961    
   67.33237       100.9634       2.492782    
   72.33087       100.8971       2.489266    
   77.32610       100.7716       2.495643    
   82.31709       100.5952       2.506957    
   87.30524       100.3919       2.519453    
   92.29430       100.1970       2.527759    
   97.28818       100.0560       2.523621    
   102.2866       99.99355       2.498025    
   107.2863       99.96349       2.441578    
   112.2728       99.79222       2.348701    
   117.2255       99.39693       2.239239    
   122.1606       98.92178       2.186161    
   127.1186       98.55151       2.159855    
   132.1048       98.34343       2.149002    
   137.1018       98.25465       2.149150    
   142.1004       98.28233       2.159586    
   147.0855       98.48299       2.183067    
   152.0289       98.91029       2.227103    
   156.9416       99.46066       2.308222    
   161.8866       99.87329       2.457499    
   166.8759       100.0306       2.739844    
   171.8755       100.0344       3.009546    
   176.8751       99.99930       3.265812    
   181.8749       99.98188       3.468225    
   186.8749       99.98126       3.615730    
   191.8749       99.98149       3.710621    
   196.8749       99.98150       3.757694    
   201.8749       99.98149       3.764963    
   206.8749       99.98139       3.741932    
   211.8749       99.98287       3.697773    
   216.8748       99.99718       3.640738    
   221.8745       100.0337       3.576650    
   226.8739       100.0764       3.510231    
   231.8736       100.0783       3.446467    
   236.8703       99.98734       3.389249    
   241.8605       99.80609       3.341554    
   246.8531       99.66279       3.305958    
   251.8497       99.69608       3.284966    
   256.8403       99.87341       3.280803    
   261.8292       100.0697       3.294929    
   266.8226       100.2184       3.327768    
   271.8200       100.3085       3.378131    
   276.8195       100.3370       3.442436    
   281.8193       100.3194       3.514536    
   286.8188       100.2782       3.586414    
   291.8181       100.2263       3.648763    
   296.8170       100.1659       3.692084    
   301.8156       100.0944       3.707917    
   306.8141       100.0256       3.690933    
   311.8136       100.0009       3.639985    
   316.8123       99.95772       3.556934    
   321.7794       99.67523       3.445163    
   326.7076       99.17667       3.308780    
   331.6619       99.00801       3.153225    
   336.6017       99.41222       2.983774    
   341.4941       100.0225       2.787674    
   346.3997       100.5932       2.579705    
   351.3318       101.0763       2.464909    
   356.3008       101.3793       2.403062    
   361.2956       101.5031       2.371352    
   366.2939       101.5798       2.359142    
   371.2916       101.6697       2.360168    
   376.2886       101.7719       2.370214    
   381.2849       101.8861       2.388212    
   386.2799       102.0170       2.418004    
   391.2732       102.1703       2.469661    
   396.2645       102.3440       2.565782    
   401.2549       102.5270       2.749288    
   406.2462       102.7009       3.066397    
   411.2407       102.8377       3.280956    
   416.2387       102.9132       3.421930    
   421.2385       102.9358       3.505906    
   426.2385       102.9382       3.545822    
   431.2385       102.9481       3.552589    
   436.2343       103.0419       3.535664    
   441.2233       103.2365       3.503027    
   446.2118       103.4361       3.461569    
   451.2035       103.6058       3.417577    
   456.1937       103.7895       3.375606    
   461.1783       104.0197       3.338222    
   466.1624       104.2553       3.307072    
   471.1551       104.3953       3.282400    
   476.1545       104.4279       3.263713    
   481.8401       104.4295       3.249012    
   489.3643       104.4295       3.237642    
   507.4286       104.4295       3.228040    
  -33.77417       92.28692       2.251287    
  -15.70986       92.28692       2.499945    
  -8.185690       92.28692       2.608104    
  -2.500000       92.28692       2.682792    
   2.481762       92.44483       2.739162    
   7.434425       92.80198       2.784420    
   12.38829       93.15384       2.816723    
   17.37068       93.33465       2.834247    
   22.36992       93.37855       2.835799    
   27.36889       93.42858       2.821530    
   32.36626       93.51208       2.793429    
   37.36148       93.62569       2.755025    
   42.35468       93.76205       2.710626    
   47.34677       93.90923       2.664603    
   52.33939       94.05121       2.620984    
   57.33461       94.16380       2.583323    
   62.33282       94.22831       2.554528    
   67.33237       94.23037       2.536040    
   72.33087       94.17159       2.526978    
   77.32610       94.06042       2.524554    
   82.31709       93.90422       2.525934    
   87.30524       93.72411       2.529079    
   92.29430       93.55146       2.530885    
   97.28818       93.42661       2.525864    
   102.2866       93.37131       2.507148    
   107.2863       93.34469       2.466460    
   112.2728       93.19299       2.394063    
   117.2255       92.84286       2.273156    
   122.1606       92.42202       2.207654    
   127.1186       92.09407       2.174064    
   132.1048       91.90976       2.159429    
   137.1018       91.83113       2.156754    
   142.1004       91.85565       2.162927    
   147.0855       92.03337       2.178429    
   152.0289       92.41184       2.207590    
   156.9416       92.89931       2.260411    
   161.8866       93.26480       2.354306    
   166.8759       93.40413       2.518313    
   171.8755       93.40750       2.789515    
   176.8751       93.37640       3.042683    
   181.8749       93.36098       3.278067    
   186.8749       93.36044       3.464726    
   191.8749       93.36063       3.603167    
   196.8749       93.36064       3.695471    
   201.8749       93.36063       3.746040    
   206.8749       93.36054       3.761445    
   211.8749       93.36186       3.749246    
   216.8748       93.37454       3.717141    
   221.8745       93.40688       3.671921    
   226.8739       93.44470       3.619825    
   231.8736       93.44635       3.566508    
   236.8703       93.36582       3.516690    
   241.8605       93.20527       3.474225    
   246.8531       93.07835       3.442159    
   251.8497       93.10783       3.422837    
   256.8403       93.26490       3.417820    
   261.8292       93.43874       3.427730    
   266.8226       93.57047       3.452202    
   271.8200       93.65030       3.489627    
   276.8195       93.67554       3.536768    
   281.8193       93.65989       3.588704    
   286.8188       93.62345       3.639161    
   291.8181       93.57744       3.680938    
   296.8170       93.52392       3.706794    
   301.8156       93.46066       3.710811    
   306.8141       93.39973       3.689789    
   311.8136       93.37785       3.643483    
   316.8123       93.33959       3.573298    
   321.7794       93.08938       3.481007    
   326.7076       92.64779       3.368285    
   331.6619       92.49840       3.236594    
   336.6017       92.85643       3.088002    
   341.4941       93.39696       2.920422    
   346.3997       93.90244       2.726655    
   351.3318       94.33030       2.527947    
   356.3008       94.59869       2.428914    
   361.2956       94.70834       2.377640    
   366.2939       94.77627       2.352881    
   371.2916       94.85593       2.344331    
   376.2886       94.94642       2.346644    
   381.2849       95.04758       2.358423    
   386.2799       95.16358       2.382413    
   391.2732       95.29931       2.426620    
   396.2645       95.45317       2.509573    
   401.2549       95.61526       2.667903    
   406.2462       95.76926       2.965244    
   411.2407       95.89043       3.183941    
   416.2387       95.95733       3.340692    
   421.2385       95.97731       3.446852    
   426.2385       95.97943       3.511434    
   431.2385       95.98818       3.542708    
   436.2343       96.07135       3.549022    
   441.2233       96.24365       3.537682    
   446.2118       96.42047       3.514468    
   451.2035       96.57073       3.484761    
   456.1937       96.73344       3.453614    
   461.1783       96.93733       3.424414    
   466.1624       97.14609       3.398350    
   471.1551       97.27006       3.375640    
   476.1545       97.29897       3.356973    
   481.8401       97.30029       3.340216    
   489.3643       97.30029       3.324889    
   507.4286       97.30029       3.305510    
  -33.77417       84.70639       2.347270    
  -15.70986       84.70639       2.557085    
  -8.185690       84.70639       2.641539    
  -2.500000       84.70639       2.698758    
   2.481762       84.84047       2.741122    
   7.434425       85.14374       2.774665    
   12.38829       85.44250       2.798451    
   17.37068       85.59602       2.811367    
   22.36992       85.63330       2.812462    
   27.36889       85.67580       2.801615    
   32.36626       85.74669       2.780154    
   37.36148       85.84315       2.750754    
   42.35468       85.95895       2.716724    
   47.34677       86.08392       2.681409    
   52.33939       86.20448       2.647888    
   57.33461       86.30008       2.618719    
   62.33282       86.35486       2.595727    
   67.33237       86.35661       2.579648    
   72.33087       86.30669       2.569688    
   77.32610       86.21230       2.563834    
   82.31709       86.07966       2.560094    
   87.30524       85.92673       2.557242    
   92.29430       85.78013       2.553680    
   97.28818       85.67411       2.546242    
   102.2866       85.62716       2.530548    
   107.2863       85.60456       2.501014    
   112.2728       85.47575       2.451396    
   117.2255       85.17844       2.374908    
   122.1606       84.82110       2.265727    
   127.1186       84.54264       2.208055    
   132.1048       84.38613       2.179981    
   137.1018       84.31937       2.168960    
   142.1004       84.34019       2.168669    
   147.0855       84.49109       2.176887    
   152.0289       84.81246       2.194868    
   156.9416       85.22638       2.227777    
   161.8866       85.53673       2.285045    
   166.8759       85.65503       2.382029    
   171.8755       85.65790       2.542731    
   176.8751       85.63148       2.802353    
   181.8749       85.61840       3.038951    
   186.8749       85.61794       3.255699    
   191.8749       85.61810       3.427359    
   196.8749       85.61810       3.556645    
   201.8749       85.61810       3.646743    
   206.8749       85.61802       3.701723    
   211.8749       85.61914       3.726580    
   216.8748       85.62991       3.727144    
   221.8745       85.65736       3.709534    
   226.8739       85.68948       3.679873    
   231.8736       85.69088       3.643990    
   236.8703       85.62250       3.607145    
   241.8605       85.48617       3.573774    
   246.8531       85.37840       3.547321    
   251.8497       85.40344       3.530259    
   256.8403       85.53680       3.523981    
   261.8292       85.68442       3.528754    
   266.8226       85.79627       3.543914    
   271.8200       85.86406       3.567895    
   276.8195       85.88549       3.598125    
   281.8193       85.87220       3.631058    
   286.8188       85.84126       3.662303    
   291.8181       85.80219       3.686803    
   296.8170       85.75674       3.699283    
   301.8156       85.70303       3.695199    
   306.8141       85.65130       3.671902    
   311.8136       85.63272       3.629167    
   316.8123       85.60023       3.568313    
   321.7794       85.38776       3.490751    
   326.7076       85.01280       3.396912    
   331.6619       84.88596       3.285861    
   336.6017       85.18996       3.157702    
   341.4941       85.64894       3.010602    
   346.3997       86.07815       2.835052    
   351.3318       86.44146       2.613169    
   356.3008       86.66934       2.488381    
   361.2956       86.76245       2.412142    
   366.2939       86.82014       2.369386    
   371.2916       86.88777       2.348282    
   376.2886       86.96461       2.341912    
   381.2849       87.05051       2.347912    
   386.2799       87.14902       2.368050    
   391.2732       87.26426       2.409134    
   396.2645       87.39491       2.486936    
   401.2549       87.53254       2.632084    
   406.2462       87.66331       2.897485    
   411.2407       87.76619       3.102528    
   416.2387       87.82300       3.258336    
   421.2385       87.83997       3.372632    
   426.2385       87.84176       3.451437    
   431.2385       87.84920       3.500385    
   436.2343       87.91981       3.525730    
   441.2233       88.06612       3.533337    
   446.2118       88.21626       3.527859    
   451.2035       88.34385       3.513631    
   456.1937       88.48203       3.495039    
   461.1783       88.65514       3.475399    
   466.1624       88.83239       3.456612    
   471.1551       88.93765       3.439742    
   476.1545       88.96221       3.424521    
   481.8401       88.96335       3.409289    
   489.3643       88.96335       3.393265    
   507.4286       88.96335       3.362663    
  -33.77417       75.60016       2.446879    
  -15.70986       75.60016       2.603009    
  -8.185690       75.60016       2.665772    
  -2.500000       75.60016       2.708134    
   2.481762       75.70561       2.739339    
   7.434425       75.94414       2.763486    
   12.38829       76.17914       2.780626    
   17.37068       76.29989       2.790383    
   22.36992       76.32921       2.792074    
   27.36889       76.36263       2.785423    
   32.36626       76.41840       2.771044    
   37.36148       76.49427       2.750537    
   42.35468       76.58534       2.726274    
   47.34677       76.68364       2.700825    
   52.33939       76.77846       2.676453    
   57.33461       76.85366       2.654937    
   62.33282       76.89674       2.637470    
   67.33237       76.89812       2.624474    
   72.33087       76.85886       2.615352    
   77.32610       76.78461       2.608639    
   82.31709       76.68029       2.602850    
   87.30524       76.56001       2.597160    
   92.29430       76.44469       2.590760    
   97.28818       76.36131       2.581923    
   102.2866       76.32438       2.568089    
   107.2863       76.30660       2.545768    
   112.2728       76.20528       2.510716    
   117.2255       75.97144       2.458511    
   122.1606       75.69038       2.384261    
   127.1186       75.47135       2.281471    
   132.1048       75.34826       2.230083    
   137.1018       75.29574       2.204622    
   142.1004       75.31212       2.194314    
   147.0855       75.43081       2.194197    
   152.0289       75.68358       2.203173    
   156.9416       76.00915       2.223214    
   161.8866       76.25325       2.259089    
   166.8759       76.34630       2.319039    
   171.8755       76.34855       2.416715    
   176.8751       76.32778       2.572563    
   181.8749       76.31749       2.814887    
   186.8749       76.31712       3.026231    
   191.8749       76.31725       3.220286    
   196.8749       76.31725       3.374683    
   201.8749       76.31725       3.494442    
   206.8749       76.31718       3.582726    
   211.8749       76.31807       3.641974    
   216.8748       76.32654       3.675726    
   221.8745       76.34814       3.688514    
   226.8739       76.37340       3.685484    
   231.8736       76.37450       3.671935    
   236.8703       76.32071       3.652924    
   241.8605       76.21349       3.632925    
   246.8531       76.12872       3.615536    
   251.8497       76.14841       3.603347    
   256.8403       76.25331       3.597780    
   261.8292       76.36942       3.599112    
   266.8226       76.45739       3.606759    
   271.8200       76.51070       3.619452    
   276.8195       76.52757       3.635306    
   281.8193       76.51711       3.651951    
   286.8188       76.49277       3.666642    
   291.8181       76.46204       3.676301    
   296.8170       76.42630       3.677609    
   301.8156       76.38405       3.667397    
   306.8141       76.34336       3.643373    
   311.8136       76.32875       3.604754    
   316.8123       76.30320       3.552208    
   321.7794       76.13609       3.486988    
   326.7076       75.84116       3.409472    
   331.6619       75.74139       3.318571    
   336.6017       75.98050       3.214971    
   341.4941       76.34151       3.099509    
   346.3997       76.67910       2.970373    
   351.3318       76.96486       2.827709    
   356.3008       77.14410       2.676899    
   361.2956       77.21733       2.523038    
   366.2939       77.26270       2.440572    
   371.2916       77.31591       2.397968    
   376.2886       77.37634       2.379500    
   381.2849       77.44391       2.378568    
   386.2799       77.52139       2.394651    
   391.2732       77.61202       2.432926    
   396.2645       77.71479       2.506041    
   401.2549       77.82304       2.637724    
   406.2462       77.92590       2.868247    
   411.2407       78.00681       3.049895    
   416.2387       78.05150       3.192629    
   421.2385       78.06484       3.302958    
   426.2385       78.06626       3.385551    
   431.2385       78.07211       3.444297    
   436.2343       78.12765       3.482914    
   441.2233       78.24273       3.505103    
   446.2118       78.36082       3.514656    
   451.2035       78.46117       3.515060    
   456.1937       78.56985       3.509104    
   461.1783       78.70601       3.499427    
   466.1624       78.84543       3.488598    
   471.1551       78.92822       3.477593    
   476.1545       78.94754       3.467098    
   481.8401       78.94843       3.456246    
   489.3643       78.94843       3.440754    
   507.4286       78.94843       3.396131    
  -33.77417       56.32260       2.570739    
  -15.70986       56.32260       2.655334    
  -8.185690       56.32260       2.689700    
  -2.500000       56.32260       2.712982    
   2.481762       56.36747       2.731029    
   7.434425       56.46896       2.745623    
   12.38829       56.56895       2.756154    
   17.37068       56.62033       2.763322    
   22.36992       56.63280       2.767274    
   27.36889       56.64702       2.767704    
   32.36626       56.67075       2.764354    
   37.36148       56.70303       2.757382    
   42.35468       56.74178       2.747643    
   47.34677       56.78361       2.736516    
   52.33939       56.82395       2.725272    
   57.33461       56.85595       2.714758    
   62.33282       56.87428       2.705522    
   67.33237       56.87487       2.697798    
   72.33087       56.85816       2.691463    
   77.32610       56.82657       2.686028    
   82.31709       56.78218       2.680738    
   87.30524       56.73100       2.674852    
   92.29430       56.68194       2.667828    
   97.28818       56.64646       2.659166    
   102.2866       56.63075       2.648157    
   107.2863       56.62318       2.633759    
   112.2728       56.58007       2.614593    
   117.2255       56.48058       2.589008    
   122.1606       56.36099       2.555110    
   127.1186       56.26780       2.510842    
   132.1048       56.21542       2.454550    
   137.1018       56.19307       2.391182    
   142.1004       56.20005       2.353104    
   147.0855       56.25055       2.332905    
   152.0289       56.35809       2.326378    
   156.9416       56.49662       2.331694    
   161.8866       56.60048       2.348877    
   166.8759       56.64007       2.379772    
   171.8755       56.64103       2.428164    
   176.8751       56.63219       2.499320    
   181.8749       56.62782       2.599274    
   186.8749       56.62766       2.733525    
   191.8749       56.62771       2.912577    
   196.8749       56.62772       3.073630    
   201.8749       56.62771       3.217497    
   206.8749       56.62769       3.345074    
   211.8749       56.62806       3.446708    
   216.8748       56.63167       3.524425    
   221.8745       56.64086       3.580939    
   226.8739       56.65160       3.619643    
   231.8736       56.65207       3.644321    
   236.8703       56.62919       3.658769    
   241.8605       56.58356       3.666443    
   246.8531       56.54750       3.670166    
   251.8497       56.55588       3.671936    
   256.8403       56.60051       3.673020    
   261.8292       56.64991       3.674061    
   266.8226       56.68734       3.675223    
   271.8200       56.71003       3.676291    
   276.8195       56.71720       3.676701    
   281.8193       56.71275       3.675579    
   286.8188       56.70240       3.671837    
   291.8181       56.68932       3.664287    
   296.8170       56.67411       3.651731    
   301.8156       56.65614       3.633054    
   306.8141       56.63882       3.607327    
   311.8136       56.63261       3.573893    
   316.8123       56.62173       3.532540    
   321.7794       56.55063       3.483670    
   326.7076       56.42514       3.427672    
   331.6619       56.38269       3.364195    
   336.6017       56.48443       3.294531    
   341.4941       56.63803       3.219817    
   346.3997       56.78168       3.139102    
   351.3318       56.90327       3.051922    
   356.3008       56.97953       2.957285    
   361.2956       57.01069       2.853153    
   366.2939       57.02999       2.736331    
   371.2916       57.05263       2.663336    
   376.2886       57.07835       2.622175    
   381.2849       57.10709       2.605732    
   386.2799       57.14006       2.611101    
   391.2732       57.17862       2.639190    
   396.2645       57.22235       2.694560    
   401.2549       57.26841       2.785287    
   406.2462       57.31217       2.922541    
   411.2407       57.34660       3.041230    
   416.2387       57.36561       3.143707    
   421.2385       57.37129       3.231361    
   426.2385       57.37189       3.304882    
   431.2385       57.37438       3.364773    
   436.2343       57.39801       3.411802    
   441.2233       57.44698       3.447384    
   446.2118       57.49723       3.473270    
   451.2035       57.53992       3.490697    
   456.1937       57.58617       3.501274    
   461.1783       57.64410       3.507313    
   466.1624       57.70342       3.509757    
   471.1551       57.73865       3.509957    
   476.1545       57.74687       3.509786    
   481.8401       57.74725       3.508894    
   489.3643       57.74725       3.507916    
   507.4286       57.74725       3.489894    
