        1545
  -33.77417       136.6885       1.369229    
  -15.70986       136.6885       1.417050    
  -8.185690       136.6885       1.504669    
  -2.500000       136.6885       1.315849    
   2.481762       136.9860       1.276850    
   7.434425       137.6588       1.186092    
   12.38829       138.3216       1.088907    
   17.37068       138.6622      0.9957427    
   22.36992       138.7449       1.146555    
   27.36889       138.8391      0.9929611    
   32.36626       138.9964       1.034375    
   37.36148       139.2104       1.080936    
   42.35468       139.4673       1.140498    
   47.34677       139.7446       1.121771    
   52.33939       140.0120       1.049736    
   57.33461       140.2241       1.030294    
   62.33282       140.3456      0.9735117    
   67.33237       140.3495       1.068040    
   72.33087       140.2388      0.9724538    
   77.32610       140.0294       1.087731    
   82.31709       139.7351       1.128195    
   87.30524       139.3958       1.253476    
   92.29430       139.0706       1.215033    
   97.28818       138.8354       1.127499    
   102.2866       138.7312       1.194916    
   107.2863       138.6811       1.126318    
   112.2728       138.3953       1.127238    
   117.2255       137.7357       1.223041    
   122.1606       136.9430       1.319831    
   127.1186       136.3252       1.241466    
   132.1048       135.9780       1.381795    
   137.1018       135.8299       1.364683    
   142.1004       135.8761       1.249112    
   147.0855       136.2108       1.129785    
   152.0289       136.9238       1.341239    
   156.9416       137.8421       1.255061    
   161.8866       138.5306       1.149146    
   166.8759       138.7930       1.168239    
   171.8755       138.7994       1.155716    
   176.8751       138.7408       1.078224    
   181.8749       138.7118       1.029829    
   186.8749       138.7108       1.010116    
   191.8749       138.7111       1.044927    
   196.8749       138.7112       1.040419    
   201.8749       138.7111       1.103257    
   206.8749       138.7109       1.140841    
   211.8749       138.7134       1.166427    
   216.8748       138.7373       1.198846    
   221.8745       138.7983       1.188876    
   226.8739       138.8695       1.204920    
   231.8736       138.8726       1.085086    
   236.8703       138.7209       1.136350    
   241.8605       138.4185       1.129670    
   246.8531       138.1794       1.209076    
   251.8497       138.2349       1.142627    
   256.8403       138.5308       1.167846    
   261.8292       138.8582       1.090305    
   266.8226       139.1064       1.096627    
   271.8200       139.2568       1.148075    
   276.8195       139.3043       1.208611    
   281.8193       139.2749       1.138898    
   286.8188       139.2062       1.058610    
   291.8181       139.1195       1.031275    
   296.8170       139.0187       1.095305    
   301.8156       138.8996       1.050515    
   306.8141       138.7848       1.257806    
   311.8136       138.7435       1.231521    
   316.8123       138.6715       1.195019    
   321.7794       138.2001       1.191846    
   326.7076       137.3683       1.342265    
   331.6619       137.0869       1.322029    
   336.6017       137.7613      0.9810033    
   341.4941       138.7795      0.9406145    
   346.3997       139.7317       1.392136    
   351.3318       140.5377       1.106957    
   356.3008       141.0433       1.398941    
   361.2956       141.2499       1.245717    
   366.2939       141.3779       1.059943    
   371.2916       141.5279       1.176839    
   376.2886       141.6984       1.190728    
   381.2849       141.8889       1.229445    
   386.2799       142.1075       1.160666    
   391.2732       142.3631       1.232304    
   396.2645       142.6530       1.243084    
   401.2549       142.9583       1.086421    
   406.2462       143.2484      0.9900417    
   411.2407       143.4767      0.9658418    
   416.2387       143.6027       1.016217    
   421.2385       143.6403      0.9297584    
   426.2385       143.6443       1.001705    
   431.2385       143.6608       1.019622    
   436.2343       143.8174       1.286667    
   441.2233       144.1421       1.232486    
   446.2118       144.4751       1.052732    
   451.2035       144.7582      0.9055564    
   456.1937       145.0647      0.9286125    
   461.1783       145.4488       1.051168    
   466.1624       145.8420       1.153211    
   471.1551       146.0755       1.238508    
   476.1545       146.1300       1.294982    
   481.8401       146.1326       1.410087    
   489.3643       146.1326       1.558740    
   507.4286       146.1326       2.083323    
  -33.77417       134.0858       1.385546    
  -15.70986       134.0858       1.432202    
  -8.185690       134.0858       1.553882    
  -2.500000       134.0858       1.480543    
   2.481762       134.3752       1.417654    
   7.434425       135.0294       1.421037    
   12.38829       135.6740       1.166564    
   17.37068       136.0052       1.070804    
   22.36992       136.0857       1.188176    
   27.36889       136.1774       1.146494    
   32.36626       136.3303       1.184945    
   37.36148       136.5384       1.058648    
   42.35468       136.7882       1.192543    
   47.34677       137.0579       1.337907    
   52.33939       137.3180       1.423265    
   57.33461       137.5242       1.301885    
   62.33282       137.6424       1.192316    
   67.33237       137.6462       1.283283    
   72.33087       137.5385       1.270139    
   77.32610       137.3349       1.301146    
   82.31709       137.0487       1.387331    
   87.30524       136.7188       1.356527    
   92.29430       136.4025       1.411543    
   97.28818       136.1738       1.324633    
   102.2866       136.0724       1.269809    
   107.2863       136.0237       1.189468    
   112.2728       135.7457       1.220878    
   117.2255       135.1043       1.262577    
   122.1606       134.3334       1.310347    
   127.1186       133.7326       1.301758    
   132.1048       133.3949       1.407843    
   137.1018       133.2509       1.389808    
   142.1004       133.2958       1.276464    
   147.0855       133.6214       1.071534    
   152.0289       134.3147       1.187562    
   156.9416       135.2077       1.166394    
   161.8866       135.8773       1.208131    
   166.8759       136.1325       1.181575    
   171.8755       136.1387       1.129203    
   176.8751       136.0817       1.236263    
   181.8749       136.0535       1.230187    
   186.8749       136.0525       1.079828    
   191.8749       136.0529       1.076079    
   196.8749       136.0529       1.112946    
   201.8749       136.0529       1.125658    
   206.8749       136.0527       1.103995    
   211.8749       136.0551       1.240997    
   216.8748       136.0783       1.212178    
   221.8745       136.1376       1.182993    
   226.8739       136.2069       1.196018    
   231.8736       136.2099       1.184045    
   236.8703       136.0623       1.131138    
   241.8605       135.7682       1.242881    
   246.8531       135.5358       1.215208    
   251.8497       135.5898       1.280114    
   256.8403       135.8775       1.109430    
   261.8292       136.1960       1.104852    
   266.8226       136.4373       1.152393    
   271.8200       136.5835       1.253165    
   276.8195       136.6297       1.160693    
   281.8193       136.6011       1.201933    
   286.8188       136.5343       1.186411    
   291.8181       136.4500       1.019555    
   296.8170       136.3520      0.9576050    
   301.8156       136.2361       1.316627    
   306.8141       136.1245       1.164969    
   311.8136       136.0844       1.143537    
   316.8123       136.0143       1.233272    
   321.7794       135.5559       1.144069    
   326.7076       134.7469       1.137367    
   331.6619       134.4733      0.9888811    
   336.6017       135.1292       1.437793    
   341.4941       136.1194       1.250646    
   346.3997       137.0454       1.353293    
   351.3318       137.8293       1.087827    
   356.3008       138.3209       1.209408    
   361.2956       138.5218       1.249205    
   366.2939       138.6463       1.167755    
   371.2916       138.7922       1.155129    
   376.2886       138.9579       1.204297    
   381.2849       139.1433       1.322221    
   386.2799       139.3558       1.275942    
   391.2732       139.6044       1.268381    
   396.2645       139.8863       1.241269    
   401.2549       140.1832       1.273275    
   406.2462       140.4654       1.034380    
   411.2407       140.6873      0.9699486    
   416.2387       140.8099      0.9862170    
   421.2385       140.8465       1.125161    
   426.2385       140.8504       1.101376    
   431.2385       140.8664       1.149628    
   436.2343       141.0188       1.275643    
   441.2233       141.3345       1.226120    
   446.2118       141.6584       1.073167    
   451.2035       141.9337       1.005327    
   456.1937       142.2318       1.081180    
   461.1783       142.6053       1.169689    
   466.1624       142.9877       1.189853    
   471.1551       143.2148       1.271493    
   476.1545       143.2677       1.308893    
   481.8401       143.2702       1.437759    
   489.3643       143.2702       1.581405    
   507.4286       143.2702       2.113463    
  -33.77417       131.3152       1.427818    
  -15.70986       131.3152       1.469420    
  -8.185690       131.3152       1.636729    
  -2.500000       131.3152       1.595503    
   2.481762       131.5958       1.524065    
   7.434425       132.2304       1.496429    
   12.38829       132.8556       1.329206    
   17.37068       133.1768       1.282908    
   22.36992       133.2549       1.336821    
   27.36889       133.3438       1.311047    
   32.36626       133.4921       1.315924    
   37.36148       133.6940       1.261360    
   42.35468       133.9363       1.351108    
   47.34677       134.1978       1.454121    
   52.33939       134.4500       1.503454    
   57.33461       134.6501       1.447518    
   62.33282       134.7647       1.347521    
   67.33237       134.7684       1.371203    
   72.33087       134.6640       1.394702    
   77.32610       134.4664       1.413113    
   82.31709       134.1889       1.463656    
   87.30524       133.8689       1.446053    
   92.29430       133.5621       1.471454    
   97.28818       133.3403       1.409814    
   102.2866       133.2420       1.421541    
   107.2863       133.1947       1.402353    
   112.2728       132.9252       1.361186    
   117.2255       132.3031       1.341481    
   122.1606       131.5553       1.381441    
   127.1186       130.9726       1.413589    
   132.1048       130.6451       1.483994    
   137.1018       130.5054       1.470438    
   142.1004       130.5490       1.392551    
   147.0855       130.8647       1.298915    
   152.0289       131.5372       1.349384    
   156.9416       132.4034       1.361586    
   161.8866       133.0527       1.435313    
   166.8759       133.3003       1.426067    
   171.8755       133.3063       1.327319    
   176.8751       133.2510       1.320458    
   181.8749       133.2236       1.313276    
   186.8749       133.2227       1.239003    
   191.8749       133.2231       1.228291    
   196.8749       133.2231       1.239139    
   201.8749       133.2231       1.210666    
   206.8749       133.2229       1.158184    
   211.8749       133.2252       1.220052    
   216.8748       133.2477       1.171488    
   221.8745       133.3052       1.161576    
   226.8739       133.3724       1.171683    
   231.8736       133.3753       1.131436    
   236.8703       133.2322       1.024057    
   241.8605       132.9470       1.090865    
   246.8531       132.7215       1.076712    
   251.8497       132.7738       1.202983    
   256.8403       133.0529       1.283262    
   261.8292       133.3618       1.330560    
   266.8226       133.5959       1.310798    
   271.8200       133.7377       1.321427    
   276.8195       133.7825       1.259319    
   281.8193       133.7548       1.273195    
   286.8188       133.6900       1.293760    
   291.8181       133.6082       1.268413    
   296.8170       133.5132       1.199213    
   301.8156       133.4008       1.273222    
   306.8141       133.2925       1.164026    
   311.8136       133.2536       1.180231    
   316.8123       133.1856       1.455041    
   321.7794       132.7410       1.264631    
   326.7076       131.9564       1.339059    
   331.6619       131.6910       1.339987    
   336.6017       132.3271       1.529114    
   341.4941       133.2876       1.456142    
   346.3997       134.1857       1.456153    
   351.3318       134.9460       1.367234    
   356.3008       135.4228       1.337757    
   361.2956       135.6176       1.359187    
   366.2939       135.7384       1.305602    
   371.2916       135.8799       1.338434    
   376.2886       136.0407       1.407950    
   381.2849       136.2204       1.449610    
   386.2799       136.4265       1.398741    
   391.2732       136.6677       1.402995    
   396.2645       136.9411       1.411182    
   401.2549       137.2291       1.392935    
   406.2462       137.5027       1.255580    
   411.2407       137.7180       1.212624    
   416.2387       137.8369       1.200058    
   421.2385       137.8724       1.237049    
   426.2385       137.8761       1.221339    
   431.2385       137.8917       1.277107    
   436.2343       138.0394       1.342131    
   441.2233       138.3456       1.313214    
   446.2118       138.6598       1.210757    
   451.2035       138.9268       1.157675    
   456.1937       139.2159       1.196794    
   461.1783       139.5782       1.257327    
   466.1624       139.9491       1.297516    
   471.1551       140.1694       1.373229    
   476.1545       140.2207       1.422260    
   481.8401       140.2231       1.528343    
   489.3643       140.2231       1.667497    
   507.4286       140.2231       2.184876    
  -33.77417       128.3538       1.500600    
  -15.70986       128.3538       1.544234    
  -8.185690       128.3538       1.733857    
  -2.500000       128.3538       1.772736    
   2.481762       128.6251       1.713905    
   7.434425       129.2386       1.663529    
   12.38829       129.8431       1.567485    
   17.37068       130.1537       1.551899    
   22.36992       130.2291       1.579371    
   27.36889       130.3151       1.556646    
   32.36626       130.4585       1.550469    
   37.36148       130.6536       1.542802    
   42.35468       130.8879       1.605075    
   47.34677       131.1408       1.669322    
   52.33939       131.3846       1.698274    
   57.33461       131.5780       1.672269    
   62.33282       131.6889       1.618554    
   67.33237       131.6924       1.617812    
   72.33087       131.5914       1.632175    
   77.32610       131.4005       1.647216    
   82.31709       131.1322       1.673566    
   87.30524       130.8228       1.667603    
   92.29430       130.5262       1.657903    
   97.28818       130.3116       1.574964    
   102.2866       130.2167       1.602872    
   107.2863       130.1709       1.584949    
   112.2728       129.9104       1.550203    
   117.2255       129.3089       1.536075    
   122.1606       128.5859       1.558523    
   127.1186       128.0226       1.593627    
   132.1048       127.7059       1.635094    
   137.1018       127.5708       1.624437    
   142.1004       127.6130       1.581775    
   147.0855       127.9183       1.574023    
   152.0289       128.5684       1.667053    
   156.9416       129.4059       1.600270    
   161.8866       130.0337       1.643878    
   166.8759       130.2731       1.655897    
   171.8755       130.2789       1.563791    
   176.8751       130.2254       1.524678    
   181.8749       130.1989       1.495635    
   186.8749       130.1980       1.475091    
   191.8749       130.1983       1.441626    
   196.8749       130.1983       1.431244    
   201.8749       130.1983       1.385706    
   206.8749       130.1982       1.350858    
   211.8749       130.2005       1.346795    
   216.8748       130.2222       1.307802    
   221.8745       130.2778       1.288138    
   226.8739       130.3428       1.287927    
   231.8736       130.3456       1.260226    
   236.8703       130.2072       1.200942    
   241.8605       129.9314       1.198736    
   246.8531       129.7134       1.218757    
   251.8497       129.7641       1.355953    
   256.8403       130.0339       1.498732    
   261.8292       130.3325       1.532458    
   266.8226       130.5588       1.497616    
   271.8200       130.6960       1.468568    
   276.8195       130.7393       1.458446    
   281.8193       130.7124       1.449873    
   286.8188       130.6498       1.489075    
   291.8181       130.5708       1.523439    
   296.8170       130.4788       1.487081    
   301.8156       130.3701       1.399167    
   306.8141       130.2655       1.327800    
   311.8136       130.2279       1.419206    
   316.8123       130.1622       1.705847    
   321.7794       129.7323       1.789647    
   326.7076       128.9738       1.692238    
   331.6619       128.7171       1.707683    
   336.6017       129.3322       1.726198    
   341.4941       130.2607       1.694795    
   346.3997       131.1291       1.688669    
   351.3318       131.8641       1.641913    
   356.3008       132.3251       1.596513    
   361.2956       132.5135       1.579735    
   366.2939       132.6302       1.544593    
   371.2916       132.7671       1.576794    
   376.2886       132.9225       1.634638    
   381.2849       133.0963       1.647947    
   386.2799       133.2955       1.622383    
   391.2732       133.5287       1.626268    
   396.2645       133.7930       1.649199    
   401.2549       134.0715       1.633375    
   406.2462       134.3360       1.553466    
   411.2407       134.5442       1.525711    
   416.2387       134.6591       1.490824    
   421.2385       134.6935       1.451982    
   426.2385       134.6971       1.419766    
   431.2385       134.7121       1.444108    
   436.2343       134.8550       1.473828    
   441.2233       135.1510       1.448694    
   446.2118       135.4547       1.387599    
   451.2035       135.7129       1.353586    
   456.1937       135.9924       1.374943    
   461.1783       136.3427       1.424015    
   466.1624       136.7012       1.472621    
   471.1551       136.9142       1.540045    
   476.1545       136.9639       1.602689    
   481.8401       136.9662       1.695841    
   489.3643       136.9662       1.825253    
   507.4286       136.9662       2.301753    
  -33.77417       125.1739       1.605842    
  -15.70986       125.1739       1.687645    
  -8.185690       125.1739       1.840255    
  -2.500000       125.1739       1.916148    
   2.481762       125.4352       1.892181    
   7.434425       126.0261       1.840856    
   12.38829       126.6083       1.792184    
   17.37068       126.9075       1.796650    
   22.36992       126.9801       1.818053    
   27.36889       127.0629       1.818814    
   32.36626       127.2010       1.820097    
   37.36148       127.3890       1.827850    
   42.35468       127.6146       1.860011    
   47.34677       127.8582       1.887628    
   52.33939       128.0931       1.904807    
   57.33461       128.2793       1.890547    
   62.33282       128.3861       1.864404    
   67.33237       128.3895       1.856602    
   72.33087       128.2923       1.858514    
   77.32610       128.1083       1.867171    
   82.31709       127.8499       1.869893    
   87.30524       127.5519       1.859984    
   92.29430       127.2662       1.844363    
   97.28818       127.0596       1.805346    
   102.2866       126.9681       1.809933    
   107.2863       126.9241       1.794988    
   112.2728       126.6731       1.768781    
   117.2255       126.0938       1.751541    
   122.1606       125.3975       1.760449    
   127.1186       124.8549       1.783096    
   132.1048       124.5499       1.798668    
   137.1018       124.4198       1.791603    
   142.1004       124.4603       1.773135    
   147.0855       124.7544       1.788481    
   152.0289       125.3806       1.864484    
   156.9416       126.1872       1.939028    
   161.8866       126.7919       1.968556    
   166.8759       127.0225       1.879590    
   171.8755       127.0280       1.815314    
   176.8751       126.9765       1.782997    
   181.8749       126.9510       1.754151    
   186.8749       126.9501       1.717233    
   191.8749       126.9505       1.721876    
   196.8749       126.9505       1.718522    
   201.8749       126.9505       1.708414    
   206.8749       126.9503       1.682548    
   211.8749       126.9525       1.661250    
   216.8748       126.9735       1.614133    
   221.8745       127.0270       1.562574    
   226.8739       127.0896       1.510044    
   231.8736       127.0923       1.458680    
   236.8703       126.9591       1.449379    
   241.8605       126.6934       1.483710    
   246.8531       126.4834       1.538476    
   251.8497       126.5322       1.676421    
   256.8403       126.7921       1.841269    
   261.8292       127.0797       1.851721    
   266.8226       127.2977       1.804429    
   271.8200       127.4297       1.767969    
   276.8195       127.4715       1.740866    
   281.8193       127.4456       1.756725    
   286.8188       127.3853       1.796005    
   291.8181       127.3092       1.846531    
   296.8170       127.2206       1.834941    
   301.8156       127.1160       1.724668    
   306.8141       127.0152       1.668446    
   311.8136       126.9790       1.774699    
   316.8123       126.9157       2.002666    
   321.7794       126.5017       2.160183    
   326.7076       125.7710       2.103382    
   331.6619       125.5238       2.097555    
   336.6017       126.1162       2.088256    
   341.4941       127.0106       2.059222    
   346.3997       127.8469       2.051148    
   351.3318       128.5549       2.006687    
   356.3008       128.9989       1.952853    
   361.2956       129.1804       1.908997    
   366.2939       129.2928       1.873194    
   371.2916       129.4245       1.898634    
   376.2886       129.5742       1.950282    
   381.2849       129.7417       1.957760    
   386.2799       129.9336       1.879023    
   391.2732       130.1582       1.872170    
   396.2645       130.4128       1.914720    
   401.2549       130.6809       1.959828    
   406.2462       130.9357       1.964663    
   411.2407       131.1362       1.911438    
   416.2387       131.2469       1.857120    
   421.2385       131.2800       1.795026    
   426.2385       131.2835       1.753868    
   431.2385       131.2979       1.761234    
   436.2343       131.4355       1.775180    
   441.2233       131.7207       1.753955    
   446.2118       132.0132       1.714785    
   451.2035       132.2618       1.699659    
   456.1937       132.5311       1.726333    
   461.1783       132.8684       1.776839    
   466.1624       133.2138       1.829118    
   471.1551       133.4189       1.882873    
   476.1545       133.4668       1.933094    
   481.8401       133.4690       1.996367    
   489.3643       133.4690       2.100991    
   507.4286       133.4690       2.468553    
  -33.77417       121.7413       1.703319    
  -15.70986       121.7413       1.811681    
  -8.185690       121.7413       1.951760    
  -2.500000       121.7413       2.028062    
   2.481762       121.9919       2.039593    
   7.434425       122.5584       2.003414    
   12.38829       123.1165       1.982362    
   17.37068       123.4034       2.011454    
   22.36992       123.4730       2.040783    
   27.36889       123.5524       2.053537    
   32.36626       123.6848       2.057714    
   37.36148       123.8650       2.065352    
   42.35468       124.0813       2.082387    
   47.34677       124.3148       2.090606    
   52.33939       124.5400       2.096339    
   57.33461       124.7186       2.089996    
   62.33282       124.8209       2.079840    
   67.33237       124.8242       2.067114    
   72.33087       124.7309       2.057058    
   77.32610       124.5546       2.054821    
   82.31709       124.3068       2.050660    
   87.30524       124.0211       2.047277    
   92.29430       123.7473       2.020078    
   97.28818       123.5492       1.994138    
   102.2866       123.4615       1.962910    
   107.2863       123.4193       1.934777    
   112.2728       123.1786       1.911804    
   117.2255       122.6232       1.892903    
   122.1606       121.9557       1.888642    
   127.1186       121.4355       1.898604    
   132.1048       121.1431       1.901176    
   137.1018       121.0183       1.899113    
   142.1004       121.0573       1.897669    
   147.0855       121.3392       1.921862    
   152.0289       121.9395       2.000483    
   156.9416       122.7128       2.104131    
   161.8866       123.2925       2.081753    
   166.8759       123.5135       2.056598    
   171.8755       123.5189       2.012849    
   176.8751       123.4696       2.003811    
   181.8749       123.4451       1.973549    
   186.8749       123.4443       1.942982    
   191.8749       123.4446       1.921682    
   196.8749       123.4446       1.929695    
   201.8749       123.4446       1.957618    
   206.8749       123.4444       1.996933    
   211.8749       123.4465       1.977274    
   216.8748       123.4666       1.912195    
   221.8745       123.5179       1.836202    
   226.8739       123.5779       1.754832    
   231.8736       123.5806       1.695669    
   236.8703       123.4528       1.710120    
   241.8605       123.1981       1.783453    
   246.8531       122.9968       1.870843    
   251.8497       123.0435       1.976137    
   256.8403       123.2927       2.045917    
   261.8292       123.5684       2.046434    
   266.8226       123.7774       2.018129    
   271.8200       123.9041       2.004813    
   276.8195       123.9441       2.017708    
   281.8193       123.9193       2.012234    
   286.8188       123.8614       2.033087    
   291.8181       123.7885       2.060750    
   296.8170       123.7036       2.054882    
   301.8156       123.6032       2.008130    
   306.8141       123.5066       1.978697    
   311.8136       123.4719       2.035122    
   316.8123       123.4112       2.135714    
   321.7794       123.0143       2.209383    
   326.7076       122.3138       2.189932    
   331.6619       122.0768       2.166073    
   336.6017       122.6448       2.152114    
   341.4941       123.5022       2.127314    
   346.3997       124.3040       2.104290    
   351.3318       124.9827       2.081078    
   356.3008       125.4084       2.064131    
   361.2956       125.5824       2.044082    
   366.2939       125.6901       2.030829    
   371.2916       125.8165       2.048877    
   376.2886       125.9600       2.077856    
   381.2849       126.1205       2.074018    
   386.2799       126.3045       2.053275    
   391.2732       126.5198       2.059750    
   396.2645       126.7639       2.122287    
   401.2549       127.0210       2.234908    
   406.2462       127.2653       2.149869    
   411.2407       127.4575       2.099289    
   416.2387       127.5636       2.070390    
   421.2385       127.5953       2.040035    
   426.2385       127.5986       2.010997    
   431.2385       127.6125       2.012424    
   436.2343       127.7445       2.026652    
   441.2233       128.0178       2.026378    
   446.2118       128.2982       2.016837    
   451.2035       128.5366       2.017950    
   456.1937       128.7948       2.036594    
   461.1783       129.1181       2.062488    
   466.1624       129.4493       2.088510    
   471.1551       129.6459       2.114501    
   476.1545       129.6918       2.148644    
   481.8401       129.6939       2.194137    
   489.3643       129.6939       2.263832    
   507.4286       129.6939       2.517476    
  -33.77417       118.0135       1.795587    
  -15.70986       118.0135       1.910853    
  -8.185690       118.0135       2.048883    
  -2.500000       118.0135       2.124564    
   2.481762       118.2522       2.142673    
   7.434425       118.7923       2.134933    
   12.38829       119.3243       2.138933    
   17.37068       119.5977       2.184611    
   22.36992       119.6640       2.213207    
   27.36889       119.7397       2.232616    
   32.36626       119.8660       2.237506    
   37.36148       120.0378       2.237122    
   42.35468       120.2439       2.248235    
   47.34677       120.4665       2.256079    
   52.33939       120.6811       2.266107    
   57.33461       120.8514       2.271015    
   62.33282       120.9489       2.275188    
   67.33237       120.9520       2.259333    
   72.33087       120.8632       2.238827    
   77.32610       120.6951       2.226624    
   82.31709       120.4589       2.211930    
   87.30524       120.1866       2.201853    
   92.29430       119.9255       2.174672    
   97.28818       119.7367       2.138378    
   102.2866       119.6531       2.080281    
   107.2863       119.6129       2.030384    
   112.2728       119.3835       1.994189    
   117.2255       118.8540       1.972837    
   122.1606       118.2177       1.959052    
   127.1186       117.7218       1.962681    
   132.1048       117.4431       1.966086    
   137.1018       117.3242       1.966238    
   142.1004       117.3613       1.968842    
   147.0855       117.6301       1.990777    
   152.0289       118.2023       2.058642    
   156.9416       118.9394       2.130935    
   161.8866       119.4921       2.153246    
   166.8759       119.7027       2.175384    
   171.8755       119.7078       2.165919    
   176.8751       119.6608       2.166476    
   181.8749       119.6375       2.135420    
   186.8749       119.6367       2.125620    
   191.8749       119.6370       2.132854    
   196.8749       119.6370       2.162271    
   201.8749       119.6370       2.191115    
   206.8749       119.6368       2.199982    
   211.8749       119.6388       2.180577    
   216.8748       119.6580       2.140411    
   221.8745       119.7069       2.096181    
   226.8739       119.7641       2.050744    
   231.8736       119.7666       2.017444    
   236.8703       119.6448       2.022482    
   241.8605       119.4020       2.065639    
   246.8531       119.2101       2.125780    
   251.8497       119.2547       2.192638    
   256.8403       119.4922       2.243934    
   261.8292       119.7551       2.260833    
   266.8226       119.9542       2.261393    
   271.8200       120.0750       2.246025    
   276.8195       120.1131       2.261460    
   281.8193       120.0895       2.243854    
   286.8188       120.0343       2.261860    
   291.8181       119.9648       2.265270    
   296.8170       119.8839       2.247840    
   301.8156       119.7882       2.247385    
   306.8141       119.6961       2.248319    
   311.8136       119.6630       2.262325    
   316.8123       119.6051       2.282460    
   321.7794       119.2268       2.314214    
   326.7076       118.5591       2.295909    
   331.6619       118.3332       2.249912    
   336.6017       118.8746       2.207740    
   341.4941       119.6919       2.176619    
   346.3997       120.4562       2.144464    
   351.3318       121.1031       2.120615    
   356.3008       121.5089       2.116983    
   361.2956       121.6748       2.113125    
   366.2939       121.7775       2.109946    
   371.2916       121.8979       2.121844    
   376.2886       122.0348       2.139373    
   381.2849       122.1877       2.139358    
   386.2799       122.3631       2.124601    
   391.2732       122.5684       2.161324    
   396.2645       122.8010       2.229357    
   401.2549       123.0461       2.327414    
   406.2462       123.2790       2.290958    
   411.2407       123.4621       2.269913    
   416.2387       123.5633       2.261510    
   421.2385       123.5935       2.255012    
   426.2385       123.5967       2.236547    
   431.2385       123.6100       2.239379    
   436.2343       123.7357       2.258269    
   441.2233       123.9963       2.270590    
   446.2118       124.2636       2.276477    
   451.2035       124.4909       2.285354    
   456.1937       124.7369       2.298212    
   461.1783       125.0452       2.311566    
   466.1624       125.3608       2.326021    
   471.1551       125.5482       2.339797    
   476.1545       125.5920       2.353229    
   481.8401       125.5940       2.374788    
   489.3643       125.5940       2.420530    
   507.4286       125.5940       2.585035    
  -33.77417       113.9358       1.898594    
  -15.70986       113.9358       2.019017    
  -8.185690       113.9358       2.147576    
  -2.500000       113.9358       2.242158    
   2.481762       114.1617       2.274177    
   7.434425       114.6728       2.270160    
   12.38829       115.1762       2.286516    
   17.37068       115.4350       2.328338    
   22.36992       115.4978       2.368746    
   27.36889       115.5694       2.401313    
   32.36626       115.6889       2.409341    
   37.36148       115.8514       2.401438    
   42.35468       116.0465       2.402601    
   47.34677       116.2571       2.412767    
   52.33939       116.4603       2.422169    
   57.33461       116.6214       2.432081    
   62.33282       116.7137       2.429436    
   67.33237       116.7167       2.404970    
   72.33087       116.6326       2.381997    
   77.32610       116.4735       2.376176    
   82.31709       116.2499       2.365501    
   87.30524       115.9922       2.339718    
   92.29430       115.7452       2.310666    
   97.28818       115.5665       2.259240    
   102.2866       115.4874       2.207884    
   107.2863       115.4493       2.126082    
   112.2728       115.2323       2.065948    
   117.2255       114.7313       2.028466    
   122.1606       114.1291       2.005490    
   127.1186       113.6599       1.995513    
   132.1048       113.3961       2.001274    
   137.1018       113.2836       2.010018    
   142.1004       113.3186       2.013178    
   147.0855       113.5730       2.016547    
   152.0289       114.1145       2.046767    
   156.9416       114.8120       2.107777    
   161.8866       115.3350       2.186280    
   166.8759       115.5344       2.225868    
   171.8755       115.5392       2.258170    
   176.8751       115.4947       2.290822    
   181.8749       115.4726       2.289966    
   186.8749       115.4719       2.290983    
   191.8749       115.4722       2.313902    
   196.8749       115.4722       2.343257    
   201.8749       115.4722       2.356817    
   206.8749       115.4720       2.374169    
   211.8749       115.4739       2.383989    
   216.8748       115.4921       2.367775    
   221.8745       115.5383       2.340809    
   226.8739       115.5924       2.316068    
   231.8736       115.5948       2.296732    
   236.8703       115.4796       2.295694    
   241.8605       115.2498       2.319217    
   246.8531       115.0682       2.353107    
   251.8497       115.1104       2.389199    
   256.8403       115.3352       2.419330    
   261.8292       115.5839       2.440207    
   266.8226       115.7724       2.457589    
   271.8200       115.8866       2.439169    
   276.8195       115.9228       2.439578    
   281.8193       115.9004       2.430598    
   286.8188       115.8482       2.454772    
   291.8181       115.7824       2.450876    
   296.8170       115.7058       2.449843    
   301.8156       115.6153       2.452789    
   306.8141       115.5281       2.461195    
   311.8136       115.4968       2.444463    
   316.8123       115.4420       2.420457    
   321.7794       115.0840       2.415722    
   326.7076       114.4521       2.373559    
   331.6619       114.2384       2.308726    
   336.6017       114.7507       2.244730    
   341.4941       115.5241       2.192021    
   346.3997       116.2474       2.167058    
   351.3318       116.8596       2.157140    
   356.3008       117.2437       2.155781    
   361.2956       117.4006       2.159481    
   366.2939       117.4977       2.161557    
   371.2916       117.6117       2.169876    
   376.2886       117.7412       2.177763    
   381.2849       117.8860       2.172003    
   386.2799       118.0519       2.172430    
   391.2732       118.2462       2.209971    
   396.2645       118.4663       2.270990    
   401.2549       118.6983       2.381009    
   406.2462       118.9186       2.387781    
   411.2407       119.0920       2.395237    
   416.2387       119.1877       2.400913    
   421.2385       119.2163       2.417232    
   426.2385       119.2194       2.413382    
   431.2385       119.2319       2.416251    
   436.2343       119.3509       2.438449    
   441.2233       119.5975       2.459616    
   446.2118       119.8504       2.474413    
   451.2035       120.0655       2.486949    
   456.1937       120.2983       2.497265    
   461.1783       120.5900       2.505240    
   466.1624       120.8887       2.514195    
   471.1551       121.0661       2.527147    
   476.1545       121.1075       2.544672    
   481.8401       121.1095       2.561027    
   489.3643       121.1095       2.577388    
   507.4286       121.1095       2.651750    
  -33.77417       109.4377       1.998975    
  -15.70986       109.4377       2.136166    
  -8.185690       109.4377       2.259058    
  -2.500000       109.4377       2.336466    
   2.481762       109.6495       2.380388    
   7.434425       110.1285       2.398496    
   12.38829       110.6005       2.428176    
   17.37068       110.8431       2.471946    
   22.36992       110.9020       2.521849    
   27.36889       110.9691       2.552745    
   32.36626       111.0811       2.563304    
   37.36148       111.2335       2.562636    
   42.35468       111.4164       2.559236    
   47.34677       111.6138       2.562199    
   52.33939       111.8043       2.562069    
   57.33461       111.9553       2.562881    
   62.33282       112.0418       2.551195    
   67.33237       112.0446       2.529175    
   72.33087       111.9657       2.504125    
   77.32610       111.8166       2.493752    
   82.31709       111.6071       2.490849    
   87.30524       111.3655       2.463016    
   92.29430       111.1339       2.430153    
   97.28818       110.9664       2.375982    
   102.2866       110.8923       2.313437    
   107.2863       110.8566       2.205215    
   112.2728       110.6531       2.126943    
   117.2255       110.1834       2.075587    
   122.1606       109.6189       2.046123    
   127.1186       109.1790       2.030369    
   132.1048       108.9318       2.030156    
   137.1018       108.8263       2.044418    
   142.1004       108.8592       2.052735    
   147.0855       109.0976       2.051769    
   152.0289       109.6052       2.061018    
   156.9416       110.2591       2.099908    
   161.8866       110.7494       2.181569    
   166.8759       110.9363       2.240003    
   171.8755       110.9408       2.314422    
   176.8751       110.8991       2.388288    
   181.8749       110.8784       2.408664    
   186.8749       110.8776       2.437229    
   191.8749       110.8779       2.471465    
   196.8749       110.8779       2.493369    
   201.8749       110.8779       2.510593    
   206.8749       110.8778       2.530839    
   211.8749       110.8796       2.548930    
   216.8748       110.8966       2.543338    
   221.8745       110.9400       2.537166    
   226.8739       110.9907       2.534312    
   231.8736       110.9929       2.525999    
   236.8703       110.8849       2.520112    
   241.8605       110.6695       2.532345    
   246.8531       110.4993       2.558165    
   251.8497       110.5388       2.580169    
   256.8403       110.7495       2.601615    
   261.8292       110.9827       2.610350    
   266.8226       111.1594       2.635242    
   271.8200       111.2665       2.633769    
   276.8195       111.3003       2.622315    
   281.8193       111.2794       2.628182    
   286.8188       111.2305       2.646102    
   291.8181       111.1687       2.636560    
   296.8170       111.0969       2.633287    
   301.8156       111.0121       2.632155    
   306.8141       110.9304       2.613569    
   311.8136       110.9010       2.598200    
   316.8123       110.8497       2.568780    
   321.7794       110.5141       2.540276    
   326.7076       109.9218       2.480162    
   331.6619       109.7214       2.366878    
   336.6017       110.2016       2.273950    
   341.4941       110.9267       2.221828    
   346.3997       111.6047       2.189291    
   351.3318       112.1786       2.177401    
   356.3008       112.5386       2.170561    
   361.2956       112.6857       2.165506    
   366.2939       112.7768       2.174234    
   371.2916       112.8837       2.188465    
   376.2886       113.0050       2.193593    
   381.2849       113.1407       2.182347    
   386.2799       113.2963       2.189535    
   391.2732       113.4784       2.228915    
   396.2645       113.6848       2.288108    
   401.2549       113.9022       2.412578    
   406.2462       114.1088       2.458527    
   411.2407       114.2713       2.507993    
   416.2387       114.3611       2.541785    
   421.2385       114.3878       2.579683    
   426.2385       114.3907       2.590444    
   431.2385       114.4025       2.596099    
   436.2343       114.5140       2.623743    
   441.2233       114.7451       2.654918    
   446.2118       114.9823       2.676432    
   451.2035       115.1839       2.690317    
   456.1937       115.4022       2.700273    
   461.1783       115.6756       2.709690    
   466.1624       115.9556       2.720298    
   471.1551       116.1219       2.728137    
   476.1545       116.1607       2.730028    
   481.8401       116.1625       2.729931    
   489.3643       116.1625       2.731394    
   507.4286       116.1625       2.741894    
  -33.77417       104.4251       2.097934    
  -15.70986       104.4251       2.259161    
  -8.185690       104.4251       2.377831    
  -2.500000       104.4251       2.451683    
   2.481762       104.6212       2.499909    
   7.434425       105.0646       2.537290    
   12.38829       105.5015       2.573922    
   17.37068       105.7260       2.616250    
   22.36992       105.7805       2.657027    
   27.36889       105.8427       2.679178    
   32.36626       105.9463       2.691588    
   37.36148       106.0873       2.702921    
   42.35468       106.2567       2.711533    
   47.34677       106.4394       2.720174    
   52.33939       106.6157       2.726988    
   57.33461       106.7555       2.732265    
   62.33282       106.8356       2.730919    
   67.33237       106.8381       2.718308    
   72.33087       106.7651       2.688097    
   77.32610       106.6271       2.658240    
   82.31709       106.4332       2.639713    
   87.30524       106.2096       2.602528    
   92.29430       105.9952       2.559261    
   97.28818       105.8402       2.499709    
   102.2866       105.7715       2.417141    
   107.2863       105.7385       2.319003    
   112.2728       105.5501       2.195724    
   117.2255       105.1154       2.116556    
   122.1606       104.5929       2.066599    
   127.1186       104.1857       2.048914    
   132.1048       103.9569       2.045098    
   137.1018       103.8593       2.050098    
   142.1004       103.8897       2.059944    
   147.0855       104.1104       2.063265    
   152.0289       104.5803       2.072817    
   156.9416       105.1855       2.094018    
   161.8866       105.6393       2.155210    
   166.8759       105.8122       2.250224    
   171.8755       105.8165       2.336272    
   176.8751       105.7778       2.406105    
   181.8749       105.7587       2.468209    
   186.8749       105.7580       2.530804    
   191.8749       105.7582       2.592537    
   196.8749       105.7583       2.634075    
   201.8749       105.7583       2.670879    
   206.8749       105.7581       2.683955    
   211.8749       105.7598       2.690606    
   216.8748       105.7755       2.701742    
   221.8745       105.8157       2.722473    
   226.8739       105.8626       2.734002    
   231.8736       105.8647       2.735429    
   236.8703       105.7647       2.731824    
   241.8605       105.5654       2.729151    
   246.8531       105.4078       2.740253    
   251.8497       105.4444       2.756131    
   256.8403       105.6394       2.776849    
   261.8292       105.8553       2.783739    
   266.8226       106.0188       2.790874    
   271.8200       106.1179       2.785151    
   276.8195       106.1492       2.771859    
   281.8193       106.1298       2.778980    
   286.8188       106.0846       2.792062    
   291.8181       106.0275       2.804700    
   296.8170       105.9610       2.792549    
   301.8156       105.8824       2.762727    
   306.8141       105.8068       2.739827    
   311.8136       105.7796       2.744580    
   316.8123       105.7321       2.735019    
   321.7794       105.4215       2.707598    
   326.7076       104.8732       2.639491    
   331.6619       104.6877       2.538031    
   336.6017       105.1322       2.448409    
   341.4941       105.8034       2.320221    
   346.3997       106.4309       2.252367    
   351.3318       106.9622       2.202262    
   356.3008       107.2954       2.178031    
   361.2956       107.4315       2.167880    
   366.2939       107.5159       2.170571    
   371.2916       107.6148       2.187972    
   376.2886       107.7271       2.195645    
   381.2849       107.8528       2.185598    
   386.2799       107.9968       2.190466    
   391.2732       108.1653       2.221155    
   396.2645       108.3564       2.277109    
   401.2549       108.5576       2.402674    
   406.2462       108.7488       2.490042    
   411.2407       108.8992       2.575518    
   416.2387       108.9823       2.636035    
   421.2385       109.0071       2.686564    
   426.2385       109.0098       2.720822    
   431.2385       109.0207       2.746256    
   436.2343       109.1239       2.788745    
   441.2233       109.3378       2.834217    
   446.2118       109.5574       2.863554    
   451.2035       109.7439       2.877880    
   456.1937       109.9460       2.884753    
   461.1783       110.1991       2.888996    
   466.1624       110.4583       2.894176    
   471.1551       110.6122       2.901376    
   476.1545       110.6481       2.903004    
   481.8401       110.6497       2.887686    
   489.3643       110.6497       2.860626    
   507.4286       110.6497       2.820234    
  -33.77417       98.76926       2.208094    
  -15.70986       98.76926       2.393385    
  -8.185690       98.76926       2.510696    
  -2.500000       98.76926       2.585876    
   2.481762       98.94752       2.643947    
   7.434425       99.35075       2.689499    
   12.38829       99.74802       2.724388    
   17.37068       99.95215       2.764781    
   22.36992       100.0017       2.804715    
   27.36889       100.0582       2.830217    
   32.36626       100.1525       2.844721    
   37.36148       100.2807       2.856649    
   42.35468       100.4347       2.868399    
   47.34677       100.6009       2.880127    
   52.33939       100.7612       2.891444    
   57.33461       100.8883       2.900654    
   62.33282       100.9611       2.904225    
   67.33237       100.9634       2.893460    
   72.33087       100.8971       2.860807    
   77.32610       100.7716       2.819464    
   82.31709       100.5952       2.786139    
   87.30524       100.3919       2.741138    
   92.29430       100.1970       2.680741    
   97.28818       100.0560       2.613344    
   102.2866       99.99355       2.523594    
   107.2863       99.96349       2.422470    
   112.2728       99.79222       2.309260    
   117.2255       99.39693       2.176636    
   122.1606       98.92178       2.111048    
   127.1186       98.55151       2.068016    
   132.1048       98.34343       2.057076    
   137.1018       98.25465       2.058800    
   142.1004       98.28233       2.062415    
   147.0855       98.48299       2.065571    
   152.0289       98.91029       2.080209    
   156.9416       99.46066       2.114110    
   161.8866       99.87329       2.164094    
   166.8759       100.0306       2.281591    
   171.8755       100.0344       2.386167    
   176.8751       99.99930       2.479697    
   181.8749       99.98188       2.569108    
   186.8749       99.98126       2.636735    
   191.8749       99.98149       2.703708    
   196.8749       99.98150       2.749174    
   201.8749       99.98149       2.781951    
   206.8749       99.98139       2.807461    
   211.8749       99.98287       2.817595    
   216.8748       99.99718       2.831255    
   221.8745       100.0337       2.851563    
   226.8739       100.0764       2.864573    
   231.8736       100.0783       2.874627    
   236.8703       99.98734       2.885068    
   241.8605       99.80609       2.891841    
   246.8531       99.66279       2.901172    
   251.8497       99.69608       2.916248    
   256.8403       99.87341       2.933034    
   261.8292       100.0697       2.944585    
   266.8226       100.2184       2.947041    
   271.8200       100.3085       2.946999    
   276.8195       100.3370       2.947073    
   281.8193       100.3194       2.947531    
   286.8188       100.2782       2.945829    
   291.8181       100.2263       2.952314    
   296.8170       100.1659       2.950385    
   301.8156       100.0944       2.930095    
   306.8141       100.0256       2.903526    
   311.8136       100.0009       2.881700    
   316.8123       99.95772       2.864580    
   321.7794       99.67523       2.827427    
   326.7076       99.17667       2.760286    
   331.6619       99.00801       2.683848    
   336.6017       99.41222       2.573693    
   341.4941       100.0225       2.469678    
   346.3997       100.5932       2.324727    
   351.3318       101.0763       2.241740    
   356.3008       101.3793       2.189981    
   361.2956       101.5031       2.172539    
   366.2939       101.5798       2.171925    
   371.2916       101.6697       2.178500    
   376.2886       101.7719       2.186172    
   381.2849       101.8861       2.188713    
   386.2799       102.0170       2.201803    
   391.2732       102.1703       2.223553    
   396.2645       102.3440       2.274042    
   401.2549       102.5270       2.370564    
   406.2462       102.7009       2.516798    
   411.2407       102.8377       2.632775    
   416.2387       102.9132       2.720810    
   421.2385       102.9358       2.786860    
   426.2385       102.9382       2.848420    
   431.2385       102.9481       2.895315    
   436.2343       103.0419       2.945678    
   441.2233       103.2365       2.999140    
   446.2118       103.4361       3.035987    
   451.2035       103.6058       3.052639    
   456.1937       103.7895       3.057162    
   461.1783       104.0197       3.054448    
   466.1624       104.2553       3.045319    
   471.1551       104.3953       3.032661    
   476.1545       104.4279       3.021757    
   481.8401       104.4295       3.008612    
   489.3643       104.4295       2.977886    
   507.4286       104.4295       2.894495    
  -33.77417       92.28692       2.299867    
  -15.70986       92.28692       2.509254    
  -8.185690       92.28692       2.609187    
  -2.500000       92.28692       2.686180    
   2.481762       92.44483       2.739664    
   7.434425       92.80198       2.783006    
   12.38829       93.15384       2.821615    
   17.37068       93.33465       2.865516    
   22.36992       93.37855       2.911447    
   27.36889       93.42858       2.943809    
   32.36626       93.51208       2.959941    
   37.36148       93.62569       2.967822    
   42.35468       93.76205       2.973765    
   47.34677       93.90923       2.979737    
   52.33939       94.05121       2.985770    
   57.33461       94.16380       2.990606    
   62.33282       94.22831       2.991136    
   67.33237       94.23037       2.980148    
   72.33087       94.17159       2.950762    
   77.32610       94.06042       2.909346    
   82.31709       93.90422       2.869852    
   87.30524       93.72411       2.822326    
   92.29430       93.55146       2.760663    
   97.28818       93.42661       2.696182    
   102.2866       93.37131       2.606572    
   107.2863       93.34469       2.513454    
   112.2728       93.19299       2.389007    
   117.2255       92.84286       2.254393    
   122.1606       92.42202       2.158144    
   127.1186       92.09407       2.106833    
   132.1048       91.90976       2.077016    
   137.1018       91.83113       2.073332    
   142.1004       91.85565       2.077991    
   147.0855       92.03337       2.078248    
   152.0289       92.41184       2.086797    
   156.9416       92.89931       2.117346    
   161.8866       93.26480       2.158133    
   166.8759       93.40413       2.240067    
   171.8755       93.40750       2.381742    
   176.8751       93.37640       2.514893    
   181.8749       93.36098       2.627070    
   186.8749       93.36044       2.726849    
   191.8749       93.36063       2.792712    
   196.8749       93.36064       2.853783    
   201.8749       93.36063       2.889031    
   206.8749       93.36054       2.916224    
   211.8749       93.36186       2.943492    
   216.8748       93.37454       2.958102    
   221.8745       93.40688       2.972335    
   226.8739       93.44470       2.992535    
   231.8736       93.44635       3.014274    
   236.8703       93.36582       3.035872    
   241.8605       93.20527       3.055218    
   246.8531       93.07835       3.071914    
   251.8497       93.10783       3.088364    
   256.8403       93.26490       3.103834    
   261.8292       93.43874       3.117728    
   266.8226       93.57047       3.127458    
   271.8200       93.65030       3.135564    
   276.8195       93.67554       3.140741    
   281.8193       93.65989       3.138827    
   286.8188       93.62345       3.129050    
   291.8181       93.57744       3.115265    
   296.8170       93.52392       3.098352    
   301.8156       93.46066       3.077212    
   306.8141       93.39973       3.053889    
   311.8136       93.37785       3.022841    
   316.8123       93.33959       2.977646    
   321.7794       93.08938       2.926371    
   326.7076       92.64779       2.865465    
   331.6619       92.49840       2.778886    
   336.6017       92.85643       2.687466    
   341.4941       93.39696       2.568384    
   346.3997       93.90244       2.443247    
   351.3318       94.33030       2.298319    
   356.3008       94.59869       2.229443    
   361.2956       94.70834       2.190987    
   366.2939       94.77627       2.184548    
   371.2916       94.85593       2.182508    
   376.2886       94.94642       2.176580    
   381.2849       95.04758       2.188597    
   386.2799       95.16358       2.215353    
   391.2732       95.29931       2.240553    
   396.2645       95.45317       2.297730    
   401.2549       95.61526       2.395016    
   406.2462       95.76926       2.567564    
   411.2407       95.89043       2.703813    
   416.2387       95.95733       2.818791    
   421.2385       95.97731       2.902272    
   426.2385       95.97943       2.980734    
   431.2385       95.98818       3.041702    
   436.2343       96.07135       3.091867    
   441.2233       96.24365       3.145957    
   446.2118       96.42047       3.189770    
   451.2035       96.57073       3.212601    
   456.1937       96.73344       3.219755    
   461.1783       96.93733       3.217953    
   466.1624       97.14609       3.207516    
   471.1551       97.27006       3.185390    
   476.1545       97.29897       3.152251    
   481.8401       97.30029       3.112134    
   489.3643       97.30029       3.066903    
   507.4286       97.30029       2.962921    
  -33.77417       84.70639       2.405245    
  -15.70986       84.70639       2.586107    
  -8.185690       84.70639       2.676787    
  -2.500000       84.70639       2.731989    
   2.481762       84.84047       2.781312    
   7.434425       85.14374       2.825909    
   12.38829       85.44250       2.857273    
   17.37068       85.59602       2.900627    
   22.36992       85.63330       2.951564    
   27.36889       85.67580       2.987464    
   32.36626       85.74669       3.004100    
   37.36148       85.84315       3.010055    
   42.35468       85.95895       3.012563    
   47.34677       86.08392       3.014517    
   52.33939       86.20448       3.016527    
   57.33461       86.30008       3.018164    
   62.33282       86.35486       3.017482    
   67.33237       86.35661       3.009144    
   72.33087       86.30669       2.985231    
   77.32610       86.21230       2.945260    
   82.31709       86.07966       2.903223    
   87.30524       85.92673       2.861855    
   92.29430       85.78013       2.804475    
   97.28818       85.67411       2.742573    
   102.2866       85.62716       2.671435    
   107.2863       85.60456       2.579626    
   112.2728       85.47575       2.483194    
   117.2255       85.17844       2.363095    
   122.1606       84.82110       2.241093    
   127.1186       84.54264       2.159421    
   132.1048       84.38613       2.115489    
   137.1018       84.31937       2.090376    
   142.1004       84.34019       2.091884    
   147.0855       84.49109       2.095072    
   152.0289       84.81246       2.092346    
   156.9416       85.22638       2.110050    
   161.8866       85.53673       2.143868    
   166.8759       85.65503       2.193900    
   171.8755       85.65790       2.296838    
   176.8751       85.63148       2.444294    
   181.8749       85.61840       2.590710    
   186.8749       85.61794       2.704139    
   191.8749       85.61810       2.808623    
   196.8749       85.61810       2.879615    
   201.8749       85.61810       2.940577    
   206.8749       85.61802       2.986597    
   211.8749       85.61914       3.025838    
   216.8748       85.62991       3.059951    
   221.8745       85.65736       3.081315    
   226.8739       85.68948       3.106029    
   231.8736       85.69088       3.134555    
   236.8703       85.62250       3.161170    
   241.8605       85.48617       3.185021    
   246.8531       85.37840       3.203891    
   251.8497       85.40344       3.217098    
   256.8403       85.53680       3.226313    
   261.8292       85.68442       3.233483    
   266.8226       85.79627       3.239140    
   271.8200       85.86406       3.243418    
   276.8195       85.88549       3.245673    
   281.8193       85.87220       3.244940    
   286.8188       85.84126       3.240183    
   291.8181       85.80219       3.229419    
   296.8170       85.75674       3.209536    
   301.8156       85.70303       3.177149    
   306.8141       85.65130       3.136097    
   311.8136       85.63272       3.097682    
   316.8123       85.60023       3.058240    
   321.7794       85.38776       3.003767    
   326.7076       85.01280       2.943998    
   331.6619       84.88596       2.865790    
   336.6017       85.18996       2.769651    
   341.4941       85.64894       2.665934    
   346.3997       86.07815       2.530087    
   351.3318       86.44146       2.384202    
   356.3008       86.66934       2.289615    
   361.2956       86.76245       2.241584    
   366.2939       86.82014       2.213142    
   371.2916       86.88777       2.200057    
   376.2886       86.96461       2.186958    
   381.2849       87.05051       2.195476    
   386.2799       87.14902       2.222836    
   391.2732       87.26426       2.257964    
   396.2645       87.39491       2.322764    
   401.2549       87.53254       2.418453    
   406.2462       87.66331       2.594065    
   411.2407       87.76619       2.733566    
   416.2387       87.82300       2.858322    
   421.2385       87.83997       2.952566    
   426.2385       87.84176       3.034097    
   431.2385       87.84920       3.104600    
   436.2343       87.91981       3.155582    
   441.2233       88.06612       3.206645    
   446.2118       88.21626       3.255556    
   451.2035       88.34385       3.286831    
   456.1937       88.48203       3.299678    
   461.1783       88.65514       3.302018    
   466.1624       88.83239       3.298173    
   471.1551       88.93765       3.286074    
   476.1545       88.96221       3.259863    
   481.8401       88.96335       3.212035    
   489.3643       88.96335       3.141223    
   507.4286       88.96335       2.992510    
  -33.77417       75.60016       2.490086    
  -15.70986       75.60016       2.650452    
  -8.185690       75.60016       2.710940    
  -2.500000       75.60016       2.764448    
   2.481762       75.70561       2.808182    
   7.434425       75.94414       2.835268    
   12.38829       76.17914       2.867082    
   17.37068       76.29989       2.914641    
   22.36992       76.32921       2.963375    
   27.36889       76.36263       2.996686    
   32.36626       76.41840       3.012740    
   37.36148       76.49427       3.018632    
   42.35468       76.58534       3.020679    
   47.34677       76.68364       3.021804    
   52.33939       76.77846       3.022873    
   57.33461       76.85366       3.023879    
   62.33282       76.89674       3.023842    
   67.33237       76.89812       3.019241    
   72.33087       76.85886       3.002358    
   77.32610       76.78461       2.965944    
   82.31709       76.68029       2.917249    
   87.30524       76.56001       2.875137    
   92.29430       76.44469       2.833765    
   97.28818       76.36131       2.774018    
   102.2866       76.32438       2.711567    
   107.2863       76.30660       2.641335    
   112.2728       76.20528       2.553234    
   117.2255       75.97144       2.463085    
   122.1606       75.69038       2.354168    
   127.1186       75.47135       2.245639    
   132.1048       75.34826       2.172439    
   137.1018       75.29574       2.135581    
   142.1004       75.31212       2.118030    
   147.0855       75.43081       2.118773    
   152.0289       75.68358       2.111045    
   156.9416       76.00915       2.104621    
   161.8866       76.25325       2.137720    
   166.8759       76.34630       2.184424    
   171.8755       76.34855       2.236717    
   176.8751       76.32778       2.336140    
   181.8749       76.31749       2.483461    
   186.8749       76.31712       2.616698    
   191.8749       76.31725       2.725778    
   196.8749       76.31725       2.826464    
   201.8749       76.31725       2.904775    
   206.8749       76.31718       2.978191    
   211.8749       76.31807       3.027570    
   216.8748       76.32654       3.068871    
   221.8745       76.34814       3.104327    
   226.8739       76.37340       3.132281    
   231.8736       76.37450       3.162228    
   236.8703       76.32071       3.188607    
   241.8605       76.21349       3.212945    
   246.8531       76.12872       3.236975    
   251.8497       76.14841       3.254973    
   256.8403       76.25331       3.264414    
   261.8292       76.36942       3.268199    
   266.8226       76.45739       3.269632    
   271.8200       76.51070       3.270275    
   276.8195       76.52757       3.270576    
   281.8193       76.51711       3.270569    
   286.8188       76.49277       3.269819    
   291.8181       76.46204       3.266722    
   296.8170       76.42630       3.257220    
   301.8156       76.38405       3.233899    
   306.8141       76.34336       3.191850    
   311.8136       76.32875       3.142089    
   316.8123       76.30320       3.103266    
   321.7794       76.13609       3.061862    
   326.7076       75.84116       2.994139    
   331.6619       75.74139       2.923542    
   336.6017       75.98050       2.847878    
   341.4941       76.34151       2.748619    
   346.3997       76.67910       2.652889    
   351.3318       76.96486       2.539990    
   356.3008       77.14410       2.442256    
   361.2956       77.21733       2.339792    
   366.2939       77.26270       2.287503    
   371.2916       77.31591       2.248814    
   376.2886       77.37634       2.232023    
   381.2849       77.44391       2.238235    
   386.2799       77.52139       2.253246    
   391.2732       77.61202       2.291412    
   396.2645       77.71479       2.356885    
   401.2549       77.82304       2.453701    
   406.2462       77.92590       2.610564    
   411.2407       78.00681       2.740244    
   416.2387       78.05150       2.852802    
   421.2385       78.06484       2.950127    
   426.2385       78.06626       3.027278    
   431.2385       78.07211       3.100144    
   436.2343       78.12765       3.156048    
   441.2233       78.24273       3.203435    
   446.2118       78.36082       3.252784    
   451.2035       78.46117       3.291949    
   456.1937       78.56985       3.312577    
   461.1783       78.70601       3.319697    
   466.1624       78.84543       3.320392    
   471.1551       78.92822       3.316821    
   476.1545       78.94754       3.305084    
   481.8401       78.94843       3.273490    
   489.3643       78.94843       3.205231    
   507.4286       78.94843       3.012934    
  -33.77417       56.32260       2.619414    
  -15.70986       56.32260       2.716789    
  -8.185690       56.32260       2.765341    
  -2.500000       56.32260       2.798482    
   2.481762       56.36747       2.833566    
   7.434425       56.46896       2.870933    
   12.38829       56.56895       2.898331    
   17.37068       56.62033       2.930297    
   22.36992       56.63280       2.968914    
   27.36889       56.64702       2.998959    
   32.36626       56.67075       3.014398    
   37.36148       56.70303       3.020217    
   42.35468       56.74178       3.022218    
   47.34677       56.78361       3.023216    
   52.33939       56.82395       3.024062    
   57.33461       56.85595       3.024889    
   62.33282       56.87428       3.025428    
   67.33237       56.87487       3.024400    
   72.33087       56.85816       3.017839    
   77.32610       56.82657       2.998020    
   82.31709       56.78218       2.958819    
   87.30524       56.73100       2.907990    
   92.29430       56.68194       2.862654    
   97.28818       56.64646       2.819082    
   102.2866       56.63075       2.763574    
   107.2863       56.62318       2.709665    
   112.2728       56.58007       2.652523    
   117.2255       56.48058       2.585178    
   122.1606       56.36099       2.521785    
   127.1186       56.26780       2.447332    
   132.1048       56.21542       2.384530    
   137.1018       56.19307       2.301602    
   142.1004       56.20005       2.252360    
   147.0855       56.25055       2.220563    
   152.0289       56.35809       2.217396    
   156.9416       56.49662       2.230394    
   161.8866       56.60048       2.251161    
   166.8759       56.64007       2.277389    
   171.8755       56.64103       2.299546    
   176.8751       56.63219       2.335566    
   181.8749       56.62782       2.386245    
   186.8749       56.62766       2.461475    
   191.8749       56.62771       2.578677    
   196.8749       56.62772       2.674142    
   201.8749       56.62771       2.770745    
   206.8749       56.62769       2.846874    
   211.8749       56.62806       2.920789    
   216.8748       56.63167       2.974219    
   221.8745       56.64086       3.027009    
   226.8739       56.65160       3.064737    
   231.8736       56.65207       3.100240    
   236.8703       56.62919       3.135964    
   241.8605       56.58356       3.158926    
   246.8531       56.54750       3.185674    
   251.8497       56.55588       3.220665    
   256.8403       56.60051       3.248450    
   261.8292       56.64991       3.262225    
   266.8226       56.68734       3.266642    
   271.8200       56.71003       3.267410    
   276.8195       56.71720       3.267323    
   281.8193       56.71275       3.267218    
   286.8188       56.70240       3.267210    
   291.8181       56.68932       3.267086    
   296.8170       56.67411       3.265982    
   301.8156       56.65614       3.261220    
   306.8141       56.63882       3.246822    
   311.8136       56.63261       3.214891    
   316.8123       56.62173       3.163438    
   321.7794       56.55063       3.103513    
   326.7076       56.42514       3.047636    
   331.6619       56.38269       2.989954    
   336.6017       56.48443       2.921424    
   341.4941       56.63803       2.854181    
   346.3997       56.78168       2.787597    
   351.3318       56.90327       2.717167    
   356.3008       56.97953       2.660681    
   361.2956       57.01069       2.596577    
   366.2939       57.02999       2.531099    
   371.2916       57.05263       2.471276    
   376.2886       57.07835       2.449368    
   381.2849       57.10709       2.435030    
   386.2799       57.14006       2.444282    
   391.2732       57.17862       2.477969    
   396.2645       57.22235       2.519964    
   401.2549       57.26841       2.603163    
   406.2462       57.31217       2.697669    
   411.2407       57.34660       2.785127    
   416.2387       57.36561       2.855152    
   421.2385       57.37129       2.932579    
   426.2385       57.37189       2.999033    
   431.2385       57.37438       3.062383    
   436.2343       57.39801       3.123230    
   441.2233       57.44698       3.169456    
   446.2118       57.49723       3.215503    
   451.2035       57.53992       3.262945    
   456.1937       57.58617       3.297036    
   461.1783       57.64410       3.313479    
   466.1624       57.70342       3.319037    
   471.1551       57.73865       3.320441    
   476.1545       57.74687       3.320277    
   481.8401       57.74725       3.318359    
   489.3643       57.74725       3.312830    
   507.4286       57.74725       3.187744    
