1545
31.88715332331652	0	1.50361575	0
31.98041903883462	0	1.5048841499999999	0
38.18439377276912	0	1.5818859	0
25.512205236993335	0	1.406748	0
18.149731306186755	0	1.2588702	0
13.778225870773666	0	1.1391933	0
10.758149125062296	0	1.03173756	0
5.626904184421023	0	0.75026952	0
10.51776141381298	0	1.021923315	0
6.806730251547969	0	0.83293854	0
7.371806804670997	0	0.867573945	0
8.527636405921298	0	0.930828675	0
11.849974069232513	0	1.0737174	0
13.654531384503782	0	1.1352768	0
13.135873273490644	0	1.11845895	0
13.039869647158884	0	1.11527325	0
8.879670589734861	0	0.948396855	0
11.15226909382214	0	1.04736324	0
8.178497871714024	0	0.912673545	0
12.5821323741444	0	1.0997542500000002	0
12.91480787953577	0	1.11108795	0
17.453741920935425	0	1.24188855	0
13.950516914246844	0	1.1445903000000002	0
8.172188678228443	0	0.912338385	0
10.058788347141506	0	1.0025456700000002	0
10.69960155029149	0	1.029367605	0
13.61783757870512	0	1.13410815	0
12.076351630256081	0	1.0819357500000002	0
14.410086905511804	0	1.1586665999999999	0
12.461761923722204	0	1.09557945	0
32.607439713243764	0	1.5133167	0
31.537382829572614	0	1.4988256500000001	0
23.236670518082693	0	1.3661739000000002	0
8.619774907034923	0	0.9354959250000001	0
13.253331166460338	0	1.12232505	0
10.707116423779993	0	1.029672525	0
12.9181493135689	0	1.1112003000000001	0
11.102643881606747	0	1.04542641	0
8.258899093998837	0	0.91692216	0
6.618785091472539	0	0.82077828	0
6.722994407678206	0	0.8275627500000001	0
6.559458292472044	0	0.816867975	0
7.243320714459047	0	0.859937715	0
6.736658619244092	0	0.82844454	0
8.06062690835388	0	0.9063688200000001	0
9.081795637660669	0	0.958171725	0
9.066640271899397	0	0.957446385	0
9.869083307923528	0	0.9942768150000001	0
6.274674982216587	0	0.797591235	0
9.97114151487512	0	0.9987448800000001	0
4.88440132070542	0	0.68881134	0
6.346888736140682	0	0.802560885	0
5.314023553322653	0	0.725423475	0
5.306455175203513	0	0.7248045	0
6.47255821166919	0	0.811075965	0
9.039746462463233	0	0.95615625	0
8.462842141521879	0	0.9275162400000001	0
7.459591750524303	0	0.8727150600000001	0
13.75938427844428	0	1.138599	0
15.469853466644246	0	1.1894862	0
14.493138751922398	0	1.16116245	0
8.194436798764844	0	0.91351911	0
6.790579061601521	0	0.83190681	0
5.99554055530523	0	0.777828345	0
4.915287214535584	0	0.6915489	0
6.360382075451112	0	0.803483205	0
5.91653182600467	0	0.772067205	0
8.738952927098763	0	0.9414594000000001	0
11.749838572299549	0	1.0700319	0
11.474159958939103	0	1.0597209	0
13.696919395350543	0	1.1366229	0
11.686659749890168	0	1.0676904	0
9.779783371687417	0	0.990329235	0
16.955458959879486	0	1.22930955	0
9.052672310046983	0	0.9567768000000001	0
20.141490229205242	0	1.3040916	0
14.734343829345105	0	1.1683308	0
8.03097557375197	0	0.9047683049999999	0
7.016798982117332	0	0.8461390350000001	0
9.881133115229037	0	0.9948067500000001	0
11.814501451763023	0	1.0724154	0
9.673526149933549	0	0.9855848100000001	0
12.556332280680099	0	1.0988628	0
15.002070429748892	0	1.1761512	0
8.7548410382274	0	0.942248265	0
6.040746208757008	0	0.78109059	0
6.226402904055846	0	0.7942372200000001	0
7.514253633509505	0	0.87588585	0
6.261221170304688	0	0.7966590450000001	0
7.887429946285726	0	0.8969355150000001	0
7.393808106137527	0	0.868868175	0
13.533910495028893	0	1.1314233	0
12.032024290191014	0	1.0803387	0
8.129779844462288	0	0.910078785	0
5.725413266670135	0	0.7578068400000001	0
8.323117869025678	0	0.9202860450000001	0
10.97397167750698	0	1.040363835	0
24.958483862798484	0	1.3972182	0
11.981803694767619	0	1.0785222	0
18.382685197819118	0	1.26440895	0
42.78551855986129	0	1.6312968	0
57.88747414131235	0	1.7625846	0
150.86639053223524	0	2.1785925	0
32.99818477019597	0	1.51849005	0
33.60995647058003	0	1.52646795	0
42.31906852701804	0	1.6265361	0
39.86942295480016	0	1.6006399500000001	0
33.855684588707994	0	1.5296316	0
22.919141716587006	0	1.3601983500000001	0
19.346236832046777	0	1.2865965000000001	0
22.836505614908997	0	1.3586296500000001	0
27.473813765199825	0	1.43891895	0
26.354052089688814	0	1.4208474000000002	0
24.185529502838506	0	1.3835556	0
23.1500348958313	0	1.3645516500000001	0
22.258961586963657	0	1.3475049000000001	0
33.28004845943552	0	1.52218395	0
37.23579665907834	0	1.5709606500000002	0
21.901247345868963	0	1.3404688500000002	0
21.704943016868008	0	1.33655865	0
39.036448582567736	0	1.5914703000000001	0
22.739758599646283	0	1.35678585	0
30.74633112224466	0	1.4877933	0
32.88358055915364	0	1.5169791000000001	0
31.101536866767507	0	1.49278185	0
35.57647377362121	0	1.5511629	0
48.599382367370076	0	1.68663075	0
51.87908407349867	0	1.7149923	0
30.45152522404441	0	1.4836090499999999	0
14.575682514848157	0	1.1636289	0
19.766794624325012	0	1.29593625	0
28.762521081956283	0	1.4588269500000002	0
25.409159533661175	0	1.4049903000000001	0
35.58860377995193	0	1.55131095	0
33.50999399426007	0	1.5251743500000001	0
26.212536607855416	0	1.4185090500000002	0
19.57338326165438	0	1.2916659000000001	0
27.945710131707507	0	1.44631515	0
19.006497812995246	0	1.2789021	0
24.064034968262703	0	1.3813684499999999	0
19.45199951196316	0	1.28896425	0
19.22965532704031	0	1.2839715	0
31.286991198209243	0	1.4953638	0
28.045207009103283	0	1.4478586500000001	0
17.42207985423726	0	1.2411	0
17.198720945860508	0	1.2354961500000001	0
15.435332881448746	0	1.1885160000000001	0
25.42845653363564	0	1.4053200000000001	0
9.256112192078184	0	0.96642861	0
27.67427804464337	0	1.4420762999999999	0
13.337646416274797	0	1.1250792	0
16.070522604161287	0	1.2060300000000002	0
20.10208476698815	0	1.3032411000000002	0
13.563752295862276	0	1.13237985	0
21.396857778461154	0	1.33035	0
34.37971324547199	0	1.5363022499999999	0
38.2440784156869	0	1.5825642	0
37.760892452834256	0	1.57704225	0
32.34167063645476	0	1.5097624500000002	0
35.31227923064681	0	1.54792575	0
36.34642495806545	0	1.5604617	0
23.775748602082576	0	1.3761342	0
19.288744036557627	0	1.28530395	0
18.396112211776735	0	1.2647260500000002	0
12.990340952995673	0	1.11362055	0
23.971648447906002	0	1.3796979	0
25.91379387771126	0	1.413531	0
27.29663735247442	0	1.43610915	0
28.074174822024872	0	1.448307	0
25.482861861950465	0	1.4062482	0
22.895603738081366	0	1.3597521000000001	0
27.713313203713966	0	1.44268845	0
23.576034045771703	0	1.3724707500000002	0
21.954421605556266	0	1.341522	0
28.366052346259966	0	1.4527989000000001	0
27.443673889116607	0	1.43844225	0
30.236718032530252	0	1.48053465	0
24.232353732633364	0	1.3843956000000002	0
21.57764282804633	0	1.3340040000000002	0
19.923399801335385	0	1.2993634500000002	0
19.006635670342575	0	1.27890525	0
32.83869197117882	0	1.51638585	0
40.97021094229704	0	1.6124682000000001	0
26.104453161437814	0	1.4167146	0
23.341794971178146	0	1.3681342500000002	0
24.146442215816933	0	1.38285315	0
17.9683624746039	0	1.2545085000000002	0
25.143026320017064	0	1.40041755	0
23.709964296550357	0	1.3749309	0
19.36392536246319	0	1.2869934	0
19.203869674369923	0	1.28338875	0
16.422491660465358	0	1.21543905	0
14.994600521584024	0	1.1759349000000001	0
20.047725168143867	0	1.3020651	0
25.797896734462846	0	1.4115843	0
23.091564061887762	0	1.3634533500000001	0
13.729643164365996	0	1.13765925	0
12.804745467725473	0	1.1073709500000002	0
15.83912003238525	0	1.19973105	0
14.768617750878496	0	1.1693398499999998	0
24.667412707200647	0	1.3921236	0
31.055476697775166	0	1.4921382	0
35.898235310010556	0	1.5550731000000002	0
47.22049115521277	0	1.6741305000000002	0
61.63313373739459	0	1.78981425	0
160.6100805839887	0	2.2057728	0
35.60926011101847	0	1.55156295	0
37.79861613980719	0	1.5774759000000003	0
53.14814363104613	0	1.7254881	0
57.0747739366458	0	1.7564442	0
54.8611806901277	0	1.7392651500000003	0
43.872314866340666	0	1.64219055	0
42.62950109433027	0	1.6297102500000002	0
56.84204577204324	0	1.7546697	0
68.63681145177898	0	1.8365571	0
69.4972708132625	0	1.84196775	0
61.518055561334386	0	1.7890026	0
49.617696694620776	0	1.6956366	0
38.866747595702584	0	1.5895782	0
48.7039516930201	0	1.6875642000000002	0
60.38165327291467	0	1.780905	0
45.081442085083275	0	1.6539978000000002	0
45.30893979092285	0	1.6561839	0
78.38416747076859	0	1.8942283500000001	0
58.481533210694046	0	1.7670187499999999	0
66.49974041245949	0	1.82281995	0
65.52651186140002	0	1.81641705	0
57.285320865739386	0	1.75804335	0
60.823554987997085	0	1.7840718000000002	0
72.08690005375857	0	1.85785635	0
65.2031759369007	0	1.81426875	0
37.44850200786712	0	1.5734344500000002	0
23.871362069310056	0	1.3778772000000001	0
31.533189447322318	0	1.4987679	0
41.43591657393221	0	1.6173769500000001	0
38.37114864049159	0	1.5840048	0
41.67523428756514	0	1.61987805	0
39.07365161801486	0	1.591884	0
33.691802794016695	0	1.5275242500000001	0
33.03091086335065	0	1.51892055	0
44.03831058059271	0	1.64383065	0
35.09329118929187	0	1.5452241	0
42.08744869622435	0	1.6241526000000002	0
38.27941569555721	0	1.5829653000000001	0
45.07610169300456	0	1.65394635	0
61.83373067450757	0	1.79122545	0
53.906756291967696	0	1.7316432000000002	0
37.28922007988795	0	1.5715833	0
32.013683719825494	0	1.5053356500000001	0
31.804154168198455	0	1.50248385	0
45.324716883796256	0	1.6563351	0
7.094873802397478	0	0.850944675	0
50.704400239474076	0	1.70504565	0
21.981243133695212	0	1.34205225	0
28.25168465396881	0	1.45104435	0
33.11214765346199	0	1.51998735	0
25.160722042987047	0	1.4007231	0
33.742017785118506	0	1.52817105	0
56.15198326872333	0	1.7493651	0
63.33251723773052	0	1.80162675	0
58.69272857989964	0	1.7685843	0
55.01818382068617	0	1.74050625	0
54.6476511546084	0	1.7375715	0
49.89932260338878	0	1.69809465	0
25.961767124243917	0	1.4143342500000002	0
18.09618802253993	0	1.2575871	0
24.196466557257143	0	1.38375195	0
21.58108622882842	0	1.3340733	0
47.499534115220555	0	1.67668935	0
63.25034518636192	0	1.8010629	0
75.06283275722137	0	1.8754249500000002	0
79.02389831792617	0	1.89775845	0
70.35796991815505	0	1.8473133000000002	0
59.54732407169309	0	1.77486225	0
58.15301686515011	0	1.76457225	0
46.873793237618656	0	1.6709301	0
43.12772504068487	0	1.63475655	0
50.28420056955697	0	1.7014315500000001	0
52.636123834902705	0	1.7212839000000002	0
54.66297950355329	0	1.7376933	0
44.33497827621662	0	1.6467465000000001	0
32.21555740021329	0	1.50806565	0
30.40128214854016	0	1.4828919	0
40.026175936732095	0	1.6023441	0
65.28804286726819	0	1.81483365	0
76.49384649845923	0	1.8836265	0
53.08483233446119	0	1.7249704500000003	0
41.13646324562328	0	1.61422695	0
35.01523537069246	0	1.54425705	0
30.50502252409594	0	1.48437135	0
53.208957492052015	0	1.72598475	0
59.03870870129105	0	1.7711368500000002	0
48.628178253894944	0	1.6868880000000002	0
42.03528051982376	0	1.6236139500000002	0
37.08199149826307	0	1.56916305	0
35.72887156711713	0	1.5530193	0
40.17421967618884	0	1.60394745	0
43.03731313097726	0	1.6338451500000002	0
38.14250396065713	0	1.5814092000000002	0
28.053073526880066	0	1.4479804500000002	0
24.119369455328442	0	1.38236595	0
22.20939867109278	0	1.3465368	0
19.552525006642796	0	1.29120285	0
25.03947391447347	0	1.3986252000000001	0
35.90335638428534	0	1.55513505	0
43.985851127603645	0	1.643313	0
54.47128869008536	0	1.7361676500000003	0
71.49986964207928	0	1.8543052500000001	0
184.23621382011902	0	2.265375	0
40.67245150453601	0	1.60930035	0
47.70773519415764	0	1.6785888000000002	0
91.05090147361398	0	1.95928425	0
115.637807812496	0	2.06309985	0
126.0560952016159	0	2.10056385	0
123.01462583762834	0	2.0899567500000003	0
130.954446714805	0	2.11712025	0
174.2330342975343	0	2.2411305	0
212.77230578611463	0	2.3279151	0
216.74635363934328	0	2.3359518	0
184.46932133827963	0	2.26592415	0
135.41570964673846	0	2.13166905	0
98.16652100768377	0	1.9919634000000002	0
103.61221307762833	0	2.01541095	0
129.21586821547024	0	2.11131585	0
108.02113843506696	0	2.03350875	0
112.91621188484629	0	2.0527563	0
175.5675707344846	0	2.2444443	0
174.46107733068894	0	2.24169855	0
192.46169221538887	0	2.2843443	0
188.8287855559028	0	2.2760682	0
165.3744260759848	0	2.2184683499999998	0
141.6292156460757	0	2.15115285	0
110.6159236309397	0	2.0438176500000003	0
87.98547845052614	0	1.9444110000000001	0
63.09821884131799	0	1.8000171	0
53.07020313907046	0	1.72485075	0
59.3486917435998	0	1.77341115	0
65.09480794493282	0	1.8135463500000002	0
60.81723199546988	0	1.7840266500000002	0
57.384294941170324	0	1.75879305	0
53.11281869253186	0	1.72519935	0
50.64375510161672	0	1.7045259000000001	0
55.81711686315802	0	1.7467674000000002	0
83.37339758923878	0	1.9210275	0
72.56322061154881	0	1.86071655	0
95.88068983470536	0	1.9817311499999999	0
103.54810370749517	0	2.01514215	0
113.57688411187183	0	2.05528995	0
126.33923707752402	0	2.10153825	0
109.25983743422898	0	2.0384605500000004	0
85.90784007720823	0	1.9340328	0
75.62899860671368	0	1.87868835	0
77.5418038940422	0	1.8895359	0
84.10873476532069	0	1.9248411	0
27.65628550988145	0	1.44179385	0
94.5906042993225	0	1.9758480000000003	0
55.95750600667577	0	1.7478583500000002	0
55.028427179564126	0	1.7405871000000002	0
57.623283275305354	0	1.760598	0
48.550409798445955	0	1.6861929000000002	0
51.47789147805022	0	1.71162075	0
64.53366049947915	0	1.8097863	0
65.44418294297711	0	1.81587105	0
59.382421047694066	0	1.7736579000000001	0
59.478546916456914	0	1.77436035	0
60.61275161976113	0	1.7825640000000003	0
56.758413808269744	0	1.75403025	0
38.645986693119816	0	1.5871044	0
33.50254120457098	0	1.5250777500000001	0
47.046026622566714	0	1.67252295	0
56.9157548380013	0	1.7552325000000002	0
98.650218157798	0	1.99409805	0
139.85031534870885	0	2.1456634500000002	0
175.6839146587837	0	2.2447320000000004	0
190.3123841752572	0	2.27946705	0
172.07332471183022	0	2.2357135500000003	0
145.49348612489467	0	2.1628435500000003	0
127.59010651725335	0	2.105817	0
100.29323733537133	0	2.00127165	0
88.80098845660567	0	1.9484178	0
92.657813992833	0	1.9668820500000002	0
91.99930573685377	0	1.9637845500000002	0
89.7229201863773	0	1.9529034	0
76.49033271403194	0	1.88360655	0
61.019156518815635	0	1.7854662000000001	0
58.96125242337832	0	1.7705667	0
74.09762703693117	0	1.8698043000000002	0
103.13161056372046	0	2.0133918	0
117.43165998374204	0	2.0697852	0
97.77805634350112	0	1.9902414	0
79.18531523921719	0	1.89864465	0
68.68279339173013	0	1.8368479500000001	0
71.9486500802107	0	1.8570226500000002	0
111.21445808469814	0	2.04616125	0
129.73299671087852	0	2.1130504500000002	0
115.46376108957512	0	2.0624457	0
99.71272843518337	0	1.9987506000000002	0
89.34388844290079	0	1.95106485	0
84.34658428287366	0	1.9260675	0
82.57139084890099	0	1.9168296000000002	0
77.66225561501666	0	1.8902100000000002	0
68.29003731100723	0	1.83435735	0
56.02099265923225	0	1.7483507999999999	0
46.77360567380634	0	1.67000085	0
39.17865295932577	0	1.5930495	0
34.84489819529911	0	1.5421392	0
39.080170517789725	0	1.59195645	0
49.682758401899626	0	1.6962057000000001	0
59.895590375412155	0	1.77739485	0
74.39524871070472	0	1.8715452000000001	0
98.97775523283211	0	1.9955376	0
238.9134226515731	0	2.37824055	0
50.34977104137568	0	1.7019975	0
73.41572636542736	0	1.8657891000000002	0
138.5525904545885	0	2.1416146499999997	0
191.56572165327125	0	2.2823178000000004	0
230.73317913459346	0	2.36311005	0
261.642295061249	0	2.41770795	0
310.41517922680583	0	2.4919429500000003	0
400.15150071800105	0	2.60222445	0
477.6048188404553	0	2.6790687	0
483.1154762337508	0	2.6840509500000005	0
408.3049076613641	0	2.6109846	0
299.07151450444314	0	2.47577505	0
217.5738015499229	0	2.3376066	0
198.1555542476487	0	2.2970062500000004	0
206.0059432972223	0	2.3138797500000003	0
183.04808931226097	0	2.2625652	0
192.5743319737007	0	2.2845984	0
265.5854630341005	0	2.4242043	0
310.5533010697187	0	2.4921361500000003	0
355.23189287019346	0	2.55051195	0
365.8163818617135	0	2.56326315	0
336.576934027184	0	2.5270843500000004	0
286.2419619763061	0	2.4567333	0
218.33735759590107	0	2.3391280500000002	0
159.4921637719239	0	2.20273935	0
128.28017685438056	0	2.10815955	0
117.05267687046651	0	2.06838135	0
118.60064475148336	0	2.07408705	0
115.9095981058564	0	2.0641194	0
104.46264067021616	0	2.018961	0
93.48701647089172	0	1.9707513	0
86.21141037721424	0	1.93556475	0
85.60575265789792	0	1.9325029500000002	0
97.56599995548798	0	1.9892985	0
139.09430537027035	0	2.14330935	0
184.87160003978028	0	2.2668702	0
294.2987042670351	0	2.46878835	0
407.81556746683844	0	2.6104638	0
466.50397645362153	0	2.6688553500000003	0
482.0339200422992	0	2.6830776	0
419.81354819956954	0	2.6230564500000004	0
342.2554322918163	0	2.53435035	0
284.4888501850537	0	2.45406525	0
272.03547986035653	0	2.43462555	0
246.25227419775229	0	2.39138025	0
129.7781712293576	0	2.11320165	0
224.54903860834247	0	2.3513112	0
171.82721458650983	0	2.23509195	0
150.28863846787678	0	2.17692615	0
140.9371710799295	0	2.14902555	0
119.77084125645891	0	2.0783511	0
113.23525175719709	0	2.05398165	0
118.84031656497226	0	2.0749638	0
112.22003504693033	0	2.0500704	0
100.80057280043592	0	2.003463	0
102.29375005681831	0	2.0098491000000003	0
105.15237833503564	0	2.0218191	0
105.27346071937889	0	2.0223189	0
94.40303351639152	0	1.97498595	0
103.64252858454533	0	2.015538	0
138.96522982221657	0	2.14290615	0
197.90850128428198	0	2.29646445	0
325.4671792476201	0	2.5125072	0
483.20425506649445	0	2.6841307500000005	0
626.5146057107613	0	2.7969312	0
669.108350613361	0	2.8254964499999997	0
561.5185397415261	0	2.7493641	0
447.0827874647001	0	2.6503879500000003	0
353.802217029413	0	2.5487605500000003	0
268.9494125403234	0	2.4296706	0
229.36217590101626	0	2.3605218	0
219.32035996062822	0	2.34107895	0
208.9686081131343	0	2.32008105	0
195.26308655862476	0	2.29062015	0
168.62986797828515	0	2.2269345000000005	0
142.87041294707808	0	2.1549423	0
140.2010447765143	0	2.1467512500000003	0
167.2505867352474	0	2.22336765	0
215.36679742538735	0	2.33317875	0
243.74906025276005	0	2.3869429500000003	0
225.0936792747996	0	2.3523633000000004	0
198.95387396254225	0	2.2987524	0
188.4324739241282	0	2.27515575	0
225.19056989669113	0	2.3525502000000005	0
352.4481619308348	0	2.54709525	0
439.3664589575984	0	2.6428269	0
421.26240225887585	0	2.6245527	0
367.46425535535195	0	2.5652151	0
322.47588997268565	0	2.50849725	0
290.4898417616324	0	2.46313095	0
262.830432677488	0	2.4196756500000003	0
230.2205303233546	0	2.3621440500000004	0
194.4725236359937	0	2.28885825	0
158.71283526418804	0	2.20061205	0
128.63174166635739	0	2.10934815	0
105.401817569536	0	2.0228481	0
93.84618012948411	0	1.9724166	0
98.60634243698362	0	1.99390485	0
115.32844861817117	0	2.06193645	0
135.76155384149706	0	2.1327768000000003	0
162.1994771764534	0	2.21004945	0
203.58721433494824	0	2.3087505	0
377.50581867307767	0	2.5769236500000003	0
62.10386083918791	0	1.7931186000000001	0
104.16453992474104	0	2.0177199	0
193.25389241403494	0	2.28612825	0
277.39929308674346	0	2.4431053499999997	0
354.1736522968346	0	2.54921625	0
434.7382972207748	0	2.6382279000000004	0
538.266683995264	0	2.7309975000000004	0
672.0736989857344	0	2.8274169000000002	0
775.6168760705685	0	2.88964725	0
776.1383624766299	0	2.88993915	0
662.2842849682278	0	2.82104445	0
500.36324455987886	0	2.6992854	0
371.67624084597514	0	2.5701648	0
308.68114320736026	0	2.4895101	0
279.44902583812296	0	2.4463026	0
248.17983986316054	0	2.3947665000000002	0
254.1592088828669	0	2.40510585	0
316.50742306222094	0	2.5003839	0
389.0614490697408	0	2.5900182	0
462.53393352668957	0	2.6651436	0
504.350609496722	0	2.7027325500000003	0
493.99255080590666	0	2.6937204	0
435.4483507392513	0	2.6389366499999998	0
336.3703057706755	0	2.5268176500000004	0
236.97760173082355	0	2.3747073000000003	0
198.3405668058274	0	2.29741155	0
181.69007324688474	0	2.2593312	0
172.88815910360384	0	2.2377652500000003	0
159.95362983632896	0	2.2039941	0
142.10941445749873	0	2.15262285	0
126.40981623964004	0	2.1017808000000002	0
117.54414464123944	0	2.070201	0
118.59863757110493	0	2.0740797	0
135.49692832640667	0	2.1319294500000003	0
187.29108259407326	0	2.2725171000000004	0
327.317669243182	0	2.51496945	0
619.7757077988974	0	2.79223455	0
991.0779184096662	0	2.9961078	0
1249.3168571751473	0	3.0966726	0
1322.0179441494515	0	3.12123735	0
1205.1066972427714	0	3.0810255	0
1027.5406221153692	0	3.0117990000000003	0
880.0484857367602	0	2.9445066	0
790.8984965965059	0	2.89812075	0
662.49087381667	0	2.8211798999999997	0
438.29700195781544	0	2.6417685	0
491.01691120750047	0	2.6910964500000003	0
414.63780807473717	0	2.6176689000000004	0
350.3065033841031	0	2.5444482	0
305.35574832023264	0	2.4848061	0
258.1118835174054	0	2.411808	0
229.66459516108102	0	2.3610940499999997	0
216.30033895305144	0	2.3350572	0
197.60537340009697	0	2.2957987500000003	0
181.10765194693326	0	2.2579368	0
188.8566361874753	0	2.2761322500000003	0
195.72628364088374	0	2.2916491500000005	0
207.1231297897724	0	2.3162286	0
222.14664058320977	0	2.34663975	0
268.8642442145092	0	2.4295330500000003	0
371.903657958314	0	2.57043045	0
550.3282411019172	0	2.7406218000000004	0
858.9746556331805	0	2.93398035	0
1251.7900638630204	0	3.0975315	0
1586.9098287014963	0	3.20055225	0
1563.4887116686996	0	3.19409475	0
1048.7691405599262	0	3.0206798999999998	0
760.5275483740639	0	2.88111495	0
576.7067704604088	0	2.76095505	0
437.3284692416215	0	2.64080775	0
366.0853503060826	0	2.5635823500000003	0
332.7192665542796	0	2.52207795	0
308.5669799909335	0	2.48934945	0
283.9858164913587	0	2.45329665	0
253.39103766212676	0	2.40379125	0
228.5175188385353	0	2.3589195	0
226.33845654198046	0	2.3547583500000004	0
251.3014532040741	0	2.400195	0
293.73571153843193	0	2.4679567500000004	0
324.7157842893144	0	2.5115034	0
324.7197096630934	0	2.51150865	0
315.21606992239464	0	2.4986083500000005	0
329.901317533972	0	2.5183840500000003	0
421.14936479817527	0	2.62443615	0
761.0628095091304	0	2.8814205	0
1083.567448758455	0	3.0348559500000003	0
1145.046833249992	0	3.05882325	0
1044.487627734627	0	3.0189033000000003	0
917.873644800688	0	2.9627829	0
805.3335647014865	0	2.9059758	0
698.98330036439	0	2.8444668	0
591.1670231840079	0	2.7717102000000002	0
488.9532644500341	0	2.68926735	0
398.55453025978	0	2.60048775	0
325.0747595627055	0	2.51198325	0
271.6411434976763	0	2.43399555	0
244.27647818422093	0	2.3878816499999997	0
245.04249174594352	0	2.3892414	0
265.7524640614735	0	2.4244773	0
295.99989022785473	0	2.47129155	0
332.9518252132034	0	2.5223814	0
388.1688670409611	0	2.5890207	0
572.9100622429137	0	2.75808645	0
76.6078545806253	0	1.8842733	0
139.30060415851864	0	2.1439529999999998	0
251.9664110291762	0	2.40134265	0
364.30094683934897	0	2.5614603000000002	0
475.5320030020186	0	2.67717975	0
599.4224438952824	0	2.777733	0
743.5605671440111	0	2.87131635	0
896.7608707466688	0	2.95267665	0
999.1545030002771	0	2.99963265	0
987.4687259330825	0	2.99452335	0
856.32672878841	0	2.9326395	0
673.1779001121005	0	2.8281298500000003	0
513.5954882995283	0	2.7106212000000003	0
408.9114768538116	0	2.6116293	0
342.8011735317759	0	2.5350423	0
298.25339780345456	0	2.4745854	0
292.9838961307566	0	2.4668437500000002	0
334.51068913059976	0	2.52441	0
402.77995588324075	0	2.60506785	0
481.57147014620415	0	2.68266075	0
543.0941815559598	0	2.73487515	0
561.4370901635233	0	2.7493011000000003	0
525.2197516524243	0	2.72034105	0
434.3212214258581	0	2.6378110500000003	0
300.60254282220825	0	2.47799265	0
247.5877197198099	0	2.3937291000000003	0
222.52453388152585	0	2.3473779	0
204.4098878734873	0	2.3105019	0
185.75512293827097	0	2.2689408	0
166.61089602319387	0	2.2217034000000004	0
151.03682583891037	0	2.1790828500000003	0
142.98824968300522	0	2.15530035	0
145.67546062462904	0	2.1633864000000003	0
165.11474189840467	0	2.2177858500000003	0
222.7737677029656	0	2.34786405	0
417.07897734145047	0	2.6202183	0
863.6057991936146	0	2.93631555	0
1623.254255176874	0	3.21038655	0
2350.4158114907727	0	3.3711447000000003	0
2736.0271333838673	0	3.4371204000000004	0
2703.1515826816035	0	3.4318703999999998	0
2439.224087132813	0	3.3872517	0
2132.3993918782	0	3.32886855	0
1857.3538484852713	0	3.2688946500000005	0
1542.7762692724043	0	3.18830295	0
1185.3615888535764	0	3.0738508500000004	0
1087.7724368573383	0	3.0365380500000003	0
921.7832241802565	0	2.9646288000000003	0
771.8922846196131	0	2.8875567	0
652.645352890537	0	2.8146772500000004	0
549.4746992724062	0	2.7399477	0
476.46302095065073	0	2.6780292	0
428.0156018235097	0	2.6314596000000003	0
386.81419224136846	0	2.5875024	0
357.49872726214096	0	2.5532745	0
354.1967729009224	0	2.5492446	0
366.924490621346	0	2.5645767000000004	0
401.15891682781074	0	2.6033164500000003	0
464.94785663879645	0	2.66740425	0
589.2278287102337	0	2.77028325	0
816.8976561879294	0	2.91216765	0
1192.752677116845	0	3.0765504000000004	0
1768.118629302202	0	3.2475114000000005	0
2469.337489953596	0	3.39258045	0
3026.1078350267426	0	3.4808844000000003	0
2981.0564498971808	0	3.4743702000000005	0
2158.5004821409957	0	3.3341521500000004	0
1232.4922582785355	0	3.0907842000000003	0
866.1736143863811	0	2.93760495	0
608.8962508692746	0	2.7845433	0
481.66462333484856	0	2.68274475	0
416.9146441385014	0	2.6200471500000004	0
375.45418538536484	0	2.5745569500000003	0
341.3233111210079	0	2.5331659500000003	0
310.41217726039133	0	2.49193875	0
289.43616820178676	0	2.4615528	0
287.21039217872146	0	2.45820015	0
305.15574458275734	0	2.4845215499999997	0
336.1808725079112	0	2.526573	0
364.86066890820626	0	2.56212705	0
381.55052019897687	0	2.58155205	0
398.8957874911808	0	2.6008594499999997	0
449.18143681091954	0	2.6524218	0
603.6983654828462	0	2.7808200000000003	0
1207.6938368563965	0	3.08195685	0
1906.149458248439	0	3.2801569500000003	0
2234.1727476401916	0	3.3491167500000003	0
2182.840736222289	0	3.33902205	0
1968.24383588691	0	3.2940789	0
1723.0855880785157	0	3.23630685	0
1473.1034614313762	0	3.16823325	0
1228.6750800050218	0	3.0894370500000004	0
1010.4043330651149	0	3.0044952	0
828.739998043146	0	2.9184183000000004	0
687.4775965682196	0	2.8372585500000005	0
587.9556254883452	0	2.7693445500000005	0
531.8992770083062	0	2.7258294000000003	0
516.4681568527903	0	2.71304355	0
529.9737997887701	0	2.7242544	0
559.2140186755444	0	2.7475780500000004	0
596.9219513032034	0	2.77591755	0
656.1037953215437	0	2.8169725500000005	0
825.8797164483689	0	2.9169168	0
94.81063384302665	0	1.9768570500000002	0
178.64750286001478	0	2.25199695	0
311.7403724925033	0	2.49379305	0
444.7551646887136	0	2.648121	0
578.6271400098711	0	2.7623988	0
725.3832116487073	0	2.8605675	0
880.6359285268286	0	2.9447964000000004	0
1022.12673982446	0	3.00950475	0
1101.4518076312263	0	3.0419655000000003	0
1076.2308825209118	0	3.03190545	0
949.9374292545714	0	2.977695	0
775.6168760705685	0	2.88964725	0
610.7820285021273	0	2.78588625	0
484.75349616070656	0	2.68552095	0
396.1978367952713	0	2.5979121000000003	0
339.7926652718946	0	2.5312140000000003	0
321.20367089871655	0	2.5067805	0
341.1756282940249	0	2.532978	0
389.56784236166936	0	2.5905831	0
452.7839251282968	0	2.655891	0
511.370181160014	0	2.7087354	0
545.4351221653744	0	2.7367431	0
538.6077522794093	0	2.7312726	0
480.78039507429736	0	2.68194675	0
374.856460381774	0	2.573865	0
274.4745931468694	0	2.43850215	0
237.09680408356118	0	2.3749257	0
213.75350758130048	0	2.32991325	0
194.4278617592153	0	2.2887585	0
177.9754091436639	0	2.25036	0
165.6841827780767	0	2.21928105	0
160.20674620504082	0	2.2046807999999998	0
164.5456668278532	0	2.21628645	0
183.9629223676602	0	2.2647303	0
235.91317742951261	0	2.3727522000000003	0
383.8126637377447	0	2.5841193000000002	0
896.8497677291779	0	2.9527197	0
1876.0290108053148	0	3.27323955	0
3134.8177704281734	0	3.4962123000000003	0
4191.178909258579	0	3.6223362000000003	0
4663.100762524811	0	3.6686748000000002	0
4587.296904848906	0	3.66155685	0
4190.104941102969	0	3.6222249	0
3664.626349895196	0	3.5640297000000003	0
3082.702396188232	0	3.4889316000000004	0
2498.8981181896856	0	3.39774855	0
2120.3746333695503	0	3.3264126000000003	0
1767.5758123085134	0	3.2473780500000005	0
1474.6428519393253	0	3.16868685	0
1234.9739588875657	0	3.0916578	0
1038.1432869892626	0	3.0162573	0
891.6522298585782	0	2.9501955	0
787.6754323385767	0	2.8963473	0
710.9273135936858	0	2.8518252	0
661.6665045929018	0	2.82063915	0
649.0011255657274	0	2.8122454500000003	0
673.5148876672168	0	2.8283472	0
745.9481650966878	0	2.8727086500000003	0
885.0478471290656	0	2.94696675	0
1129.0066500389423	0	3.0526965	0
1533.8947111260666	0	3.1857955500000004	0
2155.767647501875	0	3.3336019500000003	0
3018.690930920987	0	3.47981865	0
3990.2412139243343	0	3.6009991500000003	0
4695.217876124146	0	3.6716557499999998	0
4630.576357001115	0	3.66563505	0
3696.9565808251555	0	3.56784435	0
2506.073764525074	0	3.39899385	0
1593.3223567592377	0	3.20230365	0
861.907877478163	0	2.93546085	0
597.4056147111969	0	2.7762693	0
482.75818963718854	0	2.68372965	0
416.41599222763864	0	2.6195274	0
371.1213164049408	0	2.5695159	0
338.56670741342384	0	2.52964425	0
319.1029359519167	0	2.5039308	0
314.83220422835683	0	2.49807915	0
325.1926716287778	0	2.51214075	0
345.66829699198155	0	2.53865955	0
369.2927231187556	0	2.56737075	0
393.37734967011556	0	2.5948093500000002	0
428.18120496577865	0	2.6316276	0
501.9007561745242	0	2.7006178500000004	0
697.2026834678975	0	2.84335905	0
1470.2605350762537	0	3.1673943	0
2515.6226711621293	0	3.4006455000000004	0
3267.1129569194154	0	3.51416415	0
3490.806291284586	0	3.54292575	0
3327.048256107977	0	3.5220591	0
2990.8528757379786	0	3.47579505	0
2587.379602001038	0	3.41286015	0
2174.2080530837175	0	3.3373011000000004	0
1801.6783091547288	0	3.25567725	0
1494.2418646144488	0	3.1744209	0
1259.3700186408303	0	3.10015335	0
1094.7217581673406	0	3.03930375	0
993.0639122495348	0	2.9969772000000003	0
943.6698941587067	0	2.9748201000000005	0
931.350924496283	0	2.96911335	0
940.9155587946182	0	2.97355065	0
962.1276594113648	0	2.9832327000000003	0
1007.1702754859416	0	3.0031029	0
1136.5985561139992	0	3.0556071000000005	0
117.81899123744888	0	2.0712153	0
223.31680203863516	0	2.3489214	0
371.02621846607565	0	2.5694046	0
514.2788925243032	0	2.7111987	0
655.5710245055768	0	2.81661975	0
803.367484288926	0	2.90491425	0
945.6591956033626	0	2.9757346499999997	0
1058.2493246754823	0	3.024588	0
1108.1133829845078	0	3.0445842	0
1073.0118050285012	0	3.0306045	0
961.783450820422	0	2.9830773	0
811.3509518539012	0	2.9092087500000003	0
661.9417137548298	0	2.82081975	0
537.2681552534503	0	2.7301911000000003	0
443.2265832153794	0	2.6466258	0
380.5555411944006	0	2.58041805	0
350.9762262007465	0	2.5452777	0
352.95297754756047	0	2.54771685	0
379.74306380183475	0	2.57948985	0
420.90913368891745	0	2.62418835	0
464.18521136045837	0	2.6666913	0
497.7161121203533	0	2.6969817	0
507.56410366067445	0	2.7054909	0
478.84890649813076	0	2.6801985	0
404.08892709166753	0	2.6064769500000002	0
287.2451139116582	0	2.4582526500000004	0
239.50158947685256	0	2.3793083999999998	0
212.71006974849666	0	2.32778805	0
194.33434012366473	0	2.2885495500000004	0
181.2635995482626	0	2.2583106	0
172.8250535018359	0	2.2376066999999997	0
170.26075308483635	0	2.2311145500000005	0
175.76421141860058	0	2.24493045	0
193.5264811485713	0	2.2867404000000002	0
236.54542346281323	0	2.37391455	0
349.89597770682985	0	2.54393895	0
751.945301490313	0	2.87618625	0
1589.1289884246257	0	3.20115915	0
3013.200286125498	0	3.479028	0
4675.620455798648	0	3.6698392500000003	0
6010.5221229423105	0	3.7789122	0
6665.46036023909	0	3.82383015	0
6614.7943990791	0	3.82051635	0
6060.0017558418285	0	3.78247275	0
5265.331874287321	0	3.72142575	0
4409.510692002644	0	3.6443904000000003	0
3679.728275705795	0	3.56581575	0
3054.1558863915775	0	3.4848912000000003	0
2546.3467874902817	0	3.40591755	0
2126.9466662974814	0	3.3277566000000003	0
1789.7911240767114	0	3.2528023500000005	0
1536.0174516027587	0	3.18639615	0
1353.2146785260845	0	3.1313667000000005	0
1225.7584617962802	0	3.0884049	0
1149.9629545200721	0	3.06068385	0
1131.4605076569571	0	3.0536394	0
1177.1337183277155	0	3.0708258	0
1304.1228367719793	0	3.1153185	0
1540.9794601220933	0	3.1877968500000002	0
1931.1986537316427	0	3.28582695	0
2529.485242528971	0	3.40303215	0
3375.442777728284	0	3.5283307500000003	0
4438.046006665973	0	3.6471918000000003	0
5519.846490938917	0	3.7419270000000004	0
6216.802205151356	0	3.79356705	0
6098.62809319338	0	3.78523215	0
5133.286454297426	0	3.7103955	0
3793.0267016266994	0	3.5789859	0
2546.6115238352427	0	3.4059627000000003	0
1529.4583329761915	0	3.18453765	0
812.7920554591709	0	2.90997945	0
587.1445040026924	0	2.768745	0
461.24635800786325	0	2.66393295	0
391.0635604474713	0	2.59224735	0
349.7335932823717	0	2.5437373500000002	0
326.8890326886007	0	2.5144003500000003	0
318.42165846861275	0	2.5030026	0
322.14003386341994	0	2.5080447	0
334.92178719062827	0	2.5249433999999997	0
353.31754165366254	0	2.5481652	0
377.2704151811595	0	2.57665275	0
415.49380227253334	0	2.61856455	0
492.1257617124746	0	2.6920761	0
687.9897215532936	0	2.83758195	0
1445.7689719623074	0	3.1600989000000004	0
2607.714548831585	0	3.41626005	0
3710.415110991977	0	3.5694225	0
4373.084306790442	0	3.64078785	0
4512.648949957139	0	3.6544315500000004	0
4283.976699070423	0	3.6318471000000003	0
3849.7812235429815	0	3.58543605	0
3330.058017415596	0	3.5224518	0
2821.858288245072	0	3.4505352	0
2384.2354994339785	0	3.37734915	0
2040.7906224581927	0	3.30979845	0
1791.8130694420113	0	3.2532927000000003	0
1624.9898401359187	0	3.2108506500000003	0
1522.4559997043607	0	3.18254475	0
1465.9408598306454	0	3.16611645	0
1438.6871015998977	0	3.15796635	0
1425.712640121589	0	3.154032	0
1436.455743059522	0	3.1572922500000002	0
1512.5975757010713	0	3.1797234000000003	0
147.0406114482735	0	2.1674373	0
277.3362570583745	0	2.44300665	0
430.4033569791923	0	2.63387565	0
571.9426720280422	0	2.7573525000000005	0
706.673978821911	0	2.8492191	0
839.9880351807602	0	2.9242731	0
957.5490946674574	0	2.9811610500000003	0
1038.9467766208872	0	3.0165933000000003	0
1064.147796280751	0	3.02700195	0
1024.6207577887337	0	3.01056315	0
930.8939333301298	0	2.9689002	0
808.2946420568226	0	2.9075697000000003	0
683.6454851035251	0	2.83483095	0
573.9998117949302	0	2.75891175	0
486.6029079990577	0	2.6871747	0
424.32796055906175	0	2.62770165	0
388.3744488970161	0	2.58925065	0
377.28409741069197	0	2.5766685000000003	0
386.1601015333436	0	2.5867674000000003	0
407.3947705907138	0	2.61001545	0
433.41491249580565	0	2.6369038500000004	0
457.7015677454346	0	2.6605824000000005	0
470.81761173462405	0	2.6728527	0
459.64887340245747	0	2.6624262	0
413.78157656740404	0	2.6167711500000004	0
330.41777318964364	0	2.5190634000000003	0
250.48680310208545	0	2.39878485	0
213.531917496126	0	2.3294628	0
193.71934859114128	0	2.287173	0
182.51734808696216	0	2.26130415	0
176.88196328138986	0	2.24768355	0
176.36611566702146	0	2.2464151500000002	0
181.96174792004743	0	2.2599801000000004	0
196.55568070899187	0	2.2934856	0
228.29552572215349	0	2.3584974	0
301.25516389214766	0	2.4789345	0
494.831684388267	0	2.6944575	0
1120.0997492259053	0	3.0492567	0
2203.701412343715	0	3.3431527500000002	0
3915.5272430214304	0	3.59279025	0
5791.058471958756	0	3.76275795	0
7346.38610698835	0	3.86607375	0
8182.5176354798	0	3.9128869500000003	0
8194.158306090172	0	3.91350435	0
7592.489500260972	0	3.8803842	0
6669.313001040836	0	3.8240811000000003	0
5687.601367962287	0	3.75492915	0
4784.601256632356	0	3.67984575	0
4010.493806634618	0	3.6031978500000004	0
3360.898911219217	0	3.52645545	0
2843.4104160235615	0	3.45383955	0
2451.87711444613	0	3.3894987000000003	0
2168.134649193257	0	3.33608625	0
1975.4950690742835	0	3.29567595	0
1867.1961791332171	0	3.27118995	0
1845.6124025928532	0	3.2661405	0
1919.5936295786457	0	3.2832093	0
2109.1926536121473	0	3.32411625	0
2446.388068857113	0	3.38852535	0
2970.6815570948506	0	3.4728561	0
3716.0619889282175	0	3.57008295	0
4681.42316699039	0	3.6703779000000005	0
5775.188978649494	0	3.7615662000000003	0
6765.440049683585	0	3.8302960500000003	0
7298.409883881023	0	3.86322825	0
7085.542380346933	0	3.8503731	0
6149.769666321606	0	3.78885885	0
4816.844761646652	0	3.6827626500000004	0
3459.333638892458	0	3.5389924500000003	0
2304.7228095595456	0	3.3626187000000005	0
1458.4604279107898	0	3.16389465	0
934.2782745486047	0	2.9704762500000004	0
566.481980845176	0	2.7531860999999997	0
426.0549839432763	0	2.6294656499999998	0
360.46176093791956	0	2.5568592	0
327.6470408714002	0	2.51540625	0
312.9138240282232	0	2.49542475	0
310.668950290547	0	2.49229785	0
317.4454451481355	0	2.5016691	0
330.625540990466	0	2.5193364000000003	0
350.3268305592644	0	2.5444734	0
383.0210125173538	0	2.5832226	0
447.5272657539558	0	2.6508195	0
608.3650411916341	0	2.78416425	0
1191.115839649169	0	3.075954	0
2235.3830318338014	0	3.3493519500000004	0
3444.111873512656	0	3.53707725	0
4459.406884642299	0	3.6492771000000004	0
5030.147845793531	0	3.70158075	0
5135.334648157282	0	3.71056875	0
4887.961201405839	0	3.6891277500000004	0
4432.169899901201	0	3.6466164	0
3901.475643450795	0	3.5912289000000004	0
3394.0352614883323	0	3.53071635	0
2965.4216231015703	0	3.47208645	0
2631.3247458710916	0	3.4201744499999998	0
2384.5237368742783	0	3.37740165	0
2212.5581828171257	0	3.3448947	0
2099.480281200968	0	3.3221118	0
2026.223276213892	0	3.3066873	0
1972.3643765034558	0	3.2949871500000003	0
1943.0946230885684	0	3.2884939500000003	0
1958.1671021368584	0	3.2918497500000004	0
184.1573894820467	0	2.26518915	0
352.90775345277757	0	2.5476612	0
491.9175873397561	0	2.6918923500000003	0
619.3143598816798	0	2.7919111500000002	0
736.981438629903	0	2.86745655	0
848.2328741781115	0	2.9285151000000003	0
939.6924770218611	0	2.97298575	0
996.1852337826119	0	2.9983401	0
1006.1456409797249	0	3.0026608500000003	0
967.8295991240478	0	2.9857989000000003	0
891.2168725781298	0	2.9499834000000003	0
793.8544799952615	0	2.8997409000000003	0
693.5326315959388	0	2.8410669	0
602.4604613032883	0	2.77992855	0
527.0514955324164	0	2.72185305	0
470.23175075983653	0	2.67231195	0
433.0210911085669	0	2.63650905	0
414.40129127357386	0	2.6174211	0
410.89352731273533	0	2.6137293	0
417.27767508858307	0	2.62042515	0
428.8494426623981	0	2.63230485	0
442.0034406458738	0	2.64542565	0
450.9692708914228	0	2.6541469500000003	0
446.4800416275132	0	2.64980205	0
419.6877083980696	0	2.6229262500000003	0
366.1481970760711	0	2.5636569	0
292.5068560911934	0	2.4661360500000002	0
224.49204182284942	0	2.35120095	0
197.45541577760358	0	2.29546905	0
185.28819473495108	0	2.26784775	0
180.4895657305639	0	2.2564520999999997	0
180.55416037403296	0	2.2566075000000003	0
185.1677289262545	0	2.2675653000000002	0
195.98387937624858	0	2.29222035	0
218.00083145169884	0	2.33845815	0
265.23638492180766	0	2.4236331000000004	0
380.51690002345833	0	2.58037395	0
753.0714791356185	0	2.8768362000000005	0
1445.5173210062092	0	3.1600232999999998	0
2685.978920419023	0	3.4291026000000002	0
4381.635534425959	0	3.64163625	0
6259.16643704208	0	3.7965165	0
7873.213890142854	0	3.8961520500000004	0
8822.23658442191	0	3.9455787	0
8978.652222473178	0	3.95321115	0
8492.363987523602	0	3.9290286	0
7632.409264010321	0	3.88266165	0
6649.284265516402	0	3.8227748999999998	0
5694.85276120205	0	3.7554825	0
4850.009061323277	0	3.68574255	0
4157.098835213695	0	3.6187903500000003	0
3620.024001466587	0	3.55871145	0
3225.7573834095647	0	3.5086317	0
2959.7559343517128	0	3.4712559	0
2813.2886883382384	0	3.4492143	0
2785.115113478528	0	3.44484315	0
2881.8770599837108	0	3.45967545	0
3120.0129743167577	0	3.4941564	0
3524.013390746362	0	3.54703755	0
4116.781336603087	0	3.6145578	0
4900.7528370446735	0	3.6902628	0
5830.88800603959	0	3.7657347000000003	0
6779.554401294225	0	3.8312011500000005	0
7528.1488920684305	0	3.8766882000000003	0
7821.910637732807	0	3.8933128500000005	0
7507.22876218536	0	3.87547965	0
6637.1899972121455	0	3.82198425	0
5429.760827309325	0	3.7347807000000004	0
4144.013389832885	0	3.61742115	0
2980.01877315688	0	3.474219	0
2045.9087040692407	0	3.3108862500000003	0
1358.19679091224	0	3.1329627	0
845.3911556580846	0	2.9270577	0
511.31702100134277	0	2.70869025	0
387.39539150279705	0	2.58815445	0
333.59159511822764	0	2.5232151	0
308.9723385743169	0	2.4899196	0
299.9846964521738	0	2.4770990999999998	0
300.72975467110354	0	2.4781763999999997	0
308.123413156985	0	2.4887247	0
321.8270912479381	0	2.5076226	0
345.8630762869623	0	2.5389041999999997	0
391.8718344970953	0	2.59314405	0
494.3916190925084	0	2.6940711	0
770.4640867876639	0	2.8867524	0
1658.5052476426742	0	3.2197168499999997	0
2786.145546804491	0	3.4450038000000003	0
3917.657813407491	0	3.5930265	0
4799.558616107703	0	3.6812013	0
5285.828886632707	0	3.7231131	0
5373.019911582559	0	3.73021845	0
5157.594570345	0	3.7124472	0
4766.266810172354	0	3.67817835	0
4311.68921978981	0	3.63464745	0
3876.643368872021	0	3.5884558500000003	0
3502.5657775016607	0	3.5443863	0
3199.8756383596046	0	3.5051331	0
2967.738289748315	0	3.4724256	0
2795.889480084942	0	3.44652	0
2672.3826899594583	0	3.42689865	0
2579.0668541825544	0	3.4114626	0
2509.135413299118	0	3.3995241000000003	0
2451.557026663541	0	3.3894420000000003	0
231.1273553737244	0	2.36385135	0
421.640432363902	0	2.62494225	0
547.6577023008585	0	2.7385092	0
656.0419336472642	0	2.8169316	0
751.8307769090223	0	2.8761201	0
838.7663520773837	0	2.923641	0
906.8994739842037	0	2.9575591500000002	0
946.148597632828	0	2.97595935	0
949.7054931613035	0	2.9775889500000003	0
917.5009022502534	0	2.9626065	0
857.2360964445223	0	2.9331004500000004	0
781.2252109921953	0	2.89277625	0
701.709409185006	0	2.8461573000000002	0
627.8171137264619	0	2.79783315	0
564.9801635362423	0	2.7520332	0
515.8092784232373	0	2.71248915	0
481.1210959047891	0	2.6822544	0
460.0891588084622	0	2.662842	0
450.1185384169589	0	2.6533269	0
447.4883156977534	0	2.6507817000000005	0
448.98382967243685	0	2.6522307	0
452.4107855176247	0	2.65553295	0
454.3905073784361	0	2.6574292500000003	0
448.90785007673156	0	2.6521572	0
429.04752396525686	0	2.6325054	0
388.85080287826236	0	2.589783	0
326.4120251804038	0	2.5137661500000004	0
243.67658521074256	0	2.3868138	0
207.9872439033779	0	2.3180367	0
191.76405296131014	0	2.2827672	0
185.0974560842548	0	2.26740045	0
183.9042221217233	0	2.2645917	0
186.66949389380338	0	2.27107335	0
193.79851727415064	0	2.28735045	0
207.9550637535218	0	2.3179695000000002	0
236.28249603557822	0	2.37343155	0
296.4976803430973	0	2.4720212999999998	0
440.78687057922065	0	2.64422865	0
849.1623886086227	0	2.9289907500000005	0
1566.0915633783368	0	3.19481715	0
2766.7527481936754	0	3.44197035	0
4344.7250708062	0	3.6379623000000003	0
6071.910340180292	0	3.78332535	0
7590.048482127747	0	3.88024455	0
8577.130147158598	0	3.933342	0
8902.607981043975	0	3.9495172500000004	0
8643.871459654909	0	3.9367083	0
7998.306637265474	0	3.90299805	0
7169.965236487792	0	3.8555170500000004	0
6321.443345122338	0	3.8008162500000005	0
5556.910473596206	0	3.7448334	0
4926.341337000045	0	3.6925245	0
4445.660049244816	0	3.6479362500000003	0
4114.025222839165	0	3.61426695	0
3926.25814184569	0	3.59397885	0
3878.9215837966963	0	3.588711	0
3972.9811085662095	0	3.5991165	0
4215.140934794701	0	3.6248121	0
4614.326807772593	0	3.6641083500000002	0
5171.3793868710645	0	3.7136064	0
5863.260635387098	0	3.7681392000000002	0
6623.980571972111	0	3.82111905	0
7327.990539800782	0	3.8649849	0
7800.702225688611	0	3.8921337	0
7876.831405575552	0	3.8963515500000003	0
7486.4934680338765	0	3.8742784500000003	0
6693.55983527208	0	3.82565715	0
5648.88716620139	0	3.7519629	0
4519.156173631255	0	3.6550573500000003	0
3441.1155013598363	0	3.5366992500000003	0
2502.785902201444	0	3.3984237000000004	0
1747.4393048650531	0	3.2424021	0
1165.3143647360805	0	3.0664431	0
729.4369349793842	0	2.8629877500000003	0
451.17429667990626	0	2.65434435	0
355.1073815559466	0	2.5503597	0
313.7054039478498	0	2.496522	0
295.4779314515833	0	2.47052505	0
289.43266935305184	0	2.46154755	0
291.0557610699733	0	2.4639762	0
299.46367505659214	0	2.47634415	0
317.3464540653171	0	2.5015336500000003	0
353.14332355906726	0	2.5479510000000003	0
431.5703998047697	0	2.6350516500000003	0
632.8461611330006	0	2.80129815	0
1298.6921038611133	0	3.1135062000000002	0
2203.6268227187597	0	3.34313805	0
3219.041680396496	0	3.5077266000000002	0
4160.970147518594	0	3.6191946	0
4864.135896990474	0	3.6870057000000003	0
5246.182567572689	0	3.7198434000000002	0
5326.882288377845	0	3.7264731	0
5182.819689734952	0	3.7145661000000003	0
4899.947197081447	0	3.6901914000000002	0
4560.359183917732	0	3.6589990500000003	0
4229.555226123124	0	3.6262947000000003	0
3941.2564999654946	0	3.5956347	0
3700.5604247648234	0	3.5682675	0
3502.8537082559337	0	3.5444220000000004	0
3348.2790846512116	0	3.5248216500000003	0
3215.3392349814853	0	3.5072268	0
3098.3712204046146	0	3.4911334500000004	0
2956.5518516078637	0	3.4707855000000003	0
291.49660433720896	0	2.4646335	0
484.10464530015594	0	2.6849392499999998	0
593.7668537211212	0	2.77361595	0
681.8610768212964	0	2.8336959000000004	0
755.4019472451099	0	2.8781781	0
819.2156682670919	0	2.91339825	0
867.7078970417939	0	2.93837355	0
895.2314895669338	0	2.9519353500000003	0
897.6046628954679	0	2.9530851	0
874.3710099336145	0	2.94169575	0
830.1598017263806	0	2.9191617	0
773.1997412132935	0	2.8882917000000004	0
712.1315057100037	0	2.8525602	0
653.8519902234124	0	2.81547945	0
602.951527879712	0	2.7802824	0
561.8947185183326	0	2.74965495	0
531.5123376848798	0	2.7255133500000004	0
511.2465614020845	0	2.7086304	0
499.0825667875911	0	2.6981724000000002	0
492.0686536895229	0	2.6920257	0
487.639300929417	0	2.6880987	0
484.2884371791487	0	2.6851041	0
480.1357014452501	0	2.681364	0
471.5786121563489	0	2.6735541	0
454.0204345276338	0	2.6570754	0
422.731586966383	0	2.6260647	0
374.9434748803278	0	2.5739658	0
311.6401466176981	0	2.4936534	0
239.3389326892143	0	2.37901335	0
208.18898603365034	0	2.31845775	0
194.52707205005183	0	2.28898005	0
189.41222251147863	0	2.2774080000000003	0
189.27900748645004	0	2.27710245	0
193.07735912906966	0	2.28573135	0
201.65611683594102	0	2.3046114	0
218.3563620079744	0	2.33916585	0
250.7825130160799	0	2.3992972500000005	0
317.0519656074873	0	2.5011304500000002	0
467.592514392088	0	2.6698675499999998	0
875.9325193489136	0	2.94247065	0
1552.0244189614714	0	3.19089855	0
2621.1021701072095	0	3.41848395	0
3969.4190534347367	0	3.59872695	0
5425.968272949644	0	3.7344772500000003	0
6746.525248139143	0	3.82908015	0
7705.647712209357	0	3.88680915	0
8182.933088822434	0	3.912909	0
8194.098872903402	0	3.9135012000000002	0
7852.54981217373	0	3.8950107000000003	0
7309.146218931787	0	3.8638666500000003	0
6701.769705631206	0	3.8261895000000004	0
6130.589682875869	0	3.78750225	0
5655.391828652203	0	3.7524627	0
5305.020298824976	0	3.7246870500000004	0
5090.634893171272	0	3.7067719500000003	0
5013.9505913133435	0	3.70018005	0
5072.145461914017	0	3.7051917000000003	0
5261.501517599279	0	3.7211097	0
5575.576128290649	0	3.7462897500000003	0
5998.342362455182	0	3.77803125	0
6495.474766920565	0	3.8126109	0
7005.1614653430415	0	3.8454181500000004	0
7432.640885589898	0	3.87114315	0
7660.324196137698	0	3.88424715	0
7585.058768172025	0	3.8799589500000002	0
7169.635880423932	0	3.8554971000000005	0
6465.845901601497	0	3.81062535	0
5581.213679346271	0	3.74672865	0
4626.883344828282	0	3.66528855	0
3687.7171243091075	0	3.5667576	0
2819.382826314977	0	3.45015405	0
2068.1741233243047	0	3.3155871	0
1449.2125956664572	0	3.1611321	0
947.9918419842078	0	2.9768046000000004	0
554.4053977989377	0	2.7438274500000004	0
410.0152877113652	0	2.61280005	0
340.99585505785535	0	2.5327490999999998	0
307.50720790282105	0	2.4878553	0
292.2106901563361	0	2.4656961	0
287.74487686319515	0	2.4590076000000005	0
291.94940870707626	0	2.4653076	0
306.51554164862415	0	2.4864525000000004	0
338.52496355016393	0	2.5295907	0
408.5853586894174	0	2.6112828	0
580.3476096529093	0	2.7636882	0
1102.4508839049397	0	3.04235925	0
1809.8992497090733	0	3.2576544000000003	0
2637.8664239437767	0	3.4212528	0
3477.4716651840386	0	3.5412636	0
4207.35201987735	0	3.62400885	0
4735.918826664983	0	3.67540425	0
5035.197384757322	0	3.7020165	0
5128.659305033808	0	3.71000385	0
5061.181943943172	0	3.70425195	0
4890.041558119994	0	3.6893125500000004	0
4675.100486238985	0	3.66979095	0
4458.296520985234	0	3.64916895	0
4260.323718512918	0	3.6294426	0
4090.054546877581	0	3.6117291	0
3942.276216923352	0	3.59574705	0
3799.7362315830783	0	3.57975345	0
3655.34396511052	0	3.56292825	0
3394.6589601765936	0	3.53079615	0
370.87106378996026	0	2.5692229500000003	0
540.9528958279027	0	2.73315945	0
629.5940281739635	0	2.7990606000000002	0
697.4943596516231	0	2.8435407	0
752.1525807937262	0	2.8763059500000003	0
797.3707493252189	0	2.9016603	0
831.107688601722	0	2.9196573	0
850.9462916364971	0	2.9299021499999998	0
854.432383464872	0	2.9316777000000003	0
840.8028013771892	0	2.9246941500000005	0
812.0751107051285	0	2.9095961999999997	0
772.7941929913986	0	2.88806385	0
728.7653241291251	0	2.8625877	0
685.2771486297697	0	2.83586625	0
646.0641607480745	0	2.81027565	0
613.3153721635983	0	2.78768385	0
587.9542039813117	0	2.7693435	0
569.7675352902099	0	2.7556977000000002	0
557.3392129870325	0	2.7461196	0
548.3665433750859	0	2.7390709500000003	0
540.7449845298935	0	2.7329925000000004	0
533.3570008273515	0	2.727018	0
525.1676911482506	0	2.720298	0
514.0663185822915	0	2.7110191500000003	0
497.15687558233066	0	2.69649345	0
471.0384942155896	0	2.6730564	0
432.764671340232	0	2.6362518	0
381.449060872683	0	2.5814365500000003	0
318.7675099777631	0	2.50347405	0
248.624859094057	0	2.39554455	0
219.57715310443066	0	2.34158715	0
206.4681659628579	0	2.3148531	0
201.3861966683082	0	2.3040297	0
201.32923809193676	0	2.30390685	0
205.74611812753193	0	2.3133316500000003	0
215.96068682566897	0	2.3343747	0
235.5284912057513	0	2.37204345	0
272.2644571943485	0	2.43499095	0
344.78689470321785	0	2.53755075	0
502.5637388226504	0	2.70119115	0
902.8827381457901	0	2.9556313500000004	0
1505.0209660020096	0	3.17754255	0
2406.02591079062	0	3.3813003000000004	0
3494.7583402245677	0	3.5434171500000002	0
4668.357428450957	0	3.6691641	0
5779.1278187841845	0	3.7618623	0
6669.18400633847	0	3.8240727	0
7236.228962905517	0	3.8595123	0
7463.451242692573	0	3.8729397000000003	0
7408.976205255396	0	3.8697582000000006	0
7170.20792958464	0	3.85553175	0
6848.10167869889	0	3.8355702000000003	0
6524.8607855387	0	3.81457125	0
6256.231347387275	0	3.7963128000000004	0
6074.553341295002	0	3.78351435	0
5993.341162479062	0	3.7776690000000004	0
6012.673203155842	0	3.7790676	0
6124.8710540616	0	3.78709695	0
6315.7451901138775	0	3.8004246	0
6562.5299734703285	0	3.8170713000000003	0
6832.0108910606195	0	3.83454855	0
7079.035659129283	0	3.8499741000000003	0
7246.295660961568	0	3.8601160500000002	0
7269.247403455862	0	3.86148945	0
7091.96934994247	0	3.85076685	0
6691.7799292427535	0	3.8255416500000003	0
6095.252482137267	0	3.7849917	0
5368.072837616009	0	3.7298184	0
4584.97951871784	0	3.6613374000000003	0
3801.417765401209	0	3.5799456000000003	0
3051.402867387766	0	3.4844995500000002	0
2375.3059137383752	0	3.37571955	0
1796.7367465064467	0	3.25448445	0
1314.8967441285045	0	3.11889165	0
931.3103940493372	0	2.96909445	0
646.7611878544693	0	2.8107439500000004	0
445.85115906415245	0	2.6491899	0
365.25872600956734	0	2.5626006	0
329.5083314627527	0	2.5178664000000004	0
315.1192977733985	0	2.4984750000000004	0
314.4100357739764	0	2.4974964	0
326.87638774430644	0	2.5143835500000002	0
358.568636703918	0	2.5545723000000002	0
427.9007522748414	0	2.6313430500000003	0
588.3153772180431	0	2.7696102000000002	0
1027.2102633718869	0	3.0116593500000004	0
1593.6382683357779	0	3.20238975	0
2250.4037870390134	0	3.35226045	0
2938.366066845287	0	3.4681059	0
3587.8026804989395	0	3.5548285500000003	0
4135.3459774708035	0	3.61651185	0
4540.040217195559	0	3.6570597	0
4790.249674068224	0	3.6803581500000004	0
4902.1748777737985	0	3.6903888	0
4906.9654486525915	0	3.6908130000000003	0
4836.811918609951	0	3.6845592	0
4724.9623253819545	0	3.67439835	0
4602.861423910431	0	3.6630279000000003	0
4482.008233462146	0	3.65147265	0
4369.712861966086	0	3.6404529	0
4256.55549602224	0	3.6290583000000005	0
4100.074045931519	0	3.6127917000000003	0
3680.760418128034	0	3.56593755	0
500.3523570597737	0	2.69927595	0
613.9043348570162	0	2.7881006999999998	0
667.0908748961855	0	2.8241850000000004	0
705.7178461736279	0	2.8486311	0
737.1917222749969	0	2.86758045	0
763.6672214976477	0	2.8829041500000003	0
783.3605559287416	0	2.8939617	0
797.0546503858201	0	2.9014881000000003	0
804.7068532643118	0	2.9056377	0
805.5438753412424	0	2.9060892000000003	0
799.0458495335452	0	2.9025717	0
785.6897727297483	0	2.8952511000000003	0
767.4059285639718	0	2.88502515	0
747.0364624258939	0	2.8733418	0
727.0019906001548	0	2.8615356	0
708.7546153515696	0	2.8504959	0
693.1035128766522	0	2.8407981	0
680.2803085209249	0	2.8326879000000003	0
669.9403718945971	0	2.82603615	0
661.1947552673336	0	2.8203294	0
652.7921150225875	0	2.8147748999999997	0
643.5682346865262	0	2.8085946	0
632.731418443108	0	2.8012194000000004	0
619.6183915026887	0	2.7921243000000002	0
603.3437940906342	0	2.78056485	0
582.7025920807665	0	2.7654469500000003	0
556.31740816087	0	2.7453226500000003	0
522.9478718928618	0	2.7184584000000003	0
481.7985626131513	0	2.6828655	0
432.89652539343115	0	2.6363841	0
377.8135243265815	0	2.5772774999999997	0
324.1463233839875	0	2.5107411	0
295.63728141976003	0	2.4707592000000003	0
281.5465759474578	0	2.4495502499999997	0
277.13852422572427	0	2.4426969	0
280.7234547973506	0	2.4482787000000004	0
292.6313494283805	0	2.46632085	0
315.3265941445769	0	2.4987606	0
354.46405384220395	0	2.5495722000000005	0
421.00378466833024	0	2.624286	0
536.0899924058423	0	2.7292377	0
741.6538405504691	0	2.8702012500000005	0
1143.420172826626	0	3.0582058500000002	0
1687.7631483431594	0	3.2273115000000003	0
2389.856641285328	0	3.37837185	0
3253.3268689372544	0	3.5123277	0
4159.521754302389	0	3.6190434000000002	0
5019.335782529471	0	3.70064625	0
5754.213213964097	0	3.75998595	0
6318.66237015734	0	3.80062515	0
6707.135033522269	0	3.82653705	0
6945.562920796941	0	3.84170745	0
7075.6305762004595	0	3.84976515	0
7139.606890280723	0	3.8536743	0
7170.225265120187	0	3.8555328	0
7189.041654614187	0	3.8566710000000004	0
7207.158115342737	0	3.85776405	0
7227.434258957524	0	3.85898415	0
7246.120468349534	0	3.86010555	0
7253.306839815385	0	3.8605360500000003	0
7233.657635078485	0	3.85935795	0
7168.509250402198	0	3.85542885	0
7038.844159506366	0	3.84750135	0
6828.377930161053	0	3.83431755	0
6526.896110106306	0	3.8147067000000003	0
6133.287883132504	0	3.7876933500000005	0
5657.019164253636	0	3.75258765	0
5118.7863126644925	0	3.7091670000000003	0
4548.346054956528	0	3.6578535000000003	0
3972.424026687313	0	3.5990556	0
3407.2558824986436	0	3.53240475	0
2879.1053066624327	0	3.4592575500000002	0
2403.2992448786176	0	3.38080785	0
1977.229584440888	0	3.2960571	0
1601.467390973974	0	3.2045181	0
1273.9408093470208	0	3.10514925	0
990.4000417874242	0	2.99581065	0
746.7024047965537	0	2.87314755	0
625.8968992148685	0	2.7965028000000003	0
566.6093671858735	0	2.75328375	0
544.5259733464668	0	2.7360186000000004	0
551.6403813162078	0	2.7416560500000005	0
590.4042838821587	0	2.7711495000000004	0
674.9754856023884	0	2.829288	0
840.5263831685821	0	2.9245513499999998	0
1171.2997484062835	0	3.06866805	0
1560.5996313893443	0	3.1932915000000004	0
1999.3662187328978	0	3.3008923500000003	0
2471.3203763492193	0	3.3929290500000002	0
2952.0662523294923	0	3.4701261000000003	0
3412.020642842351	0	3.53301165	0
3822.8926249957026	0	3.5823921	0
4166.325530695664	0	3.6197532000000003	0
4435.407229293943	0	3.6469335	0
4626.279314217849	0	3.66523185	0
4746.108911680757	0	3.6763377000000004	0
4815.913191365139	0	3.68267865	0
4844.454150987357	0	3.68524485	0
4846.797218690013	0	3.68545485	0
4844.793825578056	0	3.6852753000000003	0
4834.356795709994	0	3.6843387000000005	0
4822.939343729455	0	3.6833118	0
4617.306454536552	0	3.6643887000000004	0
