        1545
  -33.77417       136.6885       1.431993    
  -15.70986       136.6885       1.429286    
  -8.185690       136.6885       1.507416    
  -2.500000       136.6885       1.349492    
   2.481762       136.9860       1.182813    
   7.434425       137.6588       1.073103    
   12.38829       138.3216      0.9645348    
   17.37068       138.6622      0.7066233    
   22.36992       138.7449      0.9704015    
   27.36889       138.8391      0.7931951    
   32.36626       138.9964      0.8253394    
   37.36148       139.2104      0.8811871    
   42.35468       139.4673       1.016918    
   47.34677       139.7446       1.073909    
   52.33939       140.0120       1.053953    
   57.33461       140.2241       1.028579    
   62.33282       140.3456      0.8922151    
   67.33237       140.3495       1.005863    
   72.33087       140.2388      0.8636597    
   77.32610       140.0294       1.035684    
   82.31709       139.7351       1.048528    
   87.30524       139.3958       1.173176    
   92.29430       139.0706       1.085181    
   97.28818       138.8354      0.8672624    
   102.2866       138.7312      0.9531966    
   107.2863       138.6811      0.9710150    
   112.2728       138.3953       1.058551    
   117.2255       137.7357       1.025166    
   122.1606       136.9430       1.100292    
   127.1186       136.3252       1.006415    
   132.1048       135.9780       1.449754    
   137.1018       135.8299       1.422879    
   142.1004       135.8761       1.291762    
   147.0855       136.2108      0.8466221    
   152.0289       136.9238       1.068524    
   156.9416       137.8421      0.9748042    
   161.8866       138.5306       1.054090    
   166.8759       138.7930      0.9874575    
   171.8755       138.7994      0.8636855    
   176.8751       138.7408      0.7797675    
   181.8749       138.7118      0.7878135    
   186.8749       138.7108      0.7714110    
   191.8749       138.7111      0.8084307    
   196.8749       138.7112      0.7817542    
   201.8749       138.7111      0.8616723    
   206.8749       138.7109      0.9070333    
   211.8749       138.7134      0.9218556    
   216.8748       138.7373      0.9438637    
   221.8745       138.7983      0.7600262    
   226.8739       138.8695      0.9430209    
   231.8736       138.8726      0.6450803    
   236.8703       138.7209      0.7606212    
   241.8605       138.4185      0.6964158    
   246.8531       138.1794      0.6915591    
   251.8497       138.2349      0.7716098    
   256.8403       138.5308      0.9090706    
   261.8292       138.8582      0.8825358    
   266.8226       139.1064      0.8312884    
   271.8200       139.2568       1.073283    
   276.8195       139.3043       1.114343    
   281.8193       139.2749       1.088255    
   286.8188       139.2062      0.8522718    
   291.8181       139.1195      0.7951643    
   296.8170       139.0187      0.7423014    
   301.8156       138.8996      0.6544920    
   306.8141       138.7848      0.7612596    
   311.8136       138.7435      0.7364727    
   316.8123       138.6715      0.9039336    
   321.7794       138.2001       1.018301    
   326.7076       137.3683      0.9989253    
   331.6619       137.0869       1.077010    
   336.6017       137.7613       1.021140    
   341.4941       138.7795      0.9607521    
   346.3997       139.7317       1.176282    
   351.3318       140.5377      0.9081643    
   356.3008       141.0433       1.237580    
   361.2956       141.2499       1.108942    
   366.2939       141.3779      0.8574452    
   371.2916       141.5279      0.8089203    
   376.2886       141.6984      0.9501494    
   381.2849       141.8889       1.016667    
   386.2799       142.1075      0.9302780    
   391.2732       142.3631       1.042409    
   396.2645       142.6530       1.112230    
   401.2549       142.9583      0.8923188    
   406.2462       143.2484      0.7415683    
   411.2407       143.4767      0.7574449    
   416.2387       143.6027      0.8300444    
   421.2385       143.6403      0.7537290    
   426.2385       143.6443      0.8542922    
   431.2385       143.6608      0.8261219    
   436.2343       143.8174       1.071381    
   441.2233       144.1421       1.021174    
   446.2118       144.4751      0.8380354    
   451.2035       144.7582      0.7003018    
   456.1937       145.0647      0.8474172    
   461.1783       145.4488      0.9560564    
   466.1624       145.8420       1.298034    
   471.1551       146.0755       1.038662    
   476.1545       146.1300       1.230058    
   481.8401       146.1326       1.551184    
   489.3643       146.1326       1.650023    
   507.4286       146.1326       2.004776    
  -33.77417       134.0858       1.446262    
  -15.70986       134.0858       1.449364    
  -8.185690       134.0858       1.549358    
  -2.500000       134.0858       1.540415    
   2.481762       134.3752       1.481270    
   7.434425       135.0294       1.338073    
   12.38829       135.6740       1.254013    
   17.37068       136.0052       1.309841    
   22.36992       136.0857       1.377802    
   27.36889       136.1774       1.350876    
   32.36626       136.3303       1.333179    
   37.36148       136.5384       1.314484    
   42.35468       136.7882       1.289086    
   47.34677       137.0579       1.440371    
   52.33939       137.3180       1.478391    
   57.33461       137.5242       1.337765    
   62.33282       137.6424       1.301309    
   67.33237       137.6462       1.473574    
   72.33087       137.5385       1.331093    
   77.32610       137.3349       1.425531    
   82.31709       137.0487       1.453964    
   87.30524       136.7188       1.425307    
   92.29430       136.4025       1.476200    
   97.28818       136.1738       1.589396    
   102.2866       136.0724       1.606695    
   107.2863       136.0237       1.426170    
   112.2728       135.7457       1.142848    
   117.2255       135.1043       1.236006    
   122.1606       134.3334       1.388191    
   127.1186       133.7326       1.351828    
   132.1048       133.3949       1.492717    
   137.1018       133.2509       1.454113    
   142.1004       133.2958       1.360417    
   147.0855       133.6214       1.236377    
   152.0289       134.3147       1.357322    
   156.9416       135.2077       1.250402    
   161.8866       135.8773       1.323592    
   166.8759       136.1325       1.257705    
   171.8755       136.1387       1.259137    
   176.8751       136.0817       1.416315    
   181.8749       136.0535       1.371397    
   186.8749       136.0525       1.193915    
   191.8749       136.0529       1.183013    
   196.8749       136.0529       1.145749    
   201.8749       136.0529       1.345535    
   206.8749       136.0527      0.9526350    
   211.8749       136.0551       1.365481    
   216.8748       136.0783       1.095192    
   221.8745       136.1376       1.125982    
   226.8739       136.2069       1.263253    
   231.8736       136.2099       1.102323    
   236.8703       136.0623       1.276309    
   241.8605       135.7682       1.425923    
   246.8531       135.5358       1.497476    
   251.8497       135.5898       1.509475    
   256.8403       135.8775       1.452279    
   261.8292       136.1960       1.498402    
   266.8226       136.4373       1.481642    
   271.8200       136.5835       1.322372    
   276.8195       136.6297       1.223672    
   281.8193       136.6011       1.196262    
   286.8188       136.5343       1.101485    
   291.8181       136.4500       1.295240    
   296.8170       136.3520       1.348465    
   301.8156       136.2361       1.393529    
   306.8141       136.1245       1.395642    
   311.8136       136.0844       1.339845    
   316.8123       136.0143       1.280005    
   321.7794       135.5559       1.364916    
   326.7076       134.7469       1.325875    
   331.6619       134.4733       1.278085    
   336.6017       135.1292       1.375261    
   341.4941       136.1194       1.344145    
   346.3997       137.0454       1.405326    
   351.3318       137.8293       1.335771    
   356.3008       138.3209       1.276354    
   361.2956       138.5218       1.239164    
   366.2939       138.6463       1.245786    
   371.2916       138.7922       1.446205    
   376.2886       138.9579       1.533600    
   381.2849       139.1433       1.372779    
   386.2799       139.3558       1.329698    
   391.2732       139.6044       1.311728    
   396.2645       139.8863       1.202725    
   401.2549       140.1832       1.347420    
   406.2462       140.4654       1.320654    
   411.2407       140.6873       1.221027    
   416.2387       140.8099       1.230047    
   421.2385       140.8465       1.171378    
   426.2385       140.8504       1.117349    
   431.2385       140.8664       1.233865    
   436.2343       141.0188       1.352872    
   441.2233       141.3345       1.300427    
   446.2118       141.6584       1.112168    
   451.2035       141.9337       1.082730    
   456.1937       142.2318       1.171678    
   461.1783       142.6053       1.160573    
   466.1624       142.9877       1.348236    
   471.1551       143.2148       1.423170    
   476.1545       143.2677       1.480876    
   481.8401       143.2702       1.588873    
   489.3643       143.2702       1.673999    
   507.4286       143.2702       2.029875    
  -33.77417       131.3152       1.478021    
  -15.70986       131.3152       1.496517    
  -8.185690       131.3152       1.640980    
  -2.500000       131.3152       1.680995    
   2.481762       131.5958       1.670896    
   7.434425       132.2304       1.590044    
   12.38829       132.8556       1.565473    
   17.37068       133.1768       1.667695    
   22.36992       133.2549       1.731768    
   27.36889       133.3438       1.730459    
   32.36626       133.4921       1.688092    
   37.36148       133.6940       1.604355    
   42.35468       133.9363       1.519110    
   47.34677       134.1978       1.621804    
   52.33939       134.4500       1.714059    
   57.33461       134.6501       1.614518    
   62.33282       134.7647       1.572866    
   67.33237       134.7684       1.737328    
   72.33087       134.6640       1.695154    
   77.32610       134.4664       1.752118    
   82.31709       134.1889       1.753408    
   87.30524       133.8689       1.705774    
   92.29430       133.5621       1.719980    
   97.28818       133.3403       1.779091    
   102.2866       133.2420       1.733214    
   107.2863       133.1947       1.533050    
   112.2728       132.9252       1.329059    
   117.2255       132.3031       1.394912    
   122.1606       131.5553       1.526768    
   127.1186       130.9726       1.525266    
   132.1048       130.6451       1.560622    
   137.1018       130.5054       1.522628    
   142.1004       130.5490       1.471162    
   147.0855       130.8647       1.458760    
   152.0289       131.5372       1.556700    
   156.9416       132.4034       1.483512    
   161.8866       133.0527       1.530564    
   166.8759       133.3003       1.526172    
   171.8755       133.3063       1.580256    
   176.8751       133.2510       1.697111    
   181.8749       133.2236       1.652037    
   186.8749       133.2227       1.512706    
   191.8749       133.2231       1.466673    
   196.8749       133.2231       1.475547    
   201.8749       133.2231       1.569578    
   206.8749       133.2229      0.8695744    
   211.8749       133.2252       1.590896    
   216.8748       133.2477       1.355015    
   221.8745       133.3052       1.332543    
   226.8739       133.3724       1.439483    
   231.8736       133.3753       1.372097    
   236.8703       133.2322       1.489171    
   241.8605       132.9470       1.607045    
   246.8531       132.7215       1.684958    
   251.8497       132.7738       1.691427    
   256.8403       133.0529       1.640029    
   261.8292       133.3618       1.649827    
   266.8226       133.5959       1.587178    
   271.8200       133.7377       1.366840    
   276.8195       133.7825       1.237243    
   281.8193       133.7548       1.311978    
   286.8188       133.6900       1.337026    
   291.8181       133.6082       1.553279    
   296.8170       133.5132       1.692739    
   301.8156       133.4008       1.785330    
   306.8141       133.2925       1.797390    
   311.8136       133.2536       1.737542    
   316.8123       133.1856       1.659680    
   321.7794       132.7410       1.657465    
   326.7076       131.9564       1.610398    
   331.6619       131.6910       1.563645    
   336.6017       132.3271       1.623840    
   341.4941       133.2876       1.618665    
   346.3997       134.1857       1.619620    
   351.3318       134.9460       1.557245    
   356.3008       135.4228       1.449373    
   361.2956       135.6176       1.420079    
   366.2939       135.7384       1.520835    
   371.2916       135.8799       1.705353    
   376.2886       136.0407       1.767817    
   381.2849       136.2204       1.644788    
   386.2799       136.4265       1.553697    
   391.2732       136.6677       1.473784    
   396.2645       136.9411       1.449204    
   401.2549       137.2291       1.638477    
   406.2462       137.5027       1.676357    
   411.2407       137.7180       1.595647    
   416.2387       137.8369       1.553339    
   421.2385       137.8724       1.504190    
   426.2385       137.8761       1.477681    
   431.2385       137.8917       1.524050    
   436.2343       138.0394       1.560825    
   441.2233       138.3456       1.512270    
   446.2118       138.6598       1.396242    
   451.2035       138.9268       1.326087    
   456.1937       139.2159       1.293801    
   461.1783       139.5782       1.255049    
   466.1624       139.9491       1.353463    
   471.1551       140.1694       1.494507    
   476.1545       140.2207       1.567749    
   481.8401       140.2231       1.649158    
   489.3643       140.2231       1.732378    
   507.4286       140.2231       2.087973    
  -33.77417       128.3538       1.533438    
  -15.70986       128.3538       1.590949    
  -8.185690       128.3538       1.856860    
  -2.500000       128.3538       1.961781    
   2.481762       128.6251       2.000900    
   7.434425       129.2386       1.995551    
   12.38829       129.8431       2.008497    
   17.37068       130.1537       2.110167    
   22.36992       130.2291       2.179908    
   27.36889       130.3151       2.183447    
   32.36626       130.4585       2.125192    
   37.36148       130.6536       2.013541    
   42.35468       130.8879       1.908112    
   47.34677       131.1408       1.946884    
   52.33939       131.3846       2.041249    
   57.33461       131.5780       1.980536    
   62.33282       131.6889       1.952353    
   67.33237       131.6924       2.083066    
   72.33087       131.5914       2.120461    
   77.32610       131.4005       2.174863    
   82.31709       131.1322       2.177567    
   87.30524       130.8228       2.127932    
   92.29430       130.5262       2.064746    
   97.28818       130.3116       1.966062    
   102.2866       130.2167       1.866935    
   107.2863       130.1709       1.727841    
   112.2728       129.9104       1.634871    
   117.2255       129.3089       1.667904    
   122.1606       128.5859       1.726597    
   127.1186       128.0226       1.714336    
   132.1048       127.7059       1.705468    
   137.1018       127.5708       1.671650    
   142.1004       127.6130       1.647121    
   147.0855       127.9183       1.677065    
   152.0289       128.5684       1.822329    
   156.9416       129.4059       1.765727    
   161.8866       130.0337       1.853293    
   166.8759       130.2731       1.901233    
   171.8755       130.2789       1.940564    
   176.8751       130.2254       1.981105    
   181.8749       130.1989       1.933992    
   186.8749       130.1980       1.845917    
   191.8749       130.1983       1.805312    
   196.8749       130.1983       1.818145    
   201.8749       130.1983       1.783960    
   206.8749       130.1982       1.317547    
   211.8749       130.2005       1.779154    
   216.8748       130.2222       1.701714    
   221.8745       130.2778       1.646639    
   226.8739       130.3428       1.676837    
   231.8736       130.3456       1.618187    
   236.8703       130.2072       1.635859    
   241.8605       129.9314       1.662519    
   246.8531       129.7134       1.695266    
   251.8497       129.7641       1.698017    
   256.8403       130.0339       1.664770    
   261.8292       130.3325       1.661684    
   266.8226       130.5588       1.624210    
   271.8200       130.6960       1.531635    
   276.8195       130.7393       1.500503    
   281.8193       130.7124       1.596161    
   286.8188       130.6498       1.694588    
   291.8181       130.5708       1.872206    
   296.8170       130.4788       2.019498    
   301.8156       130.3701       2.119534    
   306.8141       130.2655       2.145579    
   311.8136       130.2279       2.101041    
   316.8123       130.1622       2.036750    
   321.7794       129.7323       1.982759    
   326.7076       128.9738       1.906914    
   331.6619       128.7171       1.854996    
   336.6017       129.3322       1.867031    
   341.4941       130.2607       1.859439    
   346.3997       131.1291       1.842319    
   351.3318       131.8641       1.786933    
   356.3008       132.3251       1.706204    
   361.2956       132.5135       1.687706    
   366.2939       132.6302       1.770600    
   371.2916       132.7671       1.897420    
   376.2886       132.9225       1.948439    
   381.2849       133.0963       1.884115    
   386.2799       133.2955       1.806379    
   391.2732       133.5287       1.748752    
   396.2645       133.7930       1.782447    
   401.2549       134.0715       1.943776    
   406.2462       134.3360       2.002951    
   411.2407       134.5442       1.959758    
   416.2387       134.6591       1.911783    
   421.2385       134.6935       1.865413    
   426.2385       134.6971       1.833907    
   431.2385       134.7121       1.823950    
   436.2343       134.8550       1.805527    
   441.2233       135.1510       1.747961    
   446.2118       135.4547       1.663929    
   451.2035       135.7129       1.585603    
   456.1937       135.9924       1.518848    
   461.1783       136.3427       1.479912    
   466.1624       136.7012       1.529264    
   471.1551       136.9142       1.629760    
   476.1545       136.9639       1.694413    
   481.8401       136.9662       1.772894    
   489.3643       136.9662       1.862423    
   507.4286       136.9662       2.195989    
  -33.77417       125.1739       1.621492    
  -15.70986       125.1739       1.765329    
  -8.185690       125.1739       2.023523    
  -2.500000       125.1739       2.159134    
   2.481762       125.4352       2.236185    
   7.434425       126.0261       2.288671    
   12.38829       126.6083       2.349133    
   17.37068       126.9075       2.441317    
   22.36992       126.9801       2.503542    
   27.36889       127.0629       2.505894    
   32.36626       127.2010       2.445842    
   37.36148       127.3890       2.337421    
   42.35468       127.6146       2.235004    
   47.34677       127.8582       2.219407    
   52.33939       128.0931       2.247006    
   57.33461       128.2793       2.201928    
   62.33282       128.3861       2.183573    
   67.33237       128.3895       2.270530    
   72.33087       128.2923       2.339777    
   77.32610       128.1083       2.401450    
   82.31709       127.8499       2.419544    
   87.30524       127.5519       2.389349    
   92.29430       127.2662       2.328887    
   97.28818       127.0596       2.228761    
   102.2866       126.9681       2.102094    
   107.2863       126.9241       2.007723    
   112.2728       126.6731       1.956892    
   117.2255       126.0938       1.956626    
   122.1606       125.3975       1.958470    
   127.1186       124.8549       1.929768    
   132.1048       124.5499       1.900002    
   137.1018       124.4198       1.870542    
   142.1004       124.4603       1.863461    
   147.0855       124.7544       1.907635    
   152.0289       125.3806       2.037369    
   156.9416       126.1872       2.139374    
   161.8866       126.7919       2.301010    
   166.8759       127.0225       2.434396    
   171.8755       127.0280       2.493861    
   176.8751       126.9765       2.511133    
   181.8749       126.9510       2.470055    
   186.8749       126.9501       2.399670    
   191.8749       126.9505       2.329778    
   196.8749       126.9505       2.301269    
   201.8749       126.9505       2.203822    
   206.8749       126.9503       1.927876    
   211.8749       126.9525       2.141382    
   216.8748       126.9735       2.132236    
   221.8745       127.0270       2.078788    
   226.8739       127.0896       2.049479    
   231.8736       127.0923       1.981579    
   236.8703       126.9591       1.946428    
   241.8605       126.6934       1.926826    
   246.8531       126.4834       1.926658    
   251.8497       126.5322       1.922583    
   256.8403       126.7921       1.901680    
   261.8292       127.0797       1.899488    
   266.8226       127.2977       1.891482    
   271.8200       127.4297       1.883339    
   276.8195       127.4715       1.941459    
   281.8193       127.4456       2.040344    
   286.8188       127.3853       2.182180    
   291.8181       127.3092       2.361133    
   296.8170       127.2206       2.519493    
   301.8156       127.1160       2.626029    
   306.8141       127.0152       2.647914    
   311.8136       126.9790       2.575970    
   316.8123       126.9157       2.488118    
   321.7794       126.5017       2.394308    
   326.7076       125.7710       2.294849    
   331.6619       125.5238       2.234326    
   336.6017       126.1162       2.220664    
   341.4941       127.0106       2.204931    
   346.3997       127.8469       2.174028    
   351.3318       128.5549       2.118125    
   356.3008       128.9989       2.054847    
   361.2956       129.1804       2.044578    
   366.2939       129.2928       2.111072    
   371.2916       129.4245       2.208142    
   376.2886       129.5742       2.256942    
   381.2849       129.7417       2.228490    
   386.2799       129.9336       2.181649    
   391.2732       130.1582       2.156892    
   396.2645       130.4128       2.230956    
   401.2549       130.6809       2.405472    
   406.2462       130.9357       2.493405    
   411.2407       131.1362       2.483365    
   416.2387       131.2469       2.439330    
   421.2385       131.2800       2.390001    
   426.2385       131.2835       2.343239    
   431.2385       131.2979       2.299919    
   436.2343       131.4355       2.248443    
   441.2233       131.7207       2.174124    
   446.2118       132.0132       2.084738    
   451.2035       132.2618       1.995521    
   456.1937       132.5311       1.920091    
   461.1783       132.8684       1.881870    
   466.1624       133.2138       1.905554    
   471.1551       133.4189       1.971660    
   476.1545       133.4668       2.026524    
   481.8401       133.4690       2.082379    
   489.3643       133.4690       2.153745    
   507.4286       133.4690       2.386143    
  -33.77417       121.7413       1.708505    
  -15.70986       121.7413       1.906108    
  -8.185690       121.7413       2.155167    
  -2.500000       121.7413       2.303165    
   2.481762       121.9919       2.402117    
   7.434425       122.5584       2.484948    
   12.38829       123.1165       2.565464    
   17.37068       123.4034       2.647654    
   22.36992       123.4730       2.698807    
   27.36889       123.5524       2.698162    
   32.36626       123.6848       2.642858    
   37.36148       123.8650       2.547277    
   42.35468       124.0813       2.451357    
   47.34677       124.3148       2.400096    
   52.33939       124.5400       2.376003    
   57.33461       124.7186       2.329878    
   62.33282       124.8209       2.310559    
   67.33237       124.8242       2.361120    
   72.33087       124.7309       2.428545    
   77.32610       124.5546       2.492193    
   82.31709       124.3068       2.524577    
   87.30524       124.0211       2.516321    
   92.29430       123.7473       2.470494    
   97.28818       123.5492       2.377458    
   102.2866       123.4615       2.244883    
   107.2863       123.4193       2.173804    
   112.2728       123.1786       2.134667    
   117.2255       122.6232       2.113771    
   122.1606       121.9557       2.088863    
   127.1186       121.4355       2.051951    
   132.1048       121.1431       2.016216    
   137.1018       121.0183       1.991874    
   142.1004       121.0573       1.994773    
   147.0855       121.3392       2.042417    
   152.0289       121.9395       2.160518    
   156.9416       122.7128       2.367767    
   161.8866       123.2925       2.600511    
   166.8759       123.5135       2.780513    
   171.8755       123.5189       2.874398    
   176.8751       123.4696       2.902660    
   181.8749       123.4451       2.879950    
   186.8749       123.4443       2.828355    
   191.8749       123.4446       2.768574    
   196.8749       123.4446       2.711727    
   201.8749       123.4446       2.601843    
   206.8749       123.4444       2.422795    
   211.8749       123.4465       2.476671    
   216.8748       123.4666       2.473480    
   221.8745       123.5179       2.424310    
   226.8739       123.5779       2.368333    
   231.8736       123.5806       2.295626    
   236.8703       123.4528       2.236442    
   241.8605       123.1981       2.195384    
   246.8531       122.9968       2.175645    
   251.8497       123.0435       2.166242    
   256.8403       123.2927       2.173692    
   261.8292       123.5684       2.181016    
   266.8226       123.7774       2.198911    
   271.8200       123.9041       2.237320    
   276.8195       123.9441       2.318351    
   281.8193       123.9193       2.436646    
   286.8188       123.8614       2.586189    
   291.8181       123.7885       2.752967    
   296.8170       123.7036       2.901043    
   301.8156       123.6032       2.994975    
   306.8141       123.5066       2.984476    
   311.8136       123.4719       2.824512    
   316.8123       123.4112       2.699646    
   321.7794       123.0143       2.591973    
   326.7076       122.3138       2.488177    
   331.6619       122.0768       2.423141    
   336.6017       122.6448       2.391693    
   341.4941       123.5022       2.366570    
   346.3997       124.3040       2.333363    
   351.3318       124.9827       2.289823    
   356.3008       125.4084       2.249792    
   361.2956       125.5824       2.243804    
   366.2939       125.6901       2.282627    
   371.2916       125.8165       2.341591    
   376.2886       125.9600       2.379738    
   381.2849       126.1205       2.378292    
   386.2799       126.3045       2.363257    
   391.2732       126.5198       2.375274    
   396.2645       126.7639       2.471286    
   401.2549       127.0210       2.705919    
   406.2462       127.2653       2.850831    
   411.2407       127.4575       2.880904    
   416.2387       127.5636       2.855475    
   421.2385       127.5953       2.810744    
   426.2385       127.5986       2.757135    
   431.2385       127.6125       2.697176    
   436.2343       127.7445       2.629582    
   441.2233       128.0178       2.549048    
   446.2118       128.2982       2.460080    
   451.2035       128.5366       2.373904    
   456.1937       128.7948       2.305573    
   461.1783       129.1181       2.271048    
   466.1624       129.4493       2.275117    
   471.1551       129.6459       2.307837    
   476.1545       129.6918       2.343186    
   481.8401       129.6939       2.373007    
   489.3643       129.6939       2.416573    
   507.4286       129.6939       2.558825    
  -33.77417       118.0135       1.794834    
  -15.70986       118.0135       2.023623    
  -8.185690       118.0135       2.260668    
  -2.500000       118.0135       2.409232    
   2.481762       118.2522       2.516190    
   7.434425       118.7923       2.608931    
   12.38829       119.3243       2.692218    
   17.37068       119.5977       2.763029    
   22.36992       119.6640       2.803227    
   27.36889       119.7397       2.800027    
   32.36626       119.8660       2.751708    
   37.36148       120.0378       2.669906    
   42.35468       120.2439       2.581342    
   47.34677       120.4665       2.511627    
   52.33939       120.6811       2.457685    
   57.33461       120.8514       2.405530    
   62.33282       120.9489       2.379675    
   67.33237       120.9520       2.402460    
   72.33087       120.8632       2.452695    
   77.32610       120.6951       2.508167    
   82.31709       120.4589       2.545761    
   87.30524       120.1866       2.553560    
   92.29430       119.9255       2.527368    
   97.28818       119.7367       2.459899    
   102.2866       119.6531       2.325417    
   107.2863       119.6129       2.256156    
   112.2728       119.3835       2.217109    
   117.2255       118.8540       2.186868    
   122.1606       118.2177       2.154331    
   127.1186       117.7218       2.118635    
   132.1048       117.4431       2.086790    
   137.1018       117.3242       2.068995    
   142.1004       117.3613       2.076839    
   147.0855       117.6301       2.122591    
   152.0289       118.2023       2.231743    
   156.9416       118.9394       2.465988    
   161.8866       119.4921       2.735570    
   166.8759       119.7027       2.973474    
   171.8755       119.7078       3.114802    
   176.8751       119.6608       3.178038    
   181.8749       119.6375       3.184988    
   186.8749       119.6367       3.154963    
   191.8749       119.6370       3.104419    
   196.8749       119.6370       3.039347    
   201.8749       119.6370       2.941529    
   206.8749       119.6368       2.830356    
   211.8749       119.6388       2.810866    
   216.8748       119.6580       2.788026    
   221.8745       119.7069       2.738209    
   226.8739       119.7641       2.675796    
   231.8736       119.7666       2.605319    
   236.8703       119.6448       2.541400    
   241.8605       119.4020       2.493943    
   246.8531       119.2101       2.465139    
   251.8497       119.2547       2.448818    
   256.8403       119.4922       2.444770    
   261.8292       119.7551       2.455906    
   266.8226       119.9542       2.487159    
   271.8200       120.0750       2.543917    
   276.8195       120.1131       2.633031    
   281.8193       120.0895       2.751851    
   286.8188       120.0343       2.892889    
   291.8181       119.9648       3.041721    
   296.8170       119.8839       3.171661    
   301.8156       119.7882       3.250286    
   306.8141       119.6961       3.239937    
   311.8136       119.6630       3.109271    
   316.8123       119.6051       2.890426    
   321.7794       119.2268       2.754824    
   326.7076       118.5591       2.621171    
   331.6619       118.3332       2.534963    
   336.6017       118.8746       2.484575    
   341.4941       119.6919       2.447839    
   346.3997       120.4562       2.411785    
   351.3318       121.1031       2.375640    
   356.3008       121.5089       2.347977    
   361.2956       121.6748       2.342323    
   366.2939       121.7775       2.362893    
   371.2916       121.8979       2.398106    
   376.2886       122.0348       2.428037    
   381.2849       122.1877       2.441610    
   386.2799       122.3631       2.452543    
   391.2732       122.5684       2.492306    
   396.2645       122.8010       2.607618    
   401.2549       123.0461       2.883848    
   406.2462       123.2790       3.072413    
   411.2407       123.4621       3.144670    
   416.2387       123.5633       3.146646    
   421.2385       123.5935       3.113614    
   426.2385       123.5967       3.061494    
   431.2385       123.6100       2.996356    
   436.2343       123.7357       2.922660    
   441.2233       123.9963       2.841957    
   446.2118       124.2636       2.758067    
   451.2035       124.4909       2.679779    
   456.1937       124.7369       2.619607    
   461.1783       125.0452       2.586736    
   466.1624       125.3608       2.577995    
   471.1551       125.5482       2.586598    
   476.1545       125.5920       2.603008    
   481.8401       125.5940       2.615586    
   489.3643       125.5940       2.634721    
   507.4286       125.5940       2.710203    
  -33.77417       113.9358       1.881283    
  -15.70986       113.9358       2.125758    
  -8.185690       113.9358       2.346468    
  -2.500000       113.9358       2.487445    
   2.481762       114.1617       2.592170    
   7.434425       114.6728       2.682230    
   12.38829       115.1762       2.758542    
   17.37068       115.4350       2.816870    
   22.36992       115.4978       2.847301    
   27.36889       115.5694       2.842438    
   32.36626       115.6889       2.801305    
   37.36148       115.8514       2.732102    
   42.35468       116.0465       2.652320    
   47.34677       116.2571       2.577689    
   52.33939       116.4603       2.511940    
   57.33461       116.6214       2.455957    
   62.33282       116.7137       2.423510    
   67.33237       116.7167       2.426192    
   72.33087       116.6326       2.455819    
   77.32610       116.4735       2.496413    
   82.31709       116.2499       2.530116    
   87.30524       115.9922       2.545228    
   92.29430       115.7452       2.534869    
   97.28818       115.5665       2.493019    
   102.2866       115.4874       2.404814    
   107.2863       115.4493       2.294971    
   112.2728       115.2323       2.245648    
   117.2255       114.7313       2.211174    
   122.1606       114.1291       2.179235    
   127.1186       113.6599       2.149101    
   132.1048       113.3961       2.125079    
   137.1018       113.2836       2.114141    
   142.1004       113.3186       2.124290    
   147.0855       113.5730       2.164976    
   152.0289       114.1145       2.255657    
   156.9416       114.8120       2.436468    
   161.8866       115.3350       2.756949    
   166.8759       115.5344       3.034224    
   171.8755       115.5392       3.225626    
   176.8751       115.4947       3.337677    
   181.8749       115.4726       3.385916    
   186.8749       115.4719       3.386085    
   191.8749       115.4722       3.353884    
   196.8749       115.4722       3.297806    
   201.8749       115.4722       3.218407    
   206.8749       115.4720       3.135901    
   211.8749       115.4739       3.087279    
   216.8748       115.4921       3.045354    
   221.8745       115.5383       2.991870    
   226.8739       115.5924       2.930215    
   231.8736       115.5948       2.864893    
   236.8703       115.4796       2.803484    
   241.8605       115.2498       2.755575    
   246.8531       115.0682       2.723645    
   251.8497       115.1104       2.704630    
   256.8403       115.3352       2.699467    
   261.8292       115.5839       2.712681    
   266.8226       115.7724       2.747962    
   271.8200       115.8866       2.807775    
   276.8195       115.9228       2.893732    
   281.8193       115.9004       3.002866    
   286.8188       115.8482       3.127436    
   291.8181       115.7824       3.254370    
   296.8170       115.7058       3.362443    
   301.8156       115.6153       3.424992    
   306.8141       115.5281       3.416080    
   311.8136       115.4968       3.324789    
   316.8123       115.4420       3.173024    
   321.7794       115.0840       2.998217    
   326.7076       114.4521       2.761555    
   331.6619       114.2384       2.623477    
   336.6017       114.7507       2.546004    
   341.4941       115.5241       2.492011    
   346.3997       116.2474       2.448781    
   351.3318       116.8596       2.413866    
   356.3008       117.2437       2.390220    
   361.2956       117.4006       2.381937    
   366.2939       117.4977       2.390275    
   371.2916       117.6117       2.410442    
   376.2886       117.7412       2.433111    
   381.2849       117.8860       2.452747    
   386.2799       118.0519       2.478693    
   391.2732       118.2462       2.534829    
   396.2645       118.4663       2.663243    
   401.2549       118.6983       2.961244    
   406.2462       118.9186       3.183678    
   411.2407       119.0920       3.297513    
   416.2387       119.1877       3.333405    
   421.2385       119.2163       3.320734    
   426.2385       119.2194       3.279498    
   431.2385       119.2319       3.219439    
   436.2343       119.3509       3.148047    
   441.2233       119.5975       3.071866    
   446.2118       119.8504       2.996017    
   451.2035       120.0655       2.926876    
   456.1937       120.2983       2.872909    
   461.1783       120.5900       2.839756    
   466.1624       120.8887       2.823287    
   471.1551       121.0661       2.816255    
   476.1545       121.1075       2.815836    
   481.8401       121.1095       2.815550    
   489.3643       121.1095       2.817851    
   507.4286       121.1095       2.845375    
  -33.77417       109.4377       1.969109    
  -15.70986       109.4377       2.218132    
  -8.185690       109.4377       2.418191    
  -2.500000       109.4377       2.546265    
   2.481762       109.6495       2.641622    
   7.434425       110.1285       2.721899    
   12.38829       110.6005       2.786876    
   17.37068       110.8431       2.832927    
   22.36992       110.9020       2.854871    
   27.36889       110.9691       2.848795    
   32.36626       111.0811       2.814392    
   37.36148       111.2335       2.757060    
   42.35468       111.4164       2.687766    
   47.34677       111.6138       2.617275    
   52.33939       111.8043       2.551701    
   57.33461       111.9553       2.496464    
   62.33282       112.0418       2.460171    
   67.33237       112.0446       2.449302    
   72.33087       111.9657       2.460966    
   77.32610       111.8166       2.485331    
   82.31709       111.6071       2.509899    
   87.30524       111.3655       2.524904    
   92.29430       111.1339       2.523072    
   97.28818       110.9664       2.497930    
   102.2866       110.8923       2.437282    
   107.2863       110.8566       2.314795    
   112.2728       110.6531       2.253506    
   117.2255       110.1834       2.214473    
   122.1606       109.6189       2.184016    
   127.1186       109.1790       2.159323    
   132.1048       108.9318       2.142125    
   137.1018       108.8263       2.136395    
   142.1004       108.8592       2.147688    
   147.0855       109.0976       2.182980    
   152.0289       109.6052       2.256972    
   156.9416       110.2591       2.403376    
   161.8866       110.7494       2.695143    
   166.8759       110.9363       2.977213    
   171.8755       110.9408       3.216714    
   176.8751       110.8991       3.382106    
   181.8749       110.8784       3.479796    
   186.8749       110.8776       3.520864    
   191.8749       110.8779       3.519341    
   196.8749       110.8779       3.486210    
   201.8749       110.8779       3.429905    
   206.8749       110.8778       3.366319    
   211.8749       110.8796       3.311228    
   216.8748       110.8966       3.259953    
   221.8745       110.9400       3.204606    
   226.8739       110.9907       3.145881    
   231.8736       110.9929       3.086044    
   236.8703       110.8849       3.029171    
   241.8605       110.6695       2.983295    
   246.8531       110.4993       2.951512    
   251.8497       110.5388       2.932654    
   256.8403       110.7495       2.928226    
   261.8292       110.9827       2.941721    
   266.8226       111.1594       2.975550    
   271.8200       111.2665       3.030632    
   276.8195       111.3003       3.106638    
   281.8193       111.2794       3.200237    
   286.8188       111.2305       3.303995    
   291.8181       111.1687       3.406427    
   296.8170       111.0969       3.490950    
   301.8156       111.0121       3.537456    
   306.8141       110.9304       3.528578    
   311.8136       110.9010       3.459368    
   316.8123       110.8497       3.341258    
   321.7794       110.5141       3.188173    
   326.7076       109.9218       2.992917    
   331.6619       109.7214       2.749103    
   336.6017       110.2016       2.627225    
   341.4941       110.9267       2.535939    
   346.3997       111.6047       2.473307    
   351.3318       112.1786       2.430885    
   356.3008       112.5386       2.404152    
   361.2956       112.6857       2.390781    
   366.2939       112.7768       2.390216    
   371.2916       112.8837       2.400358    
   376.2886       113.0050       2.416368    
   381.2849       113.1407       2.435932    
   386.2799       113.2963       2.466790    
   391.2732       113.4784       2.528407    
   396.2645       113.6848       2.660472    
   401.2549       113.9022       2.958827    
   406.2462       114.1088       3.203897    
   411.2407       114.2713       3.354402    
   416.2387       114.3611       3.426674    
   421.2385       114.3878       3.442029    
   426.2385       114.3907       3.420894    
   431.2385       114.4025       3.375655    
   436.2343       114.5140       3.315169    
   441.2233       114.7451       3.248519    
   446.2118       114.9823       3.182478    
   451.2035       115.1839       3.121975    
   456.1937       115.4022       3.072758    
   461.1783       115.6756       3.039176    
   466.1624       115.9556       3.018805    
   471.1551       116.1219       3.004435    
   476.1545       116.1607       2.992288    
   481.8401       116.1625       2.979639    
   489.3643       116.1625       2.969165    
   507.4286       116.1625       2.963199    
  -33.77417       104.4251       2.057499    
  -15.70986       104.4251       2.307877    
  -8.185690       104.4251       2.481411    
  -2.500000       104.4251       2.592181    
   2.481762       104.6212       2.673832    
   7.434425       105.0646       2.740948    
   12.38829       105.5015       2.793286    
   17.37068       105.7260       2.828252    
   22.36992       105.7805       2.843148    
   27.36889       105.8427       2.836243    
   32.36626       105.9463       2.807975    
   37.36148       106.0873       2.761946    
   42.35468       106.2567       2.704689    
   47.34677       106.4394       2.643659    
   52.33939       106.6157       2.585074    
   57.33461       106.7555       2.534652    
   62.33282       106.8356       2.498041    
   67.33237       106.8381       2.479433    
   72.33087       106.7651       2.478274    
   77.32610       106.6271       2.488911    
   82.31709       106.4332       2.503208    
   87.30524       106.2096       2.513930    
   92.29430       105.9952       2.514750    
   97.28818       105.8402       2.499470    
   102.2866       105.7715       2.458918    
   107.2863       105.7385       2.377110    
   112.2728       105.5501       2.276496    
   117.2255       105.1154       2.220342    
   122.1606       104.5929       2.186073    
   127.1186       104.1857       2.163896    
   132.1048       103.9569       2.150788    
   137.1018       103.8593       2.147591    
   142.1004       103.8897       2.157903    
   147.0855       104.1104       2.186318    
   152.0289       104.5803       2.242405    
   156.9416       105.1855       2.347435    
   161.8866       105.6393       2.537853    
   166.8759       105.8122       2.851235    
   171.8755       105.8165       3.106268    
   176.8751       105.7778       3.323121    
   181.8749       105.7587       3.470269    
   186.8749       105.7580       3.558374    
   191.8749       105.7582       3.597875    
   196.8749       105.7583       3.599180    
   201.8749       105.7583       3.572763    
   206.8749       105.7581       3.531106    
   211.8749       105.7598       3.484126    
   216.8748       105.7755       3.434672    
   221.8745       105.8157       3.382133    
   226.8739       105.8626       3.327701    
   231.8736       105.8647       3.272968    
   236.8703       105.7647       3.220975    
   241.8605       105.5654       3.178349    
   246.8531       105.4078       3.148280    
   251.8497       105.4444       3.130463    
   256.8403       105.6394       3.126244    
   261.8292       105.8553       3.138034    
   266.8226       106.0188       3.167140    
   271.8200       106.1179       3.213542    
   276.8195       106.1492       3.276030    
   281.8193       106.1298       3.351113    
   286.8188       106.0846       3.431985    
   291.8181       106.0275       3.508967    
   296.8170       105.9610       3.569668    
   301.8156       105.8824       3.600277    
   306.8141       105.8068       3.589678    
   311.8136       105.7796       3.534520    
   316.8123       105.7321       3.439807    
   321.7794       105.4215       3.313054    
   326.7076       104.8732       3.158656    
   331.6619       104.6877       2.985124    
   336.6017       105.1322       2.815073    
   341.4941       105.8034       2.619088    
   346.3997       106.4309       2.508241    
   351.3318       106.9622       2.443638    
   356.3008       107.2954       2.405800    
   361.2956       107.4315       2.384614    
   366.2939       107.5159       2.376575    
   371.2916       107.6148       2.379262    
   376.2886       107.7271       2.389069    
   381.2849       107.8528       2.405084    
   386.2799       107.9968       2.434026    
   391.2732       108.1653       2.492362    
   396.2645       108.3564       2.615583    
   401.2549       108.5576       2.888370    
   406.2462       108.7488       3.150304    
   411.2407       108.8992       3.331932    
   416.2387       108.9823       3.438853    
   421.2385       109.0071       3.485632    
   426.2385       109.0098       3.490321    
   431.2385       109.0207       3.466717    
   436.2343       109.1239       3.425072    
   441.2233       109.3378       3.374944    
   446.2118       109.5574       3.323098    
   451.2035       109.7439       3.273777    
   456.1937       109.9460       3.231128    
   461.1783       110.1991       3.197815    
   466.1624       110.4583       3.173896    
   471.1551       110.6122       3.155889    
   476.1545       110.6481       3.138741    
   481.8401       110.6497       3.118329    
   489.3643       110.6497       3.096546    
   507.4286       110.6497       3.066265    
  -33.77417       98.76926       2.147421    
  -15.70986       98.76926       2.407742    
  -8.185690       98.76926       2.539331    
  -2.500000       98.76926       2.628479    
   2.481762       98.94752       2.694632    
   7.434425       99.35075       2.748277    
   12.38829       99.74802       2.788676    
   17.37068       99.95215       2.814436    
   22.36992       100.0017       2.824164    
   27.36889       100.0582       2.817191    
   32.36626       100.1525       2.794442    
   37.36148       100.2807       2.758636    
   42.35468       100.4347       2.713956    
   47.34677       100.6009       2.665141    
   52.33939       100.7612       2.617087    
   57.33461       100.8883       2.574382    
   62.33282       100.9611       2.540854    
   67.33237       100.9634       2.519567    
   72.33087       100.8971       2.511036    
   77.32610       100.7716       2.512156    
   82.31709       100.5952       2.517819    
   87.30524       100.3919       2.523004    
   92.29430       100.1970       2.522786    
   97.28818       100.0560       2.512049    
   102.2866       99.99355       2.484476    
   107.2863       99.96349       2.432060    
   112.2728       99.79222       2.346993    
   117.2255       99.39693       2.244489    
   122.1606       98.92178       2.195350    
   127.1186       98.55151       2.169871    
   132.1048       98.34343       2.156964    
   137.1018       98.25465       2.153424    
   142.1004       98.28233       2.160354    
   147.0855       98.48299       2.180740    
   152.0289       98.91029       2.221330    
   156.9416       99.46066       2.297260    
   161.8866       99.87329       2.438132    
   166.8759       100.0306       2.703828    
   171.8755       100.0344       2.953138    
   176.8751       99.99930       3.188568    
   181.8749       99.98188       3.372494    
   186.8749       99.98126       3.504593    
   191.8749       99.98149       3.588753    
   196.8749       99.98150       3.631590    
   201.8749       99.98149       3.641819    
   206.8749       99.98139       3.629089    
   211.8749       99.98287       3.601357    
   216.8748       99.99718       3.563995    
   221.8745       100.0337       3.520271    
   226.8739       100.0764       3.472933    
   231.8736       100.0783       3.424495    
   236.8703       99.98734       3.378459    
   241.8605       99.80609       3.340348    
   246.8531       99.66279       3.312840    
   251.8497       99.69608       3.296047    
   256.8403       99.87341       3.291142    
   261.8292       100.0697       3.299704    
   266.8226       100.2184       3.322241    
   271.8200       100.3085       3.358120    
   276.8195       100.3370       3.405637    
   281.8193       100.3194       3.461360    
   286.8188       100.2782       3.519381    
   291.8181       100.2263       3.571940    
   296.8170       100.1659       3.610241    
   301.8156       100.0944       3.625498    
   306.8141       100.0256       3.611005    
   311.8136       100.0009       3.564493    
   316.8123       99.95772       3.487812    
   321.7794       99.67523       3.385100    
   326.7076       99.17667       3.260795    
   331.6619       99.00801       3.119186    
   336.6017       99.41222       2.962656    
   341.4941       100.0225       2.776822    
   346.3997       100.5932       2.576764    
   351.3318       101.0763       2.466772    
   356.3008       101.3793       2.406528    
   361.2956       101.5031       2.373095    
   366.2939       101.5798       2.356769    
   371.2916       101.6697       2.352446    
   376.2886       101.7719       2.356123    
   381.2849       101.8861       2.367211    
   386.2799       102.0170       2.391153    
   391.2732       102.1703       2.440051    
   396.2645       102.3440       2.536520    
   401.2549       102.5270       2.720861    
   406.2462       102.7009       3.037368    
   411.2407       102.8377       3.252092    
   416.2387       102.9132       3.390046    
   421.2385       102.9358       3.467477    
   426.2385       102.9382       3.500166    
   431.2385       102.9481       3.501702    
   436.2343       103.0419       3.483038    
   441.2233       103.2365       3.453389    
   446.2118       103.4361       3.419206    
   451.2035       103.6058       3.384540    
   456.1937       103.7895       3.352357    
   461.1783       104.0197       3.323649    
   466.1624       104.2553       3.298223    
   471.1551       104.3953       3.276135    
   476.1545       104.4279       3.256526    
   481.8401       104.4295       3.233923    
   489.3643       104.4295       3.205954    
   507.4286       104.4295       3.158613    
  -33.77417       92.28692       2.239120    
  -15.70986       92.28692       2.482543    
  -8.185690       92.28692       2.586674    
  -2.500000       92.28692       2.657258    
   2.481762       92.44483       2.709052    
   7.434425       92.80198       2.750086    
   12.38829       93.15384       2.779999    
   17.37068       93.33465       2.798356    
   22.36992       93.37855       2.804698    
   27.36889       93.42858       2.798675    
   32.36626       93.51208       2.781314    
   37.36148       93.62569       2.754864    
   42.35468       93.76205       2.722315    
   47.34677       93.90923       2.686645    
   52.33939       94.05121       2.650663    
   57.33461       94.16380       2.617169    
   62.33282       94.22831       2.589061    
   67.33237       94.23037       2.568946    
   72.33087       94.17159       2.557627    
   77.32610       94.06042       2.553391    
   82.31709       93.90422       2.553099    
   87.30524       93.72411       2.553331    
   92.29430       93.55146       2.550278    
   97.28818       93.42661       2.539678    
   102.2866       93.37131       2.516472    
   107.2863       93.34469       2.474097    
   112.2728       93.19299       2.402585    
   117.2255       92.84286       2.282737    
   122.1606       92.42202       2.217371    
   127.1186       92.09407       2.182030    
   132.1048       91.90976       2.163809    
   137.1018       91.83113       2.156562    
   142.1004       91.85565       2.158671    
   147.0855       92.03337       2.171223    
   152.0289       92.41184       2.198270    
   156.9416       92.89931       2.248833    
   161.8866       93.26480       2.339213    
   166.8759       93.40413       2.495383    
   171.8755       93.40750       2.750526    
   176.8751       93.37640       2.985150    
   181.8749       93.36098       3.202119    
   186.8749       93.36044       3.372143    
   191.8749       93.36063       3.497614    
   196.8749       93.36064       3.582449    
   201.8749       93.36063       3.632342    
   206.8749       93.36054       3.653982    
   211.8749       93.36186       3.653653    
   216.8748       93.37454       3.637151    
   221.8745       93.40688       3.609411    
   226.8739       93.44470       3.574751    
   231.8736       93.44635       3.537071    
   236.8703       93.36582       3.500438    
   241.8605       93.20527       3.469079    
   246.8531       93.07835       3.444992    
   251.8497       93.10783       3.429056    
   256.8403       93.26490       3.422883    
   261.8292       93.43874       3.427544    
   266.8226       93.57047       3.442799    
   271.8200       93.65030       3.467601    
   276.8195       93.67554       3.500181    
   281.8193       93.65989       3.537432    
   286.8188       93.62345       3.574518    
   291.8181       93.57744       3.605570    
   296.8170       93.52392       3.624684    
   301.8156       93.46066       3.626542    
   306.8141       93.39973       3.607273    
   311.8136       93.37785       3.565346    
   316.8123       93.33959       3.501316    
   321.7794       93.08938       3.417296    
   326.7076       92.64779       3.315367    
   331.6619       92.49840       3.196047    
   336.6017       92.85643       3.059105    
   341.4941       93.39696       2.901002    
   346.3997       93.90244       2.714832    
   351.3318       94.33030       2.521941    
   356.3008       94.59869       2.424886    
   361.2956       94.70834       2.372690    
   366.2939       94.77627       2.345387    
   371.2916       94.85593       2.333461    
   376.2886       94.94642       2.331543    
   381.2849       95.04758       2.338597    
   386.2799       95.16358       2.358907    
   391.2732       95.29931       2.402278    
   396.2645       95.45317       2.486918    
   401.2549       95.61526       2.646756    
   406.2462       95.76926       2.942595    
   411.2407       95.89043       3.159424    
   416.2387       95.95733       3.311598    
   421.2385       95.97731       3.410244    
   426.2385       95.97943       3.466907    
   431.2385       95.98818       3.492819    
   436.2343       96.07135       3.497465    
   441.2233       96.24365       3.488644    
   446.2118       96.42047       3.471945    
   451.2035       96.57073       3.451246    
   456.1937       96.73344       3.430434    
   461.1783       96.93733       3.411139    
   466.1624       97.14609       3.391574    
   471.1551       97.27006       3.370646    
   476.1545       97.29897       3.348923    
   481.8401       97.30029       3.324650    
   489.3643       97.30029       3.294934    
   507.4286       97.30029       3.236188    
  -33.77417       84.70639       2.332957    
  -15.70986       84.70639       2.541605    
  -8.185690       84.70639       2.624853    
  -2.500000       84.70639       2.680467    
   2.481762       84.84047       2.720849    
   7.434425       85.14374       2.751476    
   12.38829       85.44250       2.773083    
   17.37068       85.59602       2.785899    
   22.36992       85.63330       2.789855    
   27.36889       85.67580       2.785344    
   32.36626       85.74669       2.773216    
   37.36148       85.84315       2.755078    
   42.35468       85.95895       2.733078    
   47.34677       86.08392       2.709320    
   52.33939       86.20448       2.685233    
   57.33461       86.30008       2.661848    
   62.33282       86.35486       2.640904    
   67.33237       86.35661       2.624498    
   72.33087       86.30669       2.613441    
   77.32610       86.21230       2.606831    
   82.31709       86.07966       2.602886    
   87.30524       85.92673       2.599440    
   92.29430       85.78013       2.593739    
   97.28818       85.67411       2.582459    
   102.2866       85.62716       2.561960    
   107.2863       85.60456       2.527966    
   112.2728       85.47575       2.474751    
   117.2255       85.17844       2.394678    
   122.1606       84.82110       2.280361    
   127.1186       84.54264       2.217739    
   132.1048       84.38613       2.184287    
   137.1018       84.31937       2.167903    
   142.1004       84.34019       2.162958    
   147.0855       84.49109       2.167736    
   152.0289       84.81246       2.183398    
   156.9416       85.22638       2.214577    
   161.8866       85.53673       2.269992    
   166.8759       85.65503       2.363473    
   171.8755       85.65790       2.516139    
   176.8751       85.63148       2.760864    
   181.8749       85.61840       2.981995    
   186.8749       85.61794       3.184112    
   191.8749       85.61810       3.343371    
   196.8749       85.61810       3.464067    
   201.8749       85.61810       3.550463    
   206.8749       85.61802       3.606963    
   211.8749       85.61914       3.638072    
   216.8748       85.62991       3.648703    
   221.8745       85.65736       3.643919    
   226.8739       85.68948       3.628607    
   231.8736       85.69088       3.607168    
   236.8703       85.62250       3.583532    
   241.8605       85.48617       3.561005    
   246.8531       85.37840       3.541833    
   251.8497       85.40344       3.528135    
   256.8403       85.53680       3.521902    
   261.8292       85.68442       3.523661    
   266.8226       85.79627       3.532550    
   271.8200       85.86406       3.547162    
   276.8195       85.88549       3.565670    
   281.8193       85.87220       3.585543    
   286.8188       85.84126       3.603521    
   291.8181       85.80219       3.616068    
   296.8170       85.75674       3.619875    
   301.8156       85.70303       3.611845    
   306.8141       85.65130       3.589343    
   311.8136       85.63272       3.550828    
   316.8123       85.60023       3.496064    
   321.7794       85.38776       3.425963    
   326.7076       85.01280       3.341118    
   331.6619       84.88596       3.240280    
   336.6017       85.18996       3.122247    
   341.4941       85.64894       2.984015    
   346.3997       86.07815       2.815944    
   351.3318       86.44146       2.600491    
   356.3008       86.66934       2.478530    
   361.2956       86.76245       2.402885    
   366.2939       86.82014       2.359477    
   371.2916       86.88777       2.337012    
   376.2886       86.96461       2.328500    
   381.2849       87.05051       2.331778    
   386.2799       87.14902       2.349684    
   391.2732       87.26426       2.390129    
   396.2645       87.39491       2.468537    
   401.2549       87.53254       2.613742    
   406.2462       87.66331       2.876621    
   411.2407       87.76619       3.079017    
   416.2387       87.82300       3.230366    
   421.2385       87.83997       3.338218    
   426.2385       87.84176       3.410660    
   431.2385       87.84920       3.455766    
   436.2343       87.91981       3.480551    
   441.2233       88.06612       3.490816    
   446.2118       88.21626       3.490705    
   451.2035       88.34385       3.483423    
   456.1937       88.48203       3.472222    
   461.1783       88.65514       3.459503    
   466.1624       88.83239       3.445734    
   471.1551       88.93765       3.429498    
   476.1545       88.96221       3.410687    
   481.8401       88.96335       3.388458    
   489.3643       88.96335       3.359303    
   507.4286       88.96335       3.293623    
  -33.77417       75.60016       2.432073    
  -15.70986       75.60016       2.589289    
  -8.185690       75.60016       2.653550    
  -2.500000       75.60016       2.696643    
   2.481762       75.70561       2.727755    
   7.434425       75.94414       2.751668    
   12.38829       76.17914       2.767875    
   17.37068       76.29989       2.777168    
   22.36992       76.32921       2.780055    
   27.36889       76.36263       2.777203    
   32.36626       76.41840       2.769608    
   37.36148       76.49427       2.758238    
   42.35468       76.58534       2.744594    
   47.34677       76.68364       2.730299    
   52.33939       76.77846       2.716291    
   57.33461       76.85366       2.702662    
   62.33282       76.89674       2.689614    
   67.33237       76.89812       2.678145    
   72.33087       76.85886       2.669138    
   77.32610       76.78461       2.662422    
   82.31709       76.68029       2.657054    
   87.30524       76.56001       2.651770    
   92.29430       76.44469       2.644747    
   97.28818       76.36131       2.633595    
   102.2866       76.32438       2.615682    
   107.2863       76.30660       2.588109    
   112.2728       76.20528       2.547382    
   117.2255       75.97144       2.488948    
   122.1606       75.69038       2.407640    
   127.1186       75.47135       2.296615    
   132.1048       75.34826       2.238355    
   137.1018       75.29574       2.206625    
   142.1004       75.31212       2.190828    
   147.0855       75.43081       2.186224    
   152.0289       75.68358       2.191663    
   156.9416       76.00915       2.208955    
   161.8866       76.25325       2.242516    
   166.8759       76.34630       2.299844    
   171.8755       76.34855       2.393343    
   176.8751       76.32778       2.541850    
   181.8749       76.31749       2.772328    
   186.8749       76.31712       2.973110    
   191.8749       76.31725       3.158040    
   196.8749       76.31725       3.305374    
   201.8749       76.31725       3.420806    
   206.8749       76.31718       3.507942    
   211.8749       76.31807       3.569367    
   216.8748       76.32654       3.608489    
   221.8745       76.34814       3.629288    
   226.8739       76.37340       3.636013    
   231.8736       76.37450       3.632826    
   236.8703       76.32071       3.623632    
   241.8605       76.21349       3.611923    
   246.8531       76.12872       3.600590    
   251.8497       76.14841       3.591950    
   256.8403       76.25331       3.587368    
   261.8292       76.36942       3.586998    
   266.8226       76.45739       3.590353    
   271.8200       76.51070       3.596645    
   276.8195       76.52757       3.604466    
   281.8193       76.51711       3.611664    
   286.8188       76.49277       3.615817    
   291.8181       76.46204       3.614847    
   296.8170       76.42630       3.607202    
   301.8156       76.38405       3.591502    
   306.8141       76.34336       3.566213    
   311.8136       76.32875       3.529914    
   316.8123       76.30320       3.481877    
   321.7794       76.13609       3.422287    
   326.7076       75.84116       3.351315    
   331.6619       75.74139       3.267931    
   336.6017       75.98050       3.172249    
   341.4941       76.34151       3.064315    
   346.3997       76.67910       2.941764    
   351.3318       76.96486       2.804528    
   356.3008       77.14410       2.658076    
   361.2956       77.21733       2.508201    
   366.2939       77.26270       2.427283    
   371.2916       77.31591       2.384648    
   376.2886       77.37634       2.365084    
   381.2849       77.44391       2.362595    
   386.2799       77.52139       2.377475    
   391.2732       77.61202       2.415267    
   396.2645       77.71479       2.488129    
   401.2549       77.82304       2.618764    
   406.2462       77.92590       2.846276    
   411.2407       78.00681       3.025698    
   416.2387       78.05150       3.165893    
   421.2385       78.06484       3.272772    
   426.2385       78.06626       3.351635    
   431.2385       78.07211       3.407880    
   436.2343       78.12765       3.446221    
   441.2233       78.24273       3.470155    
   446.2118       78.36082       3.482967    
   451.2035       78.46117       3.487636    
   456.1937       78.56985       3.486424    
   461.1783       78.70601       3.481169    
   466.1624       78.84543       3.472695    
   471.1551       78.92822       3.462099    
   476.1545       78.94754       3.449982    
   481.8401       78.94843       3.433513    
   489.3643       78.94843       3.407521    
   507.4286       78.94843       3.328386    
  -33.77417       56.32260       2.556655    
  -15.70986       56.32260       2.643166    
  -8.185690       56.32260       2.678734    
  -2.500000       56.32260       2.703798    
   2.481762       56.36747       2.723169    
   7.434425       56.46896       2.739072    
   12.38829       56.56895       2.751117    
   17.37068       56.62033       2.758667    
   22.36992       56.63280       2.763160    
   27.36889       56.64702       2.765146    
   32.36626       56.67075       2.764908    
   37.36148       56.70303       2.762830    
   42.35468       56.74178       2.759115    
   47.34677       56.78361       2.754539    
   52.33939       56.82395       2.750095    
   57.33461       56.85595       2.746287    
   62.33282       56.87428       2.742790    
   67.33237       56.87487       2.739164    
   72.33087       56.85816       2.735650    
   77.32610       56.82657       2.732497    
   82.31709       56.78218       2.729187    
   87.30524       56.73100       2.724876    
   92.29430       56.68194       2.718864    
   97.28818       56.64646       2.710420    
   102.2866       56.63075       2.698574    
   107.2863       56.62318       2.682098    
   112.2728       56.58007       2.659629    
   117.2255       56.48058       2.629663    
   122.1606       56.36099       2.590443    
   127.1186       56.26780       2.539971    
   132.1048       56.21542       2.476653    
   137.1018       56.19307       2.405452    
   142.1004       56.20005       2.359962    
   147.0855       56.25055       2.332642    
   152.0289       56.35809       2.319318    
   156.9416       56.49662       2.318198    
   161.8866       56.60048       2.329417    
   166.8759       56.64007       2.354981    
   171.8755       56.64103       2.398670    
   176.8751       56.63219       2.465557    
   181.8749       56.62782       2.561298    
   186.8749       56.62766       2.691021    
   191.8749       56.62771       2.864718    
   196.8749       56.62772       3.022597    
   201.8749       56.62771       3.165441    
   206.8749       56.62769       3.294104    
   211.8749       56.62806       3.398780    
   216.8748       56.63167       3.481180    
   221.8745       56.64086       3.543482    
   226.8739       56.65160       3.588356    
   231.8736       56.65207       3.618823    
   236.8703       56.62919       3.638009    
   241.8605       56.58356       3.648911    
   246.8531       56.54750       3.654185    
   251.8497       56.55588       3.655948    
   256.8403       56.60051       3.655757    
   261.8292       56.64991       3.654536    
   266.8226       56.68734       3.652630    
   271.8200       56.71003       3.649985    
   276.8195       56.71720       3.646212    
   281.8193       56.71275       3.640563    
   286.8188       56.70240       3.631958    
   291.8181       56.68932       3.619191    
   296.8170       56.67411       3.601277    
   301.8156       56.65614       3.577623    
   306.8141       56.63882       3.547891    
   311.8136       56.63261       3.511793    
   316.8123       56.62173       3.469103    
   321.7794       56.55063       3.419997    
   326.7076       56.42514       3.364767    
   331.6619       56.38269       3.303209    
   336.6017       56.48443       3.236775    
   341.4941       56.63803       3.166463    
   346.3997       56.78168       3.090971    
   351.3318       56.90327       3.009351    
   356.3008       56.97953       2.920310    
   361.2956       57.01069       2.821746    
   366.2939       57.02999       2.710379    
   371.2916       57.05263       2.640824    
   376.2886       57.07835       2.601440    
   381.2849       57.10709       2.585649    
   386.2799       57.14006       2.591002    
   391.2732       57.17862       2.618660    
   396.2645       57.22235       2.673229    
   401.2549       57.26841       2.762567    
   406.2462       57.31217       2.897416    
   411.2407       57.34660       3.014093    
   416.2387       57.36561       3.115036    
   421.2385       57.37129       3.201659    
   426.2385       57.37189       3.274742    
   431.2385       57.37438       3.335170    
   436.2343       57.39801       3.384045    
   441.2233       57.44698       3.422760    
   446.2118       57.49723       3.452513    
   451.2035       57.53992       3.474285    
   456.1937       57.58617       3.489711    
   461.1783       57.64410       3.499620    
   466.1624       57.70342       3.504775    
   471.1551       57.73865       3.506489    
   476.1545       57.74687       3.506030    
   481.8401       57.74725       3.504608    
   489.3643       57.74725       3.501990    
   507.4286       57.74725       3.460648    
