   42675.1284934587     
  -33.77417       136.6885      -3.300349    
  -15.70986       136.6885      -3.263393    
  -8.185690       136.6885      -2.688663    
  -2.500000       136.6885      -1.802800    
   2.481762       136.9860      -1.840011    
   7.434425       137.6588      -1.756917    
   12.38829       138.3216     -0.8967432    
   17.37068       138.6622      -1.065068    
   22.36992       138.7449     -0.7463248    
   27.36889       138.8391     -0.3522743    
   32.36626       138.9964     -0.3390174    
   37.36148       139.2104     -0.3499309    
   42.35468       139.4673     -0.2857794    
   47.34677       139.7446     -0.3082898    
   52.33939       140.0120     -0.3431651    
   57.33461       140.2241     -0.7529693    
   62.33282       140.3456     -0.7864794    
   67.33237       140.3495     -0.4092730    
   72.33087       140.2388     -0.8742272    
   77.32610       140.0294     -0.4396730    
   82.31709       139.7351     -0.2768647    
   87.30524       139.3958     -0.2193777    
   92.29430       139.0706     -0.1449595    
   97.28818       138.8354     -8.9681834E-02
   102.2866       138.7312     -0.1418549    
   107.2863       138.6811     -0.4020826    
   112.2728       138.3953     -0.6105151    
   117.2255       137.7357     -0.5753036    
   122.1606       136.9430     -0.5564620    
   127.1186       136.3252      -1.534038    
   132.1048       135.9780      -2.002445    
   137.1018       135.8299      -2.258109    
   142.1004       135.8761      -2.202594    
   147.0855       136.2108      -1.655651    
   152.0289       136.9238     -0.5376174    
   156.9416       137.8421     -0.5966935    
   161.8866       138.5306     -0.4473239    
   166.8759       138.7930     -0.3374740    
   171.8755       138.7994     -0.3213550    
   176.8751       138.7408     -0.2594571    
   181.8749       138.7118     -0.1489855    
   186.8749       138.7108     -0.1392694    
   191.8749       138.7111     -0.1669792    
   196.8749       138.7112     -0.1272629    
   201.8749       138.7111     -8.3388597E-02
   206.8749       138.7109     -0.4169734    
   211.8749       138.7134     -0.2812088    
   216.8748       138.7373     -0.4599983    
   221.8745       138.7983     -0.2929150    
   226.8739       138.8695     -7.1752585E-02
   231.8736       138.8726     -0.1970026    
   236.8703       138.7209     -0.1205196    
   241.8605       138.4185     -0.2188118    
   246.8531       138.1794     -0.2138596    
   251.8497       138.2349     -1.4416632E-02
   256.8403       138.5308      0.0000000E+00
   261.8292       138.8582     -4.8358679E-02
   266.8226       139.1064     -0.1043564    
   271.8200       139.2568     -0.1859521    
   276.8195       139.3043     -0.3315111    
   281.8193       139.2749     -0.6021217    
   286.8188       139.2062     -0.7060379    
   291.8181       139.1195     -0.1519760    
   296.8170       139.0187     -9.5869496E-02
   301.8156       138.8996     -0.2418920    
   306.8141       138.7848     -9.8639071E-02
   311.8136       138.7435     -0.1558551    
   316.8123       138.6715     -0.1859844    
   321.7794       138.2001     -0.3677348    
   326.7076       137.3683     -0.4357296    
   331.6619       137.0869     -0.2810870    
   336.6017       137.7613     -0.2868560    
   341.4941       138.7795     -0.7532938    
   346.3997       139.7317     -0.5306744    
   351.3318       140.5377     -0.3309167    
   356.3008       141.0433     -0.4043634    
   361.2956       141.2499     -0.4592010    
   366.2939       141.3779     -0.6259910    
   371.2916       141.5279     -0.4342485    
   376.2886       141.6984     -0.1837915    
   381.2849       141.8889     -0.1446508    
   386.2799       142.1075     -0.2358917    
   391.2732       142.3631     -0.2057946    
   396.2645       142.6530     -0.2431457    
   401.2549       142.9583     -0.1837444    
   406.2462       143.2484     -0.1749535    
   411.2407       143.4767     -0.2646450    
   416.2387       143.6027     -0.2862619    
   421.2385       143.6403     -0.4018372    
   426.2385       143.6443     -0.3694677    
   431.2385       143.6608     -0.4290253    
   436.2343       143.8174     -0.5734925    
   441.2233       144.1421     -0.9479516    
   446.2118       144.4751      -1.626601    
   451.2035       144.7582      -1.001920    
   456.1937       145.0647     -0.9293162    
   461.1783       145.4488      -2.053334    
   466.1624       145.8420      -2.017492    
   471.1551       146.0755      -2.033515    
   476.1545       146.1300      -2.660480    
   481.8401       146.1326      -3.419083    
   489.3643       146.1326      -3.698774    
   507.4286       146.1326      -3.260368    
  -33.77417       134.0858      -3.285072    
  -15.70986       134.0858      -3.276324    
  -8.185690       134.0858      -2.765262    
  -2.500000       134.0858      -2.559324    
   2.481762       134.3752      -2.762469    
   7.434425       135.0294      -2.629539    
   12.38829       135.6740      -1.990144    
   17.37068       136.0052      -2.435699    
   22.36992       136.0857      -1.929380    
   27.36889       136.1774      -1.845056    
   32.36626       136.3303      -1.709921    
   37.36148       136.5384      -1.604895    
   42.35468       136.7882      -1.370497    
   47.34677       137.0579      -1.467130    
   52.33939       137.3180      -1.551828    
   57.33461       137.5242      -1.664441    
   62.33282       137.6424      -1.896094    
   67.33237       137.6462      -1.671187    
   72.33087       137.5385      -1.951340    
   77.32610       137.3349      -1.495176    
   82.31709       137.0487      -1.417674    
   87.30524       136.7188      -1.173634    
   92.29430       136.4025      -1.325116    
   97.28818       136.1738      -1.794516    
   102.2866       136.0724      -1.694545    
   107.2863       136.0237      -1.509868    
   112.2728       135.7457      -1.218108    
   117.2255       135.1043      -1.391130    
   122.1606       134.3334      -1.589191    
   127.1186       133.7326      -2.628299    
   132.1048       133.3949      -2.182927    
   137.1018       133.2509      -2.416044    
   142.1004       133.2958      -2.394580    
   147.0855       133.6214      -2.696817    
   152.0289       134.3147      -1.558060    
   156.9416       135.2077      -1.468445    
   161.8866       135.8773      -1.223184    
   166.8759       136.1325      -1.170214    
   171.8755       136.1387      -1.361194    
   176.8751       136.0817      -1.660169    
   181.8749       136.0535      -1.540335    
   186.8749       136.0525      -1.347459    
   191.8749       136.0529      -1.243742    
   196.8749       136.0529      -1.228763    
   201.8749       136.0529      -1.199907    
   206.8749       136.0527      -1.214997    
   211.8749       136.0551      -1.238611    
   216.8748       136.0783      -1.151681    
   221.8745       136.1376      -1.380282    
   226.8739       136.2069      -1.044444    
   231.8736       136.2099      -1.451061    
   236.8703       136.0623      -1.444272    
   241.8605       135.7682      -1.881175    
   246.8531       135.5358      -2.013127    
   251.8497       135.5898      -1.760226    
   256.8403       135.8775      -1.437787    
   261.8292       136.1960      -1.558207    
   266.8226       136.4373      -1.594005    
   271.8200       136.5835      -1.103292    
   276.8195       136.6297      -1.126657    
   281.8193       136.6011      -1.166261    
   286.8188       136.5343      -1.365653    
   291.8181       136.4500      -1.424713    
   296.8170       136.3520      -1.560086    
   301.8156       136.2361      -1.864026    
   306.8141       136.1245      -1.601544    
   311.8136       136.0844      -1.557827    
   316.8123       136.0143      -1.221859    
   321.7794       135.5559      -1.309443    
   326.7076       134.7469      -1.450913    
   331.6619       134.4733      -1.225371    
   336.6017       135.1292      -1.385237    
   341.4941       136.1194      -1.632626    
   346.3997       137.0454      -1.220667    
   351.3318       137.8293      -1.513204    
   356.3008       138.3209     -0.9861074    
   361.2956       138.5218      -1.217044    
   366.2939       138.6463      -1.704816    
   371.2916       138.7922      -1.867281    
   376.2886       138.9579      -1.656472    
   381.2849       139.1433      -1.308755    
   386.2799       139.3558      -1.433213    
   391.2732       139.6044      -1.206687    
   396.2645       139.8863     -0.9826723    
   401.2549       140.1832      -1.347177    
   406.2462       140.4654      -1.592598    
   411.2407       140.6873      -1.558864    
   416.2387       140.8099      -1.443703    
   421.2385       140.8465      -1.590592    
   426.2385       140.8504      -1.376175    
   431.2385       140.8664      -1.697132    
   436.2343       141.0188      -1.633347    
   441.2233       141.3345      -1.934129    
   446.2118       141.6584      -2.401134    
   451.2035       141.9337      -2.233230    
   456.1937       142.2318      -2.148335    
   461.1783       142.6053      -2.678050    
   466.1624       142.9877      -2.686974    
   471.1551       143.2148      -2.945082    
   476.1545       143.2677      -3.175453    
   481.8401       143.2702      -3.490335    
   489.3643       143.2702      -3.702024    
   507.4286       143.2702      -3.261487    
  -33.77417       131.3152      -3.311619    
  -15.70986       131.3152      -3.363803    
  -8.185690       131.3152      -3.011170    
  -2.500000       131.3152      -3.030869    
   2.481762       131.5958      -3.145458    
   7.434425       132.2304      -3.069520    
   12.38829       132.8556      -2.880355    
   17.37068       133.1768      -3.093653    
   22.36992       133.2549      -2.868694    
   27.36889       133.3438      -2.743635    
   32.36626       133.4921      -2.580045    
   37.36148       133.6940      -2.375628    
   42.35468       133.9363      -2.208210    
   47.34677       134.1978      -2.110224    
   52.33939       134.4500      -2.182291    
   57.33461       134.6501      -2.398946    
   62.33282       134.7647      -2.549909    
   67.33237       134.7684      -2.414854    
   72.33087       134.6640      -2.645266    
   77.32610       134.4664      -2.304905    
   82.31709       134.1889      -2.149762    
   87.30524       133.8689      -2.039430    
   92.29430       133.5621      -2.090196    
   97.28818       133.3403      -2.215682    
   102.2866       133.2420      -2.123162    
   107.2863       133.1947      -1.996778    
   112.2728       132.9252      -1.927066    
   117.2255       132.3031      -1.940530    
   122.1606       131.5553      -2.207442    
   127.1186       130.9726      -3.043496    
   132.1048       130.6451      -2.638751    
   137.1018       130.5054      -2.726787    
   142.1004       130.5490      -2.856615    
   147.0855       130.8647      -3.120132    
   152.0289       131.5372      -2.284564    
   156.9416       132.4034      -2.090724    
   161.8866       133.0527      -1.761146    
   166.8759       133.3003      -1.833327    
   171.8755       133.3063      -2.112143    
   176.8751       133.2510      -2.209042    
   181.8749       133.2236      -2.198427    
   186.8749       133.2227      -2.171018    
   191.8749       133.2231      -2.000589    
   196.8749       133.2231      -1.991977    
   201.8749       133.2231      -1.677350    
   206.8749       133.2229      -1.733528    
   211.8749       133.2252      -1.627706    
   216.8748       133.2477      -1.883646    
   221.8745       133.3052      -1.883244    
   226.8739       133.3724      -1.670611    
   231.8736       133.3753      -2.081809    
   236.8703       133.2322      -2.127355    
   241.8605       132.9470      -2.360788    
   246.8531       132.7215      -2.465072    
   251.8497       132.7738      -2.308442    
   256.8403       133.0529      -2.138720    
   261.8292       133.3618      -2.042815    
   266.8226       133.5959      -1.910783    
   271.8200       133.7377      -1.626685    
   276.8195       133.7825      -1.530575    
   281.8193       133.7548      -1.576311    
   286.8188       133.6900      -1.928025    
   291.8181       133.6082      -2.085447    
   296.8170       133.5132      -2.358745    
   301.8156       133.4008      -2.603033    
   306.8141       133.2925      -2.514961    
   311.8136       133.2536      -2.387979    
   316.8123       133.1856      -2.139195    
   321.7794       132.7410      -2.035500    
   326.7076       131.9564      -2.196500    
   331.6619       131.6910      -2.176142    
   336.6017       132.3271      -2.115076    
   341.4941       133.2876      -2.176325    
   346.3997       134.1857      -1.899607    
   351.3318       134.9460      -1.986953    
   356.3008       135.4228      -1.750673    
   361.2956       135.6176      -1.912881    
   366.2939       135.7384      -2.360523    
   371.2916       135.8799      -2.440262    
   376.2886       136.0407      -2.269123    
   381.2849       136.2204      -2.180334    
   386.2799       136.4265      -2.071496    
   391.2732       136.6677      -1.854065    
   396.2645       136.9411      -1.895307    
   401.2549       137.2291      -2.030162    
   406.2462       137.5027      -2.308671    
   411.2407       137.7180      -2.435360    
   416.2387       137.8369      -2.306084    
   421.2385       137.8724      -2.370323    
   426.2385       137.8761      -2.378336    
   431.2385       137.8917      -2.434510    
   436.2343       138.0394      -2.381536    
   441.2233       138.3456      -2.576654    
   446.2118       138.6598      -2.927583    
   451.2035       138.9268      -2.865941    
   456.1937       139.2159      -2.716738    
   461.1783       139.5782      -2.857189    
   466.1624       139.9491      -3.157802    
   471.1551       140.1694      -3.431981    
   476.1545       140.2207      -3.605785    
   481.8401       140.2231      -3.664865    
   489.3643       140.2231      -3.773494    
   507.4286       140.2231      -3.329902    
  -33.77417       128.3538      -3.392725    
  -15.70986       128.3538      -3.570537    
  -8.185690       128.3538      -3.502786    
  -2.500000       128.3538      -3.637924    
   2.481762       128.6251      -3.730749    
   7.434425       129.2386      -3.798784    
   12.38829       129.8431      -3.821112    
   17.37068       130.1537      -3.928205    
   22.36992       130.2291      -3.832811    
   27.36889       130.3151      -3.692475    
   32.36626       130.4585      -3.504202    
   37.36148       130.6536      -3.291698    
   42.35468       130.8879      -3.113913    
   47.34677       131.1408      -2.946062    
   52.33939       131.3846      -2.967900    
   57.33461       131.5780      -3.198353    
   62.33282       131.6889      -3.313306    
   67.33237       131.6924      -3.280406    
   72.33087       131.5914      -3.415463    
   77.32610       131.4005      -3.228747    
   82.31709       131.1322      -3.093855    
   87.30524       130.8228      -3.003697    
   92.29430       130.5262      -2.862729    
   97.28818       130.3116      -2.672182    
   102.2866       130.2167      -2.580695    
   107.2863       130.1709      -2.588397    
   112.2728       129.9104      -2.648853    
   117.2255       129.3089      -2.644209    
   122.1606       128.5859      -2.851841    
   127.1186       128.0226      -3.382491    
   132.1048       127.7059      -3.243882    
   137.1018       127.5708      -3.269889    
   142.1004       127.6130      -3.412344    
   147.0855       127.9183      -3.510267    
   152.0289       128.5684      -3.037910    
   156.9416       129.4059      -2.736867    
   161.8866       130.0337      -2.480120    
   166.8759       130.2731      -2.590190    
   171.8755       130.2789      -2.810072    
   176.8751       130.2254      -2.788915    
   181.8749       130.1989      -2.818377    
   186.8749       130.1980      -2.885918    
   191.8749       130.1983      -2.778510    
   196.8749       130.1983      -2.620048    
   201.8749       130.1983      -2.264017    
   206.8749       130.1982      -2.663513    
   211.8749       130.2005      -2.107104    
   216.8748       130.2222      -2.534370    
   221.8745       130.2778      -2.536709    
   226.8739       130.3428      -2.332860    
   231.8736       130.3456      -2.574939    
   236.8703       130.2072      -2.543143    
   241.8605       129.9314      -2.572025    
   246.8531       129.7134      -2.568810    
   251.8497       129.7641      -2.472896    
   256.8403       130.0339      -2.369950    
   261.8292       130.3325      -2.218237    
   266.8226       130.5588      -2.114462    
   271.8200       130.6960      -2.127544    
   276.8195       130.7393      -2.198389    
   281.8193       130.7124      -2.273695    
   286.8188       130.6498      -2.644301    
   291.8181       130.5708      -2.818291    
   296.8170       130.4788      -3.044982    
   301.8156       130.3701      -3.222766    
   306.8141       130.2655      -3.216511    
   311.8136       130.2279      -3.121455    
   316.8123       130.1622      -2.926466    
   321.7794       129.7323      -2.803776    
   326.7076       128.9738      -2.939106    
   331.6619       128.7171      -2.954672    
   336.6017       129.3322      -2.780211    
   341.4941       130.2607      -2.684224    
   346.3997       131.1291      -2.501185    
   351.3318       131.8641      -2.496852    
   356.3008       132.3251      -2.485403    
   361.2956       132.5135      -2.656016    
   366.2939       132.6302      -2.929868    
   371.2916       132.7671      -2.913739    
   376.2886       132.9225      -2.776603    
   381.2849       133.0963      -2.797300    
   386.2799       133.2955      -2.724625    
   391.2732       133.5287      -2.640142    
   396.2645       133.7930      -2.729301    
   401.2549       134.0715      -2.736627    
   406.2462       134.3360      -2.932516    
   411.2407       134.5442      -3.145031    
   416.2387       134.6591      -3.124857    
   421.2385       134.6935      -3.154045    
   426.2385       134.6971      -3.168765    
   431.2385       134.7121      -3.124220    
   436.2343       134.8550      -3.063680    
   441.2233       135.1510      -3.189248    
   446.2118       135.4547      -3.443972    
   451.2035       135.7129      -3.438345    
   456.1937       135.9924      -3.324609    
   461.1783       136.3427      -3.357317    
   466.1624       136.7012      -3.548555    
   471.1551       136.9142      -3.781723    
   476.1545       136.9639      -3.932499    
   481.8401       136.9662      -3.934512    
   489.3643       136.9662      -3.979902    
   507.4286       136.9662      -3.501066    
  -33.77417       125.1739      -3.545805    
  -15.70986       125.1739      -3.949353    
  -8.185690       125.1739      -3.950737    
  -2.500000       125.1739      -4.108012    
   2.481762       125.4352      -4.176153    
   7.434425       126.0261      -4.283087    
   12.38829       126.6083      -4.398028    
   17.37068       126.9075      -4.489247    
   22.36992       126.9801      -4.449039    
   27.36889       127.0629      -4.324742    
   32.36626       127.2010      -4.157679    
   37.36148       127.3890      -3.969927    
   42.35468       127.6146      -3.767621    
   47.34677       127.8582      -3.588937    
   52.33939       128.0931      -3.546986    
   57.33461       128.2793      -3.699146    
   62.33282       128.3861      -3.741996    
   67.33237       128.3895      -3.760422    
   72.33087       128.2923      -3.816100    
   77.32610       128.1083      -3.746160    
   82.31709       127.8499      -3.669687    
   87.30524       127.5519      -3.592891    
   92.29430       127.2662      -3.456213    
   97.28818       127.0596      -3.308080    
   102.2866       126.9681      -3.227489    
   107.2863       126.9241      -3.265955    
   112.2728       126.6731      -3.325843    
   117.2255       126.0938      -3.356627    
   122.1606       125.3975      -3.519643    
   127.1186       124.8549      -3.820931    
   132.1048       124.5499      -3.872972    
   137.1018       124.4198      -3.897545    
   142.1004       124.4603      -3.927616    
   147.0855       124.7544      -3.925469    
   152.0289       125.3806      -3.666547    
   156.9416       126.1872      -3.515199    
   161.8866       126.7919      -3.388150    
   166.8759       127.0225      -3.539198    
   171.8755       127.0280      -3.779652    
   176.8751       126.9765      -3.832429    
   181.8749       126.9510      -3.894588    
   186.8749       126.9501      -3.960398    
   191.8749       126.9505      -3.823871    
   196.8749       126.9505      -3.546626    
   201.8749       126.9505      -3.327314    
   206.8749       126.9503      -3.703005    
   211.8749       126.9525      -3.053754    
   216.8748       126.9735      -3.320464    
   221.8745       127.0270      -3.370253    
   226.8739       127.0896      -3.198550    
   231.8736       127.0923      -3.274490    
   236.8703       126.9591      -3.205381    
   241.8605       126.6934      -3.156499    
   246.8531       126.4834      -3.099161    
   251.8497       126.5322      -3.012779    
   256.8403       126.7921      -2.917926    
   261.8292       127.0797      -2.791045    
   266.8226       127.2977      -2.752826    
   271.8200       127.4297      -2.889195    
   276.8195       127.4715      -3.097825    
   281.8193       127.4456      -3.249279    
   286.8188       127.3853      -3.580256    
   291.8181       127.3092      -3.819566    
   296.8170       127.2206      -4.028233    
   301.8156       127.1160      -4.163857    
   306.8141       127.0152      -4.139895    
   311.8136       126.9790      -4.015211    
   316.8123       126.9157      -3.820483    
   321.7794       126.5017      -3.730486    
   326.7076       125.7710      -3.811554    
   331.6619       125.5238      -3.750331    
   336.6017       126.1162      -3.560183    
   341.4941       127.0106      -3.409307    
   346.3997       127.8469      -3.280706    
   351.3318       128.5549      -3.249578    
   356.3008       128.9989      -3.299419    
   361.2956       129.1804      -3.442848    
   366.2939       129.2928      -3.602922    
   371.2916       129.4245      -3.606108    
   376.2886       129.5742      -3.524802    
   381.2849       129.7417      -3.538647    
   386.2799       129.9336      -3.537498    
   391.2732       130.1582      -3.540394    
   396.2645       130.4128      -3.628553    
   401.2549       130.6809      -3.671620    
   406.2462       130.9357      -3.833877    
   411.2407       131.1362      -4.083912    
   416.2387       131.2469      -4.180418    
   421.2385       131.2800      -4.212132    
   426.2385       131.2835      -4.201761    
   431.2385       131.2979      -4.136692    
   436.2343       131.4355      -4.072474    
   441.2233       131.7207      -4.125994    
   446.2118       132.0132      -4.255015    
   451.2035       132.2618      -4.251191    
   456.1937       132.5311      -4.173635    
   461.1783       132.8684      -4.167936    
   466.1624       133.2138      -4.274311    
   471.1551       133.4189      -4.441104    
   476.1545       133.4668      -4.578411    
   481.8401       133.4690      -4.526824    
   489.3643       133.4690      -4.481333    
   507.4286       133.4690      -3.840713    
  -33.77417       121.7413      -3.715266    
  -15.70986       121.7413      -4.278299    
  -8.185690       121.7413      -4.358347    
  -2.500000       121.7413      -4.519818    
   2.481762       121.9919      -4.555386    
   7.434425       122.5584      -4.631021    
   12.38829       123.1165      -4.723671    
   17.37068       123.4034      -4.793503    
   22.36992       123.4730      -4.780491    
   27.36889       123.5524      -4.691267    
   32.36626       123.6848      -4.557047    
   37.36148       123.8650      -4.384618    
   42.35468       124.0813      -4.183472    
   47.34677       124.3148      -4.022633    
   52.33939       124.5400      -3.974794    
   57.33461       124.7186      -4.021751    
   62.33282       124.8209      -4.000954    
   67.33237       124.8242      -4.005283    
   72.33087       124.7309      -4.038782    
   77.32610       124.5546      -4.029974    
   82.31709       124.3068      -4.000549    
   87.30524       124.0211      -3.950020    
   92.29430       123.7473      -3.858056    
   97.28818       123.5492      -3.753983    
   102.2866       123.4615      -3.712455    
   107.2863       123.4193      -3.730742    
   112.2728       123.1786      -3.775711    
   117.2255       122.6232      -3.837813    
   122.1606       121.9557      -3.965765    
   127.1186       121.4355      -4.125873    
   132.1048       121.1431      -4.204022    
   137.1018       121.0183      -4.216778    
   142.1004       121.0573      -4.192918    
   147.0855       121.3392      -4.176617    
   152.0289       121.9395      -4.109844    
   156.9416       122.7128      -4.060293    
   161.8866       123.2925      -4.014042    
   166.8759       123.5135      -4.098706    
   171.8755       123.5189      -4.316014    
   176.8751       123.4696      -4.485339    
   181.8749       123.4451      -4.623796    
   186.8749       123.4443      -4.723984    
   191.8749       123.4446      -4.651116    
   196.8749       123.4446      -4.404874    
   201.8749       123.4446      -4.315852    
   206.8749       123.4444      -4.459494    
   211.8749       123.4465      -3.953738    
   216.8748       123.4666      -3.991963    
   221.8745       123.5179      -4.025407    
   226.8739       123.5779      -3.915374    
   231.8736       123.5806      -3.895521    
   236.8703       123.4528      -3.816633    
   241.8605       123.1981      -3.745419    
   246.8531       122.9968      -3.670346    
   251.8497       123.0435      -3.589693    
   256.8403       123.2927      -3.528268    
   261.8292       123.5684      -3.455851    
   266.8226       123.7774      -3.476736    
   271.8200       123.9041      -3.646683    
   276.8195       123.9441      -3.860934    
   281.8193       123.9193      -4.091642    
   286.8188       123.8614      -4.373421    
   291.8181       123.7885      -4.604413    
   296.8170       123.7036      -4.761567    
   301.8156       123.6032      -4.812449    
   306.8141       123.5066      -4.712615    
   311.8136       123.4719      -4.487333    
   316.8123       123.4112      -4.310211    
   321.7794       123.0143      -4.249208    
   326.7076       122.3138      -4.275741    
   331.6619       122.0768      -4.157780    
   336.6017       122.6448      -3.985878    
   341.4941       123.5022      -3.847644    
   346.3997       124.3040      -3.768854    
   351.3318       124.9827      -3.756808    
   356.3008       125.4084      -3.810752    
   361.2956       125.5824      -3.908876    
   366.2939       125.6901      -3.998750    
   371.2916       125.8165      -4.012034    
   376.2886       125.9600      -3.963882    
   381.2849       126.1205      -3.946903    
   386.2799       126.3045      -3.944789    
   391.2732       126.5198      -3.980467    
   396.2645       126.7639      -4.081838    
   401.2549       127.0210      -4.237947    
   406.2462       127.2653      -4.420573    
   411.2407       127.4575      -4.679435    
   416.2387       127.5636      -4.888271    
   421.2385       127.5953      -4.991595    
   426.2385       127.5986      -5.010253    
   431.2385       127.6125      -4.972299    
   436.2343       127.7445      -4.925560    
   441.2233       128.0178      -4.933398    
   446.2118       128.2982      -4.978439    
   451.2035       128.5366      -4.970210    
   456.1937       128.7948      -4.925261    
   461.1783       129.1181      -4.914126    
   466.1624       129.4493      -4.962935    
   471.1551       129.6459      -5.057971    
   476.1545       129.6918      -5.157589    
   481.8401       129.6939      -5.048460    
   489.3643       129.6939      -4.908177    
   507.4286       129.6939      -4.154902    
  -33.77417       118.0135      -3.896603    
  -15.70986       118.0135      -4.583472    
  -8.185690       118.0135      -4.732623    
  -2.500000       118.0135      -4.898814    
   2.481762       118.2522      -4.904339    
   7.434425       118.7923      -4.933265    
   12.38829       119.3243      -4.973934    
   17.37068       119.5977      -5.006310    
   22.36992       119.6640      -4.997213    
   27.36889       119.7397      -4.932361    
   32.36626       119.8660      -4.821276    
   37.36148       120.0378      -4.666914    
   42.35468       120.2439      -4.491373    
   47.34677       120.4665      -4.352340    
   52.33939       120.6811      -4.287365    
   57.33461       120.8514      -4.257594    
   62.33282       120.9489      -4.202608    
   67.33237       120.9520      -4.181592    
   72.33087       120.8632      -4.199595    
   77.32610       120.6951      -4.213727    
   82.31709       120.4589      -4.212377    
   87.30524       120.1866      -4.190498    
   92.29430       119.9255      -4.146131    
   97.28818       119.7367      -4.102195    
   102.2866       119.6531      -4.066558    
   107.2863       119.6129      -4.074184    
   112.2728       119.3835      -4.113167    
   117.2255       118.8540      -4.183328    
   122.1606       118.2177      -4.272924    
   127.1186       117.7218      -4.345946    
   132.1048       117.4431      -4.376401    
   137.1018       117.3242      -4.368543    
   142.1004       117.3613      -4.348085    
   147.0855       117.6301      -4.351595    
   152.0289       118.2023      -4.390227    
   156.9416       118.9394      -4.470532    
   161.8866       119.4921      -4.442840    
   166.8759       119.7027      -4.475983    
   171.8755       119.7078      -4.603749    
   176.8751       119.6608      -4.782775    
   181.8749       119.6375      -4.981093    
   186.8749       119.6367      -5.159033    
   191.8749       119.6370      -5.208459    
   196.8749       119.6370      -5.100453    
   201.8749       119.6370      -5.068861    
   206.8749       119.6368      -5.083746    
   211.8749       119.6388      -4.763181    
   216.8748       119.6580      -4.658986    
   221.8745       119.7069      -4.639278    
   226.8739       119.7641      -4.570351    
   231.8736       119.7666      -4.518690    
   236.8703       119.6448      -4.448932    
   241.8605       119.4020      -4.384044    
   246.8531       119.2101      -4.313648    
   251.8497       119.2547      -4.234550    
   256.8403       119.4922      -4.152682    
   261.8292       119.7551      -4.115705    
   266.8226       119.9542      -4.165089    
   271.8200       120.0750      -4.319706    
   276.8195       120.1131      -4.526057    
   281.8193       120.0895      -4.755467    
   286.8188       120.0343      -4.990167    
   291.8181       119.9648      -5.171762    
   296.8170       119.8839      -5.259707    
   301.8156       119.7882      -5.246042    
   306.8141       119.6961      -5.168546    
   311.8136       119.6630      -5.043163    
   316.8123       119.6051      -4.774110    
   321.7794       119.2268      -4.650846    
   326.7076       118.5591      -4.599951    
   331.6619       118.3332      -4.448627    
   336.6017       118.8746      -4.296354    
   341.4941       119.6919      -4.183146    
   346.3997       120.4562      -4.137025    
   351.3318       121.1031      -4.138034    
   356.3008       121.5089      -4.173191    
   361.2956       121.6748      -4.232276    
   366.2939       121.7775      -4.289134    
   371.2916       121.8979      -4.313334    
   376.2886       122.0348      -4.291164    
   381.2849       122.1877      -4.255328    
   386.2799       122.3631      -4.231850    
   391.2732       122.5684      -4.257454    
   396.2645       122.8010      -4.376229    
   401.2549       123.0461      -4.613549    
   406.2462       123.2790      -4.773884    
   411.2407       123.4621      -4.983019    
   416.2387       123.5633      -5.219193    
   421.2385       123.5935      -5.406954    
   426.2385       123.5967      -5.510060    
   431.2385       123.6100      -5.540903    
   436.2343       123.7357      -5.533338    
   441.2233       123.9963      -5.525230    
   446.2118       124.2636      -5.525115    
   451.2035       124.4909      -5.507473    
   456.1937       124.7369      -5.478812    
   461.1783       125.0452      -5.470179    
   466.1624       125.3608      -5.489809    
   471.1551       125.5482      -5.535307    
   476.1545       125.5920      -5.597025    
   481.8401       125.5940      -5.447898    
   489.3643       125.5940      -5.243698    
   507.4286       125.5940      -4.435410    
  -33.77417       113.9358      -4.087139    
  -15.70986       113.9358      -4.876075    
  -8.185690       113.9358      -5.079615    
  -2.500000       113.9358      -5.251340    
   2.481762       114.1617      -5.233741    
   7.434425       114.6728      -5.221899    
   12.38829       115.1762      -5.214930    
   17.37068       115.4350      -5.210750    
   22.36992       115.4978      -5.191978    
   27.36889       115.5694      -5.135618    
   32.36626       115.6889      -5.039206    
   37.36148       115.8514      -4.905783    
   42.35468       116.0465      -4.757182    
   47.34677       116.2571      -4.629930    
   52.33939       116.4603      -4.540231    
   57.33461       116.6214      -4.465899    
   62.33282       116.7137      -4.392658    
   67.33237       116.7167      -4.351560    
   72.33087       116.6326      -4.348728    
   77.32610       116.4735      -4.360387    
   82.31709       116.2499      -4.369297    
   87.30524       115.9922      -4.367850    
   92.29430       115.7452      -4.358456    
   97.28818       115.5665      -4.355887    
   102.2866       115.4874      -4.375813    
   107.2863       115.4493      -4.359458    
   112.2728       115.2323      -4.387847    
   117.2255       114.7313      -4.447783    
   122.1606       114.1291      -4.501734    
   127.1186       113.6599      -4.522779    
   132.1048       113.3961      -4.516443    
   137.1018       113.2836      -4.496606    
   142.1004       113.3186      -4.484237    
   147.0855       113.5730      -4.503962    
   152.0289       114.1145      -4.585959    
   156.9416       114.8120      -4.723159    
   161.8866       115.3350      -4.850212    
   166.8759       115.5344      -4.833989    
   171.8755       115.5392      -4.845722    
   176.8751       115.4947      -4.940526    
   181.8749       115.4726      -5.099686    
   186.8749       115.4719      -5.289360    
   191.8749       115.4722      -5.444002    
   196.8749       115.4722      -5.505027    
   201.8749       115.4722      -5.537495    
   206.8749       115.4720      -5.533023    
   211.8749       115.4739      -5.362448    
   216.8748       115.4921      -5.225315    
   221.8745       115.5383      -5.161213    
   226.8739       115.5924      -5.104232    
   231.8736       115.5948      -5.050734    
   236.8703       115.4796      -4.995457    
   241.8605       115.2498      -4.945263    
   246.8531       115.0682      -4.888724    
   251.8497       115.1104      -4.821370    
   256.8403       115.3352      -4.759171    
   261.8292       115.5839      -4.740738    
   266.8226       115.7724      -4.794789    
   271.8200       115.8866      -4.922428    
   276.8195       115.9228      -5.096473    
   281.8193       115.9004      -5.287281    
   286.8188       115.8482      -5.460939    
   291.8181       115.7824      -5.571603    
   296.8170       115.7058      -5.594218    
   301.8156       115.6153      -5.555186    
   306.8141       115.5281      -5.511746    
   311.8136       115.4968      -5.471294    
   316.8123       115.4420      -5.359792    
   321.7794       115.0840      -5.168183    
   326.7076       114.4521      -4.938007    
   331.6619       114.2384      -4.731930    
   336.6017       114.7507      -4.570778    
   341.4941       115.5241      -4.467908    
   346.3997       116.2474      -4.439208    
   351.3318       116.8596      -4.446265    
   356.3008       117.2437      -4.467227    
   361.2956       117.4006      -4.502401    
   366.2939       117.4977      -4.539902    
   371.2916       117.6117      -4.565364    
   376.2886       117.7412      -4.560534    
   381.2849       117.8860      -4.529663    
   386.2799       118.0519      -4.500968    
   391.2732       118.2462      -4.518429    
   396.2645       118.4663      -4.642006    
   401.2549       118.6983      -4.922322    
   406.2462       118.9186      -5.046807    
   411.2407       119.0920      -5.174751    
   416.2387       119.1877      -5.356136    
   421.2385       119.2163      -5.549881    
   426.2385       119.2194      -5.709745    
   431.2385       119.2319      -5.814608    
   436.2343       119.3509      -5.867533    
   441.2233       119.5975      -5.884100    
   446.2118       119.8504      -5.882400    
   451.2035       120.0655      -5.869249    
   456.1937       120.2983      -5.853982    
   461.1783       120.5900      -5.852347    
   466.1624       120.8887      -5.864772    
   471.1551       121.0661      -5.886384    
   476.1545       121.1075      -5.919508    
   481.8401       121.1095      -5.745923    
   489.3643       121.1095      -5.515618    
   507.4286       121.1095      -4.689106    
  -33.77417       109.4377      -4.285282    
  -15.70986       109.4377      -5.157524    
  -8.185690       109.4377      -5.401271    
  -2.500000       109.4377      -5.575545    
   2.481762       109.6495      -5.540481    
   7.434425       110.1285      -5.498433    
   12.38829       110.6005      -5.456102    
   17.37068       110.8431      -5.422451    
   22.36992       110.9020      -5.389317    
   27.36889       110.9691      -5.332342    
   32.36626       111.0811      -5.245219    
   37.36148       111.2335      -5.129858    
   42.35468       111.4164      -5.000547    
   47.34677       111.6138      -4.878003    
   52.33939       111.8043      -4.770806    
   57.33461       111.9553      -4.674209    
   62.33282       112.0418      -4.589936    
   67.33237       112.0446      -4.533814    
   72.33087       111.9657      -4.510011    
   77.32610       111.8166      -4.506696    
   82.31709       111.6071      -4.511541    
   87.30524       111.3655      -4.517719    
   92.29430       111.1339      -4.526417    
   97.28818       110.9664      -4.545694    
   102.2866       110.8923      -4.581982    
   107.2863       110.8566      -4.596159    
   112.2728       110.6531      -4.623460    
   117.2255       110.1834      -4.667200    
   122.1606       109.6189      -4.693220    
   127.1186       109.1790      -4.685374    
   132.1048       108.9318      -4.661685    
   137.1018       108.8263      -4.637605    
   142.1004       108.8592      -4.629520    
   147.0855       109.0976      -4.654279    
   152.0289       109.6052      -4.734191    
   156.9416       110.2591      -4.893961    
   161.8866       110.7494      -5.173358    
   166.8759       110.9363      -5.209344    
   171.8755       110.9408      -5.160447    
   176.8751       110.8991      -5.142359    
   181.8749       110.8784      -5.202938    
   186.8749       110.8776      -5.319269    
   191.8749       110.8779      -5.460070    
   196.8749       110.8779      -5.589427    
   201.8749       110.8779      -5.699286    
   206.8749       110.8778      -5.770760    
   211.8749       110.8796      -5.742767    
   216.8748       110.8966      -5.660521    
   221.8745       110.9400      -5.593657    
   226.8739       110.9907      -5.542089    
   231.8736       110.9929      -5.497287    
   236.8703       110.8849      -5.457911    
   241.8605       110.6695      -5.424707    
   246.8531       110.4993      -5.386297    
   251.8497       110.5388      -5.340481    
   256.8403       110.7495      -5.301324    
   261.8292       110.9827      -5.295790    
   266.8226       111.1594      -5.342530    
   271.8200       111.2665      -5.438271    
   276.8195       111.3003      -5.565103    
   281.8193       111.2794      -5.695347    
   286.8188       111.2305      -5.795025    
   291.8181       111.1687      -5.835230    
   296.8170       111.0969      -5.817536    
   301.8156       111.0121      -5.779906    
   306.8141       110.9304      -5.763808    
   311.8136       110.9010      -5.762872    
   316.8123       110.8497      -5.715957    
   321.7794       110.5141      -5.617800    
   326.7076       109.9218      -5.463290    
   331.6619       109.7214      -5.105824    
   336.6017       110.2016      -4.864105    
   341.4941       110.9267      -4.737341    
   346.3997       111.6047      -4.706612    
   351.3318       112.1786      -4.711277    
   356.3008       112.5386      -4.722701    
   361.2956       112.6857      -4.744535    
   366.2939       112.7768      -4.769961    
   371.2916       112.8837      -4.792485    
   376.2886       113.0050      -4.799138    
   381.2849       113.1407      -4.785858    
   386.2799       113.2963      -4.771951    
   391.2732       113.4784      -4.797928    
   396.2645       113.6848      -4.929334    
   401.2549       113.9022      -5.228016    
   406.2462       114.1088      -5.322068    
   411.2407       114.2713      -5.369328    
   416.2387       114.3611      -5.468273    
   421.2385       114.3878      -5.607725    
   426.2385       114.3907      -5.753835    
   431.2385       114.4025      -5.879895    
   436.2343       114.5140      -5.972986    
   441.2233       114.7451      -6.029808    
   446.2118       114.9823      -6.058997    
   451.2035       115.1839      -6.072287    
   456.1937       115.4022      -6.080238    
   461.1783       115.6756      -6.093659    
   466.1624       115.9556      -6.113498    
   471.1551       116.1219      -6.134714    
   476.1545       116.1607      -6.157529    
   481.8401       116.1625      -5.971526    
   489.3643       116.1625      -5.738281    
   507.4286       116.1625      -4.912515    
  -33.77417       104.4251      -4.486698    
  -15.70986       104.4251      -5.429117    
  -8.185690       104.4251      -5.693772    
  -2.500000       104.4251      -5.862746    
   2.481762       104.6212      -5.814978    
   7.434425       105.0646      -5.753668    
   12.38829       105.5015      -5.688534    
   17.37068       105.7260      -5.633898    
   22.36992       105.7805      -5.587126    
   27.36889       105.8427      -5.526056    
   32.36626       105.9463      -5.444248    
   37.36148       106.0873      -5.342009    
   42.35468       106.2567      -5.226294    
   47.34677       106.4394      -5.108412    
   52.33939       106.6157      -4.995503    
   57.33461       106.7555      -4.891383    
   62.33282       106.8356      -4.801852    
   67.33237       106.8381      -4.735816    
   72.33087       106.7651      -4.695624    
   77.32610       106.6271      -4.675747    
   82.31709       106.4332      -4.669769    
   87.30524       106.2096      -4.673480    
   92.29430       105.9952      -4.686804    
   97.28818       105.8402      -4.712679    
   102.2866       105.7715      -4.755909    
   107.2863       105.7385      -4.824249    
   112.2728       105.5501      -4.835075    
   117.2255       105.1154      -4.865831    
   122.1606       104.5929      -4.865099    
   127.1186       104.1857      -4.840611    
   132.1048       103.9569      -4.810777    
   137.1018       103.8593      -4.786857    
   142.1004       103.8897      -4.781312    
   147.0855       104.1104      -4.806420    
   152.0289       104.5803      -4.880579    
   156.9416       105.1855      -5.034415    
   161.8866       105.6393      -5.306642    
   166.8759       105.8122      -5.581852    
   171.8755       105.8165      -5.546933    
   176.8751       105.7778      -5.452368    
   181.8749       105.7587      -5.398942    
   186.8749       105.7580      -5.408556    
   191.8749       105.7582      -5.470640    
   196.8749       105.7583      -5.566796    
   201.8749       105.7583      -5.683145    
   206.8749       105.7581      -5.798845    
   211.8749       105.7598      -5.874472    
   216.8748       105.7755      -5.893198    
   221.8745       105.8157      -5.880224    
   226.8739       105.8626      -5.858222    
   231.8736       105.8647      -5.835381    
   236.8703       105.7647      -5.816342    
   241.8605       105.5654      -5.802166    
   246.8531       105.4078      -5.783812    
   251.8497       105.4444      -5.761033    
   256.8403       105.6394      -5.742243    
   261.8292       105.8553      -5.743918    
   266.8226       106.0188      -5.777220    
   271.8200       106.1179      -5.837548    
   276.8195       106.1492      -5.910760    
   281.8193       106.1298      -5.974802    
   286.8188       106.0846      -6.007740    
   291.8181       106.0275      -6.001538    
   296.8170       105.9610      -5.970999    
   301.8156       105.8824      -5.945823    
   306.8141       105.8068      -5.948050    
   311.8136       105.7796      -5.966691    
   316.8123       105.7321      -5.965217    
   321.7794       105.4215      -5.937118    
   326.7076       104.8732      -5.844188    
   331.6619       104.6877      -5.610029    
   336.6017       105.1322      -5.309878    
   341.4941       105.8034      -5.056956    
   346.3997       106.4309      -4.975182    
   351.3318       106.9622      -4.953907    
   356.3008       107.2954      -4.950598    
   361.2956       107.4315      -4.961803    
   366.2939       107.5159      -4.978563    
   371.2916       107.6148      -4.997102    
   376.2886       107.7271      -5.010528    
   381.2849       107.8528      -5.015900    
   386.2799       107.9968      -5.026962    
   391.2732       108.1653      -5.077212    
   396.2645       108.3564      -5.224387    
   401.2549       108.5576      -5.528447    
   406.2462       108.7488      -5.615251    
   411.2407       108.8992      -5.607082    
   416.2387       108.9823      -5.628034    
   421.2385       109.0071      -5.697257    
   426.2385       109.0098      -5.794678    
   431.2385       109.0207      -5.898075    
   436.2343       109.1239      -5.992456    
   441.2233       109.3378      -6.068005    
   446.2118       109.5574      -6.125151    
   451.2035       109.7439      -6.169874    
   456.1937       109.9460      -6.207774    
   461.1783       110.1991      -6.242600    
   466.1624       110.4583      -6.275479    
   471.1551       110.6122      -6.307480    
   476.1545       110.6481      -6.337831    
   481.8401       110.6497      -6.155827    
   489.3643       110.6497      -5.929891    
   507.4286       110.6497      -5.109397    
  -33.77417       98.76926      -4.689352    
  -15.70986       98.76926      -5.696831    
  -8.185690       98.76926      -5.935115    
  -2.500000       98.76926      -6.101653    
   2.481762       98.94752      -6.048312    
   7.434425       99.35075      -5.978319    
   12.38829       99.74802      -5.901138    
   17.37068       99.95215      -5.833704    
   22.36992       100.0017      -5.777009    
   27.36889       100.0582      -5.712033    
   32.36626       100.1525      -5.633430    
   37.36148       100.2807      -5.540686    
   42.35468       100.4347      -5.436780    
   47.34677       100.6009      -5.327590    
   52.33939       100.7612      -5.219094    
   57.33461       100.8883      -5.117475    
   62.33282       100.9611      -5.028773    
   67.33237       100.9634      -4.958814    
   72.33087       100.8971      -4.909135    
   77.32610       100.7716      -4.877433    
   82.31709       100.5952      -4.861137    
   87.30524       100.3919      -4.858208    
   92.29430       100.1970      -4.868383    
   97.28818       100.0560      -4.893269    
   102.2866       99.99355      -4.938005    
   107.2863       99.96349      -5.004746    
   112.2728       99.79222      -5.061760    
   117.2255       99.39693      -5.048193    
   122.1606       98.92178      -5.020400    
   127.1186       98.55151      -4.985990    
   132.1048       98.34343      -4.955063    
   137.1018       98.25465      -4.933690    
   142.1004       98.28233      -4.929892    
   147.0855       98.48299      -4.952435    
   152.0289       98.91029      -5.013721    
   156.9416       99.46066      -5.129337    
   161.8866       99.87329      -5.351442    
   166.8759       100.0306      -5.749730    
   171.8755       100.0344      -5.908025    
   176.8751       99.99930      -5.832392    
   181.8749       99.98188      -5.693250    
   186.8749       99.98126      -5.603177    
   191.8749       99.98149      -5.572863    
   196.8749       99.98150      -5.596109    
   201.8749       99.98149      -5.662029    
   206.8749       99.98139      -5.754012    
   211.8749       99.98287      -5.848218    
   216.8748       99.99718      -5.923903    
   221.8745       100.0337      -5.974665    
   226.8739       100.0764      -6.005071    
   231.8736       100.0783      -6.022834    
   236.8703       99.98734      -6.036046    
   241.8605       99.80609      -6.048478    
   246.8531       99.66279      -6.054206    
   251.8497       99.69608      -6.054499    
   256.8403       99.87341      -6.052980    
   261.8292       100.0697      -6.058162    
   266.8226       100.2184      -6.076723    
   271.8200       100.3085      -6.104519    
   276.8195       100.3370      -6.131927    
   281.8193       100.3194      -6.146463    
   286.8188       100.2782      -6.140057    
   291.8181       100.2263      -6.115935    
   296.8170       100.1659      -6.088492    
   301.8156       100.0944      -6.075914    
   306.8141       100.0256      -6.088076    
   311.8136       100.0009      -6.116102    
   316.8123       99.95772      -6.139899    
   321.7794       99.67523      -6.154099    
   326.7076       99.17667      -6.117885    
   331.6619       99.00801      -5.971705    
   336.6017       99.41222      -5.772916    
   341.4941       100.0225      -5.539708    
   346.3997       100.5932      -5.297905    
   351.3318       101.0763      -5.200437    
   356.3008       101.3793      -5.158612    
   361.2956       101.5031      -5.150087    
   366.2939       101.5798      -5.155388    
   371.2916       101.6697      -5.167749    
   376.2886       101.7719      -5.182972    
   381.2849       101.8861      -5.201205    
   386.2799       102.0170      -5.234983    
   391.2732       102.1703      -5.313282    
   396.2645       102.3440      -5.482895    
   401.2549       102.5270      -5.749081    
   406.2462       102.7009      -5.948486    
   411.2407       102.8377      -5.899379    
   416.2387       102.9132      -5.851833    
   421.2385       102.9358      -5.853209    
   426.2385       102.9382      -5.894466    
   431.2385       102.9481      -5.958651    
   436.2343       103.0419      -6.031858    
   441.2233       103.2365      -6.102399    
   446.2118       103.4361      -6.167406    
   451.2035       103.6058      -6.228872    
   456.1937       103.7895      -6.287703    
   461.1783       104.0197      -6.343009    
   466.1624       104.2553      -6.391725    
   471.1551       104.3953      -6.436029    
   476.1545       104.4279      -6.480027    
   481.8401       104.4295      -6.313462    
   489.3643       104.4295      -6.102808    
   507.4286       104.4295      -5.286178    
  -33.77417       92.28692      -4.894366    
  -15.70986       92.28692      -5.913940    
  -8.185690       92.28692      -6.131389    
  -2.500000       92.28692      -6.292870    
   2.481762       92.44483      -6.238446    
   7.434425       92.80198      -6.167150    
   12.38829       93.15384      -6.086633    
   17.37068       93.33465      -6.013620    
   22.36992       93.37855      -5.951954    
   27.36889       93.42858      -5.885542    
   32.36626       93.51208      -5.810312    
   37.36148       93.62569      -5.725839    
   42.35468       93.76205      -5.633695    
   47.34677       93.90923      -5.537345    
   52.33939       94.05121      -5.440553    
   57.33461       94.16380      -5.348365    
   62.33282       94.22831      -5.266217    
   67.33237       94.23037      -5.198607    
   72.33087       94.17159      -5.146797    
   77.32610       94.06042      -5.110175    
   82.31709       93.90422      -5.088016    
   87.30524       93.72411      -5.079190    
   92.29430       93.55146      -5.083112    
   97.28818       93.42661      -5.100227    
   102.2866       93.37131      -5.132651    
   107.2863       93.34469      -5.179797    
   112.2728       93.19299      -5.236361    
   117.2255       92.84286      -5.221752    
   122.1606       92.42202      -5.177021    
   127.1186       92.09407      -5.124414    
   132.1048       91.90976      -5.089050    
   137.1018       91.83113      -5.069095    
   142.1004       91.85565      -5.066315    
   147.0855       92.03337      -5.085735    
   152.0289       92.41184      -5.135459    
   156.9416       92.89931      -5.222051    
   161.8866       93.26480      -5.385370    
   166.8759       93.40413      -5.682711    
   171.8755       93.40750      -6.071621    
   176.8751       93.37640      -6.161623    
   181.8749       93.36098      -6.046974    
   186.8749       93.36044      -5.889731    
   191.8749       93.36063      -5.779280    
   196.8749       93.36064      -5.723702    
   201.8749       93.36063      -5.718350    
   206.8749       93.36054      -5.752235    
   211.8749       93.36186      -5.811007    
   216.8748       93.37454      -5.880473    
   221.8745       93.40688      -5.949844    
   226.8739       93.44470      -6.013031    
   231.8736       93.44635      -6.068870    
   236.8703       93.36582      -6.120028    
   241.8605       93.20527      -6.166914    
   246.8531       93.07835      -6.202578    
   251.8497       93.10783      -6.228056    
   256.8403       93.26490      -6.244126    
   261.8292       93.43874      -6.254791    
   266.8226       93.57047      -6.264691    
   271.8200       93.65030      -6.271741    
   276.8195       93.67554      -6.272013    
   281.8193       93.65989      -6.261674    
   286.8188       93.62345      -6.240941    
   291.8181       93.57744      -6.215947    
   296.8170       93.52392      -6.196581    
   301.8156       93.46066      -6.192425    
   306.8141       93.39973      -6.207428    
   311.8136       93.37785      -6.235701    
   316.8123       93.33959      -6.267209    
   321.7794       93.08938      -6.303309    
   326.7076       92.64779      -6.309439    
   331.6619       92.49840      -6.238949    
   336.6017       92.85643      -6.124949    
   341.4941       93.39696      -5.949305    
   346.3997       93.90244      -5.726657    
   351.3318       94.33030      -5.476220    
   356.3008       94.59869      -5.359582    
   361.2956       94.70834      -5.311464    
   366.2939       94.77627      -5.294850    
   371.2916       94.85593      -5.294786    
   376.2886       94.94642      -5.305164    
   381.2849       95.04758      -5.326243    
   386.2799       95.16358      -5.368088    
   391.2732       95.29931      -5.452027    
   396.2645       95.45317      -5.611372    
   401.2549       95.61526      -5.889205    
   406.2462       95.76926      -6.218942    
   411.2407       95.89043      -6.206340    
   416.2387       95.95733      -6.121994    
   421.2385       95.97731      -6.071417    
   426.2385       95.97943      -6.063270    
   431.2385       95.98818      -6.087309    
   436.2343       96.07135      -6.131575    
   441.2233       96.24365      -6.185097    
   446.2118       96.42047      -6.243847    
   451.2035       96.57073      -6.306763    
   456.1937       96.73344      -6.371758    
   461.1783       96.93733      -6.436641    
   466.1624       97.14609      -6.496703    
   471.1551       97.27006      -6.552707    
   476.1545       97.29897      -6.608269    
   481.8401       97.30029      -6.457093    
   489.3643       97.30029      -6.264434    
   507.4286       97.30029      -5.444991    
  -33.77417       84.70639      -5.091257    
  -15.70986       84.70639      -6.077314    
  -8.185690       84.70639      -6.282906    
  -2.500000       84.70639      -6.440140    
   2.481762       84.84047      -6.387275    
   7.434425       85.14374      -6.318975    
   12.38829       85.44250      -6.241241    
   17.37068       85.59602      -6.168934    
   22.36992       85.63330      -6.107100    
   27.36889       85.67580      -6.042915    
   32.36626       85.74669      -5.973165    
   37.36148       85.84315      -5.897718    
   42.35468       85.95895      -5.817821    
   47.34677       86.08392      -5.736165    
   52.33939       86.20448      -5.654986    
   57.33461       86.30008      -5.577102    
   62.33282       86.35486      -5.506419    
   67.33237       86.35661      -5.446758    
   72.33087       86.30669      -5.399458    
   77.32610       86.21230      -5.364527    
   82.31709       86.07966      -5.341748    
   87.30524       85.92673      -5.330121    
   92.29430       85.78013      -5.328595    
   97.28818       85.67411      -5.336571    
   102.2866       85.62716      -5.354593    
   107.2863       85.60456      -5.382454    
   112.2728       85.47575      -5.421582    
   117.2255       85.17844      -5.447603    
   122.1606       84.82110      -5.344913    
   127.1186       84.54264      -5.264679    
   132.1048       84.38613      -5.214343    
   137.1018       84.31937      -5.189690    
   142.1004       84.34019      -5.184404    
   147.0855       84.49109      -5.199157    
   152.0289       84.81246      -5.238142    
   156.9416       85.22638      -5.299534    
   161.8866       85.53673      -5.406951    
   166.8759       85.65503      -5.608232    
   171.8755       85.65790      -5.908908    
   176.8751       85.63148      -6.261659    
   181.8749       85.61840      -6.326821    
   186.8749       85.61794      -6.214989    
   191.8749       85.61810      -6.060595    
   196.8749       85.61810      -5.939379    
   201.8749       85.61810      -5.862865    
   206.8749       85.61802      -5.829507    
   211.8749       85.61914      -5.833021    
   216.8748       85.62991      -5.865418    
   221.8745       85.65736      -5.918214    
   226.8739       85.68948      -5.983831    
   231.8736       85.69088      -6.057012    
   236.8703       85.62250      -6.134866    
   241.8605       85.48617      -6.212141    
   246.8531       85.37840      -6.278152    
   251.8497       85.40344      -6.331091    
   256.8403       85.53680      -6.367915    
   261.8292       85.68442      -6.389356    
   266.8226       85.79627      -6.399541    
   271.8200       85.86406      -6.398829    
   276.8195       85.88549      -6.387692    
   281.8193       85.87220      -6.367583    
   286.8188       85.84126      -6.342731    
   291.8181       85.80219      -6.319933    
   296.8170       85.75674      -6.306028    
   301.8156       85.70303      -6.305661    
   306.8141       85.65130      -6.319348    
   311.8136       85.63272      -6.342551    
   316.8123       85.60023      -6.370347    
   321.7794       85.38776      -6.409362    
   326.7076       85.01280      -6.431338    
   331.6619       84.88596      -6.399361    
   336.6017       85.18996      -6.342268    
   341.4941       85.64894      -6.221683    
   346.3997       86.07815      -6.044918    
   351.3318       86.44146      -5.755586    
   356.3008       86.66934      -5.570725    
   361.2956       86.76245      -5.461529    
   366.2939       86.82014      -5.405384    
   371.2916       86.88777      -5.382823    
   376.2886       86.96461      -5.381230    
   381.2849       87.05051      -5.397639    
   386.2799       87.14902      -5.438569    
   391.2732       87.26426      -5.520419    
   396.2645       87.39491      -5.672608    
   401.2549       87.53254      -5.944214    
   406.2462       87.66331      -6.345595    
   411.2407       87.76619      -6.454592    
   416.2387       87.82300      -6.402584    
   421.2385       87.83997      -6.333736    
   426.2385       87.84176      -6.292541    
   431.2385       87.84920      -6.282355    
   436.2343       87.91981      -6.296443    
   441.2233       88.06612      -6.327137    
   446.2118       88.21626      -6.370638    
   451.2035       88.34385      -6.425785    
   456.1937       88.48203      -6.488504    
   461.1783       88.65514      -6.554323    
   466.1624       88.83239      -6.619618    
   471.1551       88.93765      -6.684211    
   476.1545       88.96221      -6.750206    
   481.8401       88.96335      -6.612066    
   489.3643       88.96335      -6.429902    
   507.4286       88.96335      -5.596557    
  -33.77417       75.60016      -5.268988    
  -15.70986       75.60016      -6.178625    
  -8.185690       75.60016      -6.386774    
  -2.500000       75.60016      -6.545567    
   2.481762       75.70561      -6.496487    
   7.434425       75.94414      -6.435149    
   12.38829       76.17914      -6.363979    
   17.37068       76.29989      -6.297783    
   22.36992       76.32921      -6.241238    
   27.36889       76.36263      -6.182884    
   32.36626       76.41840      -6.121075    
   37.36148       76.49427      -6.055744    
   42.35468       76.58534      -5.988108    
   47.34677       76.68364      -5.920641    
   52.33939       76.77846      -5.855207    
   57.33461       76.85366      -5.793449    
   62.33282       76.89674      -5.737214    
   67.33237       76.89812      -5.689172    
   72.33087       76.85886      -5.650771    
   77.32610       76.78461      -5.622211    
   82.31709       76.68029      -5.603076    
   87.30524       76.56001      -5.592388    
   92.29430       76.44469      -5.588493    
   97.28818       76.36131      -5.589467    
   102.2866       76.32438      -5.594195    
   107.2863       76.30660      -5.601331    
   112.2728       76.20528      -5.614656    
   117.2255       75.97144      -5.617351    
   122.1606       75.69038      -5.573821    
   127.1186       75.47135      -5.431104    
   132.1048       75.34826      -5.353217    
   137.1018       75.29574      -5.307516    
   142.1004       75.31212      -5.286983    
   147.0855       75.43081      -5.290175    
   152.0289       75.68358      -5.316927    
   156.9416       76.00915      -5.357345    
   161.8866       76.25325      -5.422808    
   166.8759       76.34630      -5.549486    
   171.8755       76.34855      -5.746059    
   176.8751       76.32778      -6.017211    
   181.8749       76.31749      -6.345358    
   186.8749       76.31712      -6.461056    
   191.8749       76.31725      -6.375377    
   196.8749       76.31725      -6.224989    
   201.8749       76.31725      -6.084022    
   206.8749       76.31718      -5.977721    
   211.8749       76.31807      -5.918506    
   216.8748       76.32654      -5.902686    
   221.8745       76.34814      -5.923965    
   226.8739       76.37340      -5.974992    
   231.8736       76.37450      -6.049121    
   236.8703       76.32071      -6.141038    
   241.8605       76.21349      -6.242322    
   246.8531       76.12872      -6.338050    
   251.8497       76.14841      -6.419589    
   256.8403       76.25331      -6.478271    
   261.8292       76.36942      -6.512296    
   266.8226       76.45739      -6.526064    
   271.8200       76.51070      -6.522830    
   276.8195       76.52757      -6.507304    
   281.8193       76.51711      -6.484203    
   286.8188       76.49277      -6.458951    
   291.8181       76.46204      -6.437563    
   296.8170       76.42630      -6.425099    
   301.8156       76.38405      -6.424042    
   306.8141       76.34336      -6.433056    
   311.8136       76.32875      -6.447445    
   316.8123       76.30320      -6.463788    
   321.7794       76.13609      -6.489938    
   326.7076       75.84116      -6.501108    
   331.6619       75.74139      -6.467451    
   336.6017       75.98050      -6.419991    
   341.4941       76.34151      -6.319664    
   346.3997       76.67910      -6.185920    
   351.3318       76.96486      -6.026499    
   356.3008       77.14410      -5.833262    
   361.2956       77.21733      -5.619397    
   366.2939       77.26270      -5.510493    
   371.2916       77.31591      -5.454862    
   376.2886       77.37634      -5.433691    
   381.2849       77.44391      -5.439905    
   386.2799       77.52139      -5.475813    
   391.2732       77.61202      -5.552755    
   396.2645       77.71479      -5.693340    
   401.2549       77.82304      -5.938559    
   406.2462       77.92590      -6.337415    
   411.2407       78.00681      -6.568792    
   416.2387       78.05150      -6.636168    
   421.2385       78.06484      -6.610160    
   426.2385       78.06626      -6.562148    
   431.2385       78.07211      -6.525662    
   436.2343       78.12765      -6.510100    
   441.2233       78.24273      -6.513227    
   446.2118       78.36082      -6.534811    
   451.2035       78.46117      -6.576158    
   456.1937       78.56985      -6.632097    
   461.1783       78.70601      -6.696014    
   466.1624       78.84543      -6.762056    
   471.1551       78.92822      -6.832136    
   476.1545       78.94754      -6.909045    
   481.8401       78.94843      -6.785200    
   489.3643       78.94843      -6.621987    
   507.4286       78.94843      -5.757315    
  -33.77417       56.32260      -4.847884    
  -15.70986       56.32260      -5.710332    
  -8.185690       56.32260      -5.907651    
  -2.500000       56.32260      -6.062888    
   2.481762       56.36747      -6.016920    
   7.434425       56.46896      -5.963886    
   12.38829       56.56895      -5.903052    
   17.37068       56.62033      -5.844440    
   22.36992       56.63280      -5.796213    
   27.36889       56.64702      -5.750085    
   32.36626       56.67075      -5.704572    
   37.36148       56.70303      -5.659367    
   42.35468       56.74178      -5.613913    
   47.34677       56.78361      -5.568752    
   52.33939       56.82395      -5.524603    
   57.33461       56.85595      -5.482759    
   62.33282       56.87428      -5.444371    
   67.33237       56.87487      -5.410361    
   72.33087       56.85816      -5.381502    
   77.32610       56.82657      -5.358341    
   82.31709       56.78218      -5.340899    
   87.30524       56.73100      -5.328374    
   92.29430       56.68194      -5.319201    
   97.28818       56.64646      -5.311197    
   102.2866       56.63075      -5.302067    
   107.2863       56.62318      -5.288132    
   112.2728       56.58007      -5.270808    
   117.2255       56.48058      -5.241605    
   122.1606       56.36099      -5.180609    
   127.1186       56.26780      -5.086940    
   132.1048       56.21542      -4.971491    
   137.1018       56.19307      -4.850769    
   142.1004       56.20005      -4.785721    
   147.0855       56.25055      -4.761319    
   152.0289       56.35809      -4.769323    
   156.9416       56.49662      -4.792562    
   161.8866       56.60048      -4.833546    
   166.8759       56.64007      -4.919140    
   171.8755       56.64103      -5.048709    
   176.8751       56.63219      -5.222247    
   181.8749       56.62782      -5.434423    
   186.8749       56.62766      -5.661213    
   191.8749       56.62771      -5.799542    
   196.8749       56.62772      -5.777373    
   201.8749       56.62771      -5.681148    
   206.8749       56.62769      -5.579576    
   211.8749       56.62806      -5.514645    
   216.8748       56.63167      -5.493091    
   221.8745       56.64086      -5.512405    
   226.8739       56.65160      -5.566129    
   231.8736       56.65207      -5.646715    
   236.8703       56.62919      -5.746194    
   241.8605       56.58356      -5.853234    
   246.8531       56.54750      -5.952329    
   251.8497       56.55588      -6.039137    
   256.8403       56.60051      -6.105554    
   261.8292       56.64991      -6.146259    
   266.8226       56.68734      -6.162963    
   271.8200       56.71003      -6.157777    
   276.8195       56.71720      -6.135431    
   281.8193       56.71275      -6.102188    
   286.8188       56.70240      -6.064822    
   291.8181       56.68932      -6.029947    
   296.8170       56.67411      -6.002780    
   301.8156       56.65614      -5.986307    
   306.8141       56.63882      -5.980403    
   311.8136       56.63261      -5.981962    
   316.8123       56.62173      -5.987711    
   321.7794       56.55063      -6.004072    
   326.7076       56.42514      -6.003673    
   331.6619       56.38269      -5.958305    
   336.6017       56.48443      -5.905827    
   341.4941       56.63803      -5.807770    
   346.3997       56.78168      -5.685209    
   351.3318       56.90327      -5.542256    
   356.3008       56.97953      -5.380863    
   361.2956       57.01069      -5.209510    
   366.2939       57.02999      -5.014512    
   371.2916       57.05263      -4.900774    
   376.2886       57.07835      -4.845769    
   381.2849       57.10709      -4.836623    
   386.2799       57.14006      -4.869101    
   391.2732       57.17862      -4.947096    
   396.2645       57.22235      -5.081532    
   401.2549       57.26841      -5.290056    
   406.2462       57.31217      -5.591736    
   411.2407       57.34660      -5.848364    
   416.2387       57.36561      -6.037654    
   421.2385       57.37129      -6.145041    
   426.2385       57.37189      -6.186230    
   431.2385       57.37438      -6.196384    
   436.2343       57.39801      -6.202845    
   441.2233       57.44698      -6.218384    
   446.2118       57.49723      -6.247438    
   451.2035       57.53992      -6.291205    
   456.1937       57.58617      -6.346311    
   461.1783       57.64410      -6.407906    
   466.1624       57.70342      -6.471252    
   471.1551       57.73865      -6.536244    
   476.1545       57.74687      -6.604222    
   481.8401       57.74725      -6.471692    
   489.3643       57.74725      -6.302313    
   507.4286       57.74725      -5.401822    
