        1545
  -33.77417       136.6885       1.833336    
  -15.70986       136.6885       1.671341    
  -8.185690       136.6885       1.645558    
  -2.500000       136.6885       1.994282    
   2.481762       136.9860       1.883162    
   7.434425       137.6588       1.626354    
   12.38829       138.3216       2.021530    
   17.37068       138.6622       1.550663    
   22.36992       138.7449       1.737717    
   27.36889       138.8391       1.619313    
   32.36626       138.9964       1.578358    
   37.36148       139.2104       1.608088    
   42.35468       139.4673       1.760675    
   47.34677       139.7446       1.829125    
   52.33939       140.0120       1.795384    
   57.33461       140.2241       1.740157    
   62.33282       140.3456       1.567135    
   67.33237       140.3495       1.726162    
   72.33087       140.2388       1.604371    
   77.32610       140.0294       1.704910    
   82.31709       139.7351       1.610440    
   87.30524       139.3958       1.662740    
   92.29430       139.0706       1.679253    
   97.28818       138.8354       1.586120    
   102.2866       138.7312       1.760704    
   107.2863       138.6811       1.712307    
   112.2728       138.3953       1.709211    
   117.2255       137.7357       1.590067    
   122.1606       136.9430       1.652548    
   127.1186       136.3252       1.731426    
   132.1048       135.9780       1.667406    
   137.1018       135.8299       1.557678    
   142.1004       135.8761       1.416921    
   147.0855       136.2108       1.531430    
   152.0289       136.9238       1.694900    
   156.9416       137.8421       1.689937    
   161.8866       138.5306       1.754393    
   166.8759       138.7930       1.670675    
   171.8755       138.7994       1.589710    
   176.8751       138.7408       1.499253    
   181.8749       138.7118       1.465270    
   186.8749       138.7108       1.442621    
   191.8749       138.7111       1.502998    
   196.8749       138.7112       1.486273    
   201.8749       138.7111       1.690427    
   206.8749       138.7109       1.533862    
   211.8749       138.7134       1.545689    
   216.8748       138.7373       1.578675    
   221.8745       138.7983       1.421471    
   226.8739       138.8695       1.638097    
   231.8736       138.8726       1.380178    
   236.8703       138.7209       1.478235    
   241.8605       138.4185       1.382264    
   246.8531       138.1794       1.313487    
   251.8497       138.2349       1.389062    
   256.8403       138.5308       1.582219    
   261.8292       138.8582       1.738320    
   266.8226       139.1064       1.591509    
   271.8200       139.2568       1.713456    
   276.8195       139.3043       1.663782    
   281.8193       139.2749       1.778802    
   286.8188       139.2062       1.593067    
   291.8181       139.1195       1.507933    
   296.8170       139.0187       1.440695    
   301.8156       138.8996       1.506924    
   306.8141       138.7848       1.722090    
   311.8136       138.7435       1.530269    
   316.8123       138.6715       1.359198    
   321.7794       138.2001       1.339981    
   326.7076       137.3683       1.418885    
   331.6619       137.0869       1.525438    
   336.6017       137.7613       1.332736    
   341.4941       138.7795       1.161876    
   346.3997       139.7317       1.401523    
   351.3318       140.5377       1.236028    
   356.3008       141.0433       1.486143    
   361.2956       141.2499       1.202342    
   366.2939       141.3779      0.9480374    
   371.2916       141.5279      0.8932209    
   376.2886       141.6984      0.9911429    
   381.2849       141.8889       1.024380    
   386.2799       142.1075      0.9459026    
   391.2732       142.3631       1.055378    
   396.2645       142.6530       1.076440    
   401.2549       142.9583      0.8672132    
   406.2462       143.2484      0.7180917    
   411.2407       143.4767      0.7159218    
   416.2387       143.6027      0.7767175    
   421.2385       143.6403      0.6784698    
   426.2385       143.6443      0.7669674    
   431.2385       143.6608      0.7531520    
   436.2343       143.8174       1.006790    
   441.2233       144.1421       1.000082    
   446.2118       144.4751      0.8327236    
   451.2035       144.7582      0.8643576    
   456.1937       145.0647      0.9244663    
   461.1783       145.4488       1.152421    
   466.1624       145.8420       1.181945    
   471.1551       146.0755       1.263612    
   476.1545       146.1300       1.493305    
   481.8401       146.1326       1.900327    
   489.3643       146.1326       2.092433    
   507.4286       146.1326       2.214321    
  -33.77417       134.0858       1.838829    
  -15.70986       134.0858       1.678447    
  -8.185690       134.0858       1.611314    
  -2.500000       134.0858       1.623980    
   2.481762       134.3752       1.512246    
   7.434425       135.0294       1.534660    
   12.38829       135.6740       1.372991    
   17.37068       136.0052       1.276029    
   22.36992       136.0857       1.425331    
   27.36889       136.1774       1.123804    
   32.36626       136.3303       1.255923    
   37.36148       136.5384       1.269673    
   42.35468       136.7882       1.324391    
   47.34677       137.0579       1.428895    
   52.33939       137.3180       1.417303    
   57.33461       137.5242       1.286694    
   62.33282       137.6424       1.265231    
   67.33237       137.6462       1.283592    
   72.33087       137.5385       1.098796    
   77.32610       137.3349       1.201256    
   82.31709       137.0487       1.254266    
   87.30524       136.7188       1.371791    
   92.29430       136.4025       1.209630    
   97.28818       136.1738       1.076088    
   102.2866       136.0724       1.127593    
   107.2863       136.0237       1.203672    
   112.2728       135.7457       1.128644    
   117.2255       135.1043       1.287666    
   122.1606       134.3334       1.401428    
   127.1186       133.7326       1.541754    
   132.1048       133.3949       1.631159    
   137.1018       133.2509       1.544225    
   142.1004       133.2958       1.397044    
   147.0855       133.6214       1.355238    
   152.0289       134.3147       1.381540    
   156.9416       135.2077       1.201970    
   161.8866       135.8773       1.295949    
   166.8759       136.1325       1.200304    
   171.8755       136.1387       1.037114    
   176.8751       136.0817       1.006290    
   181.8749       136.0535       1.065598    
   186.8749       136.0525      0.9899974    
   191.8749       136.0529      0.9542753    
   196.8749       136.0529       1.026143    
   201.8749       136.0529       1.066212    
   206.8749       136.0527       1.216398    
   211.8749       136.0551       1.270639    
   216.8748       136.0783       1.151767    
   221.8745       136.1376       1.006227    
   226.8739       136.2069       1.087149    
   231.8736       136.2099      0.7682845    
   236.8703       136.0623      0.8839456    
   241.8605       135.7682      0.8487208    
   246.8531       135.5358      0.8699340    
   251.8497       135.5898      0.9500826    
   256.8403       135.8775       1.110633    
   261.8292       136.1960      0.9508942    
   266.8226       136.4373       1.072203    
   271.8200       136.5835       1.233545    
   276.8195       136.6297       1.415304    
   281.8193       136.6011       1.211086    
   286.8188       136.5343       1.113059    
   291.8181       136.4500       1.108633    
   296.8170       136.3520       1.085951    
   301.8156       136.2361      0.8585140    
   306.8141       136.1245      0.8573822    
   311.8136       136.0844      0.8420923    
   316.8123       136.0143       1.218901    
   321.7794       135.5559       1.469095    
   326.7076       134.7469       1.202448    
   331.6619       134.4733       1.116874    
   336.6017       135.1292       1.194893    
   341.4941       136.1194       1.303813    
   346.3997       137.0454       1.363203    
   351.3318       137.8293       1.067999    
   356.3008       138.3209       1.211215    
   361.2956       138.5218       1.375015    
   366.2939       138.6463       1.139940    
   371.2916       138.7922       1.379295    
   376.2886       138.9579       1.470127    
   381.2849       139.1433       1.425200    
   386.2799       139.3558       1.299119    
   391.2732       139.6044       1.230643    
   396.2645       139.8863       1.272695    
   401.2549       140.1832       1.361365    
   406.2462       140.4654       1.323568    
   411.2407       140.6873       1.253103    
   416.2387       140.8099       1.231111    
   421.2385       140.8465       1.218757    
   426.2385       140.8504       1.164909    
   431.2385       140.8664       1.226997    
   436.2343       141.0188       1.335300    
   441.2233       141.3345       1.265124    
   446.2118       141.6584       1.031095    
   451.2035       141.9337       1.106916    
   456.1937       142.2318       1.271834    
   461.1783       142.6053       1.462076    
   466.1624       142.9877       1.570347    
   471.1551       143.2148       1.643652    
   476.1545       143.2677       1.740086    
   481.8401       143.2702       1.948109    
   489.3643       143.2702       2.106133    
   507.4286       143.2702       2.218810    
  -33.77417       131.3152       1.851924    
  -15.70986       131.3152       1.699268    
  -8.185690       131.3152       1.611322    
  -2.500000       131.3152       1.549558    
   2.481762       131.5958       1.490186    
   7.434425       132.2304       1.541929    
   12.38829       132.8556       1.342639    
   17.37068       133.1768       1.253212    
   22.36992       133.2549       1.395450    
   27.36889       133.3438       1.223948    
   32.36626       133.4921       1.284197    
   37.36148       133.6940       1.282310    
   42.35468       133.9363       1.298066    
   47.34677       134.1978       1.367994    
   52.33939       134.4500       1.420477    
   57.33461       134.6501       1.381611    
   62.33282       134.7647       1.340135    
   67.33237       134.7684       1.329028    
   72.33087       134.6640       1.328132    
   77.32610       134.4664       1.407521    
   82.31709       134.1889       1.491888    
   87.30524       133.8689       1.525037    
   92.29430       133.5621       1.430136    
   97.28818       133.3403       1.333920    
   102.2866       133.2420       1.286342    
   107.2863       133.1947       1.274457    
   112.2728       132.9252       1.224632    
   117.2255       132.3031       1.301218    
   122.1606       131.5553       1.369498    
   127.1186       130.9726       1.503379    
   132.1048       130.6451       1.602287    
   137.1018       130.5054       1.536021    
   142.1004       130.5490       1.407926    
   147.0855       130.8647       1.349612    
   152.0289       131.5372       1.357561    
   156.9416       132.4034       1.220770    
   161.8866       133.0527       1.300588    
   166.8759       133.3003       1.279926    
   171.8755       133.3063       1.237371    
   176.8751       133.2510       1.246045    
   181.8749       133.2236       1.216306    
   186.8749       133.2227       1.091991    
   191.8749       133.2231       1.141415    
   196.8749       133.2231       1.243058    
   201.8749       133.2231      0.9674819    
   206.8749       133.2229       1.025322    
   211.8749       133.2252       1.289942    
   216.8748       133.2477       1.097346    
   221.8745       133.3052       1.091390    
   226.8739       133.3724       1.187537    
   231.8736       133.3753       1.095538    
   236.8703       133.2322       1.150942    
   241.8605       132.9470       1.191970    
   246.8531       132.7215       1.263141    
   251.8497       132.7738       1.264839    
   256.8403       133.0529       1.272709    
   261.8292       133.3618       1.221628    
   266.8226       133.5959       1.230983    
   271.8200       133.7377       1.245369    
   276.8195       133.7825       1.253537    
   281.8193       133.7548       1.097487    
   286.8188       133.6900       1.075046    
   291.8181       133.6082       1.122532    
   296.8170       133.5132       1.191543    
   301.8156       133.4008       1.266515    
   306.8141       133.2925       1.244610    
   311.8136       133.2536       1.303955    
   316.8123       133.1856       1.372909    
   321.7794       132.7410       1.445363    
   326.7076       131.9564       1.277563    
   331.6619       131.6910       1.220144    
   336.6017       132.3271       1.393105    
   341.4941       133.2876       1.558167    
   346.3997       134.1857       1.545848    
   351.3318       134.9460       1.248554    
   356.3008       135.4228       1.346617    
   361.2956       135.6176       1.524645    
   366.2939       135.7384       1.313120    
   371.2916       135.8799       1.614232    
   376.2886       136.0407       1.753274    
   381.2849       136.2204       1.702844    
   386.2799       136.4265       1.550198    
   391.2732       136.6677       1.451902    
   396.2645       136.9411       1.535108    
   401.2549       137.2291       1.710820    
   406.2462       137.5027       1.766200    
   411.2407       137.7180       1.743111    
   416.2387       137.8369       1.717451    
   421.2385       137.8724       1.697849    
   426.2385       137.8761       1.663876    
   431.2385       137.8917       1.673904    
   436.2343       138.0394       1.670705    
   441.2233       138.3456       1.543549    
   446.2118       138.6598       1.315620    
   451.2035       138.9268       1.285682    
   456.1937       139.2159       1.381720    
   461.1783       139.5782       1.525028    
   466.1624       139.9491       1.662053    
   471.1551       140.1694       1.777744    
   476.1545       140.2207       1.877831    
   481.8401       140.2231       2.012606    
   489.3643       140.2231       2.134145    
   507.4286       140.2231       2.229413    
  -33.77417       128.3538       1.871915    
  -15.70986       128.3538       1.738371    
  -8.185690       128.3538       1.657451    
  -2.500000       128.3538       1.608199    
   2.481762       128.6251       1.588598    
   7.434425       129.2386       1.624591    
   12.38829       129.8431       1.507571    
   17.37068       130.1537       1.440324    
   22.36992       130.2291       1.529835    
   27.36889       130.3151       1.475705    
   32.36626       130.4585       1.494115    
   37.36148       130.6536       1.482600    
   42.35468       130.8879       1.474529    
   47.34677       131.1408       1.506452    
   52.33939       131.3846       1.558347    
   57.33461       131.5780       1.573159    
   62.33282       131.6889       1.564037    
   67.33237       131.6924       1.586699    
   72.33087       131.5914       1.652035    
   77.32610       131.4005       1.738723    
   82.31709       131.1322       1.810307    
   87.30524       130.8228       1.833739    
   92.29430       130.5262       1.796226    
   97.28818       130.3116       1.730176    
   102.2866       130.2167       1.655269    
   107.2863       130.1709       1.579099    
   112.2728       129.9104       1.493567    
   117.2255       129.3089       1.467341    
   122.1606       128.5859       1.476378    
   127.1186       128.0226       1.552280    
   132.1048       127.7059       1.606819    
   137.1018       127.5708       1.553680    
   142.1004       127.6130       1.464041    
   147.0855       127.9183       1.436599    
   152.0289       128.5684       1.476453    
   156.9416       129.4059       1.463588    
   161.8866       130.0337       1.561116    
   166.8759       130.2731       1.609403    
   171.8755       130.2789       1.625223    
   176.8751       130.2254       1.640452    
   181.8749       130.1989       1.593908    
   186.8749       130.1980       1.507169    
   191.8749       130.1983       1.549907    
   196.8749       130.1983       1.566030    
   201.8749       130.1983       1.252411    
   206.8749       130.1982       1.199206    
   211.8749       130.2005       1.405196    
   216.8748       130.2222       1.309635    
   221.8745       130.2778       1.370779    
   226.8739       130.3428       1.482758    
   231.8736       130.3456       1.505010    
   236.8703       130.2072       1.566470    
   241.8605       129.9314       1.620944    
   246.8531       129.7134       1.677498    
   251.8497       129.7641       1.660220    
   256.8403       130.0339       1.638264    
   261.8292       130.3325       1.591647    
   266.8226       130.5588       1.518988    
   271.8200       130.6960       1.411519    
   276.8195       130.7393       1.321210    
   281.8193       130.7124       1.291812    
   286.8188       130.6498       1.345967    
   291.8181       130.5708       1.446994    
   296.8170       130.4788       1.578327    
   301.8156       130.3701       1.722487    
   306.8141       130.2655       1.769450    
   311.8136       130.2279       1.772734    
   316.8123       130.1622       1.726219    
   321.7794       129.7323       1.684816    
   326.7076       128.9738       1.603737    
   331.6619       128.7171       1.598752    
   336.6017       129.3322       1.726152    
   341.4941       130.2607       1.841352    
   346.3997       131.1291       1.790131    
   351.3318       131.8641       1.575434    
   356.3008       132.3251       1.608438    
   361.2956       132.5135       1.694562    
   366.2939       132.6302       1.557216    
   371.2916       132.7671       1.787315    
   376.2886       132.9225       1.959308    
   381.2849       133.0963       1.949530    
   386.2799       133.2955       1.839557    
   391.2732       133.5287       1.780168    
   396.2645       133.7930       1.872796    
   401.2549       134.0715       2.043622    
   406.2462       134.3360       2.141399    
   411.2407       134.5442       2.164335    
   416.2387       134.6591       2.155630    
   421.2385       134.6935       2.133449    
   426.2385       134.6971       2.096970    
   431.2385       134.7121       2.058942    
   436.2343       134.8550       1.987806    
   441.2233       135.1510       1.835656    
   446.2118       135.4547       1.637142    
   451.2035       135.7129       1.545614    
   456.1937       135.9924       1.563031    
   461.1783       136.3427       1.647918    
   466.1624       136.7012       1.767387    
   471.1551       136.9142       1.885333    
   476.1545       136.9639       1.984781    
   481.8401       136.9662       2.083744    
   489.3643       136.9662       2.174154    
   507.4286       136.9662       2.245996    
  -33.77417       125.1739       1.900208    
  -15.70986       125.1739       1.796709    
  -8.185690       125.1739       1.739449    
  -2.500000       125.1739       1.719915    
   2.481762       125.4352       1.724659    
   7.434425       126.0261       1.758090    
   12.38829       126.6083       1.719834    
   17.37068       126.9075       1.699494    
   22.36992       126.9801       1.755963    
   27.36889       127.0629       1.757367    
   32.36626       127.2010       1.764078    
   37.36148       127.3890       1.748869    
   42.35468       127.6146       1.729678    
   47.34677       127.8582       1.733097    
   52.33939       128.0931       1.760330    
   57.33461       128.2793       1.785910    
   62.33282       128.3861       1.807776    
   67.33237       128.3895       1.855498    
   72.33087       128.2923       1.934328    
   77.32610       128.1083       2.020184    
   82.31709       127.8499       2.087236    
   87.30524       127.5519       2.118545    
   92.29430       127.2662       2.107218    
   97.28818       127.0596       2.057349    
   102.2866       126.9681       1.976256    
   107.2863       126.9241       1.872653    
   112.2728       126.6731       1.757921    
   117.2255       126.0938       1.672251    
   122.1606       125.3975       1.631220    
   127.1186       124.8549       1.642391    
   132.1048       124.5499       1.648780    
   137.1018       124.4198       1.605250    
   142.1004       124.4603       1.558586    
   147.0855       124.7544       1.572833    
   152.0289       125.3806       1.654284    
   156.9416       126.1872       1.736054    
   161.8866       126.7919       1.868427    
   166.8759       127.0225       1.964132    
   171.8755       127.0280       2.016928    
   176.8751       126.9765       2.038504    
   181.8749       126.9510       2.009328    
   186.8749       126.9501       1.959252    
   191.8749       126.9505       1.963263    
   196.8749       126.9505       1.910131    
   201.8749       126.9505       1.663830    
   206.8749       126.9503       1.560648    
   211.8749       126.9525       1.641590    
   216.8748       126.9735       1.622907    
   221.8745       127.0270       1.692207    
   226.8739       127.0896       1.792538    
   231.8736       127.0923       1.851830    
   236.8703       126.9591       1.914100    
   241.8605       126.6934       1.965878    
   246.8531       126.4834       2.005539    
   251.8497       126.5322       1.990479    
   256.8403       126.7921       1.959228    
   261.8292       127.0797       1.899759    
   266.8226       127.2977       1.804644    
   271.8200       127.4297       1.685974    
   276.8195       127.4715       1.611267    
   281.8193       127.4456       1.633601    
   286.8188       127.3853       1.724260    
   291.8181       127.3092       1.850083    
   296.8170       127.2206       1.994915    
   301.8156       127.1160       2.129669    
   306.8141       127.0152       2.188371    
   311.8136       126.9790       2.176176    
   316.8123       126.9157       2.105525    
   321.7794       126.5017       2.035044    
   326.7076       125.7710       1.981612    
   331.6619       125.5238       1.982596    
   336.6017       126.1162       2.052438    
   341.4941       127.0106       2.100886    
   346.3997       127.8469       2.026446    
   351.3318       128.5549       1.880835    
   356.3008       128.9989       1.859496    
   361.2956       129.1804       1.867208    
   366.2939       129.2928       1.799828    
   371.2916       129.4245       1.953559    
   376.2886       129.5742       2.115278    
   381.2849       129.7417       2.154464    
   386.2799       129.9336       2.115217    
   391.2732       130.1582       2.108046    
   396.2645       130.4128       2.199375    
   401.2549       130.6809       2.344520    
   406.2462       130.9357       2.451654    
   411.2407       131.1362       2.499257    
   416.2387       131.2469       2.504985    
   421.2385       131.2800       2.483268    
   426.2385       131.2835       2.438107    
   431.2385       131.2979       2.371479    
   436.2343       131.4355       2.268501    
   441.2233       131.7207       2.115429    
   446.2118       132.0132       1.945661    
   451.2035       132.2618       1.836096    
   456.1937       132.5311       1.805693    
   461.1783       132.8684       1.840562    
   466.1624       133.2138       1.920091    
   471.1551       133.4189       2.010009    
   476.1545       133.4668       2.091171    
   481.8401       133.4690       2.161297    
   489.3643       133.4690       2.224208    
   507.4286       133.4690       2.268716    
  -33.77417       121.7413       1.936386    
  -15.70986       121.7413       1.871506    
  -8.185690       121.7413       1.843709    
  -2.500000       121.7413       1.850356    
   2.481762       121.9919       1.871809    
   7.434425       122.5584       1.912459    
   12.38829       123.1165       1.925939    
   17.37068       123.4034       1.944810    
   22.36992       123.4730       1.992592    
   27.36889       123.5524       2.016166    
   32.36626       123.6848       2.023435    
   37.36148       123.8650       2.009279    
   42.35468       124.0813       1.986847    
   47.34677       124.3148       1.974772    
   52.33939       124.5400       1.981401    
   57.33461       124.7186       2.001445    
   62.33282       124.8209       2.033449    
   67.33237       124.8242       2.087004    
   72.33087       124.7309       2.160468    
   77.32610       124.5546       2.236833    
   82.31709       124.3068       2.297624    
   87.30524       124.0211       2.330345    
   92.29430       123.7473       2.327060    
   97.28818       123.5492       2.283681    
   102.2866       123.4615       2.201962    
   107.2863       123.4193       2.089738    
   112.2728       123.1786       1.963215    
   117.2255       122.6232       1.853644    
   122.1606       121.9557       1.779559    
   127.1186       121.4355       1.744117    
   132.1048       121.1431       1.718922    
   137.1018       121.0183       1.686565    
   142.1004       121.0573       1.678058    
   147.0855       121.3392       1.729813    
   152.0289       121.9395       1.844519    
   156.9416       122.7128       1.982121    
   161.8866       123.2925       2.142901    
   166.8759       123.5135       2.273038    
   171.8755       123.5189       2.355608    
   176.8751       123.4696       2.394284    
   181.8749       123.4451       2.388390    
   186.8749       123.4443       2.359658    
   191.8749       123.4446       2.334099    
   196.8749       123.4446       2.252173    
   201.8749       123.4446       2.073537    
   206.8749       123.4444       1.964068    
   211.8749       123.4465       1.964727    
   216.8748       123.4666       1.963569    
   221.8745       123.5179       2.012676    
   226.8739       123.5779       2.085757    
   231.8736       123.5806       2.144875    
   236.8703       123.4528       2.198102    
   241.8605       123.1981       2.240736    
   246.8531       122.9968       2.266629    
   251.8497       123.0435       2.255643    
   256.8403       123.2927       2.223291    
   261.8292       123.5684       2.166564    
   266.8226       123.7774       2.086903    
   271.8200       123.9041       2.005382    
   276.8195       123.9441       1.970363    
   281.8193       123.9193       2.011355    
   286.8188       123.8614       2.106866    
   291.8181       123.7885       2.230560    
   296.8170       123.7036       2.362136    
   301.8156       123.6032       2.473084    
   306.8141       123.5066       2.524954    
   311.8136       123.4719       2.511310    
   316.8123       123.4112       2.446331    
   321.7794       123.0143       2.373462    
   326.7076       122.3138       2.320983    
   331.6619       122.0768       2.307138    
   336.6017       122.6448       2.325135    
   341.4941       123.5022       2.319170    
   346.3997       124.3040       2.237497    
   351.3318       124.9827       2.123579    
   356.3008       125.4084       2.067066    
   361.2956       125.5824       2.034590    
   366.2939       125.6901       2.006405    
   371.2916       125.8165       2.108065    
   376.2886       125.9600       2.243008    
   381.2849       126.1205       2.316370    
   386.2799       126.3045       2.340297    
   391.2732       126.5198       2.378923    
   396.2645       126.7639       2.471098    
   401.2549       127.0210       2.594209    
   406.2462       127.2653       2.696271    
   411.2407       127.4575       2.753422    
   416.2387       127.5636       2.767936    
   421.2385       127.5953       2.747788    
   426.2385       127.5986       2.697199    
   431.2385       127.6125       2.617873    
   436.2343       127.7445       2.506172    
   441.2233       128.0178       2.364370    
   446.2118       128.2982       2.219512    
   451.2035       128.5366       2.112060    
   456.1937       128.7948       2.057994    
   461.1783       129.1181       2.056920    
   466.1624       129.4493       2.095415    
   471.1551       129.6459       2.148526    
   476.1545       129.6918       2.202462    
   481.8401       129.6939       2.247025    
   489.3643       129.6939       2.281924    
   507.4286       129.6939       2.297559    
  -33.77417       118.0135       1.981670    
  -15.70986       118.0135       1.958386    
  -8.185690       118.0135       1.958206    
  -2.500000       118.0135       1.983843    
   2.481762       118.2522       2.017373    
   7.434425       118.7923       2.065037    
   12.38829       119.3243       2.104970    
   17.37068       119.5977       2.146399    
   22.36992       119.6640       2.194748    
   27.36889       119.7397       2.226879    
   32.36626       119.8660       2.237868    
   37.36148       120.0378       2.228406    
   42.35468       120.2439       2.208972    
   47.34677       120.4665       2.192484    
   52.33939       120.6811       2.188112    
   57.33461       120.8514       2.199171    
   62.33282       120.9489       2.226899    
   67.33237       120.9520       2.272771    
   72.33087       120.8632       2.331955    
   77.32610       120.6951       2.392357    
   82.31709       120.4589       2.440508    
   87.30524       120.1866       2.465544    
   92.29430       119.9255       2.459092    
   97.28818       119.7367       2.415727    
   102.2866       119.6531       2.335733    
   107.2863       119.6129       2.226110    
   112.2728       119.3835       2.102116    
   117.2255       118.8540       1.988128    
   122.1606       118.2177       1.899989    
   127.1186       117.7218       1.842161    
   132.1048       117.4431       1.805743    
   137.1018       117.3242       1.788521    
   142.1004       117.3613       1.810900    
   147.0855       117.6301       1.891027    
   152.0289       118.2023       2.026791    
   156.9416       118.9394       2.191694    
   161.8866       119.4921       2.368905    
   166.8759       119.7027       2.521276    
   171.8755       119.7078       2.628393    
   176.8751       119.6608       2.687859    
   181.8749       119.6375       2.703328    
   186.8749       119.6367       2.687919    
   191.8749       119.6370       2.649981    
   196.8749       119.6370       2.565791    
   201.8749       119.6370       2.433959    
   206.8749       119.6368       2.333531    
   211.8749       119.6388       2.295415    
   216.8748       119.6580       2.285280    
   221.8745       119.7069       2.309739    
   226.8739       119.7641       2.354268    
   231.8736       119.7666       2.398233    
   236.8703       119.6448       2.437547    
   241.8605       119.4020       2.468240    
   246.8531       119.2101       2.484213    
   251.8497       119.2547       2.476224    
   256.8403       119.4922       2.449788    
   261.8292       119.7551       2.407419    
   266.8226       119.9542       2.356111    
   271.8200       120.0750       2.314783    
   276.8195       120.1131       2.311306    
   281.8193       120.0895       2.359577    
   286.8188       120.0343       2.447454    
   291.8181       119.9648       2.555759    
   296.8170       119.8839       2.664974    
   301.8156       119.7882       2.751533    
   306.8141       119.6961       2.791773    
   311.8136       119.6630       2.778349    
   316.8123       119.6051       2.722410    
   321.7794       119.2268       2.653443    
   326.7076       118.5591       2.596363    
   331.6619       118.3332       2.562024    
   336.6017       118.8746       2.539050    
   341.4941       119.6919       2.495567    
   346.3997       120.4562       2.409423    
   351.3318       121.1031       2.308136    
   356.3008       121.5089       2.234663    
   361.2956       121.6748       2.187244    
   366.2939       121.7775       2.174752    
   371.2916       121.8979       2.244455    
   376.2886       122.0348       2.352811    
   381.2849       122.1877       2.442278    
   386.2799       122.3631       2.508481    
   391.2732       122.5684       2.579945    
   396.2645       122.8010       2.675310    
   401.2549       123.0461       2.783654    
   406.2462       123.2790       2.876788    
   411.2407       123.4621       2.935256    
   416.2387       123.5633       2.954490    
   421.2385       123.5935       2.937102    
   426.2385       123.5967       2.886509    
   431.2385       123.6100       2.806324    
   436.2343       123.7357       2.699415    
   441.2233       123.9963       2.573698    
   446.2118       124.2636       2.450395    
   451.2035       124.4909       2.352472    
   456.1937       124.7369       2.289008    
   461.1783       125.0452       2.264040    
   466.1624       125.3608       2.270383    
   471.1551       125.5482       2.291646    
   476.1545       125.5920       2.315373    
   481.8401       125.5940       2.335368    
   489.3643       125.5940       2.345876    
   507.4286       125.5940       2.333711    
  -33.77417       113.9358       2.035949    
  -15.70986       113.9358       2.050641    
  -8.185690       113.9358       2.073330    
  -2.500000       113.9358       2.111450    
   2.481762       114.1617       2.152196    
   7.434425       114.6728       2.201961    
   12.38829       115.1762       2.250981    
   17.37068       115.4350       2.300821    
   22.36992       115.4978       2.349400    
   27.36889       115.5694       2.383959    
   32.36626       115.6889       2.398838    
   37.36148       115.8514       2.395905    
   42.35468       116.0465       2.382808    
   47.34677       116.2571       2.368168    
   52.33939       116.4603       2.359663    
   57.33461       116.6214       2.362926    
   62.33282       116.7137       2.380679    
   67.33237       116.7167       2.412363    
   72.33087       116.6326       2.452821    
   77.32610       116.4735       2.493122    
   82.31709       116.2499       2.523317    
   87.30524       115.9922       2.534377    
   92.29430       115.7452       2.518940    
   97.28818       115.5665       2.472566    
   102.2866       115.4874       2.395846    
   107.2863       115.4493       2.295133    
   112.2728       115.2323       2.182997    
   117.2255       114.7313       2.077552    
   122.1606       114.1291       1.991987    
   127.1186       113.6599       1.932766    
   132.1048       113.3961       1.901448    
   137.1018       113.2836       1.902250    
   142.1004       113.3186       1.948122    
   147.0855       113.5730       2.046630    
   152.0289       114.1145       2.191961    
   156.9416       114.8120       2.365268    
   161.8866       115.3350       2.547331    
   166.8759       115.5344       2.710577    
   171.8755       115.5392       2.834714    
   176.8751       115.4947       2.912942    
   181.8749       115.4726       2.946949    
   186.8749       115.4719       2.943703    
   191.8749       115.4722       2.907535    
   196.8749       115.4722       2.834108    
   201.8749       115.4722       2.734038    
   206.8749       115.4720       2.646957    
   211.8749       115.4739       2.594559    
   216.8748       115.4921       2.571090    
   221.8745       115.5383       2.574043    
   226.8739       115.5924       2.594451    
   231.8736       115.5948       2.620206    
   236.8703       115.4796       2.644638    
   241.8605       115.2498       2.663740    
   246.8531       115.0682       2.672857    
   251.8497       115.1104       2.667616    
   256.8403       115.3352       2.650366    
   261.8292       115.5839       2.625460    
   266.8226       115.7724       2.600682    
   271.8200       115.8866       2.589218    
   276.8195       115.9228       2.605423    
   281.8193       115.9004       2.655057    
   286.8188       115.8482       2.730834    
   291.8181       115.7824       2.819120    
   296.8170       115.7058       2.903949    
   301.8156       115.6153       2.967592    
   306.8141       115.5281       2.994685    
   311.8136       115.4968       2.979692    
   316.8123       115.4420       2.930235    
   321.7794       115.0840       2.865405    
   326.7076       114.4521       2.803288    
   331.6619       114.2384       2.750587    
   336.6017       114.7507       2.698725    
   341.4941       115.5241       2.632010    
   346.3997       116.2474       2.542879    
   351.3318       116.8596       2.447818    
   356.3008       117.2437       2.370392    
   361.2956       117.4006       2.320534    
   366.2939       117.4977       2.311907    
   371.2916       117.6117       2.361223    
   376.2886       117.7412       2.447845    
   381.2849       117.8860       2.539723    
   386.2799       118.0519       2.627007    
   391.2732       118.2462       2.716811    
   396.2645       118.4663       2.814250    
   401.2549       118.6983       2.912791    
   406.2462       118.9186       2.997173    
   411.2407       119.0920       3.053448    
   416.2387       119.1877       3.075100    
   421.2385       119.2163       3.061941    
   426.2385       119.2194       3.016631    
   431.2385       119.2319       2.943727    
   436.2343       119.3509       2.849062    
   441.2233       119.5975       2.741341    
   446.2118       119.8504       2.636556    
   451.2035       120.0655       2.549879    
   456.1937       120.2983       2.485518    
   461.1783       120.5900       2.446301    
   466.1624       120.8887       2.430147    
   471.1551       121.0661       2.428552    
   476.1545       121.1075       2.427359    
   481.8401       121.1095       2.423579    
   489.3643       121.1095       2.413667    
   507.4286       121.1095       2.375937    
  -33.77417       109.4377       2.096905    
  -15.70986       109.4377       2.143213    
  -8.185690       109.4377       2.181257    
  -2.500000       109.4377       2.225565    
   2.481762       109.6495       2.268632    
   7.434425       110.1285       2.316194    
   12.38829       110.6005       2.365087    
   17.37068       110.8431       2.414598    
   22.36992       110.9020       2.460104    
   27.36889       110.9691       2.493451    
   32.36626       111.0811       2.510950    
   37.36148       111.2335       2.514155    
   42.35468       111.4164       2.507853    
   47.34677       111.6138       2.497372    
   52.33939       111.8043       2.488292    
   57.33461       111.9553       2.485823    
   62.33282       112.0418       2.492901    
   67.33237       112.0446       2.508941    
   72.33087       111.9657       2.529796    
   77.32610       111.8166       2.549057    
   82.31709       111.6071       2.559674    
   87.30524       111.3655       2.554951    
   92.29430       111.1339       2.529473    
   97.28818       110.9664       2.480324    
   102.2866       110.8923       2.408648    
   107.2863       110.8566       2.320274    
   112.2728       110.6531       2.225332    
   117.2255       110.1834       2.136878    
   122.1606       109.6189       2.065568    
   127.1186       109.1790       2.018683    
   132.1048       108.9318       2.001915    
   137.1018       108.8263       2.020886    
   142.1004       108.8592       2.083249    
   147.0855       109.0976       2.191104    
   152.0289       109.6052       2.336960    
   156.9416       110.2591       2.506747    
   161.8866       110.7494       2.684022    
   166.8759       110.9363       2.847924    
   171.8755       110.9408       2.980193    
   176.8751       110.8991       3.071774    
   181.8749       110.8784       3.121199    
   186.8749       110.8776       3.131406    
   191.8749       110.8779       3.106321    
   196.8749       110.8779       3.049855    
   201.8749       110.8779       2.974277    
   206.8749       110.8778       2.901849    
   211.8749       110.8796       2.847818    
   216.8748       110.8966       2.815315    
   221.8745       110.9400       2.802832    
   226.8739       110.9907       2.805176    
   231.8736       110.9929       2.814868    
   236.8703       110.8849       2.826082    
   241.8605       110.6695       2.835487    
   246.8531       110.4993       2.839921    
   251.8497       110.5388       2.837222    
   256.8403       110.7495       2.828879    
   261.8292       110.9827       2.818879    
   266.8226       111.1594       2.813287    
   271.8200       111.2665       2.820058    
   276.8195       111.3003       2.845912    
   281.8193       111.2794       2.892349    
   286.8188       111.2305       2.954151    
   291.8181       111.1687       3.021597    
   296.8170       111.0969       3.082710    
   301.8156       111.0121       3.125075    
   306.8141       110.9304       3.138723    
   311.8136       110.9010       3.120137    
   316.8123       110.8497       3.074014    
   321.7794       110.5141       3.012063    
   326.7076       109.9218       2.946047    
   331.6619       109.7214       2.880500    
   336.6017       110.2016       2.811413    
   341.4941       110.9267       2.732962    
   346.3997       111.6047       2.643956    
   351.3318       112.1786       2.555006    
   356.3008       112.5386       2.481184    
   361.2956       112.6857       2.434143    
   366.2939       112.7768       2.425166    
   371.2916       112.8837       2.460372    
   376.2886       113.0050       2.529508    
   381.2849       113.1407       2.615125    
   386.2799       113.2963       2.707065    
   391.2732       113.4784       2.802096    
   396.2645       113.6848       2.897691    
   401.2549       113.9022       2.988234    
   406.2462       114.1088       3.064616    
   411.2407       114.2713       3.117398    
   416.2387       114.3611       3.140520    
   421.2385       114.3878       3.132710    
   426.2385       114.3907       3.096168    
   431.2385       114.4025       3.035515    
   436.2343       114.5140       2.957097    
   441.2233       114.7451       2.868403    
   446.2118       114.9823       2.780354    
   451.2035       115.1839       2.704410    
   456.1937       115.4022       2.643661    
   461.1783       115.6756       2.598327    
   466.1624       115.9556       2.567225    
   471.1551       116.1219       2.548045    
   476.1545       116.1607       2.531048    
   481.8401       116.1625       2.510940    
   489.3643       116.1625       2.484521    
   507.4286       116.1625       2.423397    
  -33.77417       104.4251       2.163126    
  -15.70986       104.4251       2.231435    
  -8.185690       104.4251       2.277178    
  -2.500000       104.4251       2.322129    
   2.481762       104.6212       2.363681    
   7.434425       105.0646       2.407711    
   12.38829       105.5015       2.452928    
   17.37068       105.7260       2.497473    
   22.36992       105.7805       2.537012    
   27.36889       105.8427       2.566669    
   32.36626       105.9463       2.584611    
   37.36148       106.0873       2.591708    
   42.35468       106.2567       2.590452    
   47.34677       106.4394       2.583812    
   52.33939       106.6157       2.575351    
   57.33461       106.7555       2.568882    
   62.33282       106.8356       2.566816    
   67.33237       106.8381       2.568888    
   72.33087       106.7651       2.572308    
   77.32610       106.6271       2.572918    
   82.31709       106.4332       2.566208    
   87.30524       106.2096       2.547920    
   92.29430       105.9952       2.514821    
   97.28818       105.8402       2.465438    
   102.2866       105.7715       2.401150    
   107.2863       105.7385       2.327091    
   112.2728       105.5501       2.251601    
   117.2255       105.1154       2.184141    
   122.1606       104.5929       2.132752    
   127.1186       104.1857       2.104156    
   132.1048       103.9569       2.104815    
   137.1018       103.8593       2.139655    
   142.1004       103.8897       2.212459    
   147.0855       104.1104       2.322453    
   152.0289       104.5803       2.462213    
   156.9416       105.1855       2.620920    
   161.8866       105.6393       2.785986    
   166.8759       105.8122       2.941892    
   171.8755       105.8165       3.073568    
   176.8751       105.7778       3.171751    
   181.8749       105.7587       3.232751    
   186.8749       105.7580       3.256900    
   191.8749       105.7582       3.247577    
   196.8749       105.7583       3.210811    
   201.8749       105.7583       3.157111    
   206.8749       105.7581       3.100470    
   211.8749       105.7598       3.051933    
   216.8748       105.7755       3.016772    
   221.8745       105.8157       2.995654    
   226.8739       105.8626       2.986096    
   231.8736       105.8647       2.983758    
   236.8703       105.7647       2.984716    
   241.8605       105.5654       2.986696    
   246.8531       105.4078       2.987751    
   251.8497       105.4444       2.986792    
   256.8403       105.6394       2.984935    
   261.8292       105.8553       2.984940    
   266.8226       106.0188       2.990528    
   271.8200       106.1179       3.005778    
   276.8195       106.1492       3.033293    
   281.8193       106.1298       3.072499    
   286.8188       106.0846       3.119171    
   291.8181       106.0275       3.166362    
   296.8170       105.9610       3.205643    
   301.8156       105.8824       3.228832    
   306.8141       105.8068       3.229828    
   311.8136       105.7796       3.206523    
   316.8123       105.7321       3.161527    
   321.7794       105.4215       3.101615    
   326.7076       104.8732       3.034011    
   331.6619       104.6877       2.962186    
   336.6017       105.1322       2.885956    
   341.4941       105.8034       2.804754    
   346.3997       106.4309       2.719974    
   351.3318       106.9622       2.639205    
   356.3008       107.2954       2.572918    
   361.2956       107.4315       2.530859    
   366.2939       107.5159       2.520998    
   371.2916       107.6148       2.545942    
   376.2886       107.7271       2.600431    
   381.2849       107.8528       2.674764    
   386.2799       107.9968       2.760301    
   391.2732       108.1653       2.850335    
   396.2645       108.3564       2.939237    
   401.2549       108.5576       3.021311    
   406.2462       108.7488       3.089892    
   411.2407       108.8992       3.138393    
   416.2387       108.9823       3.162234    
   421.2385       109.0071       3.160100    
   426.2385       109.0098       3.133734    
   431.2385       109.0207       3.087231    
   436.2343       109.1239       3.026263    
   441.2233       109.3378       2.956720    
   446.2118       109.5574       2.885388    
   451.2035       109.7439       2.820206    
   456.1937       109.9460       2.764716    
   461.1783       110.1991       2.718788    
   466.1624       110.4583       2.680774    
   471.1551       110.6122       2.649891    
   476.1545       110.6481       2.622209    
   481.8401       110.6497       2.592186    
   489.3643       110.6497       2.555534    
   507.4286       110.6497       2.476082    
  -33.77417       98.76926       2.232090    
  -15.70986       98.76926       2.313728    
  -8.185690       98.76926       2.361346    
  -2.500000       98.76926       2.404104    
   2.481762       98.94752       2.442348    
   7.434425       99.35075       2.481840    
   12.38829       99.74802       2.521253    
   17.37068       99.95215       2.558340    
   22.36992       100.0017       2.590508    
   27.36889       100.0582       2.615181    
   32.36626       100.1525       2.631358    
   37.36148       100.2807       2.639465    
   42.35468       100.4347       2.640621    
   47.34677       100.6009       2.636274    
   52.33939       100.7612       2.628380    
   57.33461       100.8883       2.619189    
   62.33282       100.9611       2.610289    
   67.33237       100.9634       2.601695    
   72.33087       100.8971       2.591885    
   77.32610       100.7716       2.578602    
   82.31709       100.5952       2.559433    
   87.30524       100.3919       2.532205    
   92.29430       100.1970       2.495539    
   97.28818       100.0560       2.449160    
   102.2866       99.99355       2.394548    
   107.2863       99.96349       2.335899    
   112.2728       99.79222       2.279942    
   117.2255       99.39693       2.233689    
   122.1606       98.92178       2.202871    
   127.1186       98.55151       2.192822    
   132.1048       98.34343       2.209163    
   137.1018       98.25465       2.255567    
   142.1004       98.28233       2.333174    
   147.0855       98.48299       2.439677    
   152.0289       98.91029       2.568602    
   156.9416       99.46066       2.711593    
   161.8866       99.87329       2.859469    
   166.8759       100.0306       3.001104    
   171.8755       100.0344       3.125082    
   176.8751       99.99930       3.223426    
   181.8749       99.98188       3.291559    
   186.8749       99.98126       3.328164    
   191.8749       99.98149       3.335481    
   196.8749       99.98150       3.318788    
   201.8749       99.98149       3.286013    
   206.8749       99.98139       3.246454    
   211.8749       99.98287       3.208138    
   216.8748       99.99718       3.176233    
   221.8745       100.0337       3.152653    
   226.8739       100.0764       3.136858    
   231.8736       100.0783       3.126902    
   236.8703       99.98734       3.120870    
   241.8605       99.80609       3.117545    
   246.8531       99.66279       3.115805    
   251.8497       99.69608       3.115192    
   256.8403       99.87341       3.116527    
   261.8292       100.0697       3.121309    
   266.8226       100.2184       3.131207    
   271.8200       100.3085       3.147633    
   276.8195       100.3370       3.170905    
   281.8193       100.3194       3.199644    
   286.8188       100.2782       3.230565    
   291.8181       100.2263       3.258899    
   296.8170       100.1659       3.279116    
   301.8156       100.0944       3.286054    
   306.8141       100.0256       3.276137    
   311.8136       100.0009       3.248130    
   316.8123       99.95772       3.203442    
   321.7794       99.67523       3.145852    
   326.7076       99.17667       3.079676    
   331.6619       99.00801       3.007776    
   336.6017       99.41222       2.932132    
   341.4941       100.0225       2.854734    
   346.3997       100.5932       2.777853    
   351.3318       101.0763       2.707257    
   356.3008       101.3793       2.650357    
   361.2956       101.5031       2.614256    
   366.2939       101.5798       2.604240    
   371.2916       101.6697       2.621669    
   376.2886       101.7719       2.663696    
   381.2849       101.8861       2.724495    
   386.2799       102.0170       2.797310    
   391.2732       102.1703       2.875512    
   396.2645       102.3440       2.953142    
   401.2549       102.5270       3.024646    
   406.2462       102.7009       3.084480    
   411.2407       102.8377       3.127761    
   416.2387       102.9132       3.151292    
   421.2385       102.9358       3.154243    
   426.2385       102.9382       3.138051    
   431.2385       102.9481       3.105793    
   436.2343       103.0419       3.061728    
   441.2233       103.2365       3.010324    
   446.2118       103.4361       2.955765    
   451.2035       103.6058       2.902356    
   456.1937       103.7895       2.852925    
   461.1783       104.0197       2.808910    
   466.1624       104.2553       2.770200    
   471.1551       104.3953       2.735185    
   476.1545       104.4279       2.701647    
   481.8401       104.4295       2.665286    
   489.3643       104.4295       2.622035    
   507.4286       104.4295       2.530837    
  -33.77417       92.28692       2.300640    
  -15.70986       92.28692       2.389449    
  -8.185690       92.28692       2.436109    
  -2.500000       92.28692       2.475036    
   2.481762       92.44483       2.508703    
   7.434425       92.80198       2.541369    
   12.38829       93.15384       2.572873    
   17.37068       93.33465       2.602132    
   22.36992       93.37855       2.627302    
   27.36889       93.42858       2.646892    
   32.36626       93.51208       2.660220    
   37.36148       93.62569       2.667358    
   42.35468       93.76205       2.668830    
   47.34677       93.90923       2.665289    
   52.33939       94.05121       2.657591    
   57.33461       94.16380       2.646773    
   62.33282       94.22831       2.633670    
   67.33237       94.23037       2.618468    
   72.33087       94.17159       2.600657    
   77.32610       94.06042       2.579377    
   82.31709       93.90422       2.553702    
   87.30524       93.72411       2.522924    
   92.29430       93.55146       2.486915    
   97.28818       93.42661       2.446275    
   102.2866       93.37131       2.402667    
   107.2863       93.34469       2.359415    
   112.2728       93.19299       2.321584    
   117.2255       92.84286       2.294312    
   122.1606       92.42202       2.281600    
   127.1186       92.09407       2.287139    
   132.1048       91.90976       2.314822    
   137.1018       91.83113       2.366988    
   142.1004       91.85565       2.443554    
   147.0855       92.03337       2.541905    
   152.0289       92.41184       2.656727    
   156.9416       92.89931       2.781569    
   161.8866       93.26480       2.909924    
   166.8759       93.40413       3.034080    
   171.8755       93.40750       3.145846    
   176.8751       93.37640       3.239099    
   181.8749       93.36098       3.309616    
   186.8749       93.36044       3.355413    
   191.8749       93.36063       3.377502    
   196.8749       93.36064       3.379394    
   201.8749       93.36063       3.366334    
   206.8749       93.36054       3.344346    
   211.8749       93.36186       3.319004    
   216.8748       93.37454       3.294549    
   221.8745       93.40688       3.273364    
   226.8739       93.44470       3.256269    
   231.8736       93.44635       3.243092    
   236.8703       93.36582       3.233416    
   241.8605       93.20527       3.226731    
   246.8531       93.07835       3.222469    
   251.8497       93.10783       3.220624    
   256.8403       93.26490       3.221805    
   261.8292       93.43874       3.226645    
   266.8226       93.57047       3.235466    
   271.8200       93.65030       3.248085    
   276.8195       93.67554       3.263594    
   281.8193       93.65989       3.280364    
   286.8188       93.62345       3.296052    
   291.8181       93.57744       3.307693    
   296.8170       93.52392       3.312026    
   301.8156       93.46066       3.306019    
   306.8141       93.39973       3.287564    
   311.8136       93.37785       3.255954    
   316.8123       93.33959       3.211994    
   321.7794       93.08938       3.157849    
   326.7076       92.64779       3.096137    
   331.6619       92.49840       3.028980    
   336.6017       92.85643       2.959094    
   341.4941       93.39696       2.889482    
   346.3997       93.90244       2.822690    
   351.3318       94.33030       2.763170    
   356.3008       94.59869       2.716022    
   361.2956       94.70834       2.685961    
   366.2939       94.77627       2.676291    
   371.2916       94.85593       2.687882    
   376.2886       94.94642       2.719112    
   381.2849       95.04758       2.766195    
   386.2799       95.16358       2.824095    
   391.2732       95.29931       2.887401    
   396.2645       95.45317       2.950922    
   401.2549       95.61526       3.009737    
   406.2462       95.76926       3.059300    
   411.2407       95.89043       3.096077    
   416.2387       95.95733       3.118075    
   421.2385       95.97731       3.124980    
   426.2385       95.97943       3.117886    
   431.2385       95.98818       3.098756    
   436.2343       96.07135       3.070270    
   441.2233       96.24365       3.035449    
   446.2118       96.42047       2.996680    
   451.2035       96.57073       2.955781    
   456.1937       96.73344       2.914767    
   461.1783       96.93733       2.875888    
   466.1624       97.14609       2.839822    
   471.1551       97.27006       2.805518    
   476.1545       97.29897       2.771679    
   481.8401       97.30029       2.732943    
   489.3643       97.30029       2.684906    
   507.4286       97.30029       2.584818    
  -33.77417       84.70639       2.365836    
  -15.70986       84.70639       2.454827    
  -8.185690       84.70639       2.498405    
  -2.500000       84.70639       2.532372    
   2.481762       84.84047       2.560246    
   7.434425       85.14374       2.586351    
   12.38829       85.44250       2.610400    
   17.37068       85.59602       2.632682    
   22.36992       85.63330       2.652225    
   27.36889       85.67580       2.667568    
   32.36626       85.74669       2.678110    
   37.36148       85.84315       2.683618    
   42.35468       85.95895       2.684270    
   47.34677       86.08392       2.680567    
   52.33939       86.20448       2.672964    
   57.33461       86.30008       2.661843    
   62.33282       86.35486       2.647487    
   67.33237       86.35661       2.630041    
   72.33087       86.30669       2.609575    
   77.32610       86.21230       2.586118    
   82.31709       86.07966       2.559656    
   87.30524       85.92673       2.530313    
   92.29430       85.78013       2.498623    
   97.28818       85.67411       2.465663    
   102.2866       85.62716       2.433177    
   107.2863       85.60456       2.403782    
   112.2728       85.47575       2.381017    
   117.2255       85.17844       2.368444    
   122.1606       84.82110       2.368917    
   127.1186       84.54264       2.384940    
   132.1048       84.38613       2.418743    
   137.1018       84.31937       2.471373    
   142.1004       84.34019       2.542283    
   147.0855       84.49109       2.629189    
   152.0289       84.81246       2.727932    
   156.9416       85.22638       2.833737    
   161.8866       85.53673       2.942352    
   166.8759       85.65503       3.048664    
   171.8755       85.65790       3.146760    
   176.8751       85.63148       3.231945    
   181.8749       85.61840       3.300853    
   186.8749       85.61794       3.351670    
   191.8749       85.61810       3.384561    
   196.8749       85.61810       3.401335    
   201.8749       85.61810       3.404939    
   206.8749       85.61802       3.398965    
   211.8749       85.61914       3.387057    
   216.8748       85.62991       3.372393    
   221.8745       85.65736       3.357311    
   226.8739       85.68948       3.343257    
   231.8736       85.69088       3.330946    
   236.8703       85.62250       3.320650    
   241.8605       85.48617       3.312345    
   246.8531       85.37840       3.306013    
   251.8497       85.40344       3.301950    
   256.8403       85.53680       3.300581    
   261.8292       85.68442       3.302061    
   266.8226       85.79627       3.306109    
   271.8200       85.86406       3.311966    
   276.8195       85.88549       3.318389    
   281.8193       85.87220       3.323810    
   286.8188       85.84126       3.326473    
   291.8181       85.80219       3.324566    
   296.8170       85.75674       3.316374    
   301.8156       85.70303       3.300429    
   306.8141       85.65130       3.275720    
   311.8136       85.63272       3.241937    
   316.8123       85.60023       3.199589    
   321.7794       85.38776       3.150029    
   326.7076       85.01280       3.094842    
   331.6619       84.88596       3.035339    
   336.6017       85.18996       2.974189    
   341.4941       85.64894       2.914365    
   346.3997       86.07815       2.858145    
   351.3318       86.44146       2.808836    
   356.3008       86.66934       2.769928    
   361.2956       86.76245       2.744599    
   366.2939       86.82014       2.735018    
   371.2916       86.88777       2.741749    
   376.2886       86.96461       2.763671    
   381.2849       87.05051       2.798143    
   386.2799       87.14902       2.841530    
   391.2732       87.26426       2.889770    
   396.2645       87.39491       2.938763    
   401.2549       87.53254       2.984569    
   406.2462       87.66331       3.023724    
   411.2407       87.76619       3.053808    
   416.2387       87.82300       3.073708    
   421.2385       87.83997       3.083355    
   426.2385       87.84176       3.083331    
   431.2385       87.84920       3.074729    
   436.2343       87.91981       3.059200    
   441.2233       88.06612       3.038404    
   446.2118       88.21626       3.013263    
   451.2035       88.34385       2.984738    
   456.1937       88.48203       2.954451    
   461.1783       88.65514       2.923599    
   466.1624       88.83239       2.892721    
   471.1551       88.93765       2.862130    
   476.1545       88.96221       2.831009    
   481.8401       88.96335       2.794087    
   489.3643       88.96335       2.745412    
   507.4286       88.96335       2.634071    
  -33.77417       75.60016       2.422033    
  -15.70986       75.60016       2.504948    
  -8.185690       75.60016       2.542759    
  -2.500000       75.60016       2.571112    
   2.481762       75.70561       2.593961    
   7.434425       75.94414       2.614877    
   12.38829       76.17914       2.634071    
   17.37068       76.29989       2.651200    
   22.36992       76.32921       2.666500    
   27.36889       76.36263       2.678984    
   32.36626       76.41840       2.687490    
   37.36148       76.49427       2.691783    
   42.35468       76.58534       2.691990    
   47.34677       76.68364       2.688504    
   52.33939       76.77846       2.681787    
   57.33461       76.85366       2.671990    
   62.33282       76.89674       2.659056    
   67.33237       76.89812       2.643002    
   72.33087       76.85886       2.624070    
   77.32610       76.78461       2.602734    
   82.31709       76.68029       2.579523    
   87.30524       76.56001       2.554998    
   92.29430       76.44469       2.529943    
   97.28818       76.36131       2.505518    
   102.2866       76.32438       2.483298    
   107.2863       76.30660       2.465248    
   112.2728       76.20528       2.453705    
   117.2255       75.97144       2.450960    
   122.1606       75.69038       2.458981    
   127.1186       75.47135       2.479602    
   132.1048       75.34826       2.514225    
   137.1018       75.29574       2.563217    
   142.1004       75.31212       2.625875    
   147.0855       75.43081       2.700271    
   152.0289       75.68358       2.783114    
   156.9416       76.00915       2.870890    
   161.8866       76.25325       2.960977    
   166.8759       76.34630       3.050195    
   171.8755       76.34855       3.134480    
   176.8751       76.32778       3.210413    
   181.8749       76.31749       3.275431    
   186.8749       76.31712       3.327962    
   191.8749       76.31725       3.367590    
   196.8749       76.31725       3.394904    
   201.8749       76.31725       3.411264    
   206.8749       76.31718       3.418580    
   211.8749       76.31807       3.419024    
   216.8748       76.32654       3.414726    
   221.8745       76.34814       3.407527    
   226.8739       76.37340       3.398847    
   231.8736       76.37450       3.389669    
   236.8703       76.32071       3.380641    
   241.8605       76.21349       3.372215    
   246.8531       76.12872       3.364796    
   251.8497       76.14841       3.358769    
   256.8403       76.25331       3.354351    
   261.8292       76.36942       3.351419    
   266.8226       76.45739       3.349511    
   271.8200       76.51070       3.347872    
   276.8195       76.52757       3.345480    
   281.8193       76.51711       3.341139    
   286.8188       76.49277       3.333600    
   291.8181       76.46204       3.321723    
   296.8170       76.42630       3.304615    
   301.8156       76.38405       3.281696    
   306.8141       76.34336       3.252721    
   311.8136       76.32875       3.217789    
   316.8123       76.30320       3.177387    
   321.7794       76.13609       3.132471    
   326.7076       75.84116       3.084008    
   331.6619       75.74139       3.032679    
   336.6017       75.98050       2.980742    
   341.4941       76.34151       2.930631    
   346.3997       76.67910       2.883971    
   351.3318       76.96486       2.843127    
   356.3008       77.14410       2.810556    
   361.2956       77.21733       2.788511    
   366.2939       77.26270       2.778485    
   371.2916       77.31591       2.780811    
   376.2886       77.37634       2.794661    
   381.2849       77.44391       2.818191    
   386.2799       77.52139       2.848856    
   391.2732       77.61202       2.883761    
   396.2645       77.71479       2.919963    
   401.2549       77.82304       2.954676    
   406.2462       77.92590       2.985532    
   411.2407       78.00681       3.010907    
   416.2387       78.05150       3.029957    
   421.2385       78.06484       3.042331    
   426.2385       78.06626       3.048027    
   431.2385       78.07211       3.047523    
   436.2343       78.12765       3.041561    
   441.2233       78.24273       3.030675    
   446.2118       78.36082       3.015501    
   451.2035       78.46117       2.997092    
   456.1937       78.56985       2.976122    
   461.1783       78.70601       2.953138    
   466.1624       78.84543       2.929072    
   471.1551       78.92822       2.904063    
   476.1545       78.94754       2.878008    
   481.8401       78.94843       2.846954    
   489.3643       78.94843       2.802167    
   507.4286       78.94843       2.669413    
  -33.77417       56.32260       2.493147    
  -15.70986       56.32260       2.556742    
  -8.185690       56.32260       2.585920    
  -2.500000       56.32260       2.607260    
   2.481762       56.36747       2.624904    
   7.434425       56.46896       2.640580    
   12.38829       56.56895       2.654280    
   17.37068       56.62033       2.666187    
   22.36992       56.63280       2.675991    
   27.36889       56.64702       2.684684    
   32.36626       56.67075       2.691579    
   37.36148       56.70303       2.695548    
   42.35468       56.74178       2.696560    
   47.34677       56.78361       2.694842    
   52.33939       56.82395       2.690860    
   57.33461       56.85595       2.685086    
   62.33282       56.87428       2.677554    
   67.33237       56.87487       2.668126    
   72.33087       56.85816       2.656858    
   77.32610       56.82657       2.644129    
   82.31709       56.78218       2.630589    
   87.30524       56.73100       2.616975    
   92.29430       56.68194       2.604047    
   97.28818       56.64646       2.592689    
   102.2866       56.63075       2.583939    
   107.2863       56.62318       2.578924    
   112.2728       56.58007       2.578813    
   117.2255       56.48058       2.584690    
   122.1606       56.36099       2.597562    
   127.1186       56.26780       2.618492    
   132.1048       56.21542       2.648267    
   137.1018       56.19307       2.687068    
   142.1004       56.20005       2.734537    
   147.0855       56.25055       2.789603    
   152.0289       56.35809       2.850316    
   156.9416       56.49662       2.914695    
   161.8866       56.60048       2.981609    
   166.8759       56.64007       3.049558    
   171.8755       56.64103       3.116277    
   176.8751       56.63219       3.179755    
   181.8749       56.62782       3.238247    
   186.8749       56.62766       3.290318    
   191.8749       56.62771       3.335013    
   196.8749       56.62772       3.371872    
   201.8749       56.62771       3.400911    
   206.8749       56.62769       3.422539    
   211.8749       56.62806       3.437478    
   216.8748       56.63167       3.446641    
   221.8745       56.64086       3.451024    
   226.8739       56.65160       3.451623    
   231.8736       56.65207       3.449363    
   236.8703       56.62919       3.445040    
   241.8605       56.58356       3.439299    
   246.8531       56.54750       3.432598    
   251.8497       56.55588       3.425199    
   256.8403       56.60051       3.417180    
   261.8292       56.64991       3.408398    
   266.8226       56.68734       3.398539    
   271.8200       56.71003       3.387201    
   276.8195       56.71720       3.373922    
   281.8193       56.71275       3.358212    
   286.8188       56.70240       3.339617    
   291.8181       56.68932       3.317749    
   296.8170       56.67411       3.292341    
   301.8156       56.65614       3.263279    
   306.8141       56.63882       3.230614    
   311.8136       56.63261       3.194597    
   316.8123       56.62173       3.155727    
   321.7794       56.55063       3.114811    
   326.7076       56.42514       3.072489    
   331.6619       56.38269       3.029121    
   336.6017       56.48443       2.986712    
   341.4941       56.63803       2.947048    
   346.3997       56.78168       2.910869    
   351.3318       56.90327       2.879311    
   356.3008       56.97953       2.853463    
   361.2956       57.01069       2.834305    
   366.2939       57.02999       2.822527    
   371.2916       57.05263       2.818336    
   376.2886       57.07835       2.821486    
   381.2849       57.10709       2.831293    
   386.2799       57.14006       2.846658    
   391.2732       57.17862       2.866173    
   396.2645       57.22235       2.888230    
   401.2549       57.26841       2.911216    
   406.2462       57.31217       2.933728    
   411.2407       57.34660       2.954658    
   416.2387       57.36561       2.973027    
   421.2385       57.37129       2.988031    
   426.2385       57.37189       2.999348    
   431.2385       57.37438       3.006921    
   436.2343       57.39801       3.010384    
   441.2233       57.44698       3.009774    
   446.2118       57.49723       3.006115    
   451.2035       57.53992       2.999973    
   456.1937       57.58617       2.991561    
   461.1783       57.64410       2.981888    
   466.1624       57.70342       2.971437    
   471.1551       57.73865       2.960648    
   476.1545       57.74687       2.950418    
   481.8401       57.74725       2.940001    
   489.3643       57.74725       2.930439    
   507.4286       57.74725       2.825462    
