        1545
  -33.77417       136.6885       2.145926    
  -15.70986       136.6885       1.928399    
  -8.185690       136.6885       1.832294    
  -2.500000       136.6885       1.967180    
   2.481762       136.9860       1.981027    
   7.434425       137.6588       1.657365    
   12.38829       138.3216       1.891558    
   17.37068       138.6622       1.599886    
   22.36992       138.7449       1.759556    
   27.36889       138.8391       1.601139    
   32.36626       138.9964       1.576876    
   37.36148       139.2104       1.583930    
   42.35468       139.4673       1.735255    
   47.34677       139.7446       1.798855    
   52.33939       140.0120       1.802256    
   57.33461       140.2241       1.785432    
   62.33282       140.3456       1.567901    
   67.33237       140.3495       1.662167    
   72.33087       140.2388       1.588767    
   77.32610       140.0294       1.709038    
   82.31709       139.7351       1.637462    
   87.30524       139.3958       1.724815    
   92.29430       139.0706       1.743792    
   97.28818       138.8354       1.632899    
   102.2866       138.7312       1.723861    
   107.2863       138.6811       1.694961    
   112.2728       138.3953       1.684833    
   117.2255       137.7357       1.605135    
   122.1606       136.9430       1.608090    
   127.1186       136.3252       1.623455    
   132.1048       135.9780       1.539355    
   137.1018       135.8299       1.482548    
   142.1004       135.8761       1.416760    
   147.0855       136.2108       1.472166    
   152.0289       136.9238       1.639298    
   156.9416       137.8421       1.675086    
   161.8866       138.5306       1.772804    
   166.8759       138.7930       1.697741    
   171.8755       138.7994       1.585396    
   176.8751       138.7408       1.514527    
   181.8749       138.7118       1.542003    
   186.8749       138.7108       1.487802    
   191.8749       138.7111       1.516102    
   196.8749       138.7112       1.487002    
   201.8749       138.7111       1.580839    
   206.8749       138.7109       1.489409    
   211.8749       138.7134       1.541804    
   216.8748       138.7373       1.582183    
   221.8745       138.7983       1.429027    
   226.8739       138.8695       1.608455    
   231.8736       138.8726       1.366589    
   236.8703       138.7209       1.459186    
   241.8605       138.4185       1.408201    
   246.8531       138.1794       1.436378    
   251.8497       138.2349       1.468015    
   256.8403       138.5308       1.602228    
   261.8292       138.8582       1.662123    
   266.8226       139.1064       1.583573    
   271.8200       139.2568       1.684978    
   276.8195       139.3043       1.643818    
   281.8193       139.2749       1.708435    
   286.8188       139.2062       1.587335    
   291.8181       139.1195       1.530318    
   296.8170       139.0187       1.464967    
   301.8156       138.8996       1.451448    
   306.8141       138.7848       1.659915    
   311.8136       138.7435       1.624562    
   316.8123       138.6715       1.427514    
   321.7794       138.2001       1.354414    
   326.7076       137.3683       1.489839    
   331.6619       137.0869       1.613799    
   336.6017       137.7613       1.519678    
   341.4941       138.7795       1.483981    
   346.3997       139.7317       1.628978    
   351.3318       140.5377       1.369631    
   356.3008       141.0433       1.557286    
   361.2956       141.2499       1.323802    
   366.2939       141.3779       1.031399    
   371.2916       141.5279       1.055484    
   376.2886       141.6984       1.105536    
   381.2849       141.8889       1.123942    
   386.2799       142.1075      0.9737799    
   391.2732       142.3631       1.072561    
   396.2645       142.6530       1.131129    
   401.2549       142.9583       1.010244    
   406.2462       143.2484      0.8233443    
   411.2407       143.4767      0.8273516    
   416.2387       143.6027      0.8701902    
   421.2385       143.6403      0.7694865    
   426.2385       143.6443      0.8821992    
   431.2385       143.6608      0.8961378    
   436.2343       143.8174       1.142481    
   441.2233       144.1421       1.119766    
   446.2118       144.4751      0.9106448    
   451.2035       144.7582      0.8914413    
   456.1937       145.0647      0.9835075    
   461.1783       145.4488       1.275294    
   466.1624       145.8420       1.487537    
   471.1551       146.0755       1.704232    
   476.1545       146.1300       1.810447    
   481.8401       146.1326       2.041449    
   489.3643       146.1326       2.249850    
   507.4286       146.1326       2.516734    
  -33.77417       134.0858       2.148691    
  -15.70986       134.0858       1.932182    
  -8.185690       134.0858       1.814838    
  -2.500000       134.0858       1.759511    
   2.481762       134.3752       1.664743    
   7.434425       135.0294       1.458711    
   12.38829       135.6740       1.540849    
   17.37068       136.0052       1.473719    
   22.36992       136.0857       1.380904    
   27.36889       136.1774       1.248625    
   32.36626       136.3303       1.280061    
   37.36148       136.5384       1.289033    
   42.35468       136.7882       1.312601    
   47.34677       137.0579       1.420792    
   52.33939       137.3180       1.409382    
   57.33461       137.5242       1.302507    
   62.33282       137.6424       1.259447    
   67.33237       137.6462       1.342891    
   72.33087       137.5385       1.170444    
   77.32610       137.3349       1.290889    
   82.31709       137.0487       1.360821    
   87.30524       136.7188       1.440766    
   92.29430       136.4025       1.308184    
   97.28818       136.1738       1.154387    
   102.2866       136.0724       1.251604    
   107.2863       136.0237       1.255127    
   112.2728       135.7457       1.208964    
   117.2255       135.1043       1.241676    
   122.1606       134.3334       1.381308    
   127.1186       133.7326       1.505501    
   132.1048       133.3949       1.528937    
   137.1018       133.2509       1.490979    
   142.1004       133.2958       1.420875    
   147.0855       133.6214       1.368492    
   152.0289       134.3147       1.374285    
   156.9416       135.2077       1.257440    
   161.8866       135.8773       1.337008    
   166.8759       136.1325       1.275881    
   171.8755       136.1387       1.162863    
   176.8751       136.0817       1.121032    
   181.8749       136.0535       1.091828    
   186.8749       136.0525       1.037745    
   191.8749       136.0529       1.033620    
   196.8749       136.0529       1.041039    
   201.8749       136.0529       1.077788    
   206.8749       136.0527       1.088531    
   211.8749       136.0551       1.187618    
   216.8748       136.0783       1.121637    
   221.8745       136.1376      0.9981403    
   226.8739       136.2069       1.149754    
   231.8736       136.2099      0.8785003    
   236.8703       136.0623       1.001043    
   241.8605       135.7682      0.9770624    
   246.8531       135.5358      0.9393955    
   251.8497       135.5898       1.041028    
   256.8403       135.8775       1.171374    
   261.8292       136.1960       1.114196    
   266.8226       136.4373       1.076860    
   271.8200       136.5835       1.236729    
   276.8195       136.6297       1.294988    
   281.8193       136.6011       1.192569    
   286.8188       136.5343       1.122837    
   291.8181       136.4500       1.113393    
   296.8170       136.3520       1.114635    
   301.8156       136.2361       1.059159    
   306.8141       136.1245       1.073362    
   311.8136       136.0844      0.9012719    
   316.8123       136.0143       1.354187    
   321.7794       135.5559       1.543079    
   326.7076       134.7469       1.354370    
   331.6619       134.4733       1.237706    
   336.6017       135.1292       1.244480    
   341.4941       136.1194       1.393723    
   346.3997       137.0454       1.350330    
   351.3318       137.8293       1.151034    
   356.3008       138.3209       1.340109    
   361.2956       138.5218       1.410174    
   366.2939       138.6463       1.228282    
   371.2916       138.7922       1.402260    
   376.2886       138.9579       1.580545    
   381.2849       139.1433       1.618245    
   386.2799       139.3558       1.553004    
   391.2732       139.6044       1.514763    
   396.2645       139.8863       1.450276    
   401.2549       140.1832       1.414133    
   406.2462       140.4654       1.379609    
   411.2407       140.6873       1.340464    
   416.2387       140.8099       1.302302    
   421.2385       140.8465       1.254818    
   426.2385       140.8504       1.208699    
   431.2385       140.8664       1.187020    
   436.2343       141.0188       1.286018    
   441.2233       141.3345       1.280671    
   446.2118       141.6584       1.165522    
   451.2035       141.9337       1.211582    
   456.1937       142.2318       1.355078    
   461.1783       142.6053       1.535162    
   466.1624       142.9877       1.627452    
   471.1551       143.2148       1.735289    
   476.1545       143.2677       1.857219    
   481.8401       143.2702       2.061945    
   489.3643       143.2702       2.258521    
   507.4286       143.2702       2.519424    
  -33.77417       131.3152       2.153664    
  -15.70986       131.3152       1.943622    
  -8.185690       131.3152       1.816945    
  -2.500000       131.3152       1.709250    
   2.481762       131.5958       1.588164    
   7.434425       132.2304       1.450097    
   12.38829       132.8556       1.466289    
   17.37068       133.1768       1.442279    
   22.36992       133.2549       1.338892    
   27.36889       133.3438       1.253945    
   32.36626       133.4921       1.288544    
   37.36148       133.6940       1.318484    
   42.35468       133.9363       1.341993    
   47.34677       134.1978       1.417540    
   52.33939       134.4500       1.405324    
   57.33461       134.6501       1.323432    
   62.33282       134.7647       1.334385    
   67.33237       134.7684       1.385726    
   72.33087       134.6640       1.305726    
   77.32610       134.4664       1.374742    
   82.31709       134.1889       1.471045    
   87.30524       133.8689       1.508335    
   92.29430       133.5621       1.390762    
   97.28818       133.3403       1.274212    
   102.2866       133.2420       1.289003    
   107.2863       133.1947       1.270349    
   112.2728       132.9252       1.216336    
   117.2255       132.3031       1.246249    
   122.1606       131.5553       1.366361    
   127.1186       130.9726       1.492037    
   132.1048       130.6451       1.537084    
   137.1018       130.5054       1.518037    
   142.1004       130.5490       1.459041    
   147.0855       130.8647       1.399475    
   152.0289       131.5372       1.358621    
   156.9416       132.4034       1.269049    
   161.8866       133.0527       1.305527    
   166.8759       133.3003       1.284602    
   171.8755       133.3063       1.229964    
   176.8751       133.2510       1.210493    
   181.8749       133.2236       1.173519    
   186.8749       133.2227       1.127487    
   191.8749       133.2231       1.114361    
   196.8749       133.2231       1.113488    
   201.8749       133.2231       1.114251    
   206.8749       133.2229       1.130176    
   211.8749       133.2252       1.183262    
   216.8748       133.2477       1.120847    
   221.8745       133.3052       1.071075    
   226.8739       133.3724       1.154320    
   231.8736       133.3753       1.035673    
   236.8703       133.2322       1.081440    
   241.8605       132.9470       1.097166    
   246.8531       132.7215       1.088145    
   251.8497       132.7738       1.187077    
   256.8403       133.0529       1.243362    
   261.8292       133.3618       1.187688    
   266.8226       133.5959       1.157296    
   271.8200       133.7377       1.251427    
   276.8195       133.7825       1.273242    
   281.8193       133.7548       1.147108    
   286.8188       133.6900       1.104068    
   291.8181       133.6082       1.156690    
   296.8170       133.5132       1.211520    
   301.8156       133.4008       1.183339    
   306.8141       133.2925       1.136983    
   311.8136       133.2536       1.095956    
   316.8123       133.1856       1.405108    
   321.7794       132.7410       1.519065    
   326.7076       131.9564       1.341946    
   331.6619       131.6910       1.251044    
   336.6017       132.3271       1.323462    
   341.4941       133.2876       1.443539    
   346.3997       134.1857       1.389915    
   351.3318       134.9460       1.283884    
   356.3008       135.4228       1.391296    
   361.2956       135.6176       1.450303    
   366.2939       135.7384       1.363738    
   371.2916       135.8799       1.486600    
   376.2886       136.0407       1.633826    
   381.2849       136.2204       1.683850    
   386.2799       136.4265       1.666418    
   391.2732       136.6677       1.619429    
   396.2645       136.9411       1.561634    
   401.2549       137.2291       1.549665    
   406.2462       137.5027       1.563404    
   411.2407       137.7180       1.552431    
   416.2387       137.8369       1.535622    
   421.2385       137.8724       1.507471    
   426.2385       137.8761       1.454554    
   431.2385       137.8917       1.429300    
   436.2343       138.0394       1.451649    
   441.2233       138.3456       1.422887    
   446.2118       138.6598       1.347729    
   451.2035       138.9268       1.373424    
   456.1937       139.2159       1.479690    
   461.1783       139.5782       1.604593    
   466.1624       139.9491       1.691863    
   471.1551       140.1694       1.797577    
   476.1545       140.2207       1.929571    
   481.8401       140.2231       2.102239    
   489.3643       140.2231       2.277595    
   507.4286       140.2231       2.524480    
  -33.77417       128.3538       2.161426    
  -15.70986       128.3538       1.965758    
  -8.185690       128.3538       1.846004    
  -2.500000       128.3538       1.738447    
   2.481762       128.6251       1.629640    
   7.434425       129.2386       1.536693    
   12.38829       129.8431       1.527800    
   17.37068       130.1537       1.515680    
   22.36992       130.2291       1.453837    
   27.36889       130.3151       1.412985    
   32.36626       130.4585       1.443954    
   37.36148       130.6536       1.483723    
   42.35468       130.8879       1.519660    
   47.34677       131.1408       1.570589    
   52.33939       131.3846       1.571961    
   57.33461       131.5780       1.539908    
   62.33282       131.6889       1.560647    
   67.33237       131.6924       1.595381    
   72.33087       131.5914       1.583933    
   77.32610       131.4005       1.628390    
   82.31709       131.1322       1.693900    
   87.30524       130.8228       1.712210    
   92.29430       130.5262       1.645884    
   97.28818       130.3116       1.571602    
   102.2866       130.2167       1.540649    
   107.2863       130.1709       1.492210    
   112.2728       129.9104       1.425592    
   117.2255       129.3089       1.414398    
   122.1606       128.5859       1.468992    
   127.1186       128.0226       1.550204    
   132.1048       127.7059       1.585812    
   137.1018       127.5708       1.580441    
   142.1004       127.6130       1.542295    
   147.0855       127.9183       1.505391    
   152.0289       128.5684       1.485077    
   156.9416       129.4059       1.464281    
   161.8866       130.0337       1.509751    
   166.8759       130.2731       1.532953    
   171.8755       130.2789       1.524765    
   176.8751       130.2254       1.517570    
   181.8749       130.1989       1.490599    
   186.8749       130.1980       1.455642    
   191.8749       130.1983       1.435409    
   196.8749       130.1983       1.419616    
   201.8749       130.1983       1.402639    
   206.8749       130.1982       1.400955    
   211.8749       130.2005       1.416323    
   216.8748       130.2222       1.383459    
   221.8745       130.2778       1.371588    
   226.8739       130.3428       1.415287    
   231.8736       130.3456       1.381045    
   236.8703       130.2072       1.397635    
   241.8605       129.9314       1.423206    
   246.8531       129.7134       1.443870    
   251.8497       129.7641       1.503366    
   256.8403       130.0339       1.520832    
   261.8292       130.3325       1.485105    
   266.8226       130.5588       1.460008    
   271.8200       130.6960       1.487283    
   276.8195       130.7393       1.471775    
   281.8193       130.7124       1.384176    
   286.8188       130.6498       1.367126    
   291.8181       130.5708       1.434047    
   296.8170       130.4788       1.506408    
   301.8156       130.3701       1.516615    
   306.8141       130.2655       1.493739    
   311.8136       130.2279       1.495055    
   316.8123       130.1622       1.624844    
   321.7794       129.7323       1.648720    
   326.7076       128.9738       1.535736    
   331.6619       128.7171       1.484103    
   336.6017       129.3322       1.539734    
   341.4941       130.2607       1.608544    
   346.3997       131.1291       1.575467    
   351.3318       131.8641       1.521090    
   356.3008       132.3251       1.556813    
   361.2956       132.5135       1.571047    
   366.2939       132.6302       1.527887    
   371.2916       132.7671       1.585045    
   376.2886       132.9225       1.673429    
   381.2849       133.0963       1.716105    
   386.2799       133.2955       1.728299    
   391.2732       133.5287       1.707939    
   396.2645       133.7930       1.688262    
   401.2549       134.0715       1.692945    
   406.2462       134.3360       1.720339    
   411.2407       134.5442       1.733608    
   416.2387       134.6591       1.740536    
   421.2385       134.6935       1.726287    
   426.2385       134.6971       1.686680    
   431.2385       134.7121       1.658133    
   436.2343       134.8550       1.638767    
   441.2233       135.1510       1.593182    
   446.2118       135.4547       1.536189    
   451.2035       135.7129       1.541272    
   456.1937       135.9924       1.606771    
   461.1783       136.3427       1.696998    
   466.1624       136.7012       1.785882    
   471.1551       136.9142       1.892275    
   476.1545       136.9639       2.015943    
   481.8401       136.9662       2.157609    
   489.3643       136.9662       2.306798    
   507.4286       136.9662       2.532139    
  -33.77417       125.1739       2.172600    
  -15.70986       125.1739       1.999064    
  -8.185690       125.1739       1.896235    
  -2.500000       125.1739       1.807448    
   2.481762       125.4352       1.722988    
   7.434425       126.0261       1.660501    
   12.38829       126.6083       1.644615    
   17.37068       126.9075       1.639878    
   22.36992       126.9801       1.614519    
   27.36889       127.0629       1.604051    
   32.36626       127.2010       1.632897    
   37.36148       127.3890       1.673516    
   42.35468       127.6146       1.713521    
   47.34677       127.8582       1.753638    
   52.33939       128.0931       1.768486    
   57.33461       128.2793       1.769143    
   62.33282       128.3861       1.792580    
   67.33237       128.3895       1.821723    
   72.33087       128.2923       1.838556    
   77.32610       128.1083       1.871732    
   82.31709       127.8499       1.911067    
   87.30524       127.5519       1.921762    
   92.29430       127.2662       1.888423    
   97.28818       127.0596       1.839942    
   102.2866       126.9681       1.793883    
   107.2863       126.9241       1.730694    
   112.2728       126.6731       1.657066    
   117.2255       126.0938       1.617557    
   122.1606       125.3975       1.622313    
   127.1186       124.8549       1.656476    
   132.1048       124.5499       1.677821    
   137.1018       124.4198       1.683736    
   142.1004       124.4603       1.668383    
   147.0855       124.7544       1.656827    
   152.0289       125.3806       1.671443    
   156.9416       126.1872       1.701711    
   161.8866       126.7919       1.767673    
   166.8759       127.0225       1.820761    
   171.8755       127.0280       1.842676    
   176.8751       126.9765       1.847537    
   181.8749       126.9510       1.832583    
   186.8749       126.9501       1.807275    
   191.8749       126.9505       1.783864    
   196.8749       126.9505       1.760075    
   201.8749       126.9505       1.736104    
   206.8749       126.9503       1.722532    
   211.8749       126.9525       1.719569    
   216.8748       126.9735       1.703970    
   221.8745       127.0270       1.703830    
   226.8739       127.0896       1.726882    
   231.8736       127.0923       1.723494    
   236.8703       126.9591       1.735546    
   241.8605       126.6934       1.759539    
   246.8531       126.4834       1.784982    
   251.8497       126.5322       1.815248    
   256.8403       126.7921       1.817835    
   261.8292       127.0797       1.795046    
   266.8226       127.2977       1.774105    
   271.8200       127.4297       1.770035    
   276.8195       127.4715       1.745635    
   281.8193       127.4456       1.699314    
   286.8188       127.3853       1.702201    
   291.8181       127.3092       1.762422    
   296.8170       127.2206       1.830407    
   301.8156       127.1160       1.860568    
   306.8141       127.0152       1.860922    
   311.8136       126.9790       1.865165    
   316.8123       126.9157       1.902406    
   321.7794       126.5017       1.882703    
   326.7076       125.7710       1.808404    
   331.6619       125.5238       1.770098    
   336.6017       126.1162       1.793588    
   341.4941       127.0106       1.824247    
   346.3997       127.8469       1.804186    
   351.3318       128.5549       1.768981    
   356.3008       128.9989       1.762954    
   361.2956       129.1804       1.747173    
   366.2939       129.2928       1.717870    
   371.2916       129.4245       1.733691    
   376.2886       129.5742       1.777543    
   381.2849       129.7417       1.807186    
   386.2799       129.9336       1.830166    
   391.2732       130.1582       1.836059    
   396.2645       130.4128       1.846501    
   401.2549       130.6809       1.864260    
   406.2462       130.9357       1.894147    
   411.2407       131.1362       1.919001    
   416.2387       131.2469       1.935663    
   421.2385       131.2800       1.928988    
   426.2385       131.2835       1.899314    
   431.2385       131.2979       1.868252    
   436.2343       131.4355       1.831468    
   441.2233       131.7207       1.781240    
   446.2118       132.0132       1.734578    
   451.2035       132.2618       1.727723    
   456.1937       132.5311       1.765645    
   461.1783       132.8684       1.831160    
   466.1624       133.2138       1.910628    
   471.1551       133.4189       2.005300    
   476.1545       133.4668       2.110162    
   481.8401       133.4690       2.222832    
   489.3643       133.4690       2.344629    
   507.4286       133.4690       2.542592    
  -33.77417       121.7413       2.187954    
  -15.70986       121.7413       2.043070    
  -8.185690       121.7413       1.962436    
  -2.500000       121.7413       1.896655    
   2.481762       121.9919       1.837777    
   7.434425       122.5584       1.794705    
   12.38829       123.1165       1.779881    
   17.37068       123.4034       1.780802    
   22.36992       123.4730       1.777573    
   27.36889       123.5524       1.784008    
   32.36626       123.6848       1.812092    
   37.36148       123.8650       1.849799    
   42.35468       124.0813       1.888791    
   47.34677       124.3148       1.924726    
   52.33939       124.5400       1.947904    
   57.33461       124.7186       1.964787    
   62.33282       124.8209       1.989605    
   67.33237       124.8242       2.016534    
   72.33087       124.7309       2.040641    
   77.32610       124.5546       2.066436    
   82.31709       124.3068       2.090443    
   87.30524       124.0211       2.096703    
   92.29430       123.7473       2.078159    
   97.28818       123.5492       2.043031    
   102.2866       123.4615       1.995860    
   107.2863       123.4193       1.931899    
   112.2728       123.1786       1.860647    
   117.2255       122.6232       1.810932    
   122.1606       121.9557       1.792115    
   127.1186       121.4355       1.793507    
   132.1048       121.1431       1.804201    
   137.1018       121.0183       1.812428    
   142.1004       121.0573       1.817242    
   147.0855       121.3392       1.830477    
   152.0289       121.9395       1.871377    
   156.9416       122.7128       1.928974    
   161.8866       123.2925       2.007898    
   166.8759       123.5135       2.076081    
   171.8755       123.5189       2.115850    
   176.8751       123.4696       2.132322    
   181.8749       123.4451       2.128607    
   186.8749       123.4443       2.111940    
   191.8749       123.4446       2.090076    
   196.8749       123.4446       2.065132    
   201.8749       123.4446       2.040276    
   206.8749       123.4444       2.022226    
   211.8749       123.4465       2.012082    
   216.8748       123.4666       2.002810    
   221.8745       123.5179       2.003913    
   226.8739       123.5779       2.015781    
   231.8736       123.5806       2.020810    
   236.8703       123.4528       2.032059    
   241.8605       123.1981       2.050782    
   246.8531       122.9968       2.069991    
   251.8497       123.0435       2.084214    
   256.8403       123.2927       2.081897    
   261.8292       123.5684       2.066628    
   266.8226       123.7774       2.050302    
   271.8200       123.9041       2.038579    
   276.8195       123.9441       2.020262    
   281.8193       123.9193       2.001926    
   286.8188       123.8614       2.015973    
   291.8181       123.7885       2.065112    
   296.8170       123.7036       2.120936    
   301.8156       123.6032       2.155024    
   306.8141       123.5066       2.165756    
   311.8136       123.4719       2.167024    
   316.8123       123.4112       2.166374    
   321.7794       123.0143       2.132842    
   326.7076       122.3138       2.076452    
   331.6619       122.0768       2.039700    
   336.6017       122.6448       2.038021    
   341.4941       123.5022       2.043624    
   346.3997       124.3040       2.026806    
   351.3318       124.9827       1.997974    
   356.3008       125.4084       1.972641    
   361.2956       125.5824       1.942009    
   366.2939       125.6901       1.916070    
   371.2916       125.8165       1.913488    
   376.2886       125.9600       1.932939    
   381.2849       126.1205       1.952608    
   386.2799       126.3045       1.974474    
   391.2732       126.5198       1.993518    
   396.2645       126.7639       2.017601    
   401.2549       127.0210       2.041873    
   406.2462       127.2653       2.070272    
   411.2407       127.4575       2.097454    
   416.2387       127.5636       2.114034    
   421.2385       127.5953       2.109126    
   426.2385       127.5986       2.085493    
   431.2385       127.6125       2.054733    
   436.2343       127.7445       2.015250    
   441.2233       128.0178       1.969045    
   446.2118       128.2982       1.930285    
   451.2035       128.5366       1.918709    
   456.1937       128.7948       1.939527    
   461.1783       129.1181       1.985786    
   466.1624       129.4493       2.048809    
   471.1551       129.6459       2.124655    
   476.1545       129.6918       2.207407    
   481.8401       129.6939       2.293929    
   489.3643       129.6939       2.389470    
   507.4286       129.6939       2.556300    
  -33.77417       118.0135       2.208204    
  -15.70986       118.0135       2.095519    
  -8.185690       118.0135       2.037432    
  -2.500000       118.0135       1.992875    
   2.481762       118.2522       1.954136    
   7.434425       118.7923       1.925765    
   12.38829       119.3243       1.916771    
   17.37068       119.5977       1.921002    
   22.36992       119.6640       1.928201    
   27.36889       119.7397       1.943118    
   32.36626       119.8660       1.970405    
   37.36148       120.0378       2.004389    
   42.35468       120.2439       2.040367    
   47.34677       120.4665       2.073574    
   52.33939       120.6811       2.099982    
   57.33461       120.8514       2.123132    
   62.33282       120.9489       2.148113    
   67.33237       120.9520       2.173052    
   72.33087       120.8632       2.196022    
   77.32610       120.6951       2.215768    
   82.31709       120.4589       2.230661    
   87.30524       120.1866       2.233264    
   92.29430       119.9255       2.220013    
   97.28818       119.7367       2.191936    
   102.2866       119.6531       2.149500    
   107.2863       119.6129       2.092993    
   112.2728       119.3835       2.030980    
   117.2255       118.8540       1.982084    
   122.1606       118.2177       1.957043    
   127.1186       117.7218       1.946334    
   132.1048       117.4431       1.949089    
   137.1018       117.3242       1.954602    
   142.1004       117.3613       1.975090    
   147.0855       117.6301       2.008050    
   152.0289       118.2023       2.061610    
   156.9416       118.9394       2.130475    
   161.8866       119.4921       2.213052    
   166.8759       119.7027       2.285610    
   171.8755       119.7078       2.334467    
   176.8751       119.6608       2.360278    
   181.8749       119.6375       2.366349    
   186.8749       119.6367       2.358108    
   191.8749       119.6370       2.341372    
   196.8749       119.6370       2.319969    
   201.8749       119.6370       2.297951    
   206.8749       119.6368       2.280051    
   211.8749       119.6388       2.267971    
   216.8748       119.6580       2.260219    
   221.8745       119.7069       2.259520    
   226.8739       119.7641       2.264904    
   231.8736       119.7666       2.270272    
   236.8703       119.6448       2.279314    
   241.8605       119.4020       2.292093    
   246.8531       119.2101       2.303853    
   251.8497       119.2547       2.309921    
   256.8403       119.4922       2.306499    
   261.8292       119.7551       2.296314    
   266.8226       119.9542       2.284973    
   271.8200       120.0750       2.275459    
   276.8195       120.1131       2.266392    
   281.8193       120.0895       2.264153    
   286.8188       120.0343       2.282529    
   291.8181       119.9648       2.321143    
   296.8170       119.8839       2.363851    
   301.8156       119.7882       2.393694    
   306.8141       119.6961       2.405903    
   311.8136       119.6630       2.404248    
   316.8123       119.6051       2.390254    
   321.7794       119.2268       2.355268    
   326.7076       118.5591       2.308293    
   331.6619       118.3332       2.271103    
   336.6017       118.8746       2.253672    
   341.4941       119.6919       2.243386    
   346.3997       120.4562       2.224727    
   351.3318       121.1031       2.198272    
   356.3008       121.5089       2.167615    
   361.2956       121.6748       2.133404    
   366.2939       121.7775       2.108220    
   371.2916       121.8979       2.099315    
   376.2886       122.0348       2.107238    
   381.2849       122.1877       2.120263    
   386.2799       122.3631       2.136853    
   391.2732       122.5684       2.156994    
   396.2645       122.8010       2.182102    
   401.2549       123.0461       2.207249    
   406.2462       123.2790       2.232855    
   411.2407       123.4621       2.256600    
   416.2387       123.5633       2.268758    
   421.2385       123.5935       2.263193    
   426.2385       123.5967       2.243864    
   431.2385       123.6100       2.216323    
   436.2343       123.7357       2.181439    
   441.2233       123.9963       2.143548    
   446.2118       124.2636       2.112619    
   451.2035       124.4909       2.099976    
   456.1937       124.7369       2.110353    
   461.1783       125.0452       2.140951    
   466.1624       125.3608       2.186345    
   471.1551       125.5482       2.242820    
   476.1545       125.5920       2.304275    
   481.8401       125.5940       2.367784    
   489.3643       125.5940       2.439605    
   507.4286       125.5940       2.573688    
  -33.77417       113.9358       2.233756    
  -15.70986       113.9358       2.154804    
  -8.185690       113.9358       2.116652    
  -2.500000       113.9358       2.089747    
   2.481762       114.1617       2.066172    
   7.434425       114.6728       2.050535    
   12.38829       115.1762       2.047186    
   17.37068       115.4350       2.052666    
   22.36992       115.4978       2.063780    
   27.36889       115.5694       2.082168    
   32.36626       115.6889       2.107834    
   37.36148       115.8514       2.138164    
   42.35468       116.0465       2.170089    
   47.34677       116.2571       2.200011    
   52.33939       116.4603       2.226182    
   57.33461       116.6214       2.250225    
   62.33282       116.7137       2.273863    
   67.33237       116.7167       2.296136    
   72.33087       116.6326       2.315642    
   77.32610       116.4735       2.330685    
   82.31709       116.2499       2.339855    
   87.30524       115.9922       2.339643    
   92.29430       115.7452       2.328252    
   97.28818       115.5665       2.304842    
   102.2866       115.4874       2.269305    
   107.2863       115.4493       2.223730    
   112.2728       115.2323       2.174686    
   117.2255       114.7313       2.132871    
   122.1606       114.1291       2.108061    
   127.1186       113.6599       2.097651    
   132.1048       113.3961       2.099145    
   137.1018       113.2836       2.108556    
   142.1004       113.3186       2.135880    
   147.0855       113.5730       2.177253    
   152.0289       114.1145       2.233706    
   156.9416       114.8120       2.304712    
   161.8866       115.3350       2.383584    
   166.8759       115.5344       2.453740    
   171.8755       115.5392       2.505741    
   176.8751       115.4947       2.537875    
   181.8749       115.4726       2.551905    
   186.8749       115.4719       2.551723    
   191.8749       115.4722       2.541923    
   196.8749       115.4722       2.526469    
   201.8749       115.4722       2.509220    
   206.8749       115.4720       2.493809    
   211.8749       115.4739       2.482268    
   216.8748       115.4921       2.474950    
   221.8745       115.5383       2.472581    
   226.8739       115.5924       2.474374    
   231.8736       115.5948       2.477976    
   236.8703       115.4796       2.483896    
   241.8605       115.2498       2.491427    
   246.8531       115.0682       2.497634    
   251.8497       115.1104       2.499781    
   256.8403       115.3352       2.496751    
   261.8292       115.5839       2.490346    
   266.8226       115.7724       2.483484    
   271.8200       115.8866       2.478371    
   276.8195       115.9228       2.476538    
   281.8193       115.9004       2.482213    
   286.8188       115.8482       2.500569    
   291.8181       115.7824       2.529946    
   296.8170       115.7058       2.561061    
   301.8156       115.6153       2.583799    
   306.8141       115.5281       2.593038    
   311.8136       115.4968       2.588770    
   316.8123       115.4420       2.571084    
   321.7794       115.0840       2.538780    
   326.7076       114.4521       2.498389    
   331.6619       114.2384       2.462075    
   336.6017       114.7507       2.436494    
   341.4941       115.5241       2.416814    
   346.3997       116.2474       2.394996    
   351.3318       116.8596       2.369557    
   356.3008       117.2437       2.340519    
   361.2956       117.4006       2.309523    
   366.2939       117.4977       2.285387    
   371.2916       117.6117       2.273335    
   376.2886       117.7412       2.273765    
   381.2849       117.8860       2.280693    
   386.2799       118.0519       2.291725    
   391.2732       118.2462       2.307783    
   396.2645       118.4663       2.328596    
   401.2549       118.6983       2.351276    
   406.2462       118.9186       2.373224    
   411.2407       119.0920       2.391152    
   416.2387       119.1877       2.398551    
   421.2385       119.2163       2.392760    
   426.2385       119.2194       2.377152    
   431.2385       119.2319       2.354503    
   436.2343       119.3509       2.326749    
   441.2233       119.5975       2.297837    
   446.2118       119.8504       2.274597    
   451.2035       120.0655       2.263165    
   456.1937       120.2983       2.267110    
   461.1783       120.5900       2.285512    
   466.1624       120.8887       2.315887    
   471.1551       121.0661       2.355381    
   476.1545       121.1075       2.398174    
   481.8401       121.1095       2.442313    
   489.3643       121.1095       2.493749    
   507.4286       121.1095       2.594884    
  -33.77417       109.4377       2.264564    
  -15.70986       109.4377       2.217921    
  -8.185690       109.4377       2.197877    
  -2.500000       109.4377       2.184868    
   2.481762       109.6495       2.172793    
   7.434425       110.1285       2.165861    
   12.38829       110.6005       2.165995    
   17.37068       110.8431       2.172429    
   22.36992       110.9020       2.184889    
   27.36889       110.9691       2.203567    
   32.36626       111.0811       2.227070    
   37.36148       111.2335       2.253807    
   42.35468       111.4164       2.281301    
   47.34677       111.6138       2.307493    
   52.33939       111.8043       2.331599    
   57.33461       111.9553       2.353955    
   62.33282       112.0418       2.374991    
   67.33237       112.0446       2.394067    
   72.33087       111.9657       2.410149    
   77.32610       111.8166       2.421905    
   82.31709       111.6071       2.427819    
   87.30524       111.3655       2.426243    
   92.29430       111.1339       2.416273    
   97.28818       110.9664       2.397053    
   102.2866       110.8923       2.368919    
   107.2863       110.8566       2.334564    
   112.2728       110.6531       2.298968    
   117.2255       110.1834       2.267949    
   122.1606       109.6189       2.247600    
   127.1186       109.1790       2.240401    
   132.1048       108.9318       2.244967    
   137.1018       108.8263       2.260492    
   142.1004       108.8592       2.289217    
   147.0855       109.0976       2.331373    
   152.0289       109.6052       2.386559    
   156.9416       110.2591       2.453449    
   161.8866       110.7494       2.524127    
   166.8759       110.9363       2.588441    
   171.8755       110.9408       2.639727    
   176.8751       110.8991       2.675174    
   181.8749       110.8784       2.695095    
   186.8749       110.8776       2.702023    
   191.8749       110.8779       2.699421    
   196.8749       110.8779       2.690657    
   201.8749       110.8779       2.678972    
   206.8749       110.8778       2.667304    
   211.8749       110.8796       2.657781    
   216.8748       110.8966       2.651432    
   221.8745       110.9400       2.648593    
   226.8739       110.9907       2.648741    
   231.8736       110.9929       2.650662    
   236.8703       110.8849       2.653789    
   241.8605       110.6695       2.657425    
   246.8531       110.4993       2.660104    
   251.8497       110.5388       2.660477    
   256.8403       110.7495       2.658329    
   261.8292       110.9827       2.654711    
   266.8226       111.1594       2.651260    
   271.8200       111.2665       2.649742    
   276.8195       111.3003       2.652004    
   281.8193       111.2794       2.660384    
   286.8188       111.2305       2.676246    
   291.8181       111.1687       2.697585    
   296.8170       111.0969       2.719051    
   301.8156       111.0121       2.734469    
   306.8141       110.9304       2.739475    
   311.8136       110.9010       2.732996    
   316.8123       110.8497       2.714964    
   321.7794       110.5141       2.686244    
   326.7076       109.9218       2.651521    
   331.6619       109.7214       2.617890    
   336.6017       110.2016       2.589667    
   341.4941       110.9267       2.565541    
   346.3997       111.6047       2.541528    
   351.3318       112.1786       2.516555    
   356.3008       112.5386       2.490495    
   361.2956       112.6857       2.464277    
   366.2939       112.7768       2.442110    
   371.2916       112.8837       2.427866    
   376.2886       113.0050       2.422353    
   381.2849       113.1407       2.423627    
   386.2799       113.2963       2.430247    
   391.2732       113.4784       2.442086    
   396.2645       113.6848       2.458049    
   401.2549       113.9022       2.476190    
   406.2462       114.1088       2.493073    
   411.2407       114.2713       2.505128    
   416.2387       114.3611       2.509027    
   421.2385       114.3878       2.503794    
   426.2385       114.3907       2.491221    
   431.2385       114.4025       2.473107    
   436.2343       114.5140       2.451711    
   441.2233       114.7451       2.430053    
   446.2118       114.9823       2.412640    
   451.2035       115.1839       2.403084    
   456.1937       115.4022       2.403278    
   461.1783       115.6756       2.413426    
   466.1624       115.9556       2.432686    
   471.1551       116.1219       2.458686    
   476.1545       116.1607       2.486931    
   481.8401       116.1625       2.516083    
   489.3643       116.1625       2.550472    
   507.4286       116.1625       2.619630    
  -33.77417       104.4251       2.300460    
  -15.70986       104.4251       2.281729    
  -8.185690       104.4251       2.276111    
  -2.500000       104.4251       2.273269    
   2.481762       104.6212       2.269514    
   7.434425       105.0646       2.268354    
   12.38829       105.5015       2.271495    
   17.37068       105.7260       2.279439    
   22.36992       105.7805       2.292397    
   27.36889       105.8427       2.310040    
   32.36626       105.9463       2.331203    
   37.36148       106.0873       2.354469    
   42.35468       106.2567       2.378011    
   47.34677       106.4394       2.400682    
   52.33939       106.6157       2.421930    
   57.33461       106.7555       2.441525    
   62.33282       106.8356       2.459446    
   67.33237       106.8381       2.475379    
   72.33087       106.7651       2.488674    
   77.32610       106.6271       2.498271    
   82.31709       106.4332       2.502804    
   87.30524       106.2096       2.501329    
   92.29430       105.9952       2.493337    
   97.28818       105.8402       2.478545    
   102.2866       105.7715       2.457773    
   107.2863       105.7385       2.433514    
   112.2728       105.5501       2.409492    
   117.2255       105.1154       2.389313    
   122.1606       104.5929       2.376220    
   127.1186       104.1857       2.373063    
   132.1048       103.9569       2.380557    
   137.1018       103.8593       2.398857    
   142.1004       103.8897       2.427737    
   147.0855       104.1104       2.468234    
   152.0289       104.5803       2.519501    
   156.9416       105.1855       2.578703    
   161.8866       105.6393       2.639965    
   166.8759       105.8122       2.697124    
   171.8755       105.8165       2.745123    
   176.8751       105.7778       2.781096    
   181.8749       105.7587       2.804548    
   186.8749       105.7580       2.816942    
   191.8749       105.7582       2.820678    
   196.8749       105.7583       2.818297    
   201.8749       105.7583       2.812350    
   206.8749       105.7581       2.805168    
   211.8749       105.7598       2.798674    
   216.8748       105.7755       2.794113    
   221.8745       105.8157       2.791881    
   226.8739       105.8626       2.791614    
   231.8736       105.8647       2.792521    
   236.8703       105.7647       2.793895    
   241.8605       105.5654       2.795249    
   246.8531       105.4078       2.796010    
   251.8497       105.4444       2.795687    
   256.8403       105.6394       2.794357    
   261.8292       105.8553       2.792575    
   266.8226       106.0188       2.791333    
   271.8200       106.1179       2.791951    
   276.8195       106.1492       2.795811    
   281.8193       106.1298       2.803995    
   286.8188       106.0846       2.816331    
   291.8181       106.0275       2.830872    
   296.8170       105.9610       2.844427    
   301.8156       105.8824       2.853321    
   306.8141       105.8068       2.854399    
   311.8136       105.7796       2.846348    
   316.8123       105.7321       2.829136    
   321.7794       105.4215       2.804073    
   326.7076       104.8732       2.774628    
   331.6619       104.6877       2.744936    
   336.6017       105.1322       2.717654    
   341.4941       105.8034       2.692909    
   346.3997       106.4309       2.668867    
   351.3318       106.9622       2.644921    
   356.3008       107.2954       2.621249    
   361.2956       107.4315       2.598624    
   366.2939       107.5159       2.579010    
   371.2916       107.6148       2.564682    
   376.2886       107.7271       2.556557    
   381.2849       107.8528       2.554574    
   386.2799       107.9968       2.558188    
   391.2732       108.1653       2.566461    
   396.2645       108.3564       2.577761    
   401.2549       108.5576       2.590272    
   406.2462       108.7488       2.601282    
   411.2407       108.8992       2.608185    
   416.2387       108.9823       2.609305    
   421.2385       109.0071       2.604160    
   426.2385       109.0098       2.593402    
   431.2385       109.0207       2.578403    
   436.2343       109.1239       2.561315    
   441.2233       109.3378       2.544533    
   446.2118       109.5574       2.530875    
   451.2035       109.7439       2.522575    
   456.1937       109.9460       2.520723    
   461.1783       110.1991       2.525749    
   466.1624       110.4583       2.537199    
   471.1551       110.6122       2.553137    
   476.1545       110.6481       2.570432    
   481.8401       110.6497       2.587780    
   489.3643       110.6497       2.607665    
   507.4286       110.6497       2.646997    
  -33.77417       98.76926       2.340530    
  -15.70986       98.76926       2.345575    
  -8.185690       98.76926       2.350175    
  -2.500000       98.76926       2.354444    
   2.481762       98.94752       2.356752    
   7.434425       99.35075       2.360050    
   12.38829       99.74802       2.365965    
   17.37068       99.95215       2.375224    
   22.36992       100.0017       2.387985    
   27.36889       100.0582       2.403963    
   32.36626       100.1525       2.422435    
   37.36148       100.2807       2.442312    
   42.35468       100.4347       2.462421    
   47.34677       100.6009       2.481936    
   52.33939       100.7612       2.500300    
   57.33461       100.8883       2.517176    
   62.33282       100.9611       2.532408    
   67.33237       100.9634       2.545802    
   72.33087       100.8971       2.556924    
   77.32610       100.7716       2.565006    
   82.31709       100.5952       2.569107    
   87.30524       100.3919       2.568634    
   92.29430       100.1970       2.563340    
   97.28818       100.0560       2.553364    
   102.2866       99.99355       2.539644    
   107.2863       99.96349       2.524102    
   112.2728       99.79222       2.509330    
   117.2255       99.39693       2.497834    
   122.1606       98.92178       2.491674    
   127.1186       98.55151       2.492831    
   132.1048       98.34343       2.502625    
   137.1018       98.25465       2.521589    
   142.1004       98.28233       2.549700    
   147.0855       98.48299       2.587083    
   152.0289       98.91029       2.632443    
   156.9416       99.46066       2.682963    
   161.8866       99.87329       2.734901    
   166.8759       100.0306       2.784246    
   171.8755       100.0344       2.827250    
   176.8751       99.99930       2.861549    
   181.8749       99.98188       2.886373    
   186.8749       99.98126       2.902369    
   191.8749       99.98149       2.910954    
   196.8749       99.98150       2.913885    
   201.8749       99.98149       2.913112    
   206.8749       99.98139       2.910450    
   211.8749       99.98287       2.907471    
   216.8748       99.99718       2.905333    
   221.8745       100.0337       2.904504    
   226.8739       100.0764       2.904791    
   231.8736       100.0783       2.905643    
   236.8703       99.98734       2.906496    
   241.8605       99.80609       2.907016    
   246.8531       99.66279       2.907062    
   251.8497       99.69608       2.906585    
   256.8403       99.87341       2.905765    
   261.8292       100.0697       2.904973    
   266.8226       100.2184       2.904865    
   271.8200       100.3085       2.906314    
   276.8195       100.3370       2.910136    
   281.8193       100.3194       2.916681    
   286.8188       100.2782       2.925296    
   291.8181       100.2263       2.934335    
   296.8170       100.1659       2.941749    
   301.8156       100.0944       2.945401    
   306.8141       100.0256       2.943347    
   311.8136       100.0009       2.934510    
   316.8123       99.95772       2.918863    
   321.7794       99.67523       2.897531    
   326.7076       99.17667       2.872909    
   331.6619       99.00801       2.847484    
   336.6017       99.41222       2.823073    
   341.4941       100.0225       2.800237    
   346.3997       100.5932       2.778171    
   351.3318       101.0763       2.756508    
   356.3008       101.3793       2.735516    
   361.2956       101.5031       2.716053    
   366.2939       101.5798       2.699437    
   371.2916       101.6697       2.686917    
   376.2886       101.7719       2.679098    
   381.2849       101.8861       2.676055    
   386.2799       102.0170       2.677325    
   391.2732       102.1703       2.681875    
   396.2645       102.3440       2.688281    
   401.2549       102.5270       2.695060    
   406.2462       102.7009       2.700451    
   411.2407       102.8377       2.702860    
   416.2387       102.9132       2.701314    
   421.2385       102.9358       2.695477    
   426.2385       102.9382       2.685614    
   431.2385       102.9481       2.672788    
   436.2343       103.0419       2.658764    
   441.2233       103.2365       2.645405    
   446.2118       103.4361       2.634437    
   451.2035       103.6058       2.627093    
   456.1937       103.7895       2.624038    
   461.1783       104.0197       2.625514    
   466.1624       104.2553       2.631029    
   471.1551       104.3953       2.639056    
   476.1545       104.4279       2.647446    
   481.8401       104.4295       2.654830    
   489.3643       104.4295       2.662307    
   507.4286       104.4295       2.675536    
  -33.77417       92.28692       2.383327    
  -15.70986       92.28692       2.408001    
  -8.185690       92.28692       2.420434    
  -2.500000       92.28692       2.429786    
   2.481762       92.44483       2.436315    
   7.434425       92.80198       2.442800    
   12.38829       93.15384       2.450469    
   17.37068       93.33465       2.460131    
   22.36992       93.37855       2.471991    
   27.36889       93.42858       2.485845    
   32.36626       93.51208       2.501334    
   37.36148       93.62569       2.517867    
   42.35468       93.76205       2.534741    
   47.34677       93.90923       2.551319    
   52.33939       94.05121       2.567086    
   57.33461       94.16380       2.581691    
   62.33282       94.22831       2.594888    
   67.33237       94.23037       2.606454    
   72.33087       94.17159       2.616057    
   77.32610       94.06042       2.623223    
   82.31709       93.90422       2.627455    
   87.30524       93.72411       2.628458    
   92.29430       93.55146       2.626208    
   97.28818       93.42661       2.621013    
   102.2866       93.37131       2.613646    
   107.2863       93.34469       2.605422    
   112.2728       93.19299       2.598065    
   117.2255       92.84286       2.593282    
   122.1606       92.42202       2.592586    
   127.1186       92.09407       2.597408    
   132.1048       91.90976       2.608928    
   137.1018       91.83113       2.627698    
   142.1004       91.85565       2.653797    
   147.0855       92.03337       2.686785    
   152.0289       92.41184       2.725251    
   156.9416       92.89931       2.766980    
   161.8866       93.26480       2.809644    
   166.8759       93.40413       2.850704    
   171.8755       93.40750       2.887623    
   176.8751       93.37640       2.918674    
   181.8749       93.36098       2.943043    
   186.8749       93.36044       2.960806    
   191.8749       93.36063       2.972648    
   196.8749       93.36064       2.979672    
   201.8749       93.36063       2.983250    
   206.8749       93.36054       2.984714    
   211.8749       93.36186       2.985232    
   216.8748       93.37454       2.985717    
   221.8745       93.40688       2.986622    
   226.8739       93.44470       2.987936    
   231.8736       93.44635       2.989356    
   236.8703       93.36582       2.990503    
   241.8605       93.20527       2.991153    
   246.8531       93.07835       2.991315    
   251.8497       93.10783       2.991110    
   256.8403       93.26490       2.990763    
   261.8292       93.43874       2.990594    
   266.8226       93.57047       2.991024    
   271.8200       93.65030       2.992499    
   276.8195       93.67554       2.995355    
   281.8193       93.65989       2.999590    
   286.8188       93.62345       3.004592    
   291.8181       93.57744       3.009198    
   296.8170       93.52392       3.012068    
   301.8156       93.46066       3.011914    
   306.8141       93.39973       3.007640    
   311.8136       93.37785       2.998609    
   316.8123       93.33959       2.984819    
   321.7794       93.08938       2.967027    
   326.7076       92.64779       2.946712    
   331.6619       92.49840       2.925430    
   336.6017       92.85643       2.904575    
   341.4941       93.39696       2.884709    
   346.3997       93.90244       2.865520    
   351.3318       94.33030       2.846938    
   356.3008       94.59869       2.829286    
   361.2956       94.70834       2.813276    
   366.2939       94.77627       2.799757    
   371.2916       94.85593       2.789346    
   376.2886       94.94642       2.782287    
   381.2849       95.04758       2.778456    
   386.2799       95.16358       2.777360    
   391.2732       95.29931       2.778200    
   396.2645       95.45317       2.780005    
   401.2549       95.61526       2.781741    
   406.2462       95.76926       2.782355    
   411.2407       95.89043       2.780977    
   416.2387       95.95733       2.777080    
   421.2385       95.97731       2.770488    
   426.2385       95.97943       2.761420    
   431.2385       95.98818       2.750713    
   436.2343       96.07135       2.739639    
   441.2233       96.24365       2.729399    
   446.2118       96.42047       2.720851    
   451.2035       96.57073       2.714488    
   456.1937       96.73344       2.710637    
   461.1783       96.93733       2.709412    
   466.1624       97.14609       2.710330    
   471.1551       97.27006       2.712275    
   476.1545       97.29897       2.713817    
   481.8401       97.30029       2.713483    
   489.3643       97.30029       2.711267    
   507.4286       97.30029       2.703322    
  -33.77417       84.70639       2.426601    
  -15.70986       84.70639       2.465405    
  -8.185690       84.70639       2.483526    
  -2.500000       84.70639       2.496696    
   2.481762       84.84047       2.506093    
   7.434425       85.14374       2.514724    
   12.38829       85.44250       2.523510    
   17.37068       85.59602       2.533112    
   22.36992       85.63330       2.543932    
   27.36889       85.67580       2.555866    
   32.36626       85.74669       2.568708    
   37.36148       85.84315       2.582253    
   42.35468       85.95895       2.596194    
   47.34677       86.08392       2.610116    
   52.33939       86.20448       2.623587    
   57.33461       86.30008       2.636254    
   62.33282       86.35486       2.647835    
   67.33237       86.35661       2.658072    
   72.33087       86.30669       2.666710    
   77.32610       86.21230       2.673507    
   82.31709       86.07966       2.678264    
   87.30524       85.92673       2.680921    
   92.29430       85.78013       2.681587    
   97.28818       85.67411       2.680546    
   102.2866       85.62716       2.678358    
   107.2863       85.60456       2.675895    
   112.2728       85.47575       2.674280    
   117.2255       85.17844       2.674644    
   122.1606       84.82110       2.678020    
   127.1186       84.54264       2.685442    
   132.1048       84.38613       2.697763    
   137.1018       84.31937       2.715399    
   142.1004       84.34019       2.738316    
   147.0855       84.49109       2.765963    
   152.0289       84.81246       2.797123    
   156.9416       85.22638       2.830241    
   161.8866       85.53673       2.863941    
   166.8759       85.65503       2.896713    
   171.8755       85.65790       2.926951    
   176.8751       85.63148       2.953509    
   181.8749       85.61840       2.975728    
   186.8749       85.61794       2.993461    
   191.8749       85.61810       3.006959    
   196.8749       85.61810       3.016812    
   201.8749       85.61810       3.023808    
   206.8749       85.61802       3.028757    
   211.8749       85.61914       3.032422    
   216.8748       85.62991       3.035430    
   221.8745       85.65736       3.038139    
   226.8739       85.68948       3.040635    
   231.8736       85.69088       3.042829    
   236.8703       85.62250       3.044570    
   241.8605       85.48617       3.045787    
   246.8531       85.37840       3.046555    
   251.8497       85.40344       3.047002    
   256.8403       85.53680       3.047295    
   261.8292       85.68442       3.047637    
   266.8226       85.79627       3.048229    
   271.8200       85.86406       3.049205    
   276.8195       85.88549       3.050606    
   281.8193       85.87220       3.052324    
   286.8188       85.84126       3.053992    
   291.8181       85.80219       3.054951    
   296.8170       85.75674       3.054391    
   301.8156       85.70303       3.051536    
   306.8141       85.65130       3.045795    
   311.8136       85.63272       3.036885    
   316.8123       85.60023       3.024859    
   321.7794       85.38776       3.010190    
   326.7076       85.01280       2.993702    
   331.6619       84.88596       2.976263    
   336.6017       85.18996       2.958888    
   341.4941       85.64894       2.942140    
   346.3997       86.07815       2.926009    
   351.3318       86.44146       2.910632    
   356.3008       86.66934       2.896293    
   361.2956       86.76245       2.883428    
   366.2939       86.82014       2.872458    
   371.2916       86.88777       2.863601    
   376.2886       86.96461       2.856871    
   381.2849       87.05051       2.852098    
   386.2799       87.14902       2.848908    
   391.2732       87.26426       2.846755    
   396.2645       87.39491       2.845030    
   401.2549       87.53254       2.843111    
   406.2462       87.66331       2.840432    
   411.2407       87.76619       2.836564    
   416.2387       87.82300       2.831245    
   421.2385       87.83997       2.824480    
   426.2385       87.84176       2.816591    
   431.2385       87.84920       2.808233    
   436.2343       87.91981       2.800118    
   441.2233       88.06612       2.792686    
   446.2118       88.21626       2.786120    
   451.2035       88.34385       2.780592    
   456.1937       88.48203       2.776330    
   461.1783       88.65514       2.773334    
   466.1624       88.83239       2.771192    
   471.1551       88.93765       2.769176    
   476.1545       88.96221       2.766343    
   481.8401       88.96335       2.761239    
   489.3643       88.96335       2.752590    
   507.4286       88.96335       2.727840    
  -33.77417       75.60016       2.466721    
  -15.70986       75.60016       2.513011    
  -8.185690       75.60016       2.534211    
  -2.500000       75.60016       2.549683    
   2.481762       75.70561       2.561259    
   7.434425       75.94414       2.571506    
   12.38829       76.17914       2.581398    
   17.37068       76.29989       2.591408    
   22.36992       76.32921       2.601847    
   27.36889       76.36263       2.612853    
   32.36626       76.41840       2.624283    
   37.36148       76.49427       2.635975    
   42.35468       76.58534       2.647869    
   47.34677       76.68364       2.659836    
   52.33939       76.77846       2.671590    
   57.33461       76.85366       2.682805    
   62.33282       76.89674       2.693216    
   67.33237       76.89812       2.702585    
   72.33087       76.85886       2.710712    
   77.32610       76.78461       2.717487    
   82.31709       76.68029       2.722895    
   87.30524       76.56001       2.727002    
   92.29430       76.44469       2.729959    
   97.28818       76.36131       2.732003    
   102.2866       76.32438       2.733530    
   107.2863       76.30660       2.735111    
   112.2728       76.20528       2.737424    
   117.2255       75.97144       2.741177    
   122.1606       75.69038       2.747046    
   127.1186       75.47135       2.755730    
   132.1048       75.34826       2.767768    
   137.1018       75.29574       2.783376    
   142.1004       75.31212       2.802469    
   147.0855       75.43081       2.824605    
   152.0289       75.68358       2.848894    
   156.9416       76.00915       2.874335    
   161.8866       76.25325       2.900181    
   166.8759       76.34630       2.925592    
   171.8755       76.34855       2.949601    
   176.8751       76.32778       2.971508    
   181.8749       76.31749       2.990864    
   186.8749       76.31712       3.007468    
   191.8749       76.31725       3.021350    
   196.8749       76.31725       3.032751    
   201.8749       76.31725       3.042019    
   206.8749       76.31718       3.049548    
   211.8749       76.31807       3.055752    
   216.8748       76.32654       3.060989    
   221.8745       76.34814       3.065478    
   226.8739       76.37340       3.069307    
   231.8736       76.37450       3.072503    
   236.8703       76.32071       3.075072    
   241.8605       76.21349       3.077052    
   246.8531       76.12872       3.078542    
   251.8497       76.14841       3.079634    
   256.8403       76.25331       3.080405    
   261.8292       76.36942       3.080922    
   266.8226       76.45739       3.081234    
   271.8200       76.51070       3.081350    
   276.8195       76.52757       3.081217    
   281.8193       76.51711       3.080724    
   286.8188       76.49277       3.079680    
   291.8181       76.46204       3.077772    
   296.8170       76.42630       3.074610    
   301.8156       76.38405       3.069838    
   306.8141       76.34336       3.063204    
   311.8136       76.32875       3.054571    
   316.8123       76.30320       3.043951    
   321.7794       76.13609       3.031626    
   326.7076       75.84116       3.018093    
   331.6619       75.74139       3.003811    
   336.6017       75.98050       2.989462    
   341.4941       76.34151       2.975570    
   346.3997       76.67910       2.962235    
   351.3318       76.96486       2.949646    
   356.3008       77.14410       2.937972    
   361.2956       77.21733       2.927399    
   366.2939       77.26270       2.918110    
   371.2916       77.31591       2.910174    
   376.2886       77.37634       2.903543    
   381.2849       77.44391       2.898061    
   386.2799       77.52139       2.893480    
   391.2732       77.61202       2.889477    
   396.2645       77.71479       2.885699    
   401.2549       77.82304       2.881789    
   406.2462       77.92590       2.877450    
   411.2407       78.00681       2.872497    
   416.2387       78.05150       2.866866    
   421.2385       78.06484       2.860663    
   426.2385       78.06626       2.854165    
   431.2385       78.07211       2.847723    
   436.2343       78.12765       2.841590    
   441.2233       78.24273       2.835825    
   446.2118       78.36082       2.830452    
   451.2035       78.46117       2.825563    
   456.1937       78.56985       2.821216    
   461.1783       78.70601       2.817356    
   466.1624       78.84543       2.813743    
   471.1551       78.92822       2.809914    
   476.1545       78.94754       2.805299    
   481.8401       78.94843       2.798373    
   489.3643       78.94843       2.786565    
   507.4286       78.94843       2.744963    
  -33.77417       56.32260       2.520894    
  -15.70986       56.32260       2.566280    
  -8.185690       56.32260       2.587680    
  -2.500000       56.32260       2.603962    
   2.481762       56.36747       2.617497    
   7.434425       56.46896       2.630106    
   12.38829       56.56895       2.642007    
   17.37068       56.62033       2.653820    
   22.36992       56.63280       2.665501    
   27.36889       56.64702       2.677035    
   32.36626       56.67075       2.688549    
   37.36148       56.70303       2.699860    
   42.35468       56.74178       2.710860    
   47.34677       56.78361       2.721664    
   52.33939       56.82395       2.732318    
   57.33461       56.85595       2.742683    
   62.33282       56.87428       2.752554    
   67.33237       56.87487       2.761758    
   72.33087       56.85816       2.770187    
   77.32610       56.82657       2.777793    
   82.31709       56.78218       2.784600    
   87.30524       56.73100       2.790690    
   92.29430       56.68194       2.796196    
   97.28818       56.64646       2.801300    
   102.2866       56.63075       2.806229    
   107.2863       56.62318       2.811261    
   112.2728       56.58007       2.816689    
   117.2255       56.48058       2.822811    
   122.1606       56.36099       2.829940    
   127.1186       56.26780       2.838407    
   132.1048       56.21542       2.848434    
   137.1018       56.19307       2.860093    
   142.1004       56.20005       2.873348    
   147.0855       56.25055       2.888003    
   152.0289       56.35809       2.903654    
   156.9416       56.49662       2.919914    
   161.8866       56.60048       2.936620    
   166.8759       56.64007       2.953533    
   171.8755       56.64103       2.970259    
   176.8751       56.63219       2.986490    
   181.8749       56.62782       3.001981    
   186.8749       56.62766       3.016538    
   191.8749       56.62771       3.030042    
   196.8749       56.62772       3.042443    
   201.8749       56.62771       3.053735    
   206.8749       56.62769       3.063952    
   211.8749       56.62806       3.073135    
   216.8748       56.63167       3.081318    
   221.8745       56.64086       3.088510    
   226.8739       56.65160       3.094720    
   231.8736       56.65207       3.099969    
   236.8703       56.62919       3.104298    
   241.8605       56.58356       3.107761    
   246.8531       56.54750       3.110410    
   251.8497       56.55588       3.112251    
   256.8403       56.60051       3.113282    
   261.8292       56.64991       3.113507    
   266.8226       56.68734       3.112908    
   271.8200       56.71003       3.111458    
   276.8195       56.71720       3.109144    
   281.8193       56.71275       3.105968    
   286.8188       56.70240       3.101943    
   291.8181       56.68932       3.097057    
   296.8170       56.67411       3.091265    
   301.8156       56.65614       3.084520    
   306.8141       56.63882       3.076818    
   311.8136       56.63261       3.068206    
   316.8123       56.62173       3.058788    
   321.7794       56.55063       3.048744    
   326.7076       56.42514       3.038265    
   331.6619       56.38269       3.027444    
   336.6017       56.48443       3.016674    
   341.4941       56.63803       3.006313    
   346.3997       56.78168       2.996362    
   351.3318       56.90327       2.986893    
   356.3008       56.97953       2.977950    
   361.2956       57.01069       2.969568    
   366.2939       57.02999       2.961804    
   371.2916       57.05263       2.954663    
   376.2886       57.07835       2.948102    
   381.2849       57.10709       2.942046    
   386.2799       57.14006       2.936387    
   391.2732       57.17862       2.930997    
   396.2645       57.22235       2.925740    
   401.2549       57.26841       2.920488    
   406.2462       57.31217       2.915144    
   411.2407       57.34660       2.909666    
   416.2387       57.36561       2.904083    
   421.2385       57.37129       2.898507    
   426.2385       57.37189       2.893084    
   431.2385       57.37438       2.887852    
   436.2343       57.39801       2.882704    
   441.2233       57.44698       2.877593    
   446.2118       57.49723       2.872662    
   451.2035       57.53992       2.868085    
   456.1937       57.58617       2.863952    
   461.1783       57.64410       2.860254    
   466.1624       57.70342       2.856875    
   471.1551       57.73865       2.853754    
   476.1545       57.74687       2.850868    
   481.8401       57.74725       2.847909    
   489.3643       57.74725       2.845139    
   507.4286       57.74725       2.809903    
