        1545
  -33.77417       136.6885       1.968341    
  -15.70986       136.6885       1.791232    
  -8.185690       136.6885       1.733334    
  -2.500000       136.6885       1.978764    
   2.481762       136.9860       1.956517    
   7.434425       137.6588       1.617308    
   12.38829       138.3216       1.925412    
   17.37068       138.6622       1.564586    
   22.36992       138.7449       1.767685    
   27.36889       138.8391       1.623588    
   32.36626       138.9964       1.575802    
   37.36148       139.2104       1.590241    
   42.35468       139.4673       1.754707    
   47.34677       139.7446       1.814548    
   52.33939       140.0120       1.804080    
   57.33461       140.2241       1.780320    
   62.33282       140.3456       1.562837    
   67.33237       140.3495       1.675865    
   72.33087       140.2388       1.589300    
   77.32610       140.0294       1.703317    
   82.31709       139.7351       1.618968    
   87.30524       139.3958       1.689713    
   92.29430       139.0706       1.721334    
   97.28818       138.8354       1.614067    
   102.2866       138.7312       1.724999    
   107.2863       138.6811       1.691778    
   112.2728       138.3953       1.689960    
   117.2255       137.7357       1.604424    
   122.1606       136.9430       1.629193    
   127.1186       136.3252       1.672187    
   132.1048       135.9780       1.605795    
   137.1018       135.8299       1.513538    
   142.1004       135.8761       1.395544    
   147.0855       136.2108       1.480952    
   152.0289       136.9238       1.662400    
   156.9416       137.8421       1.688633    
   161.8866       138.5306       1.775430    
   166.8759       138.7930       1.681467    
   171.8755       138.7994       1.573032    
   176.8751       138.7408       1.498892    
   181.8749       138.7118       1.510853    
   186.8749       138.7108       1.467314    
   191.8749       138.7111       1.505780    
   196.8749       138.7112       1.489578    
   201.8749       138.7111       1.625997    
   206.8749       138.7109       1.499641    
   211.8749       138.7134       1.531825    
   216.8748       138.7373       1.576876    
   221.8745       138.7983       1.425964    
   226.8739       138.8695       1.609667    
   231.8736       138.8726       1.360607    
   236.8703       138.7209       1.466176    
   241.8605       138.4185       1.410198    
   246.8531       138.1794       1.388135    
   251.8497       138.2349       1.430529    
   256.8403       138.5308       1.584443    
   261.8292       138.8582       1.695076    
   266.8226       139.1064       1.588370    
   271.8200       139.2568       1.684083    
   276.8195       139.3043       1.637021    
   281.8193       139.2749       1.748628    
   286.8188       139.2062       1.597207    
   291.8181       139.1195       1.525625    
   296.8170       139.0187       1.439023    
   301.8156       138.8996       1.463250    
   306.8141       138.7848       1.706128    
   311.8136       138.7435       1.587416    
   316.8123       138.6715       1.377906    
   321.7794       138.2001       1.329468    
   326.7076       137.3683       1.437135    
   331.6619       137.0869       1.567061    
   336.6017       137.7613       1.431944    
   341.4941       138.7795       1.357804    
   346.3997       139.7317       1.511761    
   351.3318       140.5377       1.292815    
   356.3008       141.0433       1.498798    
   361.2956       141.2499       1.238315    
   366.2939       141.3779      0.9626661    
   371.2916       141.5279      0.9772291    
   376.2886       141.6984       1.055400    
   381.2849       141.8889       1.065032    
   386.2799       142.1075      0.9426272    
   391.2732       142.3631       1.037627    
   396.2645       142.6530       1.098013    
   401.2549       142.9583      0.9401902    
   406.2462       143.2484      0.7814829    
   411.2407       143.4767      0.7729362    
   416.2387       143.6027      0.8300671    
   421.2385       143.6403      0.7349576    
   426.2385       143.6443      0.8335619    
   431.2385       143.6608      0.8340185    
   436.2343       143.8174       1.090718    
   441.2233       144.1421       1.073868    
   446.2118       144.4751      0.8404401    
   451.2035       144.7582      0.8671465    
   456.1937       145.0647      0.9304718    
   461.1783       145.4488       1.174517    
   466.1624       145.8420       1.302283    
   471.1551       146.0755       1.486096    
   476.1545       146.1300       1.615134    
   481.8401       146.1326       1.924937    
   489.3643       146.1326       2.165372    
   507.4286       146.1326       2.408459    
  -33.77417       134.0858       1.972006    
  -15.70986       134.0858       1.795928    
  -8.185690       134.0858       1.707506    
  -2.500000       134.0858       1.696274    
   2.481762       134.3752       1.613052    
   7.434425       135.0294       1.424559    
   12.38829       135.6740       1.459138    
   17.37068       136.0052       1.369815    
   22.36992       136.0857       1.391067    
   27.36889       136.1774       1.179305    
   32.36626       136.3303       1.262459    
   37.36148       136.5384       1.278152    
   42.35468       136.7882       1.281852    
   47.34677       137.0579       1.402161    
   52.33939       137.3180       1.398870    
   57.33461       137.5242       1.252766    
   62.33282       137.6424       1.240368    
   67.33237       137.6462       1.295550    
   72.33087       137.5385       1.098265    
   77.32610       137.3349       1.214654    
   82.31709       137.0487       1.273349    
   87.30524       136.7188       1.372300    
   92.29430       136.4025       1.216892    
   97.28818       136.1738       1.066100    
   102.2866       136.0724       1.161267    
   107.2863       136.0237       1.187071    
   112.2728       135.7457       1.141239    
   117.2255       135.1043       1.238779    
   122.1606       134.3334       1.387066    
   127.1186       133.7326       1.531878    
   132.1048       133.3949       1.577390    
   137.1018       133.2509       1.508327    
   142.1004       133.2958       1.386162    
   147.0855       133.6214       1.331754    
   152.0289       134.3147       1.382478    
   156.9416       135.2077       1.214821    
   161.8866       135.8773       1.301110    
   166.8759       136.1325       1.212720    
   171.8755       136.1387       1.078547    
   176.8751       136.0817       1.042753    
   181.8749       136.0535       1.038076    
   186.8749       136.0525      0.9794861    
   191.8749       136.0529      0.9819381    
   196.8749       136.0529       1.021435    
   201.8749       136.0529       1.037176    
   206.8749       136.0527       1.090740    
   211.8749       136.0551       1.203279    
   216.8748       136.0783       1.101791    
   221.8745       136.1376      0.9619144    
   226.8739       136.2069       1.108849    
   231.8736       136.2099      0.7972059    
   236.8703       136.0623      0.9239261    
   241.8605       135.7682      0.8777412    
   246.8531       135.5358      0.8538309    
   251.8497       135.5898      0.9601920    
   256.8403       135.8775       1.122277    
   261.8292       136.1960       1.012755    
   266.8226       136.4373       1.033412    
   271.8200       136.5835       1.200842    
   276.8195       136.6297       1.321868    
   281.8193       136.6011       1.171943    
   286.8188       136.5343       1.087610    
   291.8181       136.4500       1.079023    
   296.8170       136.3520       1.088739    
   301.8156       136.2361      0.9622235    
   306.8141       136.1245      0.9550822    
   311.8136       136.0844      0.8570276    
   316.8123       136.0143       1.265547    
   321.7794       135.5559       1.484720    
   326.7076       134.7469       1.253100    
   331.6619       134.4733       1.167717    
   336.6017       135.1292       1.200390    
   341.4941       136.1194       1.350138    
   346.3997       137.0454       1.291213    
   351.3318       137.8293       1.099188    
   356.3008       138.3209       1.262641    
   361.2956       138.5218       1.391542    
   366.2939       138.6463       1.227557    
   371.2916       138.7922       1.380981    
   376.2886       138.9579       1.494844    
   381.2849       139.1433       1.521313    
   386.2799       139.3558       1.441787    
   391.2732       139.6044       1.401142    
   396.2645       139.8863       1.365561    
   401.2549       140.1832       1.357570    
   406.2462       140.4654       1.317201    
   411.2407       140.6873       1.283874    
   416.2387       140.8099       1.250306    
   421.2385       140.8465       1.208334    
   426.2385       140.8504       1.176097    
   431.2385       140.8664       1.182918    
   436.2343       141.0188       1.300198    
   441.2233       141.3345       1.258558    
   446.2118       141.6584       1.097821    
   451.2035       141.9337       1.172663    
   456.1937       142.2318       1.345108    
   461.1783       142.6053       1.532303    
   466.1624       142.9877       1.583631    
   471.1551       143.2148       1.639303    
   476.1545       143.2677       1.740077    
   481.8401       143.2702       1.959201    
   489.3643       143.2702       2.177692    
   507.4286       143.2702       2.411677    
  -33.77417       131.3152       1.978739    
  -15.70986       131.3152       1.808983    
  -8.185690       131.3152       1.705730    
  -2.500000       131.3152       1.624029    
   2.481762       131.5958       1.524209    
   7.434425       132.2304       1.424609    
   12.38829       132.8556       1.403727    
   17.37068       133.1768       1.378338    
   22.36992       133.2549       1.354488    
   27.36889       133.3438       1.227734    
   32.36626       133.4921       1.284579    
   37.36148       133.6940       1.309549    
   42.35468       133.9363       1.313965    
   47.34677       134.1978       1.394146    
   52.33939       134.4500       1.402150    
   57.33461       134.6501       1.319466    
   62.33282       134.7647       1.339275    
   67.33237       134.7684       1.367409    
   72.33087       134.6640       1.310231    
   77.32610       134.4664       1.378241    
   82.31709       134.1889       1.474659    
   87.30524       133.8689       1.513467    
   92.29430       133.5621       1.397090    
   97.28818       133.3403       1.297170    
   102.2866       133.2420       1.293307    
   107.2863       133.1947       1.276023    
   112.2728       132.9252       1.208178    
   117.2255       132.3031       1.257488    
   122.1606       131.5553       1.371452    
   127.1186       130.9726       1.499387    
   132.1048       130.6451       1.562220    
   137.1018       130.5054       1.517384    
   142.1004       130.5490       1.417308    
   147.0855       130.8647       1.348373    
   152.0289       131.5372       1.351033    
   156.9416       132.4034       1.231545    
   161.8866       133.0527       1.291172    
   166.8759       133.3003       1.279420    
   171.8755       133.3063       1.234849    
   176.8751       133.2510       1.227139    
   181.8749       133.2236       1.193467    
   186.8749       133.2227       1.138031    
   191.8749       133.2231       1.130334    
   196.8749       133.2231       1.130247    
   201.8749       133.2231       1.075891    
   206.8749       133.2229       1.103231    
   211.8749       133.2252       1.195221    
   216.8748       133.2477       1.104114    
   221.8745       133.3052       1.060485    
   226.8739       133.3724       1.145843    
   231.8736       133.3753       1.075651    
   236.8703       133.2322       1.089398    
   241.8605       132.9470       1.117969    
   246.8531       132.7215       1.181892    
   251.8497       132.7738       1.220717    
   256.8403       133.0529       1.248361    
   261.8292       133.3618       1.175367    
   266.8226       133.5959       1.186407    
   271.8200       133.7377       1.241556    
   276.8195       133.7825       1.265954    
   281.8193       133.7548       1.095719    
   286.8188       133.6900       1.070805    
   291.8181       133.6082       1.147811    
   296.8170       133.5132       1.230304    
   301.8156       133.4008       1.190802    
   306.8141       133.2925       1.125533    
   311.8136       133.2536       1.187337    
   316.8123       133.1856       1.380534    
   321.7794       132.7410       1.492883    
   326.7076       131.9564       1.301058    
   331.6619       131.6910       1.234708    
   336.6017       132.3271       1.348035    
   341.4941       133.2876       1.491514    
   346.3997       134.1857       1.420204    
   351.3318       134.9460       1.277042    
   356.3008       135.4228       1.374541    
   361.2956       135.6176       1.472656    
   366.2939       135.7384       1.369618    
   371.2916       135.8799       1.509848    
   376.2886       136.0407       1.631060    
   381.2849       136.2204       1.661502    
   386.2799       136.4265       1.608454    
   391.2732       136.6677       1.558876    
   396.2645       136.9411       1.534575    
   401.2549       137.2291       1.582639    
   406.2462       137.5027       1.609358    
   411.2407       137.7180       1.607883    
   416.2387       137.8369       1.585044    
   421.2385       137.8724       1.558218    
   426.2385       137.8761       1.526581    
   431.2385       137.8917       1.520186    
   436.2343       138.0394       1.541271    
   441.2233       138.3456       1.460419    
   446.2118       138.6598       1.326842    
   451.2035       138.9268       1.344350    
   456.1937       139.2159       1.464537    
   461.1783       139.5782       1.595326    
   466.1624       139.9491       1.661615    
   471.1551       140.1694       1.731764    
   476.1545       140.2207       1.843493    
   481.8401       140.2231       2.014626    
   489.3643       140.2231       2.201152    
   507.4286       140.2231       2.417516    
  -33.77417       128.3538       1.988797    
  -15.70986       128.3538       1.832412    
  -8.185690       128.3538       1.733525    
  -2.500000       128.3538       1.652339    
   2.481762       128.6251       1.571772    
   7.434425       129.2386       1.520552    
   12.38829       129.8431       1.511882    
   17.37068       130.1537       1.522450    
   22.36992       130.2291       1.506721    
   27.36889       130.3151       1.452000    
   32.36626       130.4585       1.484181    
   37.36148       130.6536       1.508931    
   42.35468       130.8879       1.524438    
   47.34677       131.1408       1.569794    
   52.33939       131.3846       1.586862    
   57.33461       131.5780       1.568447    
   62.33282       131.6889       1.592560    
   67.33237       131.6924       1.624626    
   72.33087       131.5914       1.647305    
   77.32610       131.4005       1.704614    
   82.31709       131.1322       1.774277    
   87.30524       130.8228       1.794886    
   92.29430       130.5262       1.742339    
   97.28818       130.3116       1.681585    
   102.2866       130.2167       1.634071    
   107.2863       130.1709       1.572275    
   112.2728       129.9104       1.481274    
   117.2255       129.3089       1.445507    
   122.1606       128.5859       1.476767    
   127.1186       128.0226       1.542530    
   132.1048       127.7059       1.587672    
   137.1018       127.5708       1.557523    
   142.1004       127.6130       1.492726    
   147.0855       127.9183       1.458448    
   152.0289       128.5684       1.472317    
   156.9416       129.4059       1.463194    
   161.8866       130.0337       1.546507    
   166.8759       130.2731       1.599471    
   171.8755       130.2789       1.611596    
   176.8751       130.2254       1.615176    
   181.8749       130.1989       1.584750    
   186.8749       130.1980       1.539610    
   191.8749       130.1983       1.514866    
   196.8749       130.1983       1.479312    
   201.8749       130.1983       1.409034    
   206.8749       130.1982       1.393440    
   211.8749       130.2005       1.432824    
   216.8748       130.2222       1.393987    
   221.8745       130.2778       1.401813    
   226.8739       130.3428       1.471635    
   231.8736       130.3456       1.488782    
   236.8703       130.2072       1.498924    
   241.8605       129.9314       1.544951    
   246.8531       129.7134       1.612275    
   251.8497       129.7641       1.616438    
   256.8403       130.0339       1.601711    
   261.8292       130.3325       1.557599    
   266.8226       130.5588       1.532087    
   271.8200       130.6960       1.501056    
   276.8195       130.7393       1.456076    
   281.8193       130.7124       1.356094    
   286.8188       130.6498       1.370439    
   291.8181       130.5708       1.472487    
   296.8170       130.4788       1.578323    
   301.8156       130.3701       1.610043    
   306.8141       130.2655       1.605497    
   311.8136       130.2279       1.656401    
   316.8123       130.1622       1.699039    
   321.7794       129.7323       1.698420    
   326.7076       128.9738       1.575716    
   331.6619       128.7171       1.535597    
   336.6017       129.3322       1.619632    
   341.4941       130.2607       1.708934    
   346.3997       131.1291       1.659911    
   351.3318       131.8641       1.567113    
   356.3008       132.3251       1.599132    
   361.2956       132.5135       1.627827    
   366.2939       132.6302       1.566105    
   371.2916       132.7671       1.649652    
   376.2886       132.9225       1.748751    
   381.2849       133.0963       1.785535    
   386.2799       133.2955       1.764690    
   391.2732       133.5287       1.744016    
   396.2645       133.7930       1.752855    
   401.2549       134.0715       1.816363    
   406.2462       134.3360       1.871310    
   411.2407       134.5442       1.897948    
   416.2387       134.6591       1.894268    
   421.2385       134.6935       1.877376    
   426.2385       134.6971       1.850678    
   431.2385       134.7121       1.822356    
   436.2343       134.8550       1.785362    
   441.2233       135.1510       1.686574    
   446.2118       135.4547       1.569988    
   451.2035       135.7129       1.542207    
   456.1937       135.9924       1.598751    
   461.1783       136.3427       1.682903    
   466.1624       136.7012       1.755514    
   471.1551       136.9142       1.838269    
   476.1545       136.9639       1.947255    
   481.8401       136.9662       2.083120    
   489.3643       136.9662       2.234296    
   507.4286       136.9662       2.426197    
  -33.77417       125.1739       2.003426    
  -15.70986       125.1739       1.868682    
  -8.185690       125.1739       1.786952    
  -2.500000       125.1739       1.730016    
   2.481762       125.4352       1.679919    
   7.434425       126.0261       1.657599    
   12.38829       126.6083       1.666849    
   17.37068       126.9075       1.696171    
   22.36992       126.9801       1.701617    
   27.36889       127.0629       1.692094    
   32.36626       127.2010       1.716702    
   37.36148       127.3890       1.740801    
   42.35468       127.6146       1.759782    
   47.34677       127.8582       1.787904    
   52.33939       128.0931       1.806874    
   57.33461       128.2793       1.816368    
   62.33282       128.3861       1.845583    
   67.33237       128.3895       1.885677    
   72.33087       128.2923       1.931114    
   77.32610       128.1083       1.985193    
   82.31709       127.8499       2.034897    
   87.30524       127.5519       2.052934    
   92.29430       127.2662       2.031110    
   97.28818       127.0596       1.987136    
   102.2866       126.9681       1.925781    
   107.2863       126.9241       1.840159    
   112.2728       126.6731       1.733181    
   117.2255       126.0938       1.651894    
   122.1606       125.3975       1.624406    
   127.1186       124.8549       1.637333    
   132.1048       124.5499       1.655441    
   137.1018       124.4198       1.634365    
   142.1004       124.4603       1.603698    
   147.0855       124.7544       1.610746    
   152.0289       125.3806       1.657016    
   156.9416       126.1872       1.725701    
   161.8866       126.7919       1.838464    
   166.8759       127.0225       1.927797    
   171.8755       127.0280       1.972667    
   176.8751       126.9765       1.987612    
   181.8749       126.9510       1.969477    
   186.8749       126.9501       1.933549    
   191.8749       126.9505       1.897004    
   196.8749       126.9505       1.846233    
   201.8749       126.9505       1.778602    
   206.8749       126.9503       1.743430    
   211.8749       126.9525       1.747653    
   216.8748       126.9735       1.736697    
   221.8745       127.0270       1.759344    
   226.8739       127.0896       1.814962    
   231.8736       127.0923       1.851755    
   236.8703       126.9591       1.875864    
   241.8605       126.6934       1.917567    
   246.8531       126.4834       1.961680    
   251.8497       126.5322       1.958924    
   256.8403       126.7921       1.935277    
   261.8292       127.0797       1.897454    
   266.8226       127.2977       1.854852    
   271.8200       127.4297       1.799633    
   276.8195       127.4715       1.745476    
   281.8193       127.4456       1.701906    
   286.8188       127.3853       1.737432    
   291.8181       127.3092       1.834513    
   296.8170       127.2206       1.937497    
   301.8156       127.1160       1.998656    
   306.8141       127.0152       2.025943    
   311.8136       126.9790       2.051273    
   316.8123       126.9157       2.040648    
   321.7794       126.5017       1.991825    
   326.7076       125.7710       1.902702    
   331.6619       125.5238       1.866440    
   336.6017       126.1162       1.904214    
   341.4941       127.0106       1.944548    
   346.3997       127.8469       1.909780    
   351.3318       128.5549       1.847702    
   356.3008       128.9989       1.838037    
   361.2956       129.1804       1.825810    
   366.2939       129.2928       1.787063    
   371.2916       129.4245       1.828266    
   376.2886       129.5742       1.897812    
   381.2849       129.7417       1.937505    
   386.2799       129.9336       1.945450    
   391.2732       130.1582       1.955197    
   396.2645       130.4128       1.987872    
   401.2549       130.6809       2.053504    
   406.2462       130.9357       2.114890    
   411.2407       131.1362       2.152836    
   416.2387       131.2469       2.160390    
   421.2385       131.2800       2.148717    
   426.2385       131.2835       2.120545    
   431.2385       131.2979       2.076675    
   436.2343       131.4355       2.014009    
   441.2233       131.7207       1.915323    
   446.2118       132.0132       1.813794    
   451.2035       132.2618       1.765756    
   456.1937       132.5311       1.779344    
   461.1783       132.8684       1.827706    
   466.1624       133.2138       1.888028    
   471.1551       133.4189       1.962834    
   476.1545       133.4668       2.054841    
   481.8401       133.4690       2.159321    
   489.3643       133.4690       2.275224    
   507.4286       133.4690       2.437926    
  -33.77417       121.7413       2.024388    
  -15.70986       121.7413       1.918524    
  -8.185690       121.7413       1.857097    
  -2.500000       121.7413       1.826639    
   2.481762       121.9919       1.802991    
   7.434425       122.5584       1.801383    
   12.38829       123.1165       1.823656    
   17.37068       123.4034       1.860834    
   22.36992       123.4730       1.885198    
   27.36889       123.5524       1.902052    
   32.36626       123.6848       1.926973    
   37.36148       123.8650       1.950035    
   42.35468       124.0813       1.968859    
   47.34677       124.3148       1.989214    
   52.33939       124.5400       2.007715    
   57.33461       124.7186       2.026481    
   62.33282       124.8209       2.057223    
   67.33237       124.8242       2.098025    
   72.33087       124.7309       2.144003    
   77.32610       124.5546       2.190741    
   82.31709       124.3068       2.227770    
   87.30524       124.0211       2.242833    
   92.29430       123.7473       2.230526    
   97.28818       123.5492       2.191987    
   102.2866       123.4615       2.126880    
   107.2863       123.4193       2.034959    
   112.2728       123.1786       1.926572    
   117.2255       122.6232       1.831831    
   122.1606       121.9557       1.776234    
   127.1186       121.4355       1.758162    
   132.1048       121.1431       1.755997    
   137.1018       121.0183       1.745734    
   142.1004       121.0573       1.743447    
   147.0855       121.3392       1.780810    
   152.0289       121.9395       1.856360    
   156.9416       122.7128       1.964059    
   161.8866       123.2925       2.092343    
   166.8759       123.5135       2.200205    
   171.8755       123.5189       2.266235    
   176.8751       123.4696       2.294526    
   181.8749       123.4451       2.289599    
   186.8749       123.4443       2.262672    
   191.8749       123.4446       2.224037    
   196.8749       123.4446       2.172095    
   201.8749       123.4446       2.112582    
   206.8749       123.4444       2.072184    
   211.8749       123.4465       2.059066    
   216.8748       123.4666       2.055436    
   221.8745       123.5179       2.076244    
   226.8739       123.5779       2.116761    
   231.8736       123.5806       2.152015    
   236.8703       123.4528       2.179639    
   241.8605       123.1981       2.211407    
   246.8531       122.9968       2.236520    
   251.8497       123.0435       2.232330    
   256.8403       123.2927       2.209228    
   261.8292       123.5684       2.174644    
   266.8226       123.7774       2.131848    
   271.8200       123.9041       2.082679    
   276.8195       123.9441       2.044218    
   281.8193       123.9193       2.034490    
   286.8188       123.8614       2.078134    
   291.8181       123.7885       2.161919    
   296.8170       123.7036       2.251370    
   301.8156       123.6032       2.315735    
   306.8141       123.5066       2.349709    
   311.8136       123.4719       2.359995    
   316.8123       123.4112       2.332624    
   321.7794       123.0143       2.272462    
   326.7076       122.3138       2.198398    
   331.6619       122.0768       2.157747    
   336.6017       122.6448       2.159840    
   341.4941       123.5022       2.165718    
   346.3997       124.3040       2.135108    
   351.3318       124.9827       2.087992    
   356.3008       125.4084       2.058883    
   361.2956       125.5824       2.030105    
   366.2939       125.6901       2.002105    
   371.2916       125.8165       2.019946    
   376.2886       125.9600       2.065150    
   381.2849       126.1205       2.103266    
   386.2799       126.3045       2.129719    
   391.2732       126.5198       2.160031    
   396.2645       126.7639       2.205274    
   401.2549       127.0210       2.267987    
   406.2462       127.2653       2.326354    
   411.2407       127.4575       2.365346    
   416.2387       127.5636       2.377565    
   421.2385       127.5953       2.367731    
   426.2385       127.5986       2.336961    
   431.2385       127.6125       2.286438    
   436.2343       127.7445       2.217964    
   441.2233       128.0178       2.129168    
   446.2118       128.2982       2.042801    
   451.2035       128.5366       1.990060    
   456.1937       128.7948       1.979250    
   461.1783       129.1181       1.999447    
   466.1624       129.4493       2.038638    
   471.1551       129.6459       2.094822    
   476.1545       129.6918       2.163760    
   481.8401       129.6939       2.238602    
   489.3643       129.6939       2.321871    
   507.4286       129.6939       2.453245    
  -33.77417       118.0135       2.052480    
  -15.70986       118.0135       1.982802    
  -8.185690       118.0135       1.942756    
  -2.500000       118.0135       1.929117    
   2.481762       118.2522       1.924035    
   7.434425       118.7923       1.938004    
   12.38829       119.3243       1.968409    
   17.37068       119.5977       2.008295    
   22.36992       119.6640       2.043665    
   27.36889       119.7397       2.073120    
   32.36626       119.8660       2.099477    
   37.36148       120.0378       2.121861    
   42.35468       120.2439       2.140288    
   47.34677       120.4665       2.157647    
   52.33939       120.6811       2.175123    
   57.33461       120.8514       2.195360    
   62.33282       120.9489       2.223480    
   67.33237       120.9520       2.259018    
   72.33087       120.8632       2.297325    
   77.32610       120.6951       2.333378    
   82.31709       120.4589       2.359514    
   87.30524       120.1866       2.368769    
   92.29430       119.9255       2.356326    
   97.28818       119.7367       2.319037    
   102.2866       119.6531       2.255734    
   107.2863       119.6129       2.168965    
   112.2728       119.3835       2.070491    
   117.2255       118.8540       1.980863    
   122.1606       118.2177       1.918579    
   127.1186       117.7218       1.887908    
   132.1048       117.4431       1.878545    
   137.1018       117.3242       1.881082    
   142.1004       117.3613       1.900686    
   147.0855       117.6301       1.955758    
   152.0289       118.2023       2.047247    
   156.9416       118.9394       2.167402    
   161.8866       119.4921       2.298229    
   166.8759       119.7027       2.412618    
   171.8755       119.7078       2.491284    
   176.8751       119.6608       2.532205    
   181.8749       119.6375       2.540209    
   186.8749       119.6367       2.523499    
   191.8749       119.6370       2.490070    
   196.8749       119.6370       2.444372    
   201.8749       119.6370       2.394550    
   206.8749       119.6368       2.356061    
   211.8749       119.6388       2.336404    
   216.8748       119.6580       2.331808    
   221.8745       119.7069       2.345429    
   226.8739       119.7641       2.372241    
   231.8736       119.7666       2.399503    
   236.8703       119.6448       2.422871    
   241.8605       119.4020       2.444414    
   246.8531       119.2101       2.457366    
   251.8497       119.2547       2.452150    
   256.8403       119.4922       2.432461    
   261.8292       119.7551       2.403774    
   266.8226       119.9542       2.369837    
   271.8200       120.0750       2.336081    
   276.8195       120.1131       2.316211    
   281.8193       120.0895       2.324105    
   286.8188       120.0343       2.367560    
   291.8181       119.9648       2.436063    
   296.8170       119.8839       2.508228    
   301.8156       119.7882       2.563852    
   306.8141       119.6961       2.593472    
   311.8136       119.6630       2.594967    
   316.8123       119.6051       2.563627    
   321.7794       119.2268       2.506107    
   326.7076       118.5591       2.441418    
   331.6619       118.3332       2.396397    
   336.6017       118.8746       2.375686    
   341.4941       119.6919       2.359569    
   346.3997       120.4562       2.327661    
   351.3318       121.1031       2.286883    
   356.3008       121.5089       2.251665    
   361.2956       121.6748       2.219341    
   366.2939       121.7775       2.196397    
   371.2916       121.8979       2.202294    
   376.2886       122.0348       2.230880    
   381.2849       122.1877       2.264906    
   386.2799       122.3631       2.299862    
   391.2732       122.5684       2.340424    
   396.2645       122.8010       2.390029    
   401.2549       123.0461       2.447436    
   406.2462       123.2790       2.499446    
   411.2407       123.4621       2.535274    
   416.2387       123.5633       2.548514    
   421.2385       123.5935       2.539226    
   426.2385       123.5967       2.507807    
   431.2385       123.6100       2.457051    
   436.2343       123.7357       2.392046    
   441.2233       123.9963       2.316333    
   446.2118       124.2636       2.244099    
   451.2035       124.4909       2.192806    
   456.1937       124.7369       2.168620    
   461.1783       125.0452       2.168527    
   466.1624       125.3608       2.187592    
   471.1551       125.5482       2.223850    
   476.1545       125.5920       2.269560    
   481.8401       125.5940       2.317952    
   489.3643       125.5940       2.373270    
   507.4286       125.5940       2.472971    
  -33.77417       113.9358       2.086430    
  -15.70986       113.9358       2.055054    
  -8.185690       113.9358       2.038959    
  -2.500000       113.9358       2.036406    
   2.481762       114.1617       2.042583    
   7.434425       114.6728       2.064265    
   12.38829       115.1762       2.097277    
   17.37068       115.4350       2.136481    
   22.36992       115.4978       2.174467    
   27.36889       115.5694       2.207157    
   32.36626       115.6889       2.234141    
   37.36148       115.8514       2.256771    
   42.35468       116.0465       2.275571    
   47.34677       116.2571       2.292029    
   52.33939       116.4603       2.308278    
   57.33461       116.6214       2.326759    
   62.33282       116.7137       2.349800    
   67.33237       116.7167       2.377193    
   72.33087       116.6326       2.405275    
   77.32610       116.4735       2.429845    
   82.31709       116.2499       2.445507    
   87.30524       115.9922       2.447556    
   92.29430       115.7452       2.431918    
   97.28818       115.5665       2.395517    
   102.2866       115.4874       2.337867    
   107.2863       115.4493       2.262575    
   112.2728       115.2323       2.180029    
   117.2255       114.7313       2.104472    
   122.1606       114.1291       2.048300    
   127.1186       113.6599       2.017484    
   132.1048       113.3961       2.009969    
   137.1018       113.2836       2.023214    
   142.1004       113.3186       2.057844    
   147.0855       113.5730       2.122465    
   152.0289       114.1145       2.218236    
   156.9416       114.8120       2.336426    
   161.8866       115.3350       2.461519    
   166.8759       115.5344       2.574251    
   171.8755       115.5392       2.658332    
   176.8751       115.4947       2.708753    
   181.8749       115.4726       2.728294    
   186.8749       115.4719       2.722872    
   191.8749       115.4722       2.699266    
   196.8749       115.4722       2.663846    
   201.8749       115.4722       2.624648    
   206.8749       115.4720       2.591768    
   211.8749       115.4739       2.571490    
   216.8748       115.4921       2.564425    
   221.8745       115.5383       2.570606    
   226.8739       115.5924       2.586196    
   231.8736       115.5948       2.604223    
   236.8703       115.4796       2.620469    
   241.8605       115.2498       2.633389    
   246.8531       115.0682       2.638985    
   251.8497       115.1104       2.633272    
   256.8403       115.3352       2.617910    
   261.8292       115.5839       2.596881    
   266.8226       115.7724       2.574334    
   271.8200       115.8866       2.555725    
   276.8195       115.9228       2.550040    
   281.8193       115.9004       2.565439    
   286.8188       115.8482       2.603615    
   291.8181       115.7824       2.656780    
   296.8170       115.7058       2.711443    
   301.8156       115.6153       2.753961    
   306.8141       115.5281       2.775114    
   311.8136       115.4968       2.770895    
   316.8123       115.4420       2.740146    
   321.7794       115.0840       2.689137    
   326.7076       114.4521       2.632263    
   331.6619       114.2384       2.585524    
   336.6017       114.7507       2.552072    
   341.4941       115.5241       2.522991    
   346.3997       116.2474       2.488504    
   351.3318       116.8596       2.450570    
   356.3008       117.2437       2.415381    
   361.2956       117.4006       2.384794    
   366.2939       117.4977       2.364911    
   371.2916       117.6117       2.364941    
   376.2886       117.7412       2.383352    
   381.2849       117.8860       2.412685    
   386.2799       118.0519       2.449264    
   391.2732       118.2462       2.492252    
   396.2645       118.4663       2.540478    
   401.2549       118.6983       2.590902    
   406.2462       118.9186       2.635263    
   411.2407       119.0920       2.666017    
   416.2387       119.1877       2.678023    
   421.2385       119.2163       2.669212    
   426.2385       119.2194       2.639724    
   431.2385       119.2319       2.592670    
   436.2343       119.3509       2.534170    
   441.2233       119.5975       2.470221    
   446.2118       119.8504       2.409411    
   451.2035       120.0655       2.361521    
   456.1937       120.2983       2.330926    
   461.1783       120.5900       2.318503    
   466.1624       120.8887       2.323204    
   471.1551       121.0661       2.342159    
   476.1545       121.1075       2.367922    
   481.8401       121.1095       2.395553    
   489.3643       121.1095       2.428859    
   507.4286       121.1095       2.497921    
  -33.77417       109.4377       2.125106    
  -15.70986       109.4377       2.126335    
  -8.185690       109.4377       2.132786    
  -2.500000       109.4377       2.142246    
   2.481762       109.6495       2.155357    
   7.434425       110.1285       2.178545    
   12.38829       110.6005       2.209764    
   17.37068       110.8431       2.245146    
   22.36992       110.9020       2.280136    
   27.36889       110.9691       2.311437    
   32.36626       111.0811       2.338339    
   37.36148       111.2335       2.361459    
   42.35468       111.4164       2.380603    
   47.34677       111.6138       2.396543    
   52.33939       111.8043       2.411307    
   57.33461       111.9553       2.426792    
   62.33282       112.0418       2.444068    
   67.33237       112.0446       2.462902    
   72.33087       111.9657       2.480928    
   77.32610       111.8166       2.495052    
   82.31709       111.6071       2.501485    
   87.30524       111.3655       2.496984    
   92.29430       111.1339       2.478543    
   97.28818       110.9664       2.444233    
   102.2866       110.8923       2.394534    
   107.2863       110.8566       2.333195    
   112.2728       110.6531       2.268396    
   117.2255       110.1834       2.209904    
   122.1606       109.6189       2.165939    
   127.1186       109.1790       2.141993    
   132.1048       108.9318       2.140018    
   137.1018       108.8263       2.160567    
   142.1004       108.8592       2.203719    
   147.0855       109.0976       2.272263    
   152.0289       109.6052       2.365353    
   156.9416       110.2591       2.475165    
   161.8866       110.7494       2.589974    
   166.8759       110.9363       2.695646    
   171.8755       110.9408       2.779225    
   176.8751       110.8991       2.835083    
   181.8749       110.8784       2.863976    
   186.8749       110.8776       2.869783    
   191.8749       110.8779       2.857981    
   196.8749       110.8779       2.834707    
   201.8749       110.8779       2.806846    
   206.8749       110.8778       2.781519    
   211.8749       110.8796       2.763712    
   216.8748       110.8966       2.755258    
   221.8745       110.9400       2.755985    
   226.8739       110.9907       2.763421    
   231.8736       110.9929       2.773463    
   236.8703       110.8849       2.782812    
   241.8605       110.6695       2.789340    
   246.8531       110.4993       2.790734    
   251.8497       110.5388       2.785357    
   256.8403       110.7495       2.774343    
   261.8292       110.9827       2.760673    
   266.8226       111.1594       2.747928    
   271.8200       111.2665       2.740389    
   276.8195       111.3003       2.743280    
   281.8193       111.2794       2.760418    
   286.8188       111.2305       2.791210    
   291.8181       111.1687       2.830140    
   296.8170       111.0969       2.868595    
   301.8156       111.0121       2.897346    
   306.8141       110.9304       2.909236    
   311.8136       110.9010       2.900795    
   316.8123       110.8497       2.871871    
   321.7794       110.5141       2.827478    
   326.7076       109.9218       2.777626    
   331.6619       109.7214       2.731820    
   336.6017       110.2016       2.692787    
   341.4941       110.9267       2.657428    
   346.3997       111.6047       2.621588    
   351.3318       112.1786       2.585817    
   356.3008       112.5386       2.553046    
   361.2956       112.6857       2.525873    
   366.2939       112.7768       2.508738    
   371.2916       112.8837       2.506525    
   376.2886       113.0050       2.519350    
   381.2849       113.1407       2.544249    
   386.2799       113.2963       2.578262    
   391.2732       113.4784       2.618369    
   396.2645       113.6848       2.661315    
   401.2549       113.9022       2.703456    
   406.2462       114.1088       2.739416    
   411.2407       114.2713       2.763973    
   416.2387       114.3611       2.773291    
   421.2385       114.3878       2.765115    
   426.2385       114.3907       2.739412    
   431.2385       114.4025       2.698570    
   436.2343       114.5140       2.647746    
   441.2233       114.7451       2.593209    
   446.2118       114.9823       2.540986    
   451.2035       115.1839       2.496925    
   456.1937       115.4022       2.464630    
   461.1783       115.6756       2.446054    
   466.1624       115.9556       2.441311    
   471.1551       116.1219       2.447219    
   476.1545       116.1607       2.458507    
   481.8401       116.1625       2.471344    
   489.3643       116.1625       2.487967    
   507.4286       116.1625       2.527967    
  -33.77417       104.4251       2.170875    
  -15.70986       104.4251       2.196369    
  -8.185690       104.4251       2.218293    
  -2.500000       104.4251       2.238553    
   2.481762       104.6212       2.256867    
   7.434425       105.0646       2.279979    
   12.38829       105.5015       2.308127    
   17.37068       105.7260       2.338792    
   22.36992       105.7805       2.369200    
   27.36889       105.8427       2.397506    
   32.36626       105.9463       2.423018    
   37.36148       106.0873       2.445215    
   42.35468       106.2567       2.463432    
   47.34677       106.4394       2.478209    
   52.33939       106.6157       2.491038    
   57.33461       106.7555       2.503141    
   62.33282       106.8356       2.515026    
   67.33237       106.8381       2.526457    
   72.33087       106.7651       2.536115    
   77.32610       106.6271       2.541959    
   82.31709       106.4332       2.541474    
   87.30524       106.2096       2.532444    
   92.29430       105.9952       2.512949    
   97.28818       105.8402       2.482257    
   102.2866       105.7715       2.441562    
   107.2863       105.7385       2.394190    
   112.2728       105.5501       2.346129    
   117.2255       105.1154       2.304129    
   122.1606       104.5929       2.273812    
   127.1186       104.1857       2.259578    
   132.1048       103.9569       2.264336    
   137.1018       103.8593       2.289859    
   142.1004       103.8897       2.336330    
   147.0855       104.1104       2.403953    
   152.0289       104.5803       2.490136    
   156.9416       105.1855       2.588355    
   161.8866       105.6393       2.690160    
   166.8759       105.8122       2.785345    
   171.8755       105.8165       2.864113    
   176.8751       105.7778       2.921454    
   181.8749       105.7587       2.956799    
   186.8749       105.7580       2.972282    
   191.8749       105.7582       2.971931    
   196.8749       105.7583       2.960742    
   201.8749       105.7583       2.944085    
   206.8749       105.7581       2.927102    
   211.8749       105.7598       2.913674    
   216.8748       105.7755       2.905852    
   221.8745       105.8157       2.903915    
   226.8739       105.8626       2.906500    
   231.8736       105.8647       2.911132    
   236.8703       105.7647       2.915551    
   241.8605       105.5654       2.918083    
   246.8531       105.4078       2.917403    
   251.8497       105.4444       2.912985    
   256.8403       105.6394       2.905788    
   261.8292       105.8553       2.897882    
   266.8226       106.0188       2.891822    
   271.8200       106.1179       2.890618    
   276.8195       106.1492       2.897089    
   281.8193       106.1298       2.912475    
   286.8188       106.0846       2.935296    
   291.8181       106.0275       2.961551    
   296.8170       105.9610       2.985766    
   301.8156       105.8824       3.002143    
   306.8141       105.8068       3.005858    
   311.8136       105.7796       2.994270    
   316.8123       105.7321       2.967434    
   321.7794       105.4215       2.929006    
   326.7076       104.8732       2.885506    
   331.6619       104.6877       2.842613    
   336.6017       105.1322       2.802895    
   341.4941       105.8034       2.766161    
   346.3997       106.4309       2.731090    
   351.3318       106.9622       2.698092    
   356.3008       107.2954       2.668833    
   361.2956       107.4315       2.645618    
   366.2939       107.5159       2.631485    
   371.2916       107.6148       2.629171    
   376.2886       107.7271       2.639059    
   381.2849       107.8528       2.659707    
   386.2799       107.9968       2.688617    
   391.2732       108.1653       2.722502    
   396.2645       108.3564       2.757813    
   401.2549       108.5576       2.791061    
   406.2462       108.7488       2.818535    
   411.2407       108.8992       2.836680    
   416.2387       108.9823       2.842780    
   421.2385       109.0071       2.835175    
   426.2385       109.0098       2.813786    
   431.2385       109.0207       2.780219    
   436.2343       109.1239       2.738059    
   441.2233       109.3378       2.692365    
   446.2118       109.5574       2.647900    
   451.2035       109.7439       2.608661    
   456.1937       109.9460       2.577662    
   461.1783       110.1991       2.556686    
   466.1624       110.4583       2.545768    
   471.1551       110.6122       2.542623    
   476.1545       110.6481       2.543797    
   481.8401       110.6497       2.545762    
   489.3643       110.6497       2.549275    
   507.4286       110.6497       2.561879    
  -33.77417       98.76926       2.224104    
  -15.70986       98.76926       2.267636    
  -8.185690       98.76926       2.296743    
  -2.500000       98.76926       2.322939    
   2.481762       98.94752       2.345073    
   7.434425       99.35075       2.368355    
   12.38829       99.74802       2.393953    
   17.37068       99.95215       2.420846    
   22.36992       100.0017       2.447343    
   27.36889       100.0582       2.472318    
   32.36626       100.1525       2.495046    
   37.36148       100.2807       2.514695    
   42.35468       100.4347       2.530799    
   47.34677       100.6009       2.543787    
   52.33939       100.7612       2.554481    
   57.33461       100.8883       2.563507    
   62.33282       100.9611       2.571111    
   67.33237       100.9634       2.577107    
   72.33087       100.8971       2.580786    
   77.32610       100.7716       2.580951    
   82.31709       100.5952       2.576115    
   87.30524       100.3919       2.564895    
   92.29430       100.1970       2.546279    
   97.28818       100.0560       2.520367    
   102.2866       99.99355       2.488711    
   107.2863       99.96349       2.454049    
   112.2728       99.79222       2.420458    
   117.2255       99.39693       2.392555    
   122.1606       98.92178       2.374407    
   127.1186       98.55151       2.369504    
   132.1048       98.34343       2.380466    
   137.1018       98.25465       2.408995    
   142.1004       98.28233       2.455161    
   147.0855       98.48299       2.518158    
   152.0289       98.91029       2.594799    
   156.9416       99.46066       2.679919    
   161.8866       99.87329       2.767525    
   166.8759       100.0306       2.850434    
   171.8755       100.0344       2.921675    
   176.8751       99.99930       2.977301    
   181.8749       99.98188       3.016072    
   186.8749       99.98126       3.038808    
   191.8749       99.98149       3.048122    
   196.8749       99.98150       3.047620    
   201.8749       99.98149       3.041192    
   206.8749       99.98139       3.032544    
   211.8749       99.98287       3.024677    
   216.8748       99.99718       3.019460    
   221.8745       100.0337       3.017488    
   226.8739       100.0764       3.018186    
   231.8736       100.0783       3.020183    
   236.8703       99.98734       3.022053    
   241.8605       99.80609       3.022689    
   246.8531       99.66279       3.021421    
   251.8497       99.69608       3.018220    
   256.8403       99.87341       3.013872    
   261.8292       100.0697       3.009719    
   266.8226       100.2184       3.007424    
   271.8200       100.3085       3.008832    
   276.8195       100.3370       3.015232    
   281.8193       100.3194       3.026631    
   286.8188       100.2782       3.041480    
   291.8181       100.2263       3.056967    
   296.8170       100.1659       3.069669    
   301.8156       100.0944       3.076142    
   306.8141       100.0256       3.073432    
   311.8136       100.0009       3.059736    
   316.8123       99.95772       3.035099    
   321.7794       99.67523       3.001867    
   326.7076       99.17667       2.964024    
   331.6619       99.00801       2.925224    
   336.6017       99.41222       2.887953    
   341.4941       100.0225       2.853132    
   346.3997       100.5932       2.820594    
   351.3318       101.0763       2.790977    
   356.3008       101.3793       2.765610    
   361.2956       101.5031       2.746341    
   366.2939       101.5798       2.735110    
   371.2916       101.6697       2.733269    
   376.2886       101.7719       2.740897    
   381.2849       101.8861       2.756893    
   386.2799       102.0170       2.779168    
   391.2732       102.1703       2.805010    
   396.2645       102.3440       2.831491    
   401.2549       102.5270       2.855746    
   406.2462       102.7009       2.875116    
   411.2407       102.8377       2.887198    
   416.2387       102.9132       2.890151    
   421.2385       102.9358       2.882940    
   426.2385       102.9382       2.865573    
   431.2385       102.9481       2.839182    
   436.2343       103.0419       2.806203    
   441.2233       103.2365       2.770149    
   446.2118       103.4361       2.734432    
   451.2035       103.6058       2.701770    
   456.1937       103.7895       2.674285    
   461.1783       104.0197       2.653294    
   466.1624       104.2553       2.638883    
   471.1551       104.3953       2.629719    
   476.1545       104.4279       2.623566    
   481.8401       104.4295       2.617095    
   489.3643       104.4295       2.609806    
   507.4286       104.4295       2.597675    
  -33.77417       92.28692       2.280212    
  -15.70986       92.28692       2.337643    
  -8.185690       92.28692       2.369173    
  -2.500000       92.28692       2.396077    
   2.481762       92.44483       2.419494    
   7.434425       92.80198       2.442786    
   12.38829       93.15384       2.466210    
   17.37068       93.33465       2.489855    
   22.36992       93.37855       2.512962    
   27.36889       93.42858       2.534644    
   32.36626       93.51208       2.554227    
   37.36148       93.62569       2.571119    
   42.35468       93.76205       2.585119    
   47.34677       93.90923       2.596437    
   52.33939       94.05121       2.605395    
   57.33461       94.16380       2.612260    
   62.33282       94.22831       2.617128    
   67.33237       94.23037       2.619858    
   72.33087       94.17159       2.620065    
   77.32610       94.06042       2.617138    
   82.31709       93.90422       2.610364    
   87.30524       93.72411       2.599124    
   92.29430       93.55146       2.583105    
   97.28818       93.42661       2.562739    
   102.2866       93.37131       2.539494    
   107.2863       93.34469       2.515645    
   112.2728       93.19299       2.494051    
   117.2255       92.84286       2.477740    
   122.1606       92.42202       2.469512    
   127.1186       92.09407       2.472021    
   132.1048       91.90976       2.487366    
   137.1018       91.83113       2.516723    
   142.1004       91.85565       2.560010    
   147.0855       92.03337       2.616023    
   152.0289       92.41184       2.681793    
   156.9416       92.89931       2.753311    
   161.8866       93.26480       2.826393    
   166.8759       93.40413       2.896329    
   171.8755       93.40750       2.958538    
   176.8751       93.37640       3.010074    
   181.8749       93.36098       3.049488    
   186.8749       93.36044       3.076809    
   191.8749       93.36063       3.093464    
   196.8749       93.36064       3.101717    
   201.8749       93.36063       3.104152    
   206.8749       93.36054       3.103328    
   211.8749       93.36186       3.101435    
   216.8748       93.37454       3.100003    
   221.8745       93.40688       3.099743    
   226.8739       93.44470       3.100606    
   231.8736       93.44635       3.101987    
   236.8703       93.36582       3.103111    
   241.8605       93.20527       3.103358    
   246.8531       93.07835       3.102464    
   251.8497       93.10783       3.100568    
   256.8403       93.26490       3.098233    
   261.8292       93.43874       3.096289    
   266.8226       93.57047       3.095703    
   271.8200       93.65030       3.097375    
   276.8195       93.67554       3.101694    
   281.8193       93.65989       3.108256    
   286.8188       93.62345       3.115863    
   291.8181       93.57744       3.122699    
   296.8170       93.52392       3.126648    
   301.8156       93.46066       3.125664    
   306.8141       93.39973       3.118067    
   311.8136       93.37785       3.102881    
   316.8123       93.33959       3.080187    
   321.7794       93.08938       3.051358    
   326.7076       92.64779       3.018725    
   331.6619       92.49840       2.984682    
   336.6017       92.85643       2.951459    
   341.4941       93.39696       2.920236    
   346.3997       93.90244       2.891239    
   351.3318       94.33030       2.865277    
   356.3008       94.59869       2.843543    
   361.2956       94.70834       2.827393    
   366.2939       94.77627       2.817944    
   371.2916       94.85593       2.815679    
   376.2886       94.94642       2.820333    
   381.2849       95.04758       2.830929    
   386.2799       95.16358       2.845868    
   391.2732       95.29931       2.863198    
   396.2645       95.45317       2.880824    
   401.2549       95.61526       2.896675    
   406.2462       95.76926       2.908882    
   411.2407       95.89043       2.915826    
   416.2387       95.95733       2.916300    
   421.2385       95.97731       2.909714    
   426.2385       95.97943       2.896207    
   431.2385       95.98818       2.876662    
   436.2343       96.07135       2.852740    
   441.2233       96.24365       2.826593    
   446.2118       96.42047       2.800160    
   451.2035       96.57073       2.774942    
   456.1937       96.73344       2.752222    
   461.1783       96.93733       2.733006    
   466.1624       97.14609       2.717549    
   471.1551       97.27006       2.705118    
   476.1545       97.29897       2.694304    
   481.8401       97.30029       2.681914    
   489.3643       97.30029       2.666252    
   507.4286       97.30029       2.633071    
  -33.77417       84.70639       2.333750    
  -15.70986       84.70639       2.400892    
  -8.185690       84.70639       2.433464    
  -2.500000       84.70639       2.458867    
   2.481762       84.84047       2.480675    
   7.434425       85.14374       2.502885    
   12.38829       85.44250       2.524523    
   17.37068       85.59602       2.545108    
   22.36992       85.63330       2.564807    
   27.36889       85.67580       2.583390    
   32.36626       85.74669       2.600374    
   37.36148       85.84315       2.615297    
   42.35468       85.95895       2.627925    
   47.34677       86.08392       2.638237    
   52.33939       86.20448       2.646292    
   57.33461       86.30008       2.652176    
   62.33282       86.35486       2.655907    
   67.33237       86.35661       2.657393    
   72.33087       86.30669       2.656443    
   77.32610       86.21230       2.652813    
   82.31709       86.07966       2.646297    
   87.30524       85.92673       2.636840    
   92.29430       85.78013       2.624617    
   97.28818       85.67411       2.610184    
   102.2866       85.62716       2.594693    
   107.2863       85.60456       2.579885    
   112.2728       85.47575       2.567852    
   117.2255       85.17844       2.560618    
   122.1606       84.82110       2.559984    
   127.1186       84.54264       2.567716    
   132.1048       84.38613       2.585265    
   137.1018       84.31937       2.613293    
   142.1004       84.34019       2.651588    
   147.0855       84.49109       2.698947    
   152.0289       84.81246       2.752959    
   156.9416       85.22638       2.810679    
   161.8866       85.53673       2.869468    
   166.8759       85.65503       2.926517    
   171.8755       85.65790       2.978888    
   176.8751       85.63148       3.024455    
   181.8749       85.61840       3.061961    
   186.8749       85.61794       3.091101    
   191.8749       85.61810       3.112454    
   196.8749       85.61810       3.127179    
   201.8749       85.61810       3.136761    
   206.8749       85.61802       3.142778    
   211.8749       85.61914       3.146661    
   216.8748       85.62991       3.149503    
   221.8745       85.65736       3.151964    
   226.8739       85.68948       3.154273    
   231.8736       85.69088       3.156326    
   236.8703       85.62250       3.157855    
   241.8605       85.48617       3.158644    
   246.8531       85.37840       3.158676    
   251.8497       85.40344       3.158111    
   256.8403       85.53680       3.157283    
   261.8292       85.68442       3.156601    
   266.8226       85.79627       3.156471    
   271.8200       85.86406       3.157175    
   276.8195       85.88549       3.158699    
   281.8193       85.87220       3.160631    
   286.8188       85.84126       3.162183    
   291.8181       85.80219       3.162276    
   296.8170       85.75674       3.159701    
   301.8156       85.70303       3.153327    
   306.8141       85.65130       3.142311    
   311.8136       85.63272       3.126255    
   316.8123       85.60023       3.105327    
   321.7794       85.38776       3.080365    
   326.7076       85.01280       3.052673    
   331.6619       84.88596       3.023631    
   336.6017       85.18996       2.995016    
   341.4941       85.64894       2.968041    
   346.3997       86.07815       2.943099    
   351.3318       86.44146       2.920918    
   356.3008       86.66934       2.902345    
   361.2956       86.76245       2.888237    
   366.2939       86.82014       2.879218    
   371.2916       86.88777       2.875421    
   376.2886       86.96461       2.876496    
   381.2849       87.05051       2.881681    
   386.2799       87.14902       2.889881    
   391.2732       87.26426       2.899793    
   396.2645       87.39491       2.910011    
   401.2549       87.53254       2.919122    
   406.2462       87.66331       2.925831    
   411.2407       87.76619       2.929053    
   416.2387       87.82300       2.928035    
   421.2385       87.83997       2.922479    
   426.2385       87.84176       2.912595    
   431.2385       87.84920       2.899055    
   436.2343       87.91981       2.882866    
   441.2233       88.06612       2.865105    
   446.2118       88.21626       2.846579    
   451.2035       88.34385       2.827971    
   456.1937       88.48203       2.810130    
   461.1783       88.65514       2.793844    
   466.1624       88.83239       2.779351    
   471.1551       88.93765       2.766183    
   476.1545       88.96221       2.753341    
   481.8401       88.96335       2.737853    
   489.3643       88.96335       2.716683    
   507.4286       88.96335       2.665016    
  -33.77417       75.60016       2.380511    
  -15.70986       75.60016       2.451793    
  -8.185690       75.60016       2.484743    
  -2.500000       75.60016       2.508878    
   2.481762       75.70561       2.528384    
   7.434425       75.94414       2.548112    
   12.38829       76.17914       2.568418    
   17.37068       76.29989       2.587601    
   22.36992       76.32921       2.605034    
   27.36889       76.36263       2.621319    
   32.36626       76.41840       2.636638    
   37.36148       76.49427       2.650568    
   42.35468       76.58534       2.662697    
   47.34677       76.68364       2.672853    
   52.33939       76.77846       2.680996    
   57.33461       76.85366       2.687113    
   62.33282       76.89674       2.691176    
   67.33237       76.89812       2.693140    
   72.33087       76.85886       2.692948    
   77.32610       76.78461       2.690570    
   82.31709       76.68029       2.686072    
   87.30524       76.56001       2.679665    
   92.29430       76.44469       2.671734    
   97.28818       76.36131       2.662885    
   102.2866       76.32438       2.654027    
   107.2863       76.30660       2.646378    
   112.2728       76.20528       2.641352    
   117.2255       75.97144       2.640280    
   122.1606       75.69038       2.644299    
   127.1186       75.47135       2.654513    
   132.1048       75.34826       2.671806    
   137.1018       75.29574       2.696494    
   142.1004       75.31212       2.728324    
   147.0855       75.43081       2.766345    
   152.0289       75.68358       2.808806    
   156.9416       76.00915       2.853735    
   161.8866       76.25325       2.899640    
   166.8759       76.34630       2.944917    
   171.8755       76.34855       2.987679    
   176.8751       76.32778       3.026487    
   181.8749       76.31749       3.060411    
   186.8749       76.31712       3.089038    
   191.8749       76.31725       3.112448    
   196.8749       76.31725       3.131086    
   201.8749       76.31725       3.145649    
   206.8749       76.31718       3.156956    
   211.8749       76.31807       3.165799    
   216.8748       76.32654       3.172845    
   221.8745       76.34814       3.178575    
   226.8739       76.37340       3.183274    
   231.8736       76.37450       3.187058    
   236.8703       76.32071       3.189942    
   241.8605       76.21349       3.191947    
   246.8531       76.12872       3.193176    
   251.8497       76.14841       3.193767    
   256.8403       76.25331       3.193882    
   261.8292       76.36942       3.193663    
   266.8226       76.45739       3.193188    
   271.8200       76.51070       3.192456    
   276.8195       76.52757       3.191335    
   281.8193       76.51711       3.189536    
   286.8188       76.49277       3.186610    
   291.8181       76.46204       3.181985    
   296.8170       76.42630       3.175057    
   301.8156       76.38405       3.165292    
   306.8141       76.34336       3.152343    
   311.8136       76.32875       3.136132    
   316.8123       76.30320       3.116884    
   321.7794       76.13609       3.095187    
   326.7076       75.84116       3.071797    
   331.6619       75.74139       3.047416    
   336.6017       75.98050       3.023339    
   341.4941       76.34151       3.000617    
   346.3997       76.67910       2.979615    
   351.3318       76.96486       2.960879    
   356.3008       77.14410       2.944937    
   361.2956       77.21733       2.932281    
   366.2939       77.26270       2.923260    
   371.2916       77.31591       2.917911    
   376.2886       77.37634       2.915966    
   381.2849       77.44391       2.916902    
   386.2799       77.52139       2.919997    
   391.2732       77.61202       2.924391    
   396.2645       77.71479       2.929150    
   401.2549       77.82304       2.933342    
   406.2462       77.92590       2.936118    
   411.2407       78.00681       2.936804    
   416.2387       78.05150       2.934965    
   421.2385       78.06484       2.930459    
   426.2385       78.06626       2.923452    
   431.2385       78.07211       2.914337    
   436.2343       78.12765       2.903583    
   441.2233       78.24273       2.891559    
   446.2118       78.36082       2.878526    
   451.2035       78.46117       2.864909    
   456.1937       78.56985       2.851358    
   461.1783       78.70601       2.838415    
   466.1624       78.84543       2.826153    
   471.1551       78.92822       2.814079    
   476.1545       78.94754       2.801469    
   481.8401       78.94843       2.785651    
   489.3643       78.94843       2.762094    
   507.4286       78.94843       2.687951    
  -33.77417       56.32260       2.442080    
  -15.70986       56.32260       2.506074    
  -8.185690       56.32260       2.536921    
  -2.500000       56.32260       2.559518    
   2.481762       56.36747       2.577035    
   7.434425       56.46896       2.593618    
   12.38829       56.56895       2.611835    
   17.37068       56.62033       2.631388    
   22.36992       56.63280       2.649172    
   27.36889       56.64702       2.664593    
   32.36626       56.67075       2.679182    
   37.36148       56.70303       2.693344    
   42.35468       56.74178       2.706486    
   47.34677       56.78361       2.718153    
   52.33939       56.82395       2.728221    
   57.33461       56.85595       2.736665    
   62.33282       56.87428       2.743444    
   67.33237       56.87487       2.748548    
   72.33087       56.85816       2.752016    
   77.32610       56.82657       2.753958    
   82.31709       56.78218       2.754571    
   87.30524       56.73100       2.754140    
   92.29430       56.68194       2.753031    
   97.28818       56.64646       2.751703    
   102.2866       56.63075       2.750712    
   107.2863       56.62318       2.750684    
   112.2728       56.58007       2.752256    
   117.2255       56.48058       2.755996    
   122.1606       56.36099       2.762427    
   127.1186       56.26780       2.772110    
   132.1048       56.21542       2.785481    
   137.1018       56.19307       2.802677    
   142.1004       56.20005       2.823581    
   147.0855       56.25055       2.847758    
   152.0289       56.35809       2.874387    
   156.9416       56.49662       2.902633    
   161.8866       56.60048       2.932071    
   166.8759       56.64007       2.962171    
   171.8755       56.64103       2.992099    
   176.8751       56.63219       3.021166    
   181.8749       56.62782       3.048819    
   186.8749       56.62766       3.074629    
   191.8749       56.62771       3.098334    
   196.8749       56.62772       3.119807    
   201.8749       56.62771       3.139031    
   206.8749       56.62769       3.156074    
   211.8749       56.62806       3.171055    
   216.8748       56.63167       3.184110    
   221.8745       56.64086       3.195364    
   226.8739       56.65160       3.204930    
   231.8736       56.65207       3.212901    
   236.8703       56.62919       3.219357    
   241.8605       56.58356       3.224383    
   246.8531       56.54750       3.228064    
   251.8497       56.55588       3.230426    
   256.8403       56.60051       3.231485    
   261.8292       56.64991       3.231248    
   266.8226       56.68734       3.229688    
   271.8200       56.71003       3.226756    
   276.8195       56.71720       3.222390    
   281.8193       56.71275       3.216512    
   286.8188       56.70240       3.209041    
   291.8181       56.68932       3.199904    
   296.8170       56.67411       3.189053    
   301.8156       56.65614       3.176480    
   306.8141       56.63882       3.162240    
   311.8136       56.63261       3.146468    
   316.8123       56.62173       3.129411    
   321.7794       56.55063       3.111454    
   326.7076       56.42514       3.092929    
   331.6619       56.38269       3.074023    
   336.6017       56.48443       3.055553    
   341.4941       56.63803       3.038172    
   346.3997       56.78168       3.021992    
   351.3318       56.90327       3.007255    
   356.3008       56.97953       2.994174    
   361.2956       57.01069       2.982943    
   366.2939       57.02999       2.973710    
   371.2916       57.05263       2.966473    
   376.2886       57.07835       2.961097    
   381.2849       57.10709       2.957339    
   386.2799       57.14006       2.954881    
   391.2732       57.17862       2.953346    
   396.2645       57.22235       2.952325    
   401.2549       57.26841       2.951401    
   406.2462       57.31217       2.950197    
   411.2407       57.34660       2.948415    
   416.2387       57.36561       2.945860    
   421.2385       57.37129       2.942461    
   426.2385       57.37189       2.938243    
   431.2385       57.37438       2.933234    
   436.2343       57.39801       2.927356    
   441.2233       57.44698       2.920530    
   446.2118       57.49723       2.912903    
   451.2035       57.53992       2.904887    
   456.1937       57.58617       2.896932    
   461.1783       57.64410       2.889287    
   466.1624       57.70342       2.881871    
   471.1551       57.73865       2.874610    
   476.1545       57.74687       2.867686    
   481.8401       57.74725       2.860633    
   489.3643       57.74725       2.854209    
   507.4286       57.74725       2.790827    
