        1545
  -33.77417       136.6885       2.306320    
  -15.70986       136.6885       2.195946    
  -8.185690       136.6885       2.079120    
  -2.500000       136.6885       2.008214    
   2.481762       136.9860       2.016654    
   7.434425       137.6588       1.939302    
   12.38829       138.3216       1.944339    
   17.37068       138.6622       1.890677    
   22.36992       138.7449       1.881453    
   27.36889       138.8391       1.840608    
   32.36626       138.9964       1.776545    
   37.36148       139.2104       1.710853    
   42.35468       139.4673       1.690983    
   47.34677       139.7446       1.610006    
   52.33939       140.0120       1.560112    
   57.33461       140.2241       1.599999    
   62.33282       140.3456       1.579188    
   67.33237       140.3495       1.652928    
   72.33087       140.2388       1.629791    
   77.32610       140.0294       1.781699    
   82.31709       139.7351       1.689530    
   87.30524       139.3958       1.687368    
   92.29430       139.0706       1.713368    
   97.28818       138.8354       1.698622    
   102.2866       138.7312       1.660386    
   107.2863       138.6811       1.535718    
   112.2728       138.3953       1.580114    
   117.2255       137.7357       1.681147    
   122.1606       136.9430       1.889652    
   127.1186       136.3252       1.841077    
   132.1048       135.9780       1.868577    
   137.1018       135.8299       1.852035    
   142.1004       135.8761       1.731466    
   147.0855       136.2108       1.657566    
   152.0289       136.9238       1.799852    
   156.9416       137.8421       1.638004    
   161.8866       138.5306       1.508935    
   166.8759       138.7930       1.551225    
   171.8755       138.7994       1.575144    
   176.8751       138.7408       1.613240    
   181.8749       138.7118       1.573708    
   186.8749       138.7108       1.536805    
   191.8749       138.7111       1.469311    
   196.8749       138.7112       1.429248    
   201.8749       138.7111       1.448380    
   206.8749       138.7109       1.498275    
   211.8749       138.7134       1.580277    
   216.8748       138.7373       1.634343    
   221.8745       138.7983       1.629344    
   226.8739       138.8695       1.569762    
   231.8736       138.8726       1.374839    
   236.8703       138.7209       1.289630    
   241.8605       138.4185       1.241929    
   246.8531       138.1794       1.440035    
   251.8497       138.2349       1.492702    
   256.8403       138.5308       1.562409    
   261.8292       138.8582       1.598483    
   266.8226       139.1064       1.690934    
   271.8200       139.2568       1.649123    
   276.8195       139.3043       1.668606    
   281.8193       139.2749       1.619847    
   286.8188       139.2062       1.631671    
   291.8181       139.1195       1.546409    
   296.8170       139.0187       1.612176    
   301.8156       138.8996       1.531224    
   306.8141       138.7848       1.656011    
   311.8136       138.7435       1.613791    
   316.8123       138.6715       1.716248    
   321.7794       138.2001       1.641397    
   326.7076       137.3683       1.856166    
   331.6619       137.0869       1.826782    
   336.6017       137.7613       1.722913    
   341.4941       138.7795       1.907871    
   346.3997       139.7317       2.314450    
   351.3318       140.5377       2.072003    
   356.3008       141.0433       2.925409    
   361.2956       141.2499       2.827264    
   366.2939       141.3779       2.875495    
   371.2916       141.5279       2.988651    
   376.2886       141.6984       2.930072    
   381.2849       141.8889       2.849398    
   386.2799       142.1075       2.657255    
   391.2732       142.3631       2.650566    
   396.2645       142.6530       2.798545    
   401.2549       142.9583       2.935424    
   406.2462       143.2484       2.697741    
   411.2407       143.4767       2.101667    
   416.2387       143.6027       1.749944    
   421.2385       143.6403       1.598767    
   426.2385       143.6443       2.068478    
   431.2385       143.6608       2.242387    
   436.2343       143.8174       1.919542    
   441.2233       144.1421       1.941521    
   446.2118       144.4751       1.894411    
   451.2035       144.7582       1.742969    
   456.1937       145.0647       1.709770    
   461.1783       145.4488       1.766307    
   466.1624       145.8420       1.816674    
   471.1551       146.0755       1.907718    
   476.1545       146.1300       1.973905    
   481.8401       146.1326       2.032980    
   489.3643       146.1326       2.167748    
   507.4286       146.1326       2.285174    
  -33.77417       134.0858       2.314311    
  -15.70986       134.0858       2.194218    
  -8.185690       134.0858       2.081616    
  -2.500000       134.0858       1.949726    
   2.481762       134.3752       1.895655    
   7.434425       135.0294       1.838888    
   12.38829       135.6740       1.877560    
   17.37068       136.0052       1.859908    
   22.36992       136.0857       1.805128    
   27.36889       136.1774       1.788995    
   32.36626       136.3303       1.721479    
   37.36148       136.5384       1.662934    
   42.35468       136.7882       1.546954    
   47.34677       137.0579       1.538548    
   52.33939       137.3180       1.489744    
   57.33461       137.5242       1.507032    
   62.33282       137.6424       1.491945    
   67.33237       137.6462       1.532427    
   72.33087       137.5385       1.571631    
   77.32610       137.3349       1.660747    
   82.31709       137.0487       1.648935    
   87.30524       136.7188       1.614320    
   92.29430       136.4025       1.618542    
   97.28818       136.1738       1.638239    
   102.2866       136.0724       1.534257    
   107.2863       136.0237       1.423920    
   112.2728       135.7457       1.520857    
   117.2255       135.1043       1.620425    
   122.1606       134.3334       1.746410    
   127.1186       133.7326       1.775410    
   132.1048       133.3949       1.845372    
   137.1018       133.2509       1.850625    
   142.1004       133.2958       1.738974    
   147.0855       133.6214       1.595613    
   152.0289       134.3147       1.630134    
   156.9416       135.2077       1.501875    
   161.8866       135.8773       1.467044    
   166.8759       136.1325       1.372562    
   171.8755       136.1387       1.432652    
   176.8751       136.0817       1.528301    
   181.8749       136.0535       1.421154    
   186.8749       136.0525       1.427507    
   191.8749       136.0529       1.358964    
   196.8749       136.0529       1.349390    
   201.8749       136.0529       1.328146    
   206.8749       136.0527       1.410934    
   211.8749       136.0551       1.514264    
   216.8748       136.0783       1.495829    
   221.8745       136.1376       1.544425    
   226.8739       136.2069       1.336858    
   231.8736       136.2099       1.296677    
   236.8703       136.0623       1.129890    
   241.8605       135.7682       1.196218    
   246.8531       135.5358       1.281241    
   251.8497       135.5898       1.355575    
   256.8403       135.8775       1.509061    
   261.8292       136.1960       1.554567    
   266.8226       136.4373       1.521374    
   271.8200       136.5835       1.593287    
   276.8195       136.6297       1.627131    
   281.8193       136.6011       1.516114    
   286.8188       136.5343       1.529662    
   291.8181       136.4500       1.546365    
   296.8170       136.3520       1.416041    
   301.8156       136.2361       1.512399    
   306.8141       136.1245       1.559609    
   311.8136       136.0844       1.464207    
   316.8123       136.0143       1.645441    
   321.7794       135.5559       1.698240    
   326.7076       134.7469       1.986742    
   331.6619       134.4733       1.784896    
   336.6017       135.1292       1.880628    
   341.4941       136.1194       1.952251    
   346.3997       137.0454       2.197273    
   351.3318       137.8293       2.326468    
   356.3008       138.3209       2.901355    
   361.2956       138.5218       3.072662    
   366.2939       138.6463       3.098935    
   371.2916       138.7922       3.136033    
   376.2886       138.9579       3.118895    
   381.2849       139.1433       3.094950    
   386.2799       139.3558       3.054965    
   391.2732       139.6044       2.949070    
   396.2645       139.8863       2.906812    
   401.2549       140.1832       2.962918    
   406.2462       140.4654       2.825522    
   411.2407       140.6873       2.528741    
   416.2387       140.8099       1.791458    
   421.2385       140.8465       1.884198    
   426.2385       140.8504       1.751091    
   431.2385       140.8664       1.986393    
   436.2343       141.0188       1.919885    
   441.2233       141.3345       1.920048    
   446.2118       141.6584       1.904024    
   451.2035       141.9337       1.829006    
   456.1937       142.2318       1.781001    
   461.1783       142.6053       1.810457    
   466.1624       142.9877       1.831531    
   471.1551       143.2148       1.898322    
   476.1545       143.2677       1.949712    
   481.8401       143.2702       2.051388    
   489.3643       143.2702       2.176356    
   507.4286       143.2702       2.280078    
  -33.77417       131.3152       2.315303    
  -15.70986       131.3152       2.203684    
  -8.185690       131.3152       2.082951    
  -2.500000       131.3152       1.967866    
   2.481762       131.5958       1.881838    
   7.434425       132.2304       1.825293    
   12.38829       132.8556       1.821236    
   17.37068       133.1768       1.795109    
   22.36992       133.2549       1.726110    
   27.36889       133.3438       1.688621    
   32.36626       133.4921       1.659919    
   37.36148       133.6940       1.615676    
   42.35468       133.9363       1.556347    
   47.34677       134.1978       1.551446    
   52.33939       134.4500       1.552403    
   57.33461       134.6501       1.543198    
   62.33282       134.7647       1.523627    
   67.33237       134.7684       1.565682    
   72.33087       134.6640       1.607218    
   77.32610       134.4664       1.647511    
   82.31709       134.1889       1.667130    
   87.30524       133.8689       1.656607    
   92.29430       133.5621       1.635956    
   97.28818       133.3403       1.628980    
   102.2866       133.2420       1.552836    
   107.2863       133.1947       1.497994    
   112.2728       132.9252       1.551010    
   117.2255       132.3031       1.629163    
   122.1606       131.5553       1.717527    
   127.1186       130.9726       1.770607    
   132.1048       130.6451       1.849692    
   137.1018       130.5054       1.865686    
   142.1004       130.5490       1.771873    
   147.0855       130.8647       1.636488    
   152.0289       131.5372       1.630901    
   156.9416       132.4034       1.545454    
   161.8866       133.0527       1.508299    
   166.8759       133.3003       1.459145    
   171.8755       133.3063       1.486475    
   176.8751       133.2510       1.535726    
   181.8749       133.2236       1.475812    
   186.8749       133.2227       1.441611    
   191.8749       133.2231       1.394773    
   196.8749       133.2231       1.371701    
   201.8749       133.2231       1.349362    
   206.8749       133.2229       1.417650    
   211.8749       133.2252       1.458796    
   216.8748       133.2477       1.495809    
   221.8745       133.3052       1.535143    
   226.8739       133.3724       1.439524    
   231.8736       133.3753       1.392272    
   236.8703       133.2322       1.299929    
   241.8605       132.9470       1.367400    
   246.8531       132.7215       1.343767    
   251.8497       132.7738       1.385546    
   256.8403       133.0529       1.506034    
   261.8292       133.3618       1.483232    
   266.8226       133.5959       1.529222    
   271.8200       133.7377       1.570018    
   276.8195       133.7825       1.537965    
   281.8193       133.7548       1.471041    
   286.8188       133.6900       1.507927    
   291.8181       133.6082       1.530310    
   296.8170       133.5132       1.442124    
   301.8156       133.4008       1.546882    
   306.8141       133.2925       1.578909    
   311.8136       133.2536       1.510157    
   316.8123       133.1856       1.588668    
   321.7794       132.7410       1.719092    
   326.7076       131.9564       1.876935    
   331.6619       131.6910       1.762314    
   336.6017       132.3271       1.836385    
   341.4941       133.2876       1.908908    
   346.3997       134.1857       2.069661    
   351.3318       134.9460       2.238115    
   356.3008       135.4228       2.453366    
   361.2956       135.6176       2.555578    
   366.2939       135.7384       2.899004    
   371.2916       135.8799       2.962989    
   376.2886       136.0407       2.763838    
   381.2849       136.2204       2.597173    
   386.2799       136.4265       2.431661    
   391.2732       136.6677       2.366380    
   396.2645       136.9411       2.278386    
   401.2549       137.2291       2.277538    
   406.2462       137.5027       2.157202    
   411.2407       137.7180       2.143090    
   416.2387       137.8369       1.752522    
   421.2385       137.8724       1.808103    
   426.2385       137.8761       1.731621    
   431.2385       137.8917       1.833328    
   436.2343       138.0394       1.858901    
   441.2233       138.3456       1.851248    
   446.2118       138.6598       1.856480    
   451.2035       138.9268       1.822184    
   456.1937       139.2159       1.797597    
   461.1783       139.5782       1.816700    
   466.1624       139.9491       1.859341    
   471.1551       140.1694       1.925157    
   476.1545       140.2207       1.968115    
   481.8401       140.2231       2.085273    
   489.3643       140.2231       2.174384    
   507.4286       140.2231       2.272115    
  -33.77417       128.3538       2.325165    
  -15.70986       128.3538       2.210149    
  -8.185690       128.3538       2.096947    
  -2.500000       128.3538       1.991688    
   2.481762       128.6251       1.918882    
   7.434425       129.2386       1.852751    
   12.38829       129.8431       1.818480    
   17.37068       130.1537       1.780519    
   22.36992       130.2291       1.719473    
   27.36889       130.3151       1.676103    
   32.36626       130.4585       1.651533    
   37.36148       130.6536       1.624461    
   42.35468       130.8879       1.602787    
   47.34677       131.1408       1.615772    
   52.33939       131.3846       1.618146    
   57.33461       131.5780       1.620814    
   62.33282       131.6889       1.606071    
   67.33237       131.6924       1.620991    
   72.33087       131.5914       1.649587    
   77.32610       131.4005       1.674393    
   82.31709       131.1322       1.697525    
   87.30524       130.8228       1.693434    
   92.29430       130.5262       1.687745    
   97.28818       130.3116       1.666225    
   102.2866       130.2167       1.610564    
   107.2863       130.1709       1.580331    
   112.2728       129.9104       1.609163    
   117.2255       129.3089       1.674931    
   122.1606       128.5859       1.755836    
   127.1186       128.0226       1.820629    
   132.1048       127.7059       1.878146    
   137.1018       127.5708       1.896527    
   142.1004       127.6130       1.828694    
   147.0855       127.9183       1.729059    
   152.0289       128.5684       1.689291    
   156.9416       129.4059       1.621264    
   161.8866       130.0337       1.595967    
   166.8759       130.2731       1.568462    
   171.8755       130.2789       1.583262    
   176.8751       130.2254       1.595519    
   181.8749       130.1989       1.563902    
   186.8749       130.1980       1.535621    
   191.8749       130.1983       1.493840    
   196.8749       130.1983       1.470183    
   201.8749       130.1983       1.460889    
   206.8749       130.1982       1.479309    
   211.8749       130.2005       1.509490    
   216.8748       130.2222       1.551528    
   221.8745       130.2778       1.574929    
   226.8739       130.3428       1.545404    
   231.8736       130.3456       1.506575    
   236.8703       130.2072       1.466602    
   241.8605       129.9314       1.477446    
   246.8531       129.7134       1.428911    
   251.8497       129.7641       1.440625    
   256.8403       130.0339       1.491521    
   261.8292       130.3325       1.506962    
   266.8226       130.5588       1.540627    
   271.8200       130.6960       1.565964    
   276.8195       130.7393       1.534505    
   281.8193       130.7124       1.496963    
   286.8188       130.6498       1.533862    
   291.8181       130.5708       1.564319    
   296.8170       130.4788       1.536690    
   301.8156       130.3701       1.598669    
   306.8141       130.2655       1.619168    
   311.8136       130.2279       1.591556    
   316.8123       130.1622       1.622524    
   321.7794       129.7323       1.720402    
   326.7076       128.9738       1.810781    
   331.6619       128.7171       1.773860    
   336.6017       129.3322       1.799751    
   341.4941       130.2607       1.870484    
   346.3997       131.1291       1.972085    
   351.3318       131.8641       2.099606    
   356.3008       132.3251       2.186350    
   361.2956       132.5135       2.071464    
   366.2939       132.6302       2.281896    
   371.2916       132.7671       2.294949    
   376.2886       132.9225       2.190063    
   381.2849       133.0963       2.000392    
   386.2799       133.2955       2.029084    
   391.2732       133.5287       2.001314    
   396.2645       133.7930       1.917706    
   401.2549       134.0715       1.884956    
   406.2462       134.3360       1.807376    
   411.2407       134.5442       1.815141    
   416.2387       134.6591       1.685092    
   421.2385       134.6935       1.732133    
   426.2385       134.6971       1.728778    
   431.2385       134.7121       1.779787    
   436.2343       134.8550       1.801701    
   441.2233       135.1510       1.800793    
   446.2118       135.4547       1.816253    
   451.2035       135.7129       1.813278    
   456.1937       135.9924       1.809532    
   461.1783       136.3427       1.820998    
   466.1624       136.7012       1.874310    
   471.1551       136.9142       1.925361    
   476.1545       136.9639       1.994065    
   481.8401       136.9662       2.106061    
   489.3643       136.9662       2.178576    
   507.4286       136.9662       2.270430    
  -33.77417       125.1739       2.331845    
  -15.70986       125.1739       2.225735    
  -8.185690       125.1739       2.125988    
  -2.500000       125.1739       2.040254    
   2.481762       125.4352       1.972528    
   7.434425       126.0261       1.907328    
   12.38829       126.6083       1.855842    
   17.37068       126.9075       1.812956    
   22.36992       126.9801       1.762695    
   27.36889       127.0629       1.724877    
   32.36626       127.2010       1.704746    
   37.36148       127.3890       1.689604    
   42.35468       127.6146       1.693413    
   47.34677       127.8582       1.710490    
   52.33939       128.0931       1.719953    
   57.33461       128.2793       1.725065    
   62.33282       128.3861       1.716740    
   67.33237       128.3895       1.711208    
   72.33087       128.2923       1.716000    
   77.32610       128.1083       1.728321    
   82.31709       127.8499       1.747515    
   87.30524       127.5519       1.748304    
   92.29430       127.2662       1.748425    
   97.28818       127.0596       1.731935    
   102.2866       126.9681       1.695750    
   107.2863       126.9241       1.676266    
   112.2728       126.6731       1.701299    
   117.2255       126.0938       1.755905    
   122.1606       125.3975       1.829761    
   127.1186       124.8549       1.877645    
   132.1048       124.5499       1.919345    
   137.1018       124.4198       1.932849    
   142.1004       124.4603       1.907055    
   147.0855       124.7544       1.820431    
   152.0289       125.3806       1.790623    
   156.9416       126.1872       1.736565    
   161.8866       126.7919       1.709111    
   166.8759       127.0225       1.680445    
   171.8755       127.0280       1.672981    
   176.8751       126.9765       1.672641    
   181.8749       126.9510       1.663581    
   186.8749       126.9501       1.654194    
   191.8749       126.9505       1.611620    
   196.8749       126.9505       1.581030    
   201.8749       126.9505       1.571312    
   206.8749       126.9503       1.570008    
   211.8749       126.9525       1.592422    
   216.8748       126.9735       1.631896    
   221.8745       127.0270       1.651273    
   226.8739       127.0896       1.647105    
   231.8736       127.0923       1.628506    
   236.8703       126.9591       1.617620    
   241.8605       126.6934       1.602174    
   246.8531       126.4834       1.557428    
   251.8497       126.5322       1.557172    
   256.8403       126.7921       1.582886    
   261.8292       127.0797       1.604233    
   266.8226       127.2977       1.616353    
   271.8200       127.4297       1.625292    
   276.8195       127.4715       1.599005    
   281.8193       127.4456       1.577242    
   286.8188       127.3853       1.604360    
   291.8181       127.3092       1.633137    
   296.8170       127.2206       1.638603    
   301.8156       127.1160       1.668524    
   306.8141       127.0152       1.687529    
   311.8136       126.9790       1.684114    
   316.8123       126.9157       1.695591    
   321.7794       126.5017       1.755322    
   326.7076       125.7710       1.816586    
   331.6619       125.5238       1.807473    
   336.6017       126.1162       1.812083    
   341.4941       127.0106       1.846122    
   346.3997       127.8469       1.915311    
   351.3318       128.5549       1.974883    
   356.3008       128.9989       2.009841    
   361.2956       129.1804       1.943501    
   366.2939       129.2928       2.010710    
   371.2916       129.4245       2.024626    
   376.2886       129.5742       1.919770    
   381.2849       129.7417       1.806256    
   386.2799       129.9336       1.771536    
   391.2732       130.1582       1.743379    
   396.2645       130.4128       1.700605    
   401.2549       130.6809       1.667336    
   406.2462       130.9357       1.633858    
   411.2407       131.1362       1.661370    
   416.2387       131.2469       1.646129    
   421.2385       131.2800       1.686004    
   426.2385       131.2835       1.714151    
   431.2385       131.2979       1.749729    
   436.2343       131.4355       1.755849    
   441.2233       131.7207       1.784075    
   446.2118       132.0132       1.806556    
   451.2035       132.2618       1.819126    
   456.1937       132.5311       1.831192    
   461.1783       132.8684       1.847372    
   466.1624       133.2138       1.900192    
   471.1551       133.4189       1.945898    
   476.1545       133.4668       2.029269    
   481.8401       133.4690       2.128231    
   489.3643       133.4690       2.182649    
   507.4286       133.4690       2.269358    
  -33.77417       121.7413       2.337041    
  -15.70986       121.7413       2.247187    
  -8.185690       121.7413       2.165519    
  -2.500000       121.7413       2.092013    
   2.481762       121.9919       2.036033    
   7.434425       122.5584       1.965594    
   12.38829       123.1165       1.920835    
   17.37068       123.4034       1.878348    
   22.36992       123.4730       1.844840    
   27.36889       123.5524       1.818168    
   32.36626       123.6848       1.795156    
   37.36148       123.8650       1.778654    
   42.35468       124.0813       1.796670    
   47.34677       124.3148       1.821669    
   52.33939       124.5400       1.842638    
   57.33461       124.7186       1.845202    
   62.33282       124.8209       1.832346    
   67.33237       124.8242       1.810851    
   72.33087       124.7309       1.804227    
   77.32610       124.5546       1.807994    
   82.31709       124.3068       1.817259    
   87.30524       124.0211       1.824387    
   92.29430       123.7473       1.819411    
   97.28818       123.5492       1.809057    
   102.2866       123.4615       1.788060    
   107.2863       123.4193       1.775341    
   112.2728       123.1786       1.798416    
   117.2255       122.6232       1.847511    
   122.1606       121.9557       1.920541    
   127.1186       121.4355       1.948224    
   132.1048       121.1431       1.978126    
   137.1018       121.0183       1.982648    
   142.1004       121.0573       1.960083    
   147.0855       121.3392       1.911592    
   152.0289       121.9395       1.889918    
   156.9416       122.7128       1.851325    
   161.8866       123.2925       1.836975    
   166.8759       123.5135       1.811919    
   171.8755       123.5189       1.783437    
   176.8751       123.4696       1.768175    
   181.8749       123.4451       1.750077    
   186.8749       123.4443       1.733750    
   191.8749       123.4446       1.706700    
   196.8749       123.4446       1.691040    
   201.8749       123.4446       1.684523    
   206.8749       123.4444       1.682563    
   211.8749       123.4465       1.693510    
   216.8748       123.4666       1.723296    
   221.8745       123.5179       1.745492    
   226.8739       123.5779       1.747975    
   231.8736       123.5806       1.741670    
   236.8703       123.4528       1.735673    
   241.8605       123.1981       1.720393    
   246.8531       122.9968       1.700952    
   251.8497       123.0435       1.707122    
   256.8403       123.2927       1.728592    
   261.8292       123.5684       1.741244    
   266.8226       123.7774       1.733884    
   271.8200       123.9041       1.726062    
   276.8195       123.9441       1.704107    
   281.8193       123.9193       1.691729    
   286.8188       123.8614       1.707721    
   291.8181       123.7885       1.734012    
   296.8170       123.7036       1.754894    
   301.8156       123.6032       1.764507    
   306.8141       123.5066       1.782601    
   311.8136       123.4719       1.790252    
   316.8123       123.4112       1.793719    
   321.7794       123.0143       1.823937    
   326.7076       122.3138       1.861716    
   331.6619       122.0768       1.849766    
   336.6017       122.6448       1.852632    
   341.4941       123.5022       1.872504    
   346.3997       124.3040       1.911422    
   351.3318       124.9827       1.931916    
   356.3008       125.4084       1.904582    
   361.2956       125.5824       1.853704    
   366.2939       125.6901       1.842602    
   371.2916       125.8165       1.823652    
   376.2886       125.9600       1.763094    
   381.2849       126.1205       1.723672    
   386.2799       126.3045       1.674859    
   391.2732       126.5198       1.650080    
   396.2645       126.7639       1.616737    
   401.2549       127.0210       1.600895    
   406.2462       127.2653       1.589513    
   411.2407       127.4575       1.609440    
   416.2387       127.5636       1.638454    
   421.2385       127.5953       1.662484    
   426.2385       127.5986       1.697618    
   431.2385       127.6125       1.739203    
   436.2343       127.7445       1.753407    
   441.2233       128.0178       1.798230    
   446.2118       128.2982       1.820000    
   451.2035       128.5366       1.836592    
   456.1937       128.7948       1.864760    
   461.1783       129.1181       1.884760    
   466.1624       129.4493       1.932623    
   471.1551       129.6459       1.985629    
   476.1545       129.6918       2.064404    
   481.8401       129.6939       2.142673    
   489.3643       129.6939       2.188324    
   507.4286       129.6939       2.266967    
  -33.77417       118.0135       2.347894    
  -15.70986       118.0135       2.271186    
  -8.185690       118.0135       2.210338    
  -2.500000       118.0135       2.153934    
   2.481762       118.2522       2.094873    
   7.434425       118.7923       2.044201    
   12.38829       119.3243       1.995660    
   17.37068       119.5977       1.965958    
   22.36992       119.6640       1.945098    
   27.36889       119.7397       1.924298    
   32.36626       119.8660       1.914436    
   37.36148       120.0378       1.898892    
   42.35468       120.2439       1.911401    
   47.34677       120.4665       1.920531    
   52.33939       120.6811       1.935658    
   57.33461       120.8514       1.935632    
   62.33282       120.9489       1.921867    
   67.33237       120.9520       1.905671    
   72.33087       120.8632       1.897942    
   77.32610       120.6951       1.893111    
   82.31709       120.4589       1.897855    
   87.30524       120.1866       1.912572    
   92.29430       119.9255       1.907435    
   97.28818       119.7367       1.905529    
   102.2866       119.6531       1.895852    
   107.2863       119.6129       1.895633    
   112.2728       119.3835       1.912443    
   117.2255       118.8540       1.943455    
   122.1606       118.2177       1.992197    
   127.1186       117.7218       2.004873    
   132.1048       117.4431       2.022609    
   137.1018       117.3242       2.014336    
   142.1004       117.3613       2.017251    
   147.0855       117.6301       2.002065    
   152.0289       118.2023       1.981399    
   156.9416       118.9394       1.969577    
   161.8866       119.4921       1.950889    
   166.8759       119.7027       1.922832    
   171.8755       119.7078       1.885499    
   176.8751       119.6608       1.865201    
   181.8749       119.6375       1.855350    
   186.8749       119.6367       1.836366    
   191.8749       119.6370       1.811194    
   196.8749       119.6370       1.810209    
   201.8749       119.6370       1.817755    
   206.8749       119.6368       1.827896    
   211.8749       119.6388       1.831903    
   216.8748       119.6580       1.842884    
   221.8745       119.7069       1.855895    
   226.8739       119.7641       1.854254    
   231.8736       119.7666       1.848887    
   236.8703       119.6448       1.837745    
   241.8605       119.4020       1.831503    
   246.8531       119.2101       1.838882    
   251.8497       119.2547       1.848231    
   256.8403       119.4922       1.866344    
   261.8292       119.7551       1.869532    
   266.8226       119.9542       1.855747    
   271.8200       120.0750       1.842454    
   276.8195       120.1131       1.832075    
   281.8193       120.0895       1.831810    
   286.8188       120.0343       1.841155    
   291.8181       119.9648       1.861567    
   296.8170       119.8839       1.885975    
   301.8156       119.7882       1.889766    
   306.8141       119.6961       1.904213    
   311.8136       119.6630       1.910838    
   316.8123       119.6051       1.906221    
   321.7794       119.2268       1.914276    
   326.7076       118.5591       1.935420    
   331.6619       118.3332       1.920959    
   336.6017       118.8746       1.915858    
   341.4941       119.6919       1.933524    
   346.3997       120.4562       1.950810    
   351.3318       121.1031       1.949692    
   356.3008       121.5089       1.912376    
   361.2956       121.6748       1.870445    
   366.2939       121.7775       1.816059    
   371.2916       121.8979       1.760165    
   376.2886       122.0348       1.721675    
   381.2849       122.1877       1.688082    
   386.2799       122.3631       1.651558    
   391.2732       122.5684       1.640336    
   396.2645       122.8010       1.612936    
   401.2549       123.0461       1.607498    
   406.2462       123.2790       1.601527    
   411.2407       123.4621       1.611541    
   416.2387       123.5633       1.658206    
   421.2385       123.5935       1.690909    
   426.2385       123.5967       1.727105    
   431.2385       123.6100       1.762523    
   436.2343       123.7357       1.797642    
   441.2233       123.9963       1.833242    
   446.2118       124.2636       1.854578    
   451.2035       124.4909       1.881819    
   456.1937       124.7369       1.918254    
   461.1783       125.0452       1.945128    
   466.1624       125.3608       1.982252    
   471.1551       125.5482       2.033270    
   476.1545       125.5920       2.092187    
   481.8401       125.5940       2.161031    
   489.3643       125.5940       2.198237    
   507.4286       125.5940       2.261395    
  -33.77417       113.9358       2.358161    
  -15.70986       113.9358       2.313389    
  -8.185690       113.9358       2.265369    
  -2.500000       113.9358       2.221231    
   2.481762       114.1617       2.177942    
   7.434425       114.6728       2.131698    
   12.38829       115.1762       2.088832    
   17.37068       115.4350       2.057508    
   22.36992       115.4978       2.043240    
   27.36889       115.5694       2.032084    
   32.36626       115.6889       2.025475    
   37.36148       115.8514       2.013405    
   42.35468       116.0465       2.020019    
   47.34677       116.2571       2.018647    
   52.33939       116.4603       2.014270    
   57.33461       116.6214       2.014705    
   62.33282       116.7137       2.005384    
   67.33237       116.7167       1.990811    
   72.33087       116.6326       1.982464    
   77.32610       116.4735       1.981116    
   82.31709       116.2499       1.988920    
   87.30524       115.9922       2.009181    
   92.29430       115.7452       2.011427    
   97.28818       115.5665       2.007562    
   102.2866       115.4874       1.997428    
   107.2863       115.4493       1.999466    
   112.2728       115.2323       2.015721    
   117.2255       114.7313       2.034200    
   122.1606       114.1291       2.049831    
   127.1186       113.6599       2.063009    
   132.1048       113.3961       2.056925    
   137.1018       113.2836       2.067042    
   142.1004       113.3186       2.066334    
   147.0855       113.5730       2.069597    
   152.0289       114.1145       2.063407    
   156.9416       114.8120       2.058131    
   161.8866       115.3350       2.046127    
   166.8759       115.5344       2.027037    
   171.8755       115.5392       1.997189    
   176.8751       115.4947       1.964602    
   181.8749       115.4726       1.945990    
   186.8749       115.4719       1.940237    
   191.8749       115.4722       1.933897    
   196.8749       115.4722       1.945145    
   201.8749       115.4722       1.946943    
   206.8749       115.4720       1.956541    
   211.8749       115.4739       1.966252    
   216.8748       115.4921       1.967216    
   221.8745       115.5383       1.966562    
   226.8739       115.5924       1.959595    
   231.8736       115.5948       1.952810    
   236.8703       115.4796       1.941965    
   241.8605       115.2498       1.947393    
   246.8531       115.0682       1.968472    
   251.8497       115.1104       1.974978    
   256.8403       115.3352       1.981982    
   261.8292       115.5839       1.978423    
   266.8226       115.7724       1.967103    
   271.8200       115.8866       1.959599    
   276.8195       115.9228       1.962493    
   281.8193       115.9004       1.968836    
   286.8188       115.8482       1.971400    
   291.8181       115.7824       1.989534    
   296.8170       115.7058       2.013760    
   301.8156       115.6153       2.012055    
   306.8141       115.5281       2.018226    
   311.8136       115.4968       2.021465    
   316.8123       115.4420       2.015839    
   321.7794       115.0840       2.013553    
   326.7076       114.4521       2.012923    
   331.6619       114.2384       2.001162    
   336.6017       114.7507       2.003712    
   341.4941       115.5241       2.005059    
   346.3997       116.2474       2.014381    
   351.3318       116.8596       1.993882    
   356.3008       117.2437       1.961465    
   361.2956       117.4006       1.916568    
   366.2939       117.4977       1.849093    
   371.2916       117.6117       1.799169    
   376.2886       117.7412       1.759587    
   381.2849       117.8860       1.717601    
   386.2799       118.0519       1.688576    
   391.2732       118.2462       1.677664    
   396.2645       118.4663       1.664058    
   401.2549       118.6983       1.662115    
   406.2462       118.9186       1.651753    
   411.2407       119.0920       1.660707    
   416.2387       119.1877       1.708956    
   421.2385       119.2163       1.751121    
   426.2385       119.2194       1.795565    
   431.2385       119.2319       1.829800    
   436.2343       119.3509       1.859697    
   441.2233       119.5975       1.881034    
   446.2118       119.8504       1.916063    
   451.2035       120.0655       1.950146    
   456.1937       120.2983       1.988656    
   461.1783       120.5900       2.018872    
   466.1624       120.8887       2.051963    
   471.1551       121.0661       2.100810    
   476.1545       121.1075       2.136958    
   481.8401       121.1095       2.193523    
   489.3643       121.1095       2.216548    
   507.4286       121.1095       2.261753    
  -33.77417       109.4377       2.374609    
  -15.70986       109.4377       2.344113    
  -8.185690       109.4377       2.320678    
  -2.500000       109.4377       2.280566    
   2.481762       109.6495       2.245955    
   7.434425       110.1285       2.209948    
   12.38829       110.6005       2.179058    
   17.37068       110.8431       2.158920    
   22.36992       110.9020       2.148516    
   27.36889       110.9691       2.140975    
   32.36626       111.0811       2.130488    
   37.36148       111.2335       2.121449    
   42.35468       111.4164       2.114338    
   47.34677       111.6138       2.117363    
   52.33939       111.8043       2.112741    
   57.33461       111.9553       2.103238    
   62.33282       112.0418       2.092096    
   67.33237       112.0446       2.077183    
   72.33087       111.9657       2.068654    
   77.32610       111.8166       2.083652    
   82.31709       111.6071       2.094477    
   87.30524       111.3655       2.103257    
   92.29430       111.1339       2.104851    
   97.28818       110.9664       2.091828    
   102.2866       110.8923       2.089081    
   107.2863       110.8566       2.101726    
   112.2728       110.6531       2.115084    
   117.2255       110.1834       2.127884    
   122.1606       109.6189       2.126991    
   127.1186       109.1790       2.131361    
   132.1048       108.9318       2.114271    
   137.1018       108.8263       2.123472    
   142.1004       108.8592       2.121444    
   147.0855       109.0976       2.147139    
   152.0289       109.6052       2.152574    
   156.9416       110.2591       2.145946    
   161.8866       110.7494       2.131120    
   166.8759       110.9363       2.111709    
   171.8755       110.9408       2.087796    
   176.8751       110.8991       2.064241    
   181.8749       110.8784       2.053040    
   186.8749       110.8776       2.045068    
   191.8749       110.8779       2.036521    
   196.8749       110.8779       2.061134    
   201.8749       110.8779       2.073037    
   206.8749       110.8778       2.075804    
   211.8749       110.8796       2.075977    
   216.8748       110.8966       2.071807    
   221.8745       110.9400       2.067029    
   226.8739       110.9907       2.059077    
   231.8736       110.9929       2.053366    
   236.8703       110.8849       2.046617    
   241.8605       110.6695       2.055242    
   246.8531       110.4993       2.075030    
   251.8497       110.5388       2.078380    
   256.8403       110.7495       2.080462    
   261.8292       110.9827       2.079956    
   266.8226       111.1594       2.072982    
   271.8200       111.2665       2.068955    
   276.8195       111.3003       2.080075    
   281.8193       111.2794       2.093435    
   286.8188       111.2305       2.096898    
   291.8181       111.1687       2.109814    
   296.8170       111.0969       2.128195    
   301.8156       111.0121       2.125038    
   306.8141       110.9304       2.126452    
   311.8136       110.9010       2.127643    
   316.8123       110.8497       2.119173    
   321.7794       110.5141       2.106929    
   326.7076       109.9218       2.097524    
   331.6619       109.7214       2.074864    
   336.6017       110.2016       2.077910    
   341.4941       110.9267       2.070609    
   346.3997       111.6047       2.073706    
   351.3318       112.1786       2.055815    
   356.3008       112.5386       2.037484    
   361.2956       112.6857       1.991669    
   366.2939       112.7768       1.931234    
   371.2916       112.8837       1.888513    
   376.2886       113.0050       1.845340    
   381.2849       113.1407       1.804058    
   386.2799       113.2963       1.784802    
   391.2732       113.4784       1.766887    
   396.2645       113.6848       1.753477    
   401.2549       113.9022       1.757821    
   406.2462       114.1088       1.752772    
   411.2407       114.2713       1.750698    
   416.2387       114.3611       1.782225    
   421.2385       114.3878       1.829042    
   426.2385       114.3907       1.870205    
   431.2385       114.4025       1.909116    
   436.2343       114.5140       1.932968    
   441.2233       114.7451       1.965706    
   446.2118       114.9823       1.992918    
   451.2035       115.1839       2.028342    
   456.1937       115.4022       2.060212    
   461.1783       115.6756       2.101285    
   466.1624       115.9556       2.141685    
   471.1551       116.1219       2.176059    
   476.1545       116.1607       2.202352    
   481.8401       116.1625       2.231088    
   489.3643       116.1625       2.242655    
   507.4286       116.1625       2.261734    
  -33.77417       104.4251       2.395671    
  -15.70986       104.4251       2.378693    
  -8.185690       104.4251       2.355626    
  -2.500000       104.4251       2.328508    
   2.481762       104.6212       2.308789    
   7.434425       105.0646       2.292619    
   12.38829       105.5015       2.276005    
   17.37068       105.7260       2.256526    
   22.36992       105.7805       2.238582    
   27.36889       105.8427       2.225052    
   32.36626       105.9463       2.216717    
   37.36148       106.0873       2.217126    
   42.35468       106.2567       2.211913    
   47.34677       106.4394       2.200372    
   52.33939       106.6157       2.182834    
   57.33461       106.7555       2.172321    
   62.33282       106.8356       2.170811    
   67.33237       106.8381       2.172257    
   72.33087       106.7651       2.170403    
   77.32610       106.6271       2.180790    
   82.31709       106.4332       2.180508    
   87.30524       106.2096       2.179638    
   92.29430       105.9952       2.185220    
   97.28818       105.8402       2.176583    
   102.2866       105.7715       2.175104    
   107.2863       105.7385       2.184942    
   112.2728       105.5501       2.198254    
   117.2255       105.1154       2.198284    
   122.1606       104.5929       2.205970    
   127.1186       104.1857       2.198755    
   132.1048       103.9569       2.189974    
   137.1018       103.8593       2.183264    
   142.1004       103.8897       2.194991    
   147.0855       104.1104       2.207101    
   152.0289       104.5803       2.226522    
   156.9416       105.1855       2.219951    
   161.8866       105.6393       2.219664    
   166.8759       105.8122       2.199271    
   171.8755       105.8165       2.175344    
   176.8751       105.7778       2.160010    
   181.8749       105.7587       2.147836    
   186.8749       105.7580       2.149268    
   191.8749       105.7582       2.145134    
   196.8749       105.7583       2.147163    
   201.8749       105.7583       2.154849    
   206.8749       105.7581       2.164863    
   211.8749       105.7598       2.167383    
   216.8748       105.7755       2.163084    
   221.8745       105.8157       2.156781    
   226.8739       105.8626       2.150440    
   231.8736       105.8647       2.146455    
   236.8703       105.7647       2.138691    
   241.8605       105.5654       2.140219    
   246.8531       105.4078       2.152040    
   251.8497       105.4444       2.155381    
   256.8403       105.6394       2.156299    
   261.8292       105.8553       2.160906    
   266.8226       106.0188       2.160216    
   271.8200       106.1179       2.159591    
   276.8195       106.1492       2.173883    
   281.8193       106.1298       2.188863    
   286.8188       106.0846       2.190001    
   291.8181       106.0275       2.198289    
   296.8170       105.9610       2.212038    
   301.8156       105.8824       2.208723    
   306.8141       105.8068       2.210609    
   311.8136       105.7796       2.217306    
   316.8123       105.7321       2.214489    
   321.7794       105.4215       2.193520    
   326.7076       104.8732       2.175288    
   331.6619       104.6877       2.153729    
   336.6017       105.1322       2.139250    
   341.4941       105.8034       2.135594    
   346.3997       106.4309       2.128467    
   351.3318       106.9622       2.125169    
   356.3008       107.2954       2.110712    
   361.2956       107.4315       2.066914    
   366.2939       107.5159       2.025394    
   371.2916       107.6148       1.995910    
   376.2886       107.7271       1.956600    
   381.2849       107.8528       1.920809    
   386.2799       107.9968       1.900746    
   391.2732       108.1653       1.879344    
   396.2645       108.3564       1.867473    
   401.2549       108.5576       1.870605    
   406.2462       108.7488       1.876187    
   411.2407       108.8992       1.878098    
   416.2387       108.9823       1.883743    
   421.2385       109.0071       1.908399    
   426.2385       109.0098       1.936866    
   431.2385       109.0207       1.973128    
   436.2343       109.1239       2.005405    
   441.2233       109.3378       2.034673    
   446.2118       109.5574       2.067955    
   451.2035       109.7439       2.106416    
   456.1937       109.9460       2.141495    
   461.1783       110.1991       2.193866    
   466.1624       110.4583       2.222463    
   471.1551       110.6122       2.234198    
   476.1545       110.6481       2.252902    
   481.8401       110.6497       2.271281    
   489.3643       110.6497       2.270059    
   507.4286       110.6497       2.264285    
  -33.77417       98.76926       2.418302    
  -15.70986       98.76926       2.411030    
  -8.185690       98.76926       2.393474    
  -2.500000       98.76926       2.379207    
   2.481762       98.94752       2.378152    
   7.434425       99.35075       2.365760    
   12.38829       99.74802       2.353220    
   17.37068       99.95215       2.334314    
   22.36992       100.0017       2.315529    
   27.36889       100.0582       2.311105    
   32.36626       100.1525       2.291506    
   37.36148       100.2807       2.292728    
   42.35468       100.4347       2.279083    
   47.34677       100.6009       2.267466    
   52.33939       100.7612       2.260171    
   57.33461       100.8883       2.248420    
   62.33282       100.9611       2.253512    
   67.33237       100.9634       2.260004    
   72.33087       100.8971       2.257668    
   77.32610       100.7716       2.258398    
   82.31709       100.5952       2.255028    
   87.30524       100.3919       2.254640    
   92.29430       100.1970       2.248945    
   97.28818       100.0560       2.241937    
   102.2866       99.99355       2.246972    
   107.2863       99.96349       2.258991    
   112.2728       99.79222       2.269953    
   117.2255       99.39693       2.261773    
   122.1606       98.92178       2.261084    
   127.1186       98.55151       2.258976    
   132.1048       98.34343       2.257012    
   137.1018       98.25465       2.258345    
   142.1004       98.28233       2.263993    
   147.0855       98.48299       2.277133    
   152.0289       98.91029       2.292936    
   156.9416       99.46066       2.295968    
   161.8866       99.87329       2.291276    
   166.8759       100.0306       2.271167    
   171.8755       100.0344       2.257288    
   176.8751       99.99930       2.248913    
   181.8749       99.98188       2.241136    
   186.8749       99.98126       2.234158    
   191.8749       99.98149       2.225048    
   196.8749       99.98150       2.228009    
   201.8749       99.98149       2.235370    
   206.8749       99.98139       2.231622    
   211.8749       99.98287       2.233780    
   216.8748       99.99718       2.242557    
   221.8745       100.0337       2.237875    
   226.8739       100.0764       2.225834    
   231.8736       100.0783       2.218951    
   236.8703       99.98734       2.212432    
   241.8605       99.80609       2.211356    
   246.8531       99.66279       2.218683    
   251.8497       99.69608       2.222054    
   256.8403       99.87341       2.222094    
   261.8292       100.0697       2.229623    
   266.8226       100.2184       2.236598    
   271.8200       100.3085       2.236938    
   276.8195       100.3370       2.241990    
   281.8193       100.3194       2.251366    
   286.8188       100.2782       2.254389    
   291.8181       100.2263       2.258309    
   296.8170       100.1659       2.267579    
   301.8156       100.0944       2.275120    
   306.8141       100.0256       2.283903    
   311.8136       100.0009       2.291224    
   316.8123       99.95772       2.287626    
   321.7794       99.67523       2.272634    
   326.7076       99.17667       2.248998    
   331.6619       99.00801       2.231181    
   336.6017       99.41222       2.211993    
   341.4941       100.0225       2.199252    
   346.3997       100.5932       2.184659    
   351.3318       101.0763       2.183519    
   356.3008       101.3793       2.172441    
   361.2956       101.5031       2.141862    
   366.2939       101.5798       2.113998    
   371.2916       101.6697       2.088129    
   376.2886       101.7719       2.049852    
   381.2849       101.8861       2.024905    
   386.2799       102.0170       2.010929    
   391.2732       102.1703       1.995454    
   396.2645       102.3440       1.982159    
   401.2549       102.5270       1.977960    
   406.2462       102.7009       1.986981    
   411.2407       102.8377       1.995580    
   416.2387       102.9132       1.998250    
   421.2385       102.9358       1.999780    
   426.2385       102.9382       2.016340    
   431.2385       102.9481       2.039327    
   436.2343       103.0419       2.070512    
   441.2233       103.2365       2.108566    
   446.2118       103.4361       2.159461    
   451.2035       103.6058       2.197211    
   456.1937       103.7895       2.230556    
   461.1783       104.0197       2.262406    
   466.1624       104.2553       2.268541    
   471.1551       104.3953       2.280781    
   476.1545       104.4279       2.311664    
   481.8401       104.4295       2.307835    
   489.3643       104.4295       2.294063    
   507.4286       104.4295       2.274273    
  -33.77417       92.28692       2.456082    
  -15.70986       92.28692       2.448755    
  -8.185690       92.28692       2.439546    
  -2.500000       92.28692       2.435616    
   2.481762       92.44483       2.435109    
   7.434425       92.80198       2.427008    
   12.38829       93.15384       2.413264    
   17.37068       93.33465       2.396313    
   22.36992       93.37855       2.382838    
   27.36889       93.42858       2.373561    
   32.36626       93.51208       2.359231    
   37.36148       93.62569       2.351410    
   42.35468       93.76205       2.344481    
   47.34677       93.90923       2.328741    
   52.33939       94.05121       2.327703    
   57.33461       94.16380       2.325629    
   62.33282       94.22831       2.326021    
   67.33237       94.23037       2.335265    
   72.33087       94.17159       2.338998    
   77.32610       94.06042       2.331912    
   82.31709       93.90422       2.316265    
   87.30524       93.72411       2.311666    
   92.29430       93.55146       2.308162    
   97.28818       93.42661       2.308010    
   102.2866       93.37131       2.311593    
   107.2863       93.34469       2.322092    
   112.2728       93.19299       2.325539    
   117.2255       92.84286       2.321791    
   122.1606       92.42202       2.313973    
   127.1186       92.09407       2.309382    
   132.1048       91.90976       2.317406    
   137.1018       91.83113       2.320696    
   142.1004       91.85565       2.327877    
   147.0855       92.03337       2.339144    
   152.0289       92.41184       2.351615    
   156.9416       92.89931       2.356395    
   161.8866       93.26480       2.346097    
   166.8759       93.40413       2.338185    
   171.8755       93.40750       2.314829    
   176.8751       93.37640       2.312054    
   181.8749       93.36098       2.308072    
   186.8749       93.36044       2.303733    
   191.8749       93.36063       2.302135    
   196.8749       93.36064       2.293590    
   201.8749       93.36063       2.300975    
   206.8749       93.36054       2.315009    
   211.8749       93.36186       2.310240    
   216.8748       93.37454       2.302860    
   221.8745       93.40688       2.300055    
   226.8739       93.44470       2.296015    
   231.8736       93.44635       2.294642    
   236.8703       93.36582       2.291744    
   241.8605       93.20527       2.287569    
   246.8531       93.07835       2.291514    
   251.8497       93.10783       2.294235    
   256.8403       93.26490       2.292435    
   261.8292       93.43874       2.298303    
   266.8226       93.57047       2.309932    
   271.8200       93.65030       2.313026    
   276.8195       93.67554       2.310701    
   281.8193       93.65989       2.308773    
   286.8188       93.62345       2.306334    
   291.8181       93.57744       2.311126    
   296.8170       93.52392       2.319468    
   301.8156       93.46066       2.326697    
   306.8141       93.39973       2.336581    
   311.8136       93.37785       2.347985    
   316.8123       93.33959       2.343149    
   321.7794       93.08938       2.333209    
   326.7076       92.64779       2.313690    
   331.6619       92.49840       2.291181    
   336.6017       92.85643       2.275126    
   341.4941       93.39696       2.251896    
   346.3997       93.90244       2.236629    
   351.3318       94.33030       2.228881    
   356.3008       94.59869       2.218537    
   361.2956       94.70834       2.194928    
   366.2939       94.77627       2.171849    
   371.2916       94.85593       2.152277    
   376.2886       94.94642       2.125638    
   381.2849       95.04758       2.112988    
   386.2799       95.16358       2.104752    
   391.2732       95.29931       2.095813    
   396.2645       95.45317       2.086424    
   401.2549       95.61526       2.082665    
   406.2462       95.76926       2.082263    
   411.2407       95.89043       2.088142    
   416.2387       95.95733       2.094304    
   421.2385       95.97731       2.091417    
   426.2385       95.97943       2.097381    
   431.2385       95.98818       2.110507    
   436.2343       96.07135       2.144159    
   441.2233       96.24365       2.188047    
   446.2118       96.42047       2.237525    
   451.2035       96.57073       2.257226    
   456.1937       96.73344       2.282543    
   461.1783       96.93733       2.301849    
   466.1624       97.14609       2.317987    
   471.1551       97.27006       2.341674    
   476.1545       97.29897       2.349969    
   481.8401       97.30029       2.336367    
   489.3643       97.30029       2.320575    
   507.4286       97.30029       2.289136    
  -33.77417       84.70639       2.483625    
  -15.70986       84.70639       2.489313    
  -8.185690       84.70639       2.486155    
  -2.500000       84.70639       2.492773    
   2.481762       84.84047       2.485623    
   7.434425       85.14374       2.472045    
   12.38829       85.44250       2.466590    
   17.37068       85.59602       2.458524    
   22.36992       85.63330       2.445165    
   27.36889       85.67580       2.427926    
   32.36626       85.74669       2.409768    
   37.36148       85.84315       2.402805    
   42.35468       85.95895       2.394637    
   47.34677       86.08392       2.385953    
   52.33939       86.20448       2.379815    
   57.33461       86.30008       2.389245    
   62.33282       86.35486       2.390950    
   67.33237       86.35661       2.389753    
   72.33087       86.30669       2.395726    
   77.32610       86.21230       2.389675    
   82.31709       86.07966       2.381118    
   87.30524       85.92673       2.370051    
   92.29430       85.78013       2.367774    
   97.28818       85.67411       2.365822    
   102.2866       85.62716       2.362103    
   107.2863       85.60456       2.363114    
   112.2728       85.47575       2.369342    
   117.2255       85.17844       2.369204    
   122.1606       84.82110       2.364844    
   127.1186       84.54264       2.357964    
   132.1048       84.38613       2.361194    
   137.1018       84.31937       2.366261    
   142.1004       84.34019       2.376674    
   147.0855       84.49109       2.383263    
   152.0289       84.81246       2.394052    
   156.9416       85.22638       2.389587    
   161.8866       85.53673       2.377915    
   166.8759       85.65503       2.362846    
   171.8755       85.65790       2.346331    
   176.8751       85.63148       2.346334    
   181.8749       85.61840       2.342809    
   186.8749       85.61794       2.336684    
   191.8749       85.61810       2.338911    
   196.8749       85.61810       2.339703    
   201.8749       85.61810       2.338351    
   206.8749       85.61802       2.344891    
   211.8749       85.61914       2.350546    
   216.8748       85.62991       2.351219    
   221.8745       85.65736       2.345433    
   226.8739       85.68948       2.337612    
   231.8736       85.69088       2.347151    
   236.8703       85.62250       2.361013    
   241.8605       85.48617       2.361652    
   246.8531       85.37840       2.362347    
   251.8497       85.40344       2.365866    
   256.8403       85.53680       2.365157    
   261.8292       85.68442       2.364246    
   266.8226       85.79627       2.369143    
   271.8200       85.86406       2.374834    
   276.8195       85.88549       2.372948    
   281.8193       85.87220       2.365533    
   286.8188       85.84126       2.358335    
   291.8181       85.80219       2.352293    
   296.8170       85.75674       2.354961    
   301.8156       85.70303       2.360936    
   306.8141       85.65130       2.360920    
   311.8136       85.63272       2.369997    
   316.8123       85.60023       2.363633    
   321.7794       85.38776       2.351582    
   326.7076       85.01280       2.336854    
   331.6619       84.88596       2.322115    
   336.6017       85.18996       2.313643    
   341.4941       85.64894       2.295577    
   346.3997       86.07815       2.281456    
   351.3318       86.44146       2.269198    
   356.3008       86.66934       2.257238    
   361.2956       86.76245       2.243078    
   366.2939       86.82014       2.232923    
   371.2916       86.88777       2.225217    
   376.2886       86.96461       2.206281    
   381.2849       87.05051       2.189027    
   386.2799       87.14902       2.170868    
   391.2732       87.26426       2.165583    
   396.2645       87.39491       2.170467    
   401.2549       87.53254       2.173127    
   406.2462       87.66331       2.173876    
   411.2407       87.76619       2.177094    
   416.2387       87.82300       2.180112    
   421.2385       87.83997       2.177726    
   426.2385       87.84176       2.181714    
   431.2385       87.84920       2.199304    
   436.2343       87.91981       2.231072    
   441.2233       88.06612       2.259447    
   446.2118       88.21626       2.282172    
   451.2035       88.34385       2.300352    
   456.1937       88.48203       2.331047    
   461.1783       88.65514       2.353365    
   466.1624       88.83239       2.365429    
   471.1551       88.93765       2.380334    
   476.1545       88.96221       2.379585    
   481.8401       88.96335       2.365209    
   489.3643       88.96335       2.343059    
   507.4286       88.96335       2.308413    
  -33.77417       75.60016       2.519764    
  -15.70986       75.60016       2.523351    
  -8.185690       75.60016       2.528843    
  -2.500000       75.60016       2.522618    
   2.481762       75.70561       2.517547    
   7.434425       75.94414       2.514065    
   12.38829       76.17914       2.513524    
   17.37068       76.29989       2.497792    
   22.36992       76.32921       2.481503    
   27.36889       76.36263       2.475890    
   32.36626       76.41840       2.462235    
   37.36148       76.49427       2.446322    
   42.35468       76.58534       2.440586    
   47.34677       76.68364       2.433097    
   52.33939       76.77846       2.425639    
   57.33461       76.85366       2.425696    
   62.33282       76.89674       2.437018    
   67.33237       76.89812       2.443267    
   72.33087       76.85886       2.444517    
   77.32610       76.78461       2.436636    
   82.31709       76.68029       2.431185    
   87.30524       76.56001       2.420009    
   92.29430       76.44469       2.410361    
   97.28818       76.36131       2.405648    
   102.2866       76.32438       2.405081    
   107.2863       76.30660       2.402575    
   112.2728       76.20528       2.404788    
   117.2255       75.97144       2.405541    
   122.1606       75.69038       2.402690    
   127.1186       75.47135       2.398359    
   132.1048       75.34826       2.388861    
   137.1018       75.29574       2.391173    
   142.1004       75.31212       2.399286    
   147.0855       75.43081       2.405039    
   152.0289       75.68358       2.401383    
   156.9416       76.00915       2.391981    
   161.8866       76.25325       2.377297    
   166.8759       76.34630       2.362876    
   171.8755       76.34855       2.355586    
   176.8751       76.32778       2.350836    
   181.8749       76.31749       2.347578    
   186.8749       76.31712       2.342461    
   191.8749       76.31725       2.351207    
   196.8749       76.31725       2.349974    
   201.8749       76.31725       2.342179    
   206.8749       76.31718       2.359322    
   211.8749       76.31807       2.365171    
   216.8748       76.32654       2.356035    
   221.8745       76.34814       2.366195    
   226.8739       76.37340       2.375549    
   231.8736       76.37450       2.374884    
   236.8703       76.32071       2.381706    
   241.8605       76.21349       2.393244    
   246.8531       76.12872       2.397623    
   251.8497       76.14841       2.396692    
   256.8403       76.25331       2.400783    
   261.8292       76.36942       2.404555    
   266.8226       76.45739       2.401921    
   271.8200       76.51070       2.403922    
   276.8195       76.52757       2.404542    
   281.8193       76.51711       2.393301    
   286.8188       76.49277       2.383609    
   291.8181       76.46204       2.371543    
   296.8170       76.42630       2.361840    
   301.8156       76.38405       2.361237    
   306.8141       76.34336       2.354909    
   311.8136       76.32875       2.353864    
   316.8123       76.30320       2.346360    
   321.7794       76.13609       2.337114    
   326.7076       75.84116       2.329679    
   331.6619       75.74139       2.324451    
   336.6017       75.98050       2.315544    
   341.4941       76.34151       2.297811    
   346.3997       76.67910       2.293478    
   351.3318       76.96486       2.299603    
   356.3008       77.14410       2.295546    
   361.2956       77.21733       2.282448    
   366.2939       77.26270       2.270385    
   371.2916       77.31591       2.261251    
   376.2886       77.37634       2.252947    
   381.2849       77.44391       2.246513    
   386.2799       77.52139       2.235297    
   391.2732       77.61202       2.231067    
   396.2645       77.71479       2.230923    
   401.2549       77.82304       2.232397    
   406.2462       77.92590       2.234732    
   411.2407       78.00681       2.235828    
   416.2387       78.05150       2.238132    
   421.2385       78.06484       2.238447    
   426.2385       78.06626       2.250421    
   431.2385       78.07211       2.265469    
   436.2343       78.12765       2.291068    
   441.2233       78.24273       2.308529    
   446.2118       78.36082       2.327015    
   451.2035       78.46117       2.351748    
   456.1937       78.56985       2.373053    
   461.1783       78.70601       2.380803    
   466.1624       78.84543       2.386778    
   471.1551       78.92822       2.391398    
   476.1545       78.94754       2.382804    
   481.8401       78.94843       2.371944    
   489.3643       78.94843       2.357682    
   507.4286       78.94843       2.319606    
  -33.77417       56.32260       2.538796    
  -15.70986       56.32260       2.562173    
  -8.185690       56.32260       2.565568    
  -2.500000       56.32260       2.569822    
   2.481762       56.36747       2.563771    
   7.434425       56.46896       2.555623    
   12.38829       56.56895       2.545106    
   17.37068       56.62033       2.535269    
   22.36992       56.63280       2.532380    
   27.36889       56.64702       2.526426    
   32.36626       56.67075       2.523510    
   37.36148       56.70303       2.514626    
   42.35468       56.74178       2.499664    
   47.34677       56.78361       2.486072    
   52.33939       56.82395       2.470871    
   57.33461       56.85595       2.471732    
   62.33282       56.87428       2.472335    
   67.33237       56.87487       2.474491    
   72.33087       56.85816       2.470203    
   77.32610       56.82657       2.463841    
   82.31709       56.78218       2.459844    
   87.30524       56.73100       2.453439    
   92.29430       56.68194       2.449691    
   97.28818       56.64646       2.444015    
   102.2866       56.63075       2.441667    
   107.2863       56.62318       2.442780    
   112.2728       56.58007       2.441623    
   117.2255       56.48058       2.439243    
   122.1606       56.36099       2.434008    
   127.1186       56.26780       2.427894    
   132.1048       56.21542       2.419240    
   137.1018       56.19307       2.405944    
   142.1004       56.20005       2.391548    
   147.0855       56.25055       2.378623    
   152.0289       56.35809       2.364651    
   156.9416       56.49662       2.352493    
   161.8866       56.60048       2.340694    
   166.8759       56.64007       2.329545    
   171.8755       56.64103       2.323873    
   176.8751       56.63219       2.325742    
   181.8749       56.62782       2.330023    
   186.8749       56.62766       2.331349    
   191.8749       56.62771       2.331500    
   196.8749       56.62772       2.328965    
   201.8749       56.62771       2.324223    
   206.8749       56.62769       2.317026    
   211.8749       56.62806       2.305970    
   216.8748       56.63167       2.299574    
   221.8745       56.64086       2.299087    
   226.8739       56.65160       2.297020    
   231.8736       56.65207       2.295911    
   236.8703       56.62919       2.297082    
   241.8605       56.58356       2.295494    
   246.8531       56.54750       2.292915    
   251.8497       56.55588       2.294765    
   256.8403       56.60051       2.300111    
   261.8292       56.64991       2.305997    
   266.8226       56.68734       2.312277    
   271.8200       56.71003       2.318446    
   276.8195       56.71720       2.321791    
   281.8193       56.71275       2.321416    
   286.8188       56.70240       2.320943    
   291.8181       56.68932       2.318986    
   296.8170       56.67411       2.312558    
   301.8156       56.65614       2.303873    
   306.8141       56.63882       2.294909    
   311.8136       56.63261       2.289385    
   316.8123       56.62173       2.286440    
   321.7794       56.55063       2.282071    
   326.7076       56.42514       2.277078    
   331.6619       56.38269       2.277725    
   336.6017       56.48443       2.283993    
   341.4941       56.63803       2.288668    
   346.3997       56.78168       2.293128    
   351.3318       56.90327       2.300888    
   356.3008       56.97953       2.312211    
   361.2956       57.01069       2.322676    
   366.2939       57.02999       2.326349    
   371.2916       57.05263       2.325493    
   376.2886       57.07835       2.322525    
   381.2849       57.10709       2.317554    
   386.2799       57.14006       2.312601    
   391.2732       57.17862       2.308441    
   396.2645       57.22235       2.308825    
   401.2549       57.26841       2.311985    
   406.2462       57.31217       2.318965    
   411.2407       57.34660       2.329422    
   416.2387       57.36561       2.335338    
   421.2385       57.37129       2.339981    
   426.2385       57.37189       2.340135    
   431.2385       57.37438       2.351768    
   436.2343       57.39801       2.373286    
   441.2233       57.44698       2.396065    
   446.2118       57.49723       2.413532    
   451.2035       57.53992       2.424011    
   456.1937       57.58617       2.428553    
   461.1783       57.64410       2.425447    
   466.1624       57.70342       2.419427    
   471.1551       57.73865       2.419985    
   476.1545       57.74687       2.420148    
   481.8401       57.74725       2.421911    
   489.3643       57.74725       2.418494    
   507.4286       57.74725       2.434696    
