        1545
  -33.77417       136.6885       1.810123    
  -15.70986       136.6885       1.682721    
  -8.185690       136.6885       1.672572    
  -2.500000       136.6885       1.957127    
   2.481762       136.9860       1.865971    
   7.434425       137.6588       1.639117    
   12.38829       138.3216       2.085607    
   17.37068       138.6622       1.581454    
   22.36992       138.7449       1.749107    
   27.36889       138.8391       1.620731    
   32.36626       138.9964       1.598591    
   37.36148       139.2104       1.640991    
   42.35468       139.4673       1.768396    
   47.34677       139.7446       1.838326    
   52.33939       140.0120       1.819521    
   57.33461       140.2241       1.706789    
   62.33282       140.3456       1.590465    
   67.33237       140.3495       1.773483    
   72.33087       140.2388       1.618428    
   77.32610       140.0294       1.695996    
   82.31709       139.7351       1.617187    
   87.30524       139.3958       1.636045    
   92.29430       139.0706       1.574715    
   97.28818       138.8354       1.504840    
   102.2866       138.7312       1.788657    
   107.2863       138.6811       1.735160    
   112.2728       138.3953       1.747640    
   117.2255       137.7357       1.606101    
   122.1606       136.9430       1.677003    
   127.1186       136.3252       1.772873    
   132.1048       135.9780       1.738672    
   137.1018       135.8299       1.651667    
   142.1004       135.8761       1.499696    
   147.0855       136.2108       1.562804    
   152.0289       136.9238       1.760653    
   156.9416       137.8421       1.702976    
   161.8866       138.5306       1.745762    
   166.8759       138.7930       1.700414    
   171.8755       138.7994       1.642395    
   176.8751       138.7408       1.501299    
   181.8749       138.7118       1.434089    
   186.8749       138.7108       1.455521    
   191.8749       138.7111       1.526765    
   196.8749       138.7112       1.496256    
   201.8749       138.7111       1.687712    
   206.8749       138.7109       1.542138    
   211.8749       138.7134       1.599090    
   216.8748       138.7373       1.599957    
   221.8745       138.7983       1.404075    
   226.8739       138.8695       1.681073    
   231.8736       138.8726       1.439821    
   236.8703       138.7209       1.482203    
   241.8605       138.4185       1.346402    
   246.8531       138.1794       1.224684    
   251.8497       138.2349       1.333012    
   256.8403       138.5308       1.599089    
   261.8292       138.8582       1.724569    
   266.8226       139.1064       1.597686    
   271.8200       139.2568       1.805702    
   276.8195       139.3043       1.720482    
   281.8193       139.2749       1.755221    
   286.8188       139.2062       1.576818    
   291.8181       139.1195       1.496633    
   296.8170       139.0187       1.491476    
   301.8156       138.8996       1.540379    
   306.8141       138.7848       1.676715    
   311.8136       138.7435       1.496307    
   316.8123       138.6715       1.412925    
   321.7794       138.2001       1.404305    
   326.7076       137.3683       1.355631    
   331.6619       137.0869       1.399379    
   336.6017       137.7613       1.176866    
   341.4941       138.7795      0.9352739    
   346.3997       139.7317       1.253473    
   351.3318       140.5377       1.058401    
   356.3008       141.0433       1.332870    
   361.2956       141.2499       1.163269    
   366.2939       141.3779      0.9271908    
   371.2916       141.5279      0.8715566    
   376.2886       141.6984      0.9937674    
   381.2849       141.8889       1.054741    
   386.2799       142.1075      0.9983248    
   391.2732       142.3631       1.129416    
   396.2645       142.6530       1.114806    
   401.2549       142.9583      0.8879814    
   406.2462       143.2484      0.7298108    
   411.2407       143.4767      0.7197377    
   416.2387       143.6027      0.7757921    
   421.2385       143.6403      0.6821198    
   426.2385       143.6443      0.7674416    
   431.2385       143.6608      0.7502262    
   436.2343       143.8174       1.000847    
   441.2233       144.1421       1.015029    
   446.2118       144.4751      0.9231768    
   451.2035       144.7582      0.9589658    
   456.1937       145.0647       1.032211    
   461.1783       145.4488       1.259598    
   466.1624       145.8420       1.251665    
   471.1551       146.0755       1.270694    
   476.1545       146.1300       1.601241    
   481.8401       146.1326       1.920144    
   489.3643       146.1326       2.092246    
   507.4286       146.1326       2.221408    
  -33.77417       134.0858       1.815388    
  -15.70986       134.0858       1.690176    
  -8.185690       134.0858       1.644562    
  -2.500000       134.0858       1.647070    
   2.481762       134.3752       1.496481    
   7.434425       135.0294       1.608989    
   12.38829       135.6740       1.380173    
   17.37068       136.0052       1.327475    
   22.36992       136.0857       1.489158    
   27.36889       136.1774       1.179479    
   32.36626       136.3303       1.310220    
   37.36148       136.5384       1.310718    
   42.35468       136.7882       1.415042    
   47.34677       137.0579       1.525412    
   52.33939       137.3180       1.454284    
   57.33461       137.5242       1.428459    
   62.33282       137.6424       1.311024    
   67.33237       137.6462       1.335773    
   72.33087       137.5385       1.153684    
   77.32610       137.3349       1.275696    
   82.31709       137.0487       1.285280    
   87.30524       136.7188       1.440779    
   92.29430       136.4025       1.354713    
   97.28818       136.1738       1.190378    
   102.2866       136.0724       1.178460    
   107.2863       136.0237       1.310740    
   112.2728       135.7457       1.223567    
   117.2255       135.1043       1.384758    
   122.1606       134.3334       1.476473    
   127.1186       133.7326       1.559048    
   132.1048       133.3949       1.679906    
   137.1018       133.2509       1.617382    
   142.1004       133.2958       1.459537    
   147.0855       133.6214       1.371451    
   152.0289       134.3147       1.417397    
   156.9416       135.2077       1.289185    
   161.8866       135.8773       1.427101    
   166.8759       136.1325       1.304170    
   171.8755       136.1387       1.107644    
   176.8751       136.0817       1.069326    
   181.8749       136.0535       1.153168    
   186.8749       136.0525       1.039676    
   191.8749       136.0529      0.9911067    
   196.8749       136.0529       1.031657    
   201.8749       136.0529       1.134833    
   206.8749       136.0527       1.333969    
   211.8749       136.0551       1.295545    
   216.8748       136.0783       1.267210    
   221.8745       136.1376       1.117719    
   226.8739       136.2069       1.125133    
   231.8736       136.2099      0.7986134    
   236.8703       136.0623      0.9801297    
   241.8605       135.7682      0.9334630    
   246.8531       135.5358       1.020842    
   251.8497       135.5898       1.067620    
   256.8403       135.8775       1.150010    
   261.8292       136.1960       1.049962    
   266.8226       136.4373       1.234182    
   271.8200       136.5835       1.331078    
   276.8195       136.6297       1.534998    
   281.8193       136.6011       1.353968    
   286.8188       136.5343       1.182421    
   291.8181       136.4500       1.230584    
   296.8170       136.3520       1.096134    
   301.8156       136.2361      0.8828062    
   306.8141       136.1245      0.9086642    
   311.8136       136.0844      0.9163877    
   316.8123       136.0143       1.219069    
   321.7794       135.5559       1.421173    
   326.7076       134.7469       1.303683    
   331.6619       134.4733       1.124772    
   336.6017       135.1292       1.283844    
   341.4941       136.1194       1.272389    
   346.3997       137.0454       1.543364    
   351.3318       137.8293       1.105759    
   356.3008       138.3209       1.314714    
   361.2956       138.5218       1.327283    
   366.2939       138.6463       1.104996    
   371.2916       138.7922       1.370438    
   376.2886       138.9579       1.417944    
   381.2849       139.1433       1.329722    
   386.2799       139.3558       1.241566    
   391.2732       139.6044       1.144083    
   396.2645       139.8863       1.264107    
   401.2549       140.1832       1.322163    
   406.2462       140.4654       1.290302    
   411.2407       140.6873       1.251352    
   416.2387       140.8099       1.251116    
   421.2385       140.8465       1.204018    
   426.2385       140.8504       1.168732    
   431.2385       140.8664       1.247222    
   436.2343       141.0188       1.360923    
   441.2233       141.3345       1.265384    
   446.2118       141.6584      0.9625502    
   451.2035       141.9337       1.024343    
   456.1937       142.2318       1.184419    
   461.1783       142.6053       1.392389    
   466.1624       142.9877       1.538749    
   471.1551       143.2148       1.631537    
   476.1545       143.2677       1.788461    
   481.8401       143.2702       1.962686    
   489.3643       143.2702       2.107671    
   507.4286       143.2702       2.226727    
  -33.77417       131.3152       1.826707    
  -15.70986       131.3152       1.711142    
  -8.185690       131.3152       1.645461    
  -2.500000       131.3152       1.585104    
   2.481762       131.5958       1.523675    
   7.434425       132.2304       1.621109    
   12.38829       132.8556       1.340678    
   17.37068       133.1768       1.205020    
   22.36992       133.2549       1.405782    
   27.36889       133.3438       1.213574    
   32.36626       133.4921       1.272247    
   37.36148       133.6940       1.251239    
   42.35468       133.9363       1.294060    
   47.34677       134.1978       1.367642    
   52.33939       134.4500       1.395066    
   57.33461       134.6501       1.416424    
   62.33282       134.7647       1.327857    
   67.33237       134.7684       1.293688    
   72.33087       134.6640       1.315140    
   77.32610       134.4664       1.404692    
   82.31709       134.1889       1.472440    
   87.30524       133.8689       1.517295    
   92.29430       133.5621       1.440965    
   97.28818       133.3403       1.310798    
   102.2866       133.2420       1.256385    
   107.2863       133.1947       1.252334    
   112.2728       132.9252       1.178239    
   117.2255       132.3031       1.298711    
   122.1606       131.5553       1.399620    
   127.1186       130.9726       1.496834    
   132.1048       130.6451       1.619450    
   137.1018       130.5054       1.578287    
   142.1004       130.5490       1.442456    
   147.0855       130.8647       1.348927    
   152.0289       131.5372       1.352938    
   156.9416       132.4034       1.228200    
   161.8866       133.0527       1.342510    
   166.8759       133.3003       1.230479    
   171.8755       133.3063       1.150354    
   176.8751       133.2510       1.216649    
   181.8749       133.2236       1.241398    
   186.8749       133.2227      0.9996427    
   191.8749       133.2231       1.088260    
   196.8749       133.2231       1.287328    
   201.8749       133.2231      0.9101585    
   206.8749       133.2229       1.042368    
   211.8749       133.2252       1.279260    
   216.8748       133.2477       1.007120    
   221.8745       133.3052       1.164962    
   226.8739       133.3724       1.185751    
   231.8736       133.3753       1.040492    
   236.8703       133.2322       1.100940    
   241.8605       132.9470       1.148414    
   246.8531       132.7215       1.215801    
   251.8497       132.7738       1.246637    
   256.8403       133.0529       1.242274    
   261.8292       133.3618       1.203423    
   266.8226       133.5959       1.200983    
   271.8200       133.7377       1.152822    
   276.8195       133.7825       1.243023    
   281.8193       133.7548       1.139569    
   286.8188       133.6900       1.044250    
   291.8181       133.6082       1.100142    
   296.8170       133.5132       1.168877    
   301.8156       133.4008       1.224567    
   306.8141       133.2925       1.256429    
   311.8136       133.2536       1.293095    
   316.8123       133.1856       1.334255    
   321.7794       132.7410       1.388173    
   326.7076       131.9564       1.311681    
   331.6619       131.6910       1.246691    
   336.6017       132.3271       1.472156    
   341.4941       133.2876       1.610227    
   346.3997       134.1857       1.768360    
   351.3318       134.9460       1.292462    
   356.3008       135.4228       1.414513    
   361.2956       135.6176       1.519768    
   366.2939       135.7384       1.321446    
   371.2916       135.8799       1.688197    
   376.2886       136.0407       1.770551    
   381.2849       136.2204       1.663114    
   386.2799       136.4265       1.509106    
   391.2732       136.6677       1.314666    
   396.2645       136.9411       1.499443    
   401.2549       137.2291       1.690244    
   406.2462       137.5027       1.751046    
   411.2407       137.7180       1.750085    
   416.2387       137.8369       1.735373    
   421.2385       137.8724       1.694426    
   426.2385       137.8761       1.666439    
   431.2385       137.8917       1.683920    
   436.2343       138.0394       1.687095    
   441.2233       138.3456       1.538773    
   446.2118       138.6598       1.249574    
   451.2035       138.9268       1.199458    
   456.1937       139.2159       1.296312    
   461.1783       139.5782       1.461007    
   466.1624       139.9491       1.639835    
   471.1551       140.1694       1.776231    
   476.1545       140.2207       1.900675    
   481.8401       140.2231       2.023316    
   489.3643       140.2231       2.136493    
   507.4286       140.2231       2.239619    
  -33.77417       128.3538       1.846834    
  -15.70986       128.3538       1.749633    
  -8.185690       128.3538       1.690509    
  -2.500000       128.3538       1.651373    
   2.481762       128.6251       1.644524    
   7.434425       129.2386       1.688800    
   12.38829       129.8431       1.480069    
   17.37068       130.1537       1.351267    
   22.36992       130.2291       1.492856    
   27.36889       130.3151       1.439369    
   32.36626       130.4585       1.456728    
   37.36148       130.6536       1.430055    
   42.35468       130.8879       1.423051    
   47.34677       131.1408       1.445084    
   52.33939       131.3846       1.479869    
   57.33461       131.5780       1.512166    
   62.33282       131.6889       1.493796    
   67.33237       131.6924       1.503935    
   72.33087       131.5914       1.575225    
   77.32610       131.4005       1.671309    
   82.31709       131.1322       1.740595    
   87.30524       130.8228       1.751309    
   92.29430       130.5262       1.695754    
   97.28818       130.3116       1.607825    
   102.2866       130.2167       1.543077    
   107.2863       130.1709       1.480406    
   112.2728       129.9104       1.400643    
   117.2255       129.3089       1.424371    
   122.1606       128.5859       1.474634    
   127.1186       128.0226       1.535205    
   132.1048       127.7059       1.602131    
   137.1018       127.5708       1.565520    
   142.1004       127.6130       1.471671    
   147.0855       127.9183       1.424089    
   152.0289       128.5684       1.446076    
   156.9416       129.4059       1.411111    
   161.8866       130.0337       1.503042    
   166.8759       130.2731       1.488670    
   171.8755       130.2789       1.505478    
   176.8751       130.2254       1.589705    
   181.8749       130.1989       1.579278    
   186.8749       130.1980       1.405587    
   191.8749       130.1983       1.496897    
   196.8749       130.1983       1.617153    
   201.8749       130.1983       1.157438    
   206.8749       130.1982       1.090861    
   211.8749       130.2005       1.412614    
   216.8748       130.2222       1.143985    
   221.8745       130.2778       1.340715    
   226.8739       130.3428       1.424651    
   231.8736       130.3456       1.394039    
   236.8703       130.2072       1.418195    
   241.8605       129.9314       1.470973    
   246.8531       129.7134       1.526859    
   251.8497       129.7641       1.544418    
   256.8403       130.0339       1.526171    
   261.8292       130.3325       1.482686    
   266.8226       130.5588       1.389712    
   271.8200       130.6960       1.272771    
   276.8195       130.7393       1.246649    
   281.8193       130.7124       1.256900    
   286.8188       130.6498       1.296535    
   291.8181       130.5708       1.396010    
   296.8170       130.4788       1.519187    
   301.8156       130.3701       1.615458    
   306.8141       130.2655       1.681927    
   311.8136       130.2279       1.683273    
   316.8123       130.1622       1.639987    
   321.7794       129.7323       1.621966    
   326.7076       128.9738       1.603188    
   331.6619       128.7171       1.622226    
   336.6017       129.3322       1.793758    
   341.4941       130.2607       1.930155    
   346.3997       131.1291       1.961756    
   351.3318       131.8641       1.592678    
   356.3008       132.3251       1.622841    
   361.2956       132.5135       1.711633    
   366.2939       132.6302       1.594755    
   371.2916       132.7671       1.907633    
   376.2886       132.9225       2.034431    
   381.2849       133.0963       1.976883    
   386.2799       133.2955       1.837323    
   391.2732       133.5287       1.700149    
   396.2645       133.7930       1.844118    
   401.2549       134.0715       2.036331    
   406.2462       134.3360       2.135383    
   411.2407       134.5442       2.161593    
   416.2387       134.6591       2.151583    
   421.2385       134.6935       2.116840    
   426.2385       134.6971       2.080239    
   431.2385       134.7121       2.048636    
   436.2343       134.8550       1.985937    
   441.2233       135.1510       1.826793    
   446.2118       135.4547       1.598443    
   451.2035       135.7129       1.492390    
   456.1937       135.9924       1.511179    
   461.1783       136.3427       1.614192    
   466.1624       136.7012       1.760679    
   471.1551       136.9142       1.891800    
   476.1545       136.9639       1.999573    
   481.8401       136.9662       2.094738    
   489.3643       136.9662       2.179528    
   507.4286       136.9662       2.259984    
  -33.77417       125.1739       1.876935    
  -15.70986       125.1739       1.807391    
  -8.185690       125.1739       1.772651    
  -2.500000       125.1739       1.765365    
   2.481762       125.4352       1.784279    
   7.434425       126.0261       1.806152    
   12.38829       126.6083       1.694613    
   17.37068       126.9075       1.626124    
   22.36992       126.9801       1.712392    
   27.36889       127.0629       1.731764    
   32.36626       127.2010       1.742231    
   37.36148       127.3890       1.720051    
   42.35468       127.6146       1.693494    
   47.34677       127.8582       1.679450    
   52.33939       128.0931       1.689691    
   57.33461       128.2793       1.714401    
   62.33282       128.3861       1.733158    
   67.33237       128.3895       1.773466    
   72.33087       128.2923       1.849096    
   77.32610       128.1083       1.937975    
   82.31709       127.8499       2.002559    
   87.30524       127.5519       2.014153    
   92.29430       127.2662       1.977106    
   97.28818       127.0596       1.915025    
   102.2866       126.9681       1.850372    
   107.2863       126.9241       1.771941    
   112.2728       126.6731       1.684065    
   117.2255       126.0938       1.641697    
   122.1606       125.3975       1.626864    
   127.1186       124.8549       1.626657    
   132.1048       124.5499       1.632697    
   137.1018       124.4198       1.594583    
   142.1004       124.4603       1.545058    
   147.0855       124.7544       1.551252    
   152.0289       125.3806       1.618264    
   156.9416       126.1872       1.678976    
   161.8866       126.7919       1.789349    
   166.8759       127.0225       1.851304    
   171.8755       127.0280       1.921179    
   176.8751       126.9765       1.997595    
   181.8749       126.9510       1.987947    
   186.8749       126.9501       1.894130    
   191.8749       126.9505       1.936404    
   196.8749       126.9505       1.954325    
   201.8749       126.9505       1.624222    
   206.8749       126.9503       1.500368    
   211.8749       126.9525       1.671221    
   216.8748       126.9735       1.533852    
   221.8745       127.0270       1.635167    
   226.8739       127.0896       1.715481    
   231.8736       127.0923       1.735892    
   236.8703       126.9591       1.761786    
   241.8605       126.6934       1.804709    
   246.8531       126.4834       1.845607    
   251.8497       126.5322       1.856707    
   256.8403       126.7921       1.836854    
   261.8292       127.0797       1.788762    
   266.8226       127.2977       1.699458    
   271.8200       127.4297       1.602302    
   276.8195       127.4715       1.564918    
   281.8193       127.4456       1.613026    
   286.8188       127.3853       1.690481    
   291.8181       127.3092       1.801142    
   296.8170       127.2206       1.920394    
   301.8156       127.1160       2.012602    
   306.8141       127.0152       2.070879    
   311.8136       126.9790       2.067448    
   316.8123       126.9157       2.018119    
   321.7794       126.5017       1.984106    
   326.7076       125.7710       1.976843    
   331.6619       125.5238       2.011687    
   336.6017       126.1162       2.120566    
   341.4941       127.0106       2.196084    
   346.3997       127.8469       2.144403    
   351.3318       128.5549       1.880748    
   356.3008       128.9989       1.837501    
   361.2956       129.1804       1.869538    
   366.2939       129.2928       1.830761    
   371.2916       129.4245       2.063959    
   376.2886       129.5742       2.221726    
   381.2849       129.7417       2.231165    
   386.2799       129.9336       2.153930    
   391.2732       130.1582       2.089602    
   396.2645       130.4128       2.187001    
   401.2549       130.6809       2.340441    
   406.2462       130.9357       2.444714    
   411.2407       131.1362       2.485241    
   416.2387       131.2469       2.482077    
   421.2385       131.2800       2.450911    
   426.2385       131.2835       2.405001    
   431.2385       131.2979       2.344882    
   436.2343       131.4355       2.251770    
   441.2233       131.7207       2.101407    
   446.2118       132.0132       1.921874    
   451.2035       132.2618       1.807121    
   456.1937       132.5311       1.780109    
   461.1783       132.8684       1.828227    
   466.1624       133.2138       1.922956    
   471.1551       133.4189       2.021205    
   476.1545       133.4668       2.104546    
   481.8401       133.4690       2.174772    
   489.3643       133.4690       2.233902    
   507.4286       133.4690       2.289901    
  -33.77417       121.7413       1.914957    
  -15.70986       121.7413       1.881386    
  -8.185690       121.7413       1.874953    
  -2.500000       121.7413       1.891887    
   2.481762       121.9919       1.924136    
   7.434425       122.5584       1.948512    
   12.38829       123.1165       1.913747    
   17.37068       123.4034       1.900486    
   22.36992       123.4730       1.963253    
   27.36889       123.5524       2.007003    
   32.36626       123.6848       2.025721    
   37.36148       123.8650       2.011328    
   42.35468       124.0813       1.983678    
   47.34677       124.3148       1.959792    
   52.33939       124.5400       1.952654    
   57.33461       124.7186       1.964851    
   62.33282       124.8209       1.991055    
   67.33237       124.8242       2.036956    
   72.33087       124.7309       2.104134    
   77.32610       124.5546       2.178209    
   82.31709       124.3068       2.232938    
   87.30524       124.0211       2.247838    
   92.29430       123.7473       2.224897    
   97.28818       123.5492       2.177041    
   102.2866       123.4615       2.113079    
   107.2863       123.4193       2.029519    
   112.2728       123.1786       1.933465    
   117.2255       122.6232       1.850142    
   122.1606       121.9557       1.783660    
   127.1186       121.4355       1.733378    
   132.1048       121.1431       1.696610    
   137.1018       121.0183       1.660570    
   142.1004       121.0573       1.649557    
   147.0855       121.3392       1.700936    
   152.0289       121.9395       1.809484    
   156.9416       122.7128       1.934493    
   161.8866       123.2925       2.076323    
   166.8759       123.5135       2.191166    
   171.8755       123.5189       2.290322    
   176.8751       123.4696       2.363386    
   181.8749       123.4451       2.368088    
   186.8749       123.4443       2.323481    
   191.8749       123.4446       2.328295    
   196.8749       123.4446       2.290079    
   201.8749       123.4446       2.077307    
   206.8749       123.4444       1.959010    
   211.8749       123.4465       1.999388    
   216.8748       123.4666       1.941395    
   221.8745       123.5179       1.980835    
   226.8739       123.5779       2.031953    
   231.8736       123.5806       2.060477    
   236.8703       123.4528       2.085588    
   241.8605       123.1981       2.116598    
   246.8531       122.9968       2.143644    
   251.8497       123.0435       2.150597    
   256.8403       123.2927       2.134400    
   261.8292       123.5684       2.095226    
   266.8226       123.7774       2.034308    
   271.8200       123.9041       1.978859    
   276.8195       123.9441       1.965299    
   281.8193       123.9193       2.012613    
   286.8188       123.8614       2.091032    
   291.8181       123.7885       2.190624    
   296.8170       123.7036       2.292322    
   301.8156       123.6032       2.372214    
   306.8141       123.5066       2.417643    
   311.8136       123.4719       2.415312    
   316.8123       123.4112       2.376344    
   321.7794       123.0143       2.340014    
   326.7076       122.3138       2.327295    
   331.6619       122.0768       2.347271    
   336.6017       122.6448       2.396431    
   341.4941       123.5022       2.405686    
   346.3997       124.3040       2.309469    
   351.3318       124.9827       2.111248    
   356.3008       125.4084       2.022256    
   361.2956       125.5824       2.005508    
   366.2939       125.6901       2.011467    
   371.2916       125.8165       2.185850    
   376.2886       125.9600       2.349607    
   381.2849       126.1205       2.416178    
   386.2799       126.3045       2.409175    
   391.2732       126.5198       2.402402    
   396.2645       126.7639       2.476453    
   401.2549       127.0210       2.593124    
   406.2462       127.2653       2.687072    
   411.2407       127.4575       2.732617    
   416.2387       127.5636       2.735403    
   421.2385       127.5953       2.706938    
   426.2385       127.5986       2.655530    
   431.2385       127.6125       2.582015    
   436.2343       127.7445       2.479990    
   441.2233       128.0178       2.345482    
   446.2118       128.2982       2.201054    
   451.2035       128.5366       2.094594    
   456.1937       128.7948       2.045997    
   461.1783       129.1181       2.054479    
   466.1624       129.4493       2.102506    
   471.1551       129.6459       2.162695    
   476.1545       129.6918       2.217035    
   481.8401       129.6939       2.262165    
   489.3643       129.6939       2.297212    
   507.4286       129.6939       2.326727    
  -33.77417       118.0135       1.960385    
  -15.70986       118.0135       1.965933    
  -8.185690       118.0135       1.984053    
  -2.500000       118.0135       2.016752    
   2.481762       118.2522       2.057058    
   7.434425       118.7923       2.091718    
   12.38829       119.3243       2.103823    
   17.37068       119.5977       2.127074    
   22.36992       119.6640       2.183453    
   27.36889       119.7397       2.232616    
   32.36626       119.8660       2.259041    
   37.36148       120.0378       2.256465    
   42.35468       120.2439       2.236623    
   47.34677       120.4665       2.214165    
   52.33939       120.6811       2.201778    
   57.33461       120.8514       2.206401    
   62.33282       120.9489       2.228129    
   67.33237       120.9520       2.266572    
   72.33087       120.8632       2.319130    
   77.32610       120.6951       2.374806    
   82.31709       120.4589       2.415814    
   87.30524       120.1866       2.428404    
   92.29430       119.9255       2.410737    
   97.28818       119.7367       2.367843    
   102.2866       119.6531       2.303070    
   107.2863       119.6129       2.215824    
   112.2728       119.3835       2.112304    
   117.2255       118.8540       2.006960    
   122.1606       118.2177       1.910664    
   127.1186       117.7218       1.832111    
   132.1048       117.4431       1.776655    
   137.1018       117.3242       1.750173    
   142.1004       117.3613       1.770795    
   147.0855       117.6301       1.855407    
   152.0289       118.2023       1.993029    
   156.9416       118.9394       2.153689    
   161.8866       119.4921       2.320912    
   166.8759       119.7027       2.467555    
   171.8755       119.7078       2.585661    
   176.8751       119.6608       2.664449    
   181.8749       119.6375       2.687307    
   186.8749       119.6367       2.671153    
   191.8749       119.6370       2.656947    
   196.8749       119.6370       2.600074    
   201.8749       119.6370       2.460267    
   206.8749       119.6368       2.359147    
   211.8749       119.6388       2.336551    
   216.8748       119.6580       2.303011    
   221.8745       119.7069       2.311029    
   226.8739       119.7641       2.335706    
   231.8736       119.7666       2.355594    
   236.8703       119.6448       2.373890    
   241.8605       119.4020       2.393912    
   246.8531       119.2101       2.410102    
   251.8497       119.2547       2.414455    
   256.8403       119.4922       2.404465    
   261.8292       119.7551       2.380548    
   266.8226       119.9542       2.348780    
   271.8200       120.0750       2.325840    
   276.8195       120.1131       2.331125    
   281.8193       120.0895       2.375187    
   286.8188       120.0343       2.444755    
   291.8181       119.9648       2.528342    
   296.8170       119.8839       2.611422    
   301.8156       119.7882       2.676736    
   306.8141       119.6961       2.711450    
   311.8136       119.6630       2.709253    
   316.8123       119.6051       2.677799    
   321.7794       119.2268       2.640973    
   326.7076       118.5591       2.617426    
   331.6619       118.3332       2.611328    
   336.6017       118.8746       2.608068    
   341.4941       119.6919       2.564676    
   346.3997       120.4562       2.448020    
   351.3318       121.1031       2.283764    
   356.3008       121.5089       2.174541    
   361.2956       121.6748       2.131234    
   366.2939       121.7775       2.151970    
   371.2916       121.8979       2.285365    
   376.2886       122.0348       2.437969    
   381.2849       122.1877       2.539832    
   386.2799       122.3631       2.589170    
   391.2732       122.5684       2.626526    
   396.2645       122.8010       2.696035    
   401.2549       123.0461       2.788709    
   406.2462       123.2790       2.868923    
   411.2407       123.4621       2.913759    
   416.2387       123.5633       2.920931    
   421.2385       123.5935       2.895875    
   426.2385       123.5967       2.843662    
   431.2385       123.6100       2.767452    
   436.2343       123.7357       2.668602    
   441.2233       123.9963       2.551692    
   446.2118       124.2636       2.433580    
   451.2035       124.4909       2.339189    
   456.1937       124.7369       2.281687    
   461.1783       125.0452       2.264295    
   466.1624       125.3608       2.277273    
   471.1551       125.5482       2.304996    
   476.1545       125.5920       2.332716    
   481.8401       125.5940       2.353861    
   489.3643       125.5940       2.368110    
   507.4286       125.5940       2.371378    
  -33.77417       113.9358       2.014041    
  -15.70986       113.9358       2.054599    
  -8.185690       113.9358       2.090691    
  -2.500000       113.9358       2.133569    
   2.481762       114.1617       2.178210    
   7.434425       114.6728       2.220285    
   12.38829       115.1762       2.256093    
   17.37068       115.4350       2.298701    
   22.36992       115.4978       2.353370    
   27.36889       115.5694       2.402059    
   32.36626       115.6889       2.433144    
   37.36148       115.8514       2.441072    
   42.35468       116.0465       2.432369    
   47.34677       116.2571       2.417867    
   52.33939       116.4603       2.407210    
   57.33461       116.6214       2.407804    
   62.33282       116.7137       2.422026    
   67.33237       116.7167       2.448358    
   72.33087       116.6326       2.483335    
   77.32610       116.4735       2.518745    
   82.31709       116.2499       2.542756    
   87.30524       115.9922       2.546035    
   92.29430       115.7452       2.524938    
   97.28818       115.5665       2.480192    
   102.2866       115.4874       2.412768    
   107.2863       115.4493       2.323200    
   112.2728       115.2323       2.216968    
   117.2255       114.7313       2.104785    
   122.1606       114.1291       1.999517    
   127.1186       113.6599       1.914844    
   132.1048       113.3961       1.861625    
   137.1018       113.2836       1.851999    
   142.1004       113.3186       1.898320    
   147.0855       113.5730       2.005039    
   152.0289       114.1145       2.158379    
   156.9416       114.8120       2.334320    
   161.8866       115.3350       2.513963    
   166.8759       115.5344       2.676369    
   171.8755       115.5392       2.807549    
   176.8751       115.4947       2.897363    
   181.8749       115.4726       2.938974    
   186.8749       115.4719       2.942497    
   191.8749       115.4722       2.924845    
   196.8749       115.4722       2.869896    
   201.8749       115.4722       2.772840    
   206.8749       115.4720       2.688813    
   211.8749       115.4739       2.643083    
   216.8748       115.4921       2.610511    
   221.8745       115.5383       2.601120    
   226.8739       115.5924       2.606363    
   231.8736       115.5948       2.614268    
   236.8703       115.4796       2.623382    
   241.8605       115.2498       2.633800    
   246.8531       115.0682       2.642174    
   251.8497       115.1104       2.645221    
   256.8403       115.3352       2.641724    
   261.8292       115.5839       2.632354    
   266.8226       115.7724       2.622524    
   271.8200       115.8866       2.621308    
   276.8195       115.9228       2.638532    
   281.8193       115.9004       2.679977    
   286.8188       115.8482       2.739418    
   291.8181       115.7824       2.807380    
   296.8170       115.7058       2.872968    
   301.8156       115.6153       2.923279    
   306.8141       115.5281       2.947998    
   311.8136       115.4968       2.943415    
   316.8123       115.4420       2.914372    
   321.7794       115.0840       2.874811    
   326.7076       114.4521       2.837414    
   331.6619       114.2384       2.803189    
   336.6017       114.7507       2.758613    
   341.4941       115.5241       2.680458    
   346.3997       116.2474       2.556843    
   351.3318       116.8596       2.412417    
   356.3008       117.2437       2.301497    
   361.2956       117.4006       2.249141    
   366.2939       117.4977       2.268528    
   371.2916       117.6117       2.370548    
   376.2886       117.7412       2.503452    
   381.2849       117.8860       2.618457    
   386.2799       118.0519       2.702513    
   391.2732       118.2462       2.770769    
   396.2645       118.4663       2.844927    
   401.2549       118.6983       2.925365    
   406.2462       118.9186       2.994270    
   411.2407       119.0920       3.036103    
   416.2387       119.1877       3.046174    
   421.2385       119.2163       3.025546    
   426.2385       119.2194       2.977304    
   431.2385       119.2319       2.906293    
   436.2343       119.3509       2.817564    
   441.2233       119.5975       2.718543    
   446.2118       119.8504       2.620973    
   451.2035       120.0655       2.538438    
   456.1937       120.2983       2.479252    
   461.1783       120.5900       2.446651    
   466.1624       120.8887       2.435950    
   471.1551       121.0661       2.439043    
   476.1545       121.1075       2.445356    
   481.8401       121.1095       2.447422    
   489.3643       121.1095       2.443375    
   507.4286       121.1095       2.422104    
  -33.77417       109.4377       2.074346    
  -15.70986       109.4377       2.142742    
  -8.185690       109.4377       2.190059    
  -2.500000       109.4377       2.237999    
   2.481762       109.6495       2.283943    
   7.434425       110.1285       2.328574    
   12.38829       110.6005       2.373026    
   17.37068       110.8431       2.422260    
   22.36992       110.9020       2.474117    
   27.36889       110.9691       2.519717    
   32.36626       111.0811       2.552317    
   37.36148       111.2335       2.567590    
   42.35468       111.4164       2.568929    
   47.34677       111.6138       2.563555    
   52.33939       111.8043       2.557518    
   57.33461       111.9553       2.556152    
   62.33282       112.0418       2.562352    
   67.33237       112.0446       2.575436    
   72.33087       111.9657       2.592488    
   77.32610       111.8166       2.607557    
   82.31709       111.6071       2.612873    
   87.30524       111.3655       2.602369    
   92.29430       111.1339       2.572674    
   97.28818       110.9664       2.522900    
   102.2866       110.8923       2.453111    
   107.2863       110.8566       2.364648    
   112.2728       110.6531       2.262769    
   117.2255       110.1834       2.156710    
   122.1606       109.6189       2.059412    
   127.1186       109.1790       1.985827    
   132.1048       108.9318       1.948724    
   137.1018       108.8263       1.959945    
   142.1004       108.8592       2.026388    
   147.0855       109.0976       2.145656    
   152.0289       109.6052       2.303499    
   156.9416       110.2591       2.480708    
   161.8866       110.7494       2.660828    
   166.8759       110.9363       2.827044    
   171.8755       110.9408       2.965245    
   176.8751       110.8991       3.066081    
   181.8749       110.8784       3.124847    
   186.8749       110.8776       3.145447    
   191.8749       110.8779       3.135263    
   196.8749       110.8779       3.092382    
   201.8749       110.8779       3.023135    
   206.8749       110.8778       2.954830    
   211.8749       110.8796       2.904050    
   216.8748       110.8966       2.867624    
   221.8745       110.9400       2.847210    
   226.8739       110.9907       2.838743    
   231.8736       110.9929       2.835600    
   236.8703       110.8849       2.835669    
   241.8605       110.6695       2.838141    
   246.8531       110.4993       2.841106    
   251.8497       110.5388       2.843543    
   256.8403       110.7495       2.845146    
   261.8292       110.9827       2.846471    
   266.8226       111.1594       2.850924    
   271.8200       111.2665       2.862897    
   276.8195       111.3003       2.886731    
   281.8193       111.2794       2.925098    
   286.8188       111.2305       2.974498    
   291.8181       111.1687       3.027831    
   296.8170       111.0969       3.076900    
   301.8156       111.0121       3.112121    
   306.8141       110.9304       3.126041    
   311.8136       110.9010       3.116104    
   316.8123       110.8497       3.085012    
   321.7794       110.5141       3.040161    
   326.7076       109.9218       2.988708    
   331.6619       109.7214       2.930753    
   336.6017       110.2016       2.858298    
   341.4941       110.9267       2.761842    
   346.3997       111.6047       2.640260    
   351.3318       112.1786       2.512551    
   356.3008       112.5386       2.410920    
   361.2956       112.6857       2.359409    
   366.2939       112.7768       2.372014    
   371.2916       112.8837       2.448395    
   376.2886       113.0050       2.558425    
   381.2849       113.1407       2.670108    
   386.2799       113.2963       2.768023    
   391.2732       113.4784       2.852812    
   396.2645       113.6848       2.932156    
   401.2549       113.9022       3.007040    
   406.2462       114.1088       3.068547    
   411.2407       114.2713       3.107401    
   416.2387       114.3611       3.119633    
   421.2385       114.3878       3.104595    
   426.2385       114.3907       3.064265    
   431.2385       114.4025       3.003854    
   436.2343       114.5140       2.929409    
   441.2233       114.7451       2.847769    
   446.2118       114.9823       2.767057    
   451.2035       115.1839       2.695527    
   456.1937       115.4022       2.638764    
   461.1783       115.6756       2.599298    
   466.1624       115.9556       2.574470    
   471.1551       116.1219       2.560165    
   476.1545       116.1607       2.550459    
   481.8401       116.1625       2.538383    
   489.3643       116.1625       2.520457    
   507.4286       116.1625       2.477965    
  -33.77417       104.4251       2.139289    
  -15.70986       104.4251       2.227023    
  -8.185690       104.4251       2.279612    
  -2.500000       104.4251       2.328225    
   2.481762       104.6212       2.372803    
   7.434425       105.0646       2.416729    
   12.38829       105.5015       2.461255    
   17.37068       105.7260       2.507978    
   22.36992       105.7805       2.553965    
   27.36889       105.8427       2.594539    
   32.36626       105.9463       2.625851    
   37.36148       106.0873       2.644852    
   42.35468       106.2567       2.652695    
   47.34677       106.4394       2.653695    
   52.33939       106.6157       2.651628    
   57.33461       106.7555       2.649311    
   62.33282       106.8356       2.648315    
   67.33237       106.8381       2.648797    
   72.33087       106.7651       2.649425    
   77.32610       106.6271       2.646349    
   82.31709       106.4332       2.634384    
   87.30524       106.2096       2.609833    
   92.29430       105.9952       2.570851    
   97.28818       105.8402       2.516675    
   102.2866       105.7715       2.447232    
   107.2863       105.7385       2.364558    
   112.2728       105.5501       2.274098    
   117.2255       105.1154       2.184266    
   122.1606       104.5929       2.106694    
   127.1186       104.1857       2.054799    
   132.1048       103.9569       2.040329    
   137.1018       103.8593       2.072108    
   142.1004       103.8897       2.152535    
   147.0855       104.1104       2.276027    
   152.0289       104.5803       2.429673    
   156.9416       105.1855       2.598695    
   161.8866       105.6393       2.770320    
   166.8759       105.8122       2.931419    
   171.8755       105.8165       3.069929    
   176.8751       105.7778       3.177631    
   181.8749       105.7587       3.249783    
   186.8749       105.7580       3.286089    
   191.8749       105.7582       3.289627    
   196.8749       105.7583       3.263581    
   201.8749       105.7583       3.216305    
   206.8749       105.7581       3.163227    
   211.8749       105.7598       3.115944    
   216.8748       105.7755       3.078109    
   221.8745       105.8157       3.051282    
   226.8739       105.8626       3.033580    
   231.8736       105.8647       3.021624    
   236.8703       105.7647       3.014016    
   241.8605       105.5654       3.010177    
   246.8531       105.4078       3.009179    
   251.8497       105.4444       3.010825    
   256.8403       105.6394       3.015184    
   261.8292       105.8553       3.022543    
   266.8226       106.0188       3.034518    
   271.8200       106.1179       3.052813    
   276.8195       106.1492       3.078605    
   281.8193       106.1298       3.112220    
   286.8188       106.0846       3.150985    
   291.8181       106.0275       3.189740    
   296.8170       105.9610       3.222470    
   301.8156       105.8824       3.242492    
   306.8141       105.8068       3.244862    
   311.8136       105.7796       3.227736    
   316.8123       105.7321       3.192197    
   321.7794       105.4215       3.141537    
   326.7076       104.8732       3.079362    
   331.6619       104.6877       3.006206    
   336.6017       105.1322       2.919702    
   341.4941       105.8034       2.818580    
   346.3997       106.4309       2.706047    
   351.3318       106.9622       2.595868    
   356.3008       107.2954       2.508480    
   361.2956       107.4315       2.462255    
   366.2939       107.5159       2.467926    
   371.2916       107.6148       2.523227    
   376.2886       107.7271       2.610394    
   381.2849       107.8528       2.708945    
   386.2799       107.9968       2.804999    
   391.2732       108.1653       2.892821    
   396.2645       108.3564       2.972550    
   401.2549       108.5576       3.043435    
   406.2462       108.7488       3.100163    
   411.2407       108.8992       3.137206    
   416.2387       108.9823       3.151929    
   421.2385       109.0071       3.143558    
   426.2385       109.0098       3.113563    
   431.2385       109.0207       3.066454    
   436.2343       109.1239       3.007502    
   441.2233       109.3378       2.942303    
   446.2118       109.5574       2.876529    
   451.2035       109.7439       2.815417    
   456.1937       109.9460       2.763692    
   461.1783       110.1991       2.723069    
   466.1624       110.4583       2.691528    
   471.1551       110.6122       2.667014    
   476.1545       110.6481       2.646331    
   481.8401       110.6497       2.623695    
   489.3643       110.6497       2.595942    
   507.4286       110.6497       2.536911    
  -33.77417       98.76926       2.206160    
  -15.70986       98.76926       2.304892    
  -8.185690       98.76926       2.357918    
  -2.500000       98.76926       2.404404    
   2.481762       98.94752       2.445867    
   7.434425       99.35075       2.486474    
   12.38829       99.74802       2.526520    
   17.37068       99.95215       2.565748    
   22.36992       100.0017       2.603133    
   27.36889       100.0582       2.637263    
   32.36626       100.1525       2.665122    
   37.36148       100.2807       2.684046    
   42.35468       100.4347       2.694272    
   47.34677       100.6009       2.698036    
   52.33939       100.7612       2.697512    
   57.33461       100.8883       2.693936    
   62.33282       100.9611       2.687391    
   67.33237       100.9634       2.677723    
   72.33087       100.8971       2.665008    
   77.32610       100.7716       2.647842    
   82.31709       100.5952       2.623011    
   87.30524       100.3919       2.588143    
   92.29430       100.1970       2.542840    
   97.28818       100.0560       2.487453    
   102.2866       99.99355       2.422482    
   107.2863       99.96349       2.350357    
   112.2728       99.79222       2.276644    
   117.2255       99.39693       2.209063    
   122.1606       98.92178       2.157050    
   127.1186       98.55151       2.130813    
   132.1048       98.34343       2.139168    
   137.1018       98.25465       2.187377    
   142.1004       98.28233       2.274971    
   147.0855       98.48299       2.395697    
   152.0289       98.91029       2.538951    
   156.9416       99.46066       2.693828    
   161.8866       99.87329       2.851014    
   166.8759       100.0306       3.000676    
   171.8755       100.0344       3.133242    
   176.8751       99.99930       3.241874    
   181.8749       99.98188       3.321943    
   186.8749       99.98126       3.371120    
   191.8749       99.98149       3.390143    
   196.8749       99.98150       3.382461    
   201.8749       99.98149       3.355061    
   206.8749       99.98139       3.317664    
   211.8749       99.98287       3.278887    
   216.8748       99.99718       3.243953    
   221.8745       100.0337       3.215228    
   226.8739       100.0764       3.192442    
   231.8736       100.0783       3.174554    
   236.8703       99.98734       3.161294    
   241.8605       99.80609       3.152637    
   246.8531       99.66279       3.148277    
   251.8497       99.69608       3.148280    
   256.8403       99.87341       3.152825    
   261.8292       100.0697       3.161835    
   266.8226       100.2184       3.175528    
   271.8200       100.3085       3.194066    
   276.8195       100.3370       3.217070    
   281.8193       100.3194       3.243433    
   286.8188       100.2782       3.270562    
   291.8181       100.2263       3.294598    
   296.8170       100.1659       3.311400    
   301.8156       100.0944       3.316875    
   306.8141       100.0256       3.308079    
   311.8136       100.0009       3.283566    
   316.8123       99.95772       3.243307    
   321.7794       99.67523       3.188529    
   326.7076       99.17667       3.121300    
   331.6619       99.00801       3.042972    
   336.6017       99.41222       2.954904    
   341.4941       100.0225       2.859599    
   346.3997       100.5932       2.761131    
   351.3318       101.0763       2.669206    
   356.3008       101.3793       2.597148    
   361.2956       101.5031       2.557609    
   366.2939       101.5798       2.557832    
   371.2916       101.6697       2.596061    
   376.2886       101.7719       2.662032    
   381.2849       101.8861       2.742872    
   386.2799       102.0170       2.827529    
   391.2732       102.1703       2.908656    
   396.2645       102.3440       2.982964    
   401.2549       102.5270       3.048148    
   406.2462       102.7009       3.100204    
   411.2407       102.8377       3.135708    
   416.2387       102.9132       3.153015    
   421.2385       102.9358       3.151651    
   426.2385       102.9382       3.132686    
   431.2385       102.9481       3.099122    
   436.2343       103.0419       3.055165    
   441.2233       103.2365       3.005479    
   446.2118       103.4361       2.953805    
   451.2035       103.6058       2.903768    
   456.1937       103.7895       2.858592    
   461.1783       104.0197       2.819907    
   466.1624       104.2553       2.787137    
   471.1551       104.3953       2.758168    
   476.1545       104.4279       2.731577    
   481.8401       104.4295       2.702727    
   489.3643       104.4295       2.667514    
   507.4286       104.4295       2.595602    
  -33.77417       92.28692       2.272238    
  -15.70986       92.28692       2.374507    
  -8.185690       92.28692       2.425399    
  -2.500000       92.28692       2.467687    
   2.481762       92.44483       2.504240    
   7.434425       92.80198       2.538831    
   12.38829       93.15384       2.571478    
   17.37068       93.33465       2.602373    
   22.36992       93.37855       2.631398    
   27.36889       93.42858       2.658183    
   32.36626       93.51208       2.680722    
   37.36148       93.62569       2.696720    
   42.35468       93.76205       2.706162    
   47.34677       93.90923       2.710079    
   52.33939       94.05121       2.708905    
   57.33461       94.16380       2.702918    
   62.33282       94.22831       2.692102    
   67.33237       94.23037       2.676137    
   72.33087       94.17159       2.655239    
   77.32610       94.06042       2.629566    
   82.31709       93.90422       2.597920    
   87.30524       93.72411       2.558880    
   92.29430       93.55146       2.512641    
   97.28818       93.42661       2.460641    
   102.2866       93.37131       2.404522    
   107.2863       93.34469       2.347021    
   112.2728       93.19299       2.293151    
   117.2255       92.84286       2.249408    
   122.1606       92.42202       2.222722    
   127.1186       92.09407       2.219774    
   132.1048       91.90976       2.245996    
   137.1018       91.83113       2.303916    
   142.1004       91.85565       2.391992    
   147.0855       92.03337       2.504745    
   152.0289       92.41184       2.633865    
   156.9416       92.89931       2.771320    
   161.8866       93.26480       2.910637    
   166.8759       93.40413       3.044873    
   171.8755       93.40750       3.166810    
   176.8751       93.37640       3.270996    
   181.8749       93.36098       3.353275    
   186.8749       93.36044       3.410825    
   191.8749       93.36063       3.443203    
   196.8749       93.36064       3.452512    
   201.8749       93.36063       3.443289    
   206.8749       93.36054       3.421772    
   211.8749       93.36186       3.394346    
   216.8748       93.37454       3.365987    
   221.8745       93.40688       3.339404    
   226.8739       93.44470       3.315588    
   231.8736       93.44635       3.295172    
   236.8703       93.36582       3.278892    
   241.8605       93.20527       3.267083    
   246.8531       93.07835       3.259682    
   251.8497       93.10783       3.256951    
   256.8403       93.26490       3.259203    
   261.8292       93.43874       3.266101    
   266.8226       93.57047       3.276877    
   271.8200       93.65030       3.290681    
   276.8195       93.67554       3.306539    
   281.8193       93.65989       3.323059    
   286.8188       93.62345       3.338010    
   291.8181       93.57744       3.348472    
   296.8170       93.52392       3.351560    
   301.8156       93.46066       3.344842    
   306.8141       93.39973       3.326583    
   311.8136       93.37785       3.295725    
   316.8123       93.33959       3.251997    
   321.7794       93.08938       3.196180    
   326.7076       92.64779       3.129919    
   331.6619       92.49840       3.054949    
   336.6017       92.85643       2.974227    
   341.4941       93.39696       2.891326    
   346.3997       93.90244       2.809699    
   351.3318       94.33030       2.735961    
   356.3008       94.59869       2.678657    
   361.2956       94.70834       2.645949    
   366.2939       94.77627       2.642480    
   371.2916       94.85593       2.667278    
   376.2886       94.94642       2.714660    
   381.2849       95.04758       2.776896    
   386.2799       95.16358       2.845949    
   391.2732       95.29931       2.915071    
   396.2645       95.45317       2.979723    
   401.2549       95.61526       3.036620    
   406.2462       95.76926       3.082683    
   411.2407       95.89043       3.115758    
   416.2387       95.95733       3.134937    
   421.2385       95.97731       3.139898    
   426.2385       95.97943       3.130954    
   431.2385       95.98818       3.109885    
   436.2343       96.07135       3.079693    
   441.2233       96.24365       3.043763    
   446.2118       96.42047       3.005068    
   451.2035       96.57073       2.965708    
   456.1937       96.73344       2.927648    
   461.1783       96.93733       2.892707    
   466.1624       97.14609       2.861057    
   471.1551       97.27006       2.832014    
   476.1545       97.29897       2.804289    
   481.8401       97.30029       2.773183    
   489.3643       97.30029       2.734471    
   507.4286       97.30029       2.652147    
  -33.77417       84.70639       2.335217    
  -15.70986       84.70639       2.433133    
  -8.185690       84.70639       2.479880    
  -2.500000       84.70639       2.516288    
   2.481762       84.84047       2.546141    
   7.434425       85.14374       2.573755    
   12.38829       85.44250       2.599167    
   17.37068       85.59602       2.622921    
   22.36992       85.63330       2.645051    
   27.36889       85.67580       2.664516    
   32.36626       85.74669       2.680581    
   37.36148       85.84315       2.692877    
   42.35468       85.95895       2.700786    
   47.34677       86.08392       2.703624    
   52.33939       86.20448       2.700724    
   57.33461       86.30008       2.691991    
   62.33282       86.35486       2.678191    
   67.33237       86.35661       2.659972    
   72.33087       86.30669       2.637207    
   77.32610       86.21230       2.609571    
   82.31709       86.07966       2.576999    
   87.30524       85.92673       2.539624    
   92.29430       85.78013       2.498118    
   97.28818       85.67411       2.454127    
   102.2866       85.62716       2.410085    
   107.2863       85.60456       2.369163    
   112.2728       85.47575       2.335529    
   117.2255       85.17844       2.313749    
   122.1606       84.82110       2.308097    
   127.1186       84.54264       2.322323    
   132.1048       84.38613       2.359237    
   137.1018       84.31937       2.419816    
   142.1004       84.34019       2.502589    
   147.0855       84.49109       2.603360    
   152.0289       84.81246       2.715811    
   156.9416       85.22638       2.834044    
   161.8866       85.53673       2.953891    
   166.8759       85.65503       3.070839    
   171.8755       85.65790       3.179565    
   176.8751       85.63148       3.275731    
   181.8749       85.61840       3.355787    
   186.8749       85.61794       3.417060    
   191.8749       85.61810       3.458545    
   196.8749       85.61810       3.481023    
   201.8749       85.61810       3.486913    
   206.8749       85.61802       3.479973    
   211.8749       85.61914       3.464688    
   216.8748       85.62991       3.445120    
   221.8745       85.65736       3.423941    
   226.8739       85.68948       3.402847    
   231.8736       85.69088       3.383323    
   236.8703       85.62250       3.366620    
   241.8605       85.48617       3.353256    
   246.8531       85.37840       3.343369    
   251.8497       85.40344       3.337366    
   256.8403       85.53680       3.335643    
   261.8292       85.68442       3.337830    
   266.8226       85.79627       3.342763    
   271.8200       85.86406       3.349061    
   276.8195       85.88549       3.355520    
   281.8193       85.87220       3.360984    
   286.8188       85.84126       3.363971    
   291.8181       85.80219       3.362536    
   296.8170       85.75674       3.354676    
   301.8156       85.70303       3.338794    
   306.8141       85.65130       3.313812    
   311.8136       85.63272       3.279205    
   316.8123       85.60023       3.235047    
   321.7794       85.38776       3.182170    
   326.7076       85.01280       3.121851    
   331.6619       84.88596       3.055537    
   336.6017       85.18996       2.986516    
   341.4941       85.64894       2.918375    
   346.3997       86.07815       2.853791    
   351.3318       86.44146       2.797128    
   356.3008       86.66934       2.753622    
   361.2956       86.76245       2.728160    
   366.2939       86.82014       2.723382    
   371.2916       86.88777       2.738716    
   376.2886       86.96461       2.771043    
   381.2849       87.05051       2.815795    
   386.2799       87.14902       2.867600    
   391.2732       87.26426       2.921166    
   396.2645       87.39491       2.972425    
   401.2549       87.53254       3.018394    
   406.2462       87.66331       3.056631    
   411.2407       87.76619       3.085603    
   416.2387       87.82300       3.104669    
   421.2385       87.83997       3.113390    
   426.2385       87.84176       3.111844    
   431.2385       87.84920       3.100953    
   436.2343       87.91981       3.082698    
   441.2233       88.06612       3.059444    
   446.2118       88.21626       3.032714    
   451.2035       88.34385       3.004149    
   456.1937       88.48203       2.975441    
   461.1783       88.65514       2.947180    
   466.1624       88.83239       2.919668    
   471.1551       88.93765       2.892707    
   476.1545       88.96221       2.865892    
   481.8401       88.96335       2.835521    
   489.3643       88.96335       2.795712    
   507.4286       88.96335       2.702329    
  -33.77417       75.60016       2.390135    
  -15.70986       75.60016       2.476510    
  -8.185690       75.60016       2.516316    
  -2.500000       75.60016       2.546350    
   2.481762       75.70561       2.570605    
   7.434425       75.94414       2.592942    
   12.38829       76.17914       2.613172    
   17.37068       76.29989       2.630991    
   22.36992       76.32921       2.646902    
   27.36889       76.36263       2.660863    
   32.36626       76.41840       2.672405    
   37.36148       76.49427       2.681757    
   42.35468       76.58534       2.688334    
   47.34677       76.68364       2.690239    
   52.33939       76.77846       2.686516    
   57.33461       76.85366       2.677526    
   62.33282       76.89674       2.664058    
   67.33237       76.89812       2.646971    
   72.33087       76.85886       2.626397    
   77.32610       76.78461       2.601788    
   82.31709       76.68029       2.573292    
   87.30524       76.56001       2.542226    
   92.29430       76.44469       2.510013    
   97.28818       76.36131       2.477828    
   102.2866       76.32438       2.447515    
   107.2863       76.30660       2.422020    
   112.2728       76.20528       2.404831    
   117.2255       75.97144       2.398998    
   122.1606       75.69038       2.406865    
   127.1186       75.47135       2.430397    
   132.1048       75.34826       2.470863    
   137.1018       75.29574       2.528324    
   142.1004       75.31212       2.601618    
   147.0855       75.43081       2.688010    
   152.0289       75.68358       2.783212    
   156.9416       76.00915       2.883076    
   161.8866       76.25325       2.984791    
   166.8759       76.34630       3.085145    
   171.8755       76.34855       3.180072    
   176.8751       76.32778       3.266231    
   181.8749       76.31749       3.340923    
   186.8749       76.31712       3.401979    
   191.8749       76.31725       3.448124    
   196.8749       76.31725       3.479131    
   201.8749       76.31725       3.495964    
   206.8749       76.31718       3.500798    
   211.8749       76.31807       3.496712    
   216.8748       76.32654       3.486702    
   221.8745       76.34814       3.472926    
   226.8739       76.37340       3.456955    
   231.8736       76.37450       3.440398    
   236.8703       76.32071       3.424841    
   241.8605       76.21349       3.411335    
   246.8531       76.12872       3.400342    
   251.8497       76.14841       3.392016    
   256.8403       76.25331       3.386316    
   261.8292       76.36942       3.382834    
   266.8226       76.45739       3.380767    
   271.8200       76.51070       3.379086    
   276.8195       76.52757       3.376659    
   281.8193       76.51711       3.372349    
   286.8188       76.49277       3.365093    
   291.8181       76.46204       3.353885    
   296.8170       76.42630       3.337764    
   301.8156       76.38405       3.315886    
   306.8141       76.34336       3.287600    
   311.8136       76.32875       3.252543    
   316.8123       76.30320       3.210776    
   321.7794       76.13609       3.162992    
   326.7076       75.84116       3.110284    
   331.6619       75.74139       3.053997    
   336.6017       75.98050       2.997499    
   341.4941       76.34151       2.944093    
   346.3997       76.67910       2.895472    
   351.3318       76.96486       2.853790    
   356.3008       77.14410       2.821567    
   361.2956       77.21733       2.801510    
   366.2939       77.26270       2.795489    
   371.2916       77.31591       2.803695    
   376.2886       77.37634       2.824508    
   381.2849       77.44391       2.854859    
   386.2799       77.52139       2.890976    
   391.2732       77.61202       2.929332    
   396.2645       77.71479       2.967236    
   401.2549       77.82304       3.002347    
   406.2462       77.92590       3.032683    
   411.2407       78.00681       3.056947    
   416.2387       78.05150       3.074214    
   421.2385       78.06484       3.084274    
   426.2385       78.06626       3.087541    
   431.2385       78.07211       3.084542    
   436.2343       78.12765       3.076239    
   441.2233       78.24273       3.063273    
   446.2118       78.36082       3.046164    
   451.2035       78.46117       3.026319    
   456.1937       78.56985       3.005433    
   461.1783       78.70601       2.984625    
   466.1624       78.84543       2.963638    
   471.1551       78.92822       2.941671    
   476.1545       78.94754       2.918922    
   481.8401       78.94843       2.892178    
   489.3643       78.94843       2.854114    
   507.4286       78.94843       2.737870    
  -33.77417       56.32260       2.457551    
  -15.70986       56.32260       2.516530    
  -8.185690       56.32260       2.542830    
  -2.500000       56.32260       2.562841    
   2.481762       56.36747       2.579725    
   7.434425       56.46896       2.594970    
   12.38829       56.56895       2.608892    
   17.37068       56.62033       2.622005    
   22.36992       56.63280       2.633705    
   27.36889       56.64702       2.643415    
   32.36626       56.67075       2.650400    
   37.36148       56.70303       2.654562    
   42.35468       56.74178       2.657261    
   47.34677       56.78361       2.658751    
   52.33939       56.82395       2.657693    
   57.33461       56.85595       2.653617    
   62.33282       56.87428       2.646802    
   67.33237       56.87487       2.637669    
   72.33087       56.85816       2.627064    
   77.32610       56.82657       2.615296    
   82.31709       56.78218       2.601936    
   87.30524       56.73100       2.587490    
   92.29430       56.68194       2.573669    
   97.28818       56.64646       2.561669    
   102.2866       56.63075       2.551976    
   107.2863       56.62318       2.545842    
   112.2728       56.58007       2.545451    
   117.2255       56.48058       2.552629    
   122.1606       56.36099       2.568431    
   127.1186       56.26780       2.593832    
   132.1048       56.21542       2.629686    
   137.1018       56.19307       2.676128    
   142.1004       56.20005       2.732493    
   147.0855       56.25055       2.797310    
   152.0289       56.35809       2.868271    
   156.9416       56.49662       2.943139    
   161.8866       56.60048       3.020573    
   166.8759       56.64007       3.098696    
   171.8755       56.64103       3.174794    
   176.8751       56.63219       3.246543    
   181.8749       56.62782       3.311912    
   186.8749       56.62766       3.369065    
   191.8749       56.62771       3.416614    
   196.8749       56.62772       3.453909    
   201.8749       56.62771       3.481136    
   206.8749       56.62769       3.499131    
   211.8749       56.62806       3.509105    
   216.8748       56.63167       3.512456    
   221.8745       56.64086       3.510635    
   226.8739       56.65160       3.505034    
   231.8736       56.65207       3.496891    
   236.8703       56.62919       3.487240    
   241.8605       56.58356       3.476873    
   246.8531       56.54750       3.466287    
   251.8497       56.55588       3.455693    
   256.8403       56.60051       3.445042    
   261.8292       56.64991       3.434073    
   266.8226       56.68734       3.422423    
   271.8200       56.71003       3.409647    
   276.8195       56.71720       3.395224    
   281.8193       56.71275       3.378616    
   286.8188       56.70240       3.359393    
   291.8181       56.68932       3.337291    
   296.8170       56.67411       3.312179    
   301.8156       56.65614       3.284038    
   306.8141       56.63882       3.252948    
   311.8136       56.63261       3.219106    
   316.8123       56.62173       3.182913    
   321.7794       56.55063       3.145039    
   326.7076       56.42514       3.106009    
   331.6619       56.38269       3.066103    
   336.6017       56.48443       3.027138    
   341.4941       56.63803       2.990773    
   346.3997       56.78168       2.957708    
   351.3318       56.90327       2.929181    
   356.3008       56.97953       2.906506    
   361.2956       57.01069       2.890708    
   366.2939       57.02999       2.882216    
   371.2916       57.05263       2.880913    
   376.2886       57.07835       2.886530    
   381.2849       57.10709       2.898478    
   386.2799       57.14006       2.915496    
   391.2732       57.17862       2.935923    
   396.2645       57.22235       2.958001    
   401.2549       57.26841       2.980206    
   406.2462       57.31217       3.001343    
   411.2407       57.34660       3.020280    
   416.2387       57.36561       3.036224    
   421.2385       57.37129       3.048564    
   426.2385       57.37189       3.056983    
   431.2385       57.37438       3.061946    
   436.2343       57.39801       3.063648    
   441.2233       57.44698       3.062293    
   446.2118       57.49723       3.058355    
   451.2035       57.53992       3.052031    
   456.1937       57.58617       3.043988    
   461.1783       57.64410       3.034796    
   466.1624       57.70342       3.024769    
   471.1551       57.73865       3.014750    
   476.1545       57.74687       3.005260    
   481.8401       57.74725       2.995752    
   489.3643       57.74725       2.986881    
   507.4286       57.74725       2.896134    
