   23482.2474637699     
  -33.77417       136.6885      -3.404111    
  -15.70986       136.6885      -3.594881    
  -8.185690       136.6885      -3.393116    
  -2.500000       136.6885      -2.455509    
   2.481762       136.9860      -1.089889    
   7.434425       137.6588     -1.4463642E-02
   12.38829       138.3216     -0.8661557    
   17.37068       138.6622     -0.3639303    
   22.36992       138.7449     -0.7606203    
   27.36889       138.8391     -0.7799307    
   32.36626       138.9964     -0.5896949    
   37.36148       139.2104     -0.5565494    
   42.35468       139.4673     -0.7668079    
   47.34677       139.7446     -0.6582581    
   52.33939       140.0120     -0.5089616    
   57.33461       140.2241     -0.9226976    
   62.33282       140.3456     -0.6636605    
   67.33237       140.3495     -0.7420665    
   72.33087       140.2388     -0.7692633    
   77.32610       140.0294     -0.7459258    
   82.31709       139.7351     -0.4693963    
   87.30524       139.3958     -0.4756943    
   92.29430       139.0706     -0.5591877    
   97.28818       138.8354     -0.8088865    
   102.2866       138.7312     -0.9426768    
   107.2863       138.6811     -0.7668976    
   112.2728       138.3953      -1.025847    
   117.2255       137.7357     -0.7914373    
   122.1606       136.9430     -0.7563365    
   127.1186       136.3252      -1.163727    
   132.1048       135.9780      -2.422410    
   137.1018       135.8299      -2.645686    
   142.1004       135.8761      -2.701939    
   147.0855       136.2108      -1.317830    
   152.0289       136.9238     -0.8487431    
   156.9416       137.8421     -0.8275862    
   161.8866       138.5306     -0.7379063    
   166.8759       138.7930     -0.5416847    
   171.8755       138.7994     -0.6626975    
   176.8751       138.7408     -0.5112944    
   181.8749       138.7118     -0.7518492    
   186.8749       138.7108     -0.8244626    
   191.8749       138.7111     -0.8835707    
   196.8749       138.7112     -0.5573758    
   201.8749       138.7111     -0.7263183    
   206.8749       138.7109     -0.4232349    
   211.8749       138.7134     -0.4623855    
   216.8748       138.7373     -0.5735654    
   221.8745       138.7983     -0.3830834    
   226.8739       138.8695     -0.6763960    
   231.8736       138.8726     -0.6415308    
   236.8703       138.7209     -0.7294320    
   241.8605       138.4185     -0.7947505    
   246.8531       138.1794     -0.7656506    
   251.8497       138.2349     -0.5879248    
   256.8403       138.5308     -0.5078965    
   261.8292       138.8582     -0.7909699    
   266.8226       139.1064     -0.5383851    
   271.8200       139.2568     -0.5635456    
   276.8195       139.3043     -0.3455107    
   281.8193       139.2749     -0.8061704    
   286.8188       139.2062     -0.8794551    
   291.8181       139.1195     -0.6635739    
   296.8170       139.0187     -0.5472538    
   301.8156       138.8996     -0.4561048    
   306.8141       138.7848     -0.5727520    
   311.8136       138.7435     -0.4467997    
   316.8123       138.6715     -0.3305356    
   321.7794       138.2001     -0.3106279    
   326.7076       137.3683     -0.3744316    
   331.6619       137.0869     -0.5313305    
   336.6017       137.7613     -0.5784783    
   341.4941       138.7795     -0.7342562    
   346.3997       139.7317     -0.3802124    
   351.3318       140.5377     -0.3694689    
   356.3008       141.0433     -0.5066385    
   361.2956       141.2499     -0.5008193    
   366.2939       141.3779     -0.8863159    
   371.2916       141.5279     -0.5149330    
   376.2886       141.6984     -0.2137648    
   381.2849       141.8889     -0.1743785    
   386.2799       142.1075     -0.2399726    
   391.2732       142.3631     -0.2519553    
   396.2645       142.6530     -0.1647770    
   401.2549       142.9583     -0.1441871    
   406.2462       143.2484     -0.1445295    
   411.2407       143.4767     -5.4818526E-02
   416.2387       143.6027      0.0000000E+00
   421.2385       143.6403     -0.1412665    
   426.2385       143.6443     -0.2430754    
   431.2385       143.6608     -0.4188563    
   436.2343       143.8174     -0.4284461    
   441.2233       144.1421     -0.7935764    
   446.2118       144.4751      -1.771020    
   451.2035       144.7582      -1.953603    
   456.1937       145.0647      -1.939305    
   461.1783       145.4488      -1.383023    
   466.1624       145.8420      -1.292991    
   471.1551       146.0755      -1.974347    
   476.1545       146.1300      -2.614014    
   481.8401       146.1326      -3.344277    
   489.3643       146.1326      -3.720120    
   507.4286       146.1326      -3.517453    
  -33.77417       134.0858      -3.372566    
  -15.70986       134.0858      -3.560972    
  -8.185690       134.0858      -3.238700    
  -2.500000       134.0858      -2.598618    
   2.481762       134.3752      -1.903486    
   7.434425       135.0294      -1.689901    
   12.38829       135.6740      -1.119973    
   17.37068       136.0052      -1.254401    
   22.36992       136.0857      -1.276478    
   27.36889       136.1774      -1.242942    
   32.36626       136.3303      -1.052220    
   37.36148       136.5384      -1.046858    
   42.35468       136.7882      -1.096384    
   47.34677       137.0579      -1.048116    
   52.33939       137.3180     -0.8803416    
   57.33461       137.5242      -1.035334    
   62.33282       137.6424      -1.058948    
   67.33237       137.6462     -0.9559396    
   72.33087       137.5385      -1.075018    
   77.32610       137.3349     -0.6477768    
   82.31709       137.0487     -0.7022939    
   87.30524       136.7188     -0.6805213    
   92.29430       136.4025     -0.6539440    
   97.28818       136.1738     -0.7702915    
   102.2866       136.0724     -0.7269969    
   107.2863       136.0237     -0.7958862    
   112.2728       135.7457     -0.9003912    
   117.2255       135.1043      -1.008839    
   122.1606       134.3334      -1.290490    
   127.1186       133.7326      -2.073030    
   132.1048       133.3949      -2.372469    
   137.1018       133.2509      -2.669818    
   142.1004       133.2958      -2.657785    
   147.0855       133.6214      -2.303948    
   152.0289       134.3147      -1.175203    
   156.9416       135.2077     -0.9816524    
   161.8866       135.8773     -0.7798720    
   166.8759       136.1325     -0.7314824    
   171.8755       136.1387     -0.7322542    
   176.8751       136.0817     -0.7294540    
   181.8749       136.0535     -0.7020621    
   186.8749       136.0525     -0.8673694    
   191.8749       136.0529     -0.6528231    
   196.8749       136.0529     -0.4688722    
   201.8749       136.0529     -0.7881893    
   206.8749       136.0527      -1.048519    
   211.8749       136.0551     -0.7469862    
   216.8748       136.0783     -0.8692539    
   221.8745       136.1376     -0.7937535    
   226.8739       136.2069     -0.3833650    
   231.8736       136.2099     -0.6204159    
   236.8703       136.0623     -0.4730804    
   241.8605       135.7682     -0.6540490    
   246.8531       135.5358     -0.6466603    
   251.8497       135.5898     -0.5644811    
   256.8403       135.8775     -0.4374437    
   261.8292       136.1960     -0.5084850    
   266.8226       136.4373     -0.6349377    
   271.8200       136.5835     -0.7286368    
   276.8195       136.6297     -0.9646152    
   281.8193       136.6011     -0.9555909    
   286.8188       136.5343     -0.9733216    
   291.8181       136.4500     -0.8245368    
   296.8170       136.3520     -0.6206132    
   301.8156       136.2361     -0.4047216    
   306.8141       136.1245     -0.2599351    
   311.8136       136.0844     -0.3704649    
   316.8123       136.0143     -0.5644422    
   321.7794       135.5559     -0.8847764    
   326.7076       134.7469     -0.7783141    
   331.6619       134.4733     -0.6397349    
   336.6017       135.1292     -0.7308560    
   341.4941       136.1194      -1.254197    
   346.3997       137.0454     -0.8935269    
   351.3318       137.8293      -1.132783    
   356.3008       138.3209     -0.8351851    
   361.2956       138.5218      -1.190620    
   366.2939       138.6463      -1.722861    
   371.2916       138.7922      -1.784460    
   376.2886       138.9579      -1.504802    
   381.2849       139.1433      -1.232401    
   386.2799       139.3558      -1.217111    
   391.2732       139.6044     -0.9566214    
   396.2645       139.8863     -0.8919610    
   401.2549       140.1832      -1.350550    
   406.2462       140.4654      -1.643832    
   411.2407       140.6873      -1.497270    
   416.2387       140.8099      -1.340271    
   421.2385       140.8465      -1.592665    
   426.2385       140.8504      -1.481290    
   431.2385       140.8664      -1.830187    
   436.2343       141.0188      -1.625868    
   441.2233       141.3345      -1.828734    
   446.2118       141.6584      -2.210732    
   451.2035       141.9337      -2.456633    
   456.1937       142.2318      -2.748753    
   461.1783       142.6053      -2.280597    
   466.1624       142.9877      -2.196393    
   471.1551       143.2148      -2.392953    
   476.1545       143.2677      -2.854614    
   481.8401       143.2702      -3.427528    
   489.3643       143.2702      -3.722187    
   507.4286       143.2702      -3.482859    
  -33.77417       131.3152      -3.361427    
  -15.70986       131.3152      -3.552260    
  -8.185690       131.3152      -3.217175    
  -2.500000       131.3152      -2.795072    
   2.481762       131.5958      -2.582479    
   7.434425       132.2304      -2.550840    
   12.38829       132.8556      -2.017019    
   17.37068       133.1768      -1.860382    
   22.36992       133.2549      -1.688719    
   27.36889       133.3438      -1.858937    
   32.36626       133.4921      -1.532293    
   37.36148       133.6940      -1.512713    
   42.35468       133.9363      -1.479750    
   47.34677       134.1978      -1.377422    
   52.33939       134.4500      -1.404179    
   57.33461       134.6501      -1.520093    
   62.33282       134.7647      -1.561651    
   67.33237       134.7684      -1.446931    
   72.33087       134.6640      -1.652283    
   77.32610       134.4664      -1.357240    
   82.31709       134.1889      -1.397622    
   87.30524       133.8689      -1.210042    
   92.29430       133.5621      -1.320951    
   97.28818       133.3403      -1.387954    
   102.2866       133.2420      -1.274266    
   107.2863       133.1947      -1.124533    
   112.2728       132.9252      -1.303984    
   117.2255       132.3031      -1.339317    
   122.1606       131.5553      -1.757332    
   127.1186       130.9726      -2.560814    
   132.1048       130.6451      -2.552535    
   137.1018       130.5054      -2.761311    
   142.1004       130.5490      -2.836213    
   147.0855       130.8647      -2.622831    
   152.0289       131.5372      -1.630383    
   156.9416       132.4034      -1.343368    
   161.8866       133.0527     -0.9839746    
   166.8759       133.3003      -1.032340    
   171.8755       133.3063      -1.254296    
   176.8751       133.2510      -1.294964    
   181.8749       133.2236      -1.119501    
   186.8749       133.2227      -1.189887    
   191.8749       133.2231      -1.195230    
   196.8749       133.2231      -1.069431    
   201.8749       133.2231     -0.9849228    
   206.8749       133.2229      -1.108555    
   211.8749       133.2252     -0.9993497    
   216.8748       133.2477      -1.066246    
   221.8745       133.3052      -1.159254    
   226.8739       133.3724     -0.9008018    
   231.8736       133.3753      -1.328123    
   236.8703       133.2322      -1.168898    
   241.8605       132.9470      -1.410088    
   246.8531       132.7215      -1.434634    
   251.8497       132.7738      -1.318373    
   256.8403       133.0529     -0.9872828    
   261.8292       133.3618      -1.195129    
   266.8226       133.5959      -1.024385    
   271.8200       133.7377      -1.006801    
   276.8195       133.7825     -0.9571999    
   281.8193       133.7548      -1.041431    
   286.8188       133.6900      -1.046627    
   291.8181       133.6082     -0.9895713    
   296.8170       133.5132      -1.022887    
   301.8156       133.4008      -1.374706    
   306.8141       133.2925      -1.335855    
   311.8136       133.2536      -1.403621    
   316.8123       133.1856      -1.010787    
   321.7794       132.7410     -0.8895380    
   326.7076       131.9564      -1.208118    
   331.6619       131.6910      -1.345620    
   336.6017       132.3271      -1.535682    
   341.4941       133.2876      -1.765401    
   346.3997       134.1857      -1.400861    
   351.3318       134.9460      -1.732353    
   356.3008       135.4228      -1.515963    
   361.2956       135.6176      -1.723929    
   366.2939       135.7384      -2.263822    
   371.2916       135.8799      -2.371689    
   376.2886       136.0407      -2.262560    
   381.2849       136.2204      -2.091900    
   386.2799       136.4265      -1.906725    
   391.2732       136.6677      -1.769527    
   396.2645       136.9411      -1.745305    
   401.2549       137.2291      -2.097638    
   406.2462       137.5027      -2.509309    
   411.2407       137.7180      -2.660749    
   416.2387       137.8369      -2.575030    
   421.2385       137.8724      -2.688857    
   426.2385       137.8761      -2.769247    
   431.2385       137.8917      -2.810959    
   436.2343       138.0394      -2.583425    
   441.2233       138.3456      -2.663250    
   446.2118       138.6598      -2.779045    
   451.2035       138.9268      -2.751692    
   456.1937       139.2159      -2.931602    
   461.1783       139.5782      -3.035718    
   466.1624       139.9491      -3.075447    
   471.1551       140.1694      -3.272058    
   476.1545       140.2207      -3.531322    
   481.8401       140.2231      -3.635880    
   489.3643       140.2231      -3.770965    
   507.4286       140.2231      -3.475521    
  -33.77417       128.3538      -3.369954    
  -15.70986       128.3538      -3.591256    
  -8.185690       128.3538      -3.336937    
  -2.500000       128.3538      -3.148510    
   2.481762       128.6251      -3.088833    
   7.434425       129.2386      -3.100209    
   12.38829       129.8431      -2.761543    
   17.37068       130.1537      -2.467062    
   22.36992       130.2291      -2.244003    
   27.36889       130.3151      -2.397610    
   32.36626       130.4585      -2.134004    
   37.36148       130.6536      -2.060711    
   42.35468       130.8879      -1.961042    
   47.34677       131.1408      -1.842509    
   52.33939       131.3846      -1.833237    
   57.33461       131.5780      -1.909726    
   62.33282       131.6889      -2.074864    
   67.33237       131.6924      -2.158406    
   72.33087       131.5914      -2.248436    
   77.32610       131.4005      -2.120361    
   82.31709       131.1322      -2.085741    
   87.30524       130.8228      -1.987677    
   92.29430       130.5262      -2.111869    
   97.28818       130.3116      -2.183723    
   102.2866       130.2167      -2.049113    
   107.2863       130.1709      -1.863028    
   112.2728       129.9104      -1.903099    
   117.2255       129.3089      -1.908165    
   122.1606       128.5859      -2.299875    
   127.1186       128.0226      -2.850985    
   132.1048       127.7059      -2.861347    
   137.1018       127.5708      -2.996281    
   142.1004       127.6130      -3.069161    
   147.0855       127.9183      -2.863872    
   152.0289       128.5684      -2.196414    
   156.9416       129.4059      -1.906960    
   161.8866       130.0337      -1.545214    
   166.8759       130.2731      -1.678291    
   171.8755       130.2789      -1.990806    
   176.8751       130.2254      -2.047504    
   181.8749       130.1989      -1.958807    
   186.8749       130.1980      -2.146907    
   191.8749       130.1983      -2.074867    
   196.8749       130.1983      -1.721416    
   201.8749       130.1983      -1.749497    
   206.8749       130.1982      -1.536486    
   211.8749       130.2005      -1.261388    
   216.8748       130.2222      -1.607067    
   221.8745       130.2778      -1.605942    
   226.8739       130.3428      -1.592380    
   231.8736       130.3456      -2.024791    
   236.8703       130.2072      -2.027668    
   241.8605       129.9314      -2.172709    
   246.8531       129.7134      -2.223779    
   251.8497       129.7641      -2.074842    
   256.8403       130.0339      -1.843364    
   261.8292       130.3325      -1.842233    
   266.8226       130.5588      -1.579532    
   271.8200       130.6960      -1.406991    
   276.8195       130.7393      -1.214981    
   281.8193       130.7124      -1.407492    
   286.8188       130.6498      -1.595819    
   291.8181       130.5708      -1.746313    
   296.8170       130.4788      -1.961493    
   301.8156       130.3701      -2.208694    
   306.8141       130.2655      -2.322539    
   311.8136       130.2279      -2.153389    
   316.8123       130.1622      -1.739369    
   321.7794       129.7323      -1.569574    
   326.7076       128.9738      -2.040599    
   331.6619       128.7171      -2.368526    
   336.6017       129.3322      -2.427153    
   341.4941       130.2607      -2.300272    
   346.3997       131.1291      -1.978123    
   351.3318       131.8641      -2.396973    
   356.3008       132.3251      -2.281487    
   361.2956       132.5135      -2.298135    
   366.2939       132.6302      -2.787836    
   371.2916       132.7671      -2.876687    
   376.2886       132.9225      -2.770489    
   381.2849       133.0963      -2.742852    
   386.2799       133.2955      -2.682674    
   391.2732       133.5287      -2.742343    
   396.2645       133.7930      -2.744069    
   401.2549       134.0715      -2.877668    
   406.2462       134.3360      -3.208772    
   411.2407       134.5442      -3.502477    
   416.2387       134.6591      -3.574807    
   421.2385       134.6935      -3.649693    
   426.2385       134.6971      -3.712843    
   431.2385       134.7121      -3.625918    
   436.2343       134.8550      -3.419627    
   441.2233       135.1510      -3.437344    
   446.2118       135.4547      -3.426768    
   451.2035       135.7129      -3.259999    
   456.1937       135.9924      -3.278796    
   461.1783       136.3427      -3.410972    
   466.1624       136.7012      -3.593258    
   471.1551       136.9142      -3.776017    
   476.1545       136.9639      -3.903914    
   481.8401       136.9662      -3.848463    
   489.3643       136.9662      -3.859749    
   507.4286       136.9662      -3.485716    
  -33.77417       125.1739      -3.400997    
  -15.70986       125.1739      -3.683488    
  -8.185690       125.1739      -3.550667    
  -2.500000       125.1739      -3.527640    
   2.481762       125.4352      -3.489161    
   7.434425       126.0261      -3.465039    
   12.38829       126.6083      -3.265917    
   17.37068       126.9075      -3.073586    
   22.36992       126.9801      -2.947313    
   27.36889       127.0629      -2.977861    
   32.36626       127.2010      -2.819681    
   37.36148       127.3890      -2.712885    
   42.35468       127.6146      -2.584893    
   47.34677       127.8582      -2.446479    
   52.33939       128.0931      -2.372261    
   57.33461       128.2793      -2.417483    
   62.33282       128.3861      -2.606373    
   67.33237       128.3895      -2.759777    
   72.33087       128.2923      -2.801973    
   77.32610       128.1083      -2.744414    
   82.31709       127.8499      -2.710073    
   87.30524       127.5519      -2.699221    
   92.29430       127.2662      -2.798239    
   97.28818       127.0596      -2.838665    
   102.2866       126.9681      -2.710416    
   107.2863       126.9241      -2.545761    
   112.2728       126.6731      -2.514802    
   117.2255       126.0938      -2.561281    
   122.1606       125.3975      -2.856287    
   127.1186       124.8549      -3.187504    
   132.1048       124.5499      -3.257144    
   137.1018       124.4198      -3.331906    
   142.1004       124.4603      -3.337264    
   147.0855       124.7544      -3.184234    
   152.0289       125.3806      -2.783476    
   156.9416       126.1872      -2.520238    
   161.8866       126.7919      -2.254652    
   166.8759       127.0225      -2.386342    
   171.8755       127.0280      -2.694626    
   176.8751       126.9765      -2.819872    
   181.8749       126.9510      -2.882266    
   186.8749       126.9501      -3.111822    
   191.8749       126.9505      -2.874761    
   196.8749       126.9505      -2.469413    
   201.8749       126.9505      -2.714586    
   206.8749       126.9503      -2.388630    
   211.8749       126.9525      -1.872577    
   216.8748       126.9735      -2.339137    
   221.8745       127.0270      -2.294020    
   226.8739       127.0896      -2.305032    
   231.8736       127.0923      -2.625819    
   236.8703       126.9591      -2.741490    
   241.8605       126.6934      -2.831219    
   246.8531       126.4834      -2.866764    
   251.8497       126.5322      -2.738485    
   256.8403       126.7921      -2.556177    
   261.8292       127.0797      -2.439877    
   266.8226       127.2977      -2.249390    
   271.8200       127.4297      -2.132990    
   276.8195       127.4715      -2.046760    
   281.8193       127.4456      -2.218270    
   286.8188       127.3853      -2.451181    
   291.8181       127.3092      -2.659928    
   296.8170       127.2206      -2.858912    
   301.8156       127.1160      -3.005721    
   306.8141       127.0152      -3.065379    
   311.8136       126.9790      -2.903826    
   316.8123       126.9157      -2.602140    
   321.7794       126.5017      -2.585211    
   326.7076       125.7710      -2.949765    
   331.6619       125.5238      -3.222742    
   336.6017       126.1162      -3.113505    
   341.4941       127.0106      -2.804856    
   346.3997       127.8469      -2.611609    
   351.3318       128.5549      -2.961138    
   356.3008       128.9989      -2.912776    
   361.2956       129.1804      -2.888248    
   366.2939       129.2928      -3.243926    
   371.2916       129.4245      -3.331395    
   376.2886       129.5742      -3.181257    
   381.2849       129.7417      -3.205326    
   386.2799       129.9336      -3.320469    
   391.2732       130.1582      -3.519030    
   396.2645       130.4128      -3.615247    
   401.2549       130.6809      -3.646989    
   406.2462       130.9357      -3.841436    
   411.2407       131.1362      -4.117701    
   416.2387       131.2469      -4.290610    
   421.2385       131.2800      -4.382019    
   426.2385       131.2835      -4.407634    
   431.2385       131.2979      -4.304715    
   436.2343       131.4355      -4.153479    
   441.2233       131.7207      -4.121613    
   446.2118       132.0132      -4.020930    
   451.2035       132.2618      -3.822775    
   456.1937       132.5311      -3.747424    
   461.1783       132.8684      -3.789358    
   466.1624       133.2138      -3.916773    
   471.1551       133.4189      -4.049309    
   476.1545       133.4668      -4.140339    
   481.8401       133.4690      -4.038106    
   489.3643       133.4690      -3.977880    
   507.4286       133.4690      -3.521951    
  -33.77417       121.7413      -3.458298    
  -15.70986       121.7413      -3.822104    
  -8.185690       121.7413      -3.803616    
  -2.500000       121.7413      -3.875431    
   2.481762       121.9919      -3.836278    
   7.434425       122.5584      -3.789303    
   12.38829       123.1165      -3.688171    
   17.37068       123.4034      -3.614435    
   22.36992       123.4730      -3.577131    
   27.36889       123.5524      -3.547257    
   32.36626       123.6848      -3.447544    
   37.36148       123.8650      -3.341618    
   42.35468       124.0813      -3.217688    
   47.34677       124.3148      -3.083793    
   52.33939       124.5400      -2.992492    
   57.33461       124.7186      -3.012495    
   62.33282       124.8209      -3.152070    
   67.33237       124.8242      -3.269258    
   72.33087       124.7309      -3.288505    
   77.32610       124.5546      -3.252558    
   82.31709       124.3068      -3.231541    
   87.30524       124.0211      -3.253297    
   92.29430       123.7473      -3.319685    
   97.28818       123.5492      -3.327206    
   102.2866       123.4615      -3.228252    
   107.2863       123.4193      -3.111670    
   112.2728       123.1786      -3.081650    
   117.2255       122.6232      -3.155041    
   122.1606       121.9557      -3.356170    
   127.1186       121.4355      -3.545489    
   132.1048       121.1431      -3.629899    
   137.1018       121.0183      -3.645829    
   142.1004       121.0573      -3.608669    
   147.0855       121.3392      -3.536346    
   152.0289       121.9395      -3.333418    
   156.9416       122.7128      -3.111690    
   161.8866       123.2925      -2.934165    
   166.8759       123.5135      -3.036605    
   171.8755       123.5189      -3.297695    
   176.8751       123.4696      -3.483517    
   181.8749       123.4451      -3.663870    
   186.8749       123.4443      -3.854707    
   191.8749       123.4446      -3.602083    
   196.8749       123.4446      -3.316720    
   201.8749       123.4446      -3.564129    
   206.8749       123.4444      -3.285646    
   211.8749       123.4465      -2.798483    
   216.8748       123.4666      -3.088566    
   221.8745       123.5179      -3.056434    
   226.8739       123.5779      -3.027104    
   231.8736       123.5806      -3.216534    
   236.8703       123.4528      -3.342357    
   241.8605       123.1981      -3.408655    
   246.8531       122.9968      -3.415562    
   251.8497       123.0435      -3.312036    
   256.8403       123.2927      -3.163022    
   261.8292       123.5684      -3.046649    
   266.8226       123.7774      -2.961784    
   271.8200       123.9041      -2.941595    
   276.8195       123.9441      -2.959812    
   281.8193       123.9193      -3.113602    
   286.8188       123.8614      -3.311365    
   291.8181       123.7885      -3.492886    
   296.8170       123.7036      -3.632334    
   301.8156       123.6032      -3.700168    
   306.8141       123.5066      -3.706967    
   311.8136       123.4719      -3.594957    
   316.8123       123.4112      -3.431800    
   321.7794       123.0143      -3.483001    
   326.7076       122.3138      -3.743390    
   331.6619       122.0768      -3.829647    
   336.6017       122.6448      -3.588787    
   341.4941       123.5022      -3.285217    
   346.3997       124.3040      -3.210481    
   351.3318       124.9827      -3.421969    
   356.3008       125.4084      -3.405213    
   361.2956       125.5824      -3.417608    
   366.2939       125.6901      -3.619756    
   371.2916       125.8165      -3.713130    
   376.2886       125.9600      -3.583424    
   381.2849       126.1205      -3.585029    
   386.2799       126.3045      -3.751260    
   391.2732       126.5198      -4.019058    
   396.2645       126.7639      -4.233879    
   401.2549       127.0210      -4.297037    
   406.2462       127.2653      -4.395852    
   411.2407       127.4575      -4.590271    
   416.2387       127.5636      -4.775715    
   421.2385       127.5953      -4.890949    
   426.2385       127.5986      -4.919153    
   431.2385       127.6125      -4.852860    
   436.2343       127.7445      -4.751037    
   441.2233       128.0178      -4.667719    
   446.2118       128.2982      -4.513674    
   451.2035       128.5366      -4.320666    
   456.1937       128.7948      -4.204145    
   461.1783       129.1181      -4.173123    
   466.1624       129.4493      -4.213993    
   471.1551       129.6459      -4.280403    
   476.1545       129.6918      -4.343596    
   481.8401       129.6939      -4.221330    
   489.3643       129.6939      -4.111535    
   507.4286       129.6939      -3.581043    
  -33.77417       118.0135      -3.543372    
  -15.70986       118.0135      -3.996385    
  -8.185690       118.0135      -4.062972    
  -2.500000       118.0135      -4.185274    
   2.481762       118.2522      -4.146341    
   7.434425       118.7923      -4.099789    
   12.38829       119.3243      -4.048477    
   17.37068       119.5977      -4.031687    
   22.36992       119.6640      -4.038696    
   27.36889       119.7397      -4.013583    
   32.36626       119.8660      -3.948142    
   37.36148       120.0378      -3.862044    
   42.35468       120.2439      -3.758818    
   47.34677       120.4665      -3.650030    
   52.33939       120.6811      -3.573011    
   57.33461       120.8514      -3.570336    
   62.33282       120.9489      -3.630302    
   67.33237       120.9520      -3.671930    
   72.33087       120.8632      -3.662376    
   77.32610       120.6951      -3.633859    
   82.31709       120.4589      -3.624027    
   87.30524       120.1866      -3.647027    
   92.29430       119.9255      -3.683582    
   97.28818       119.7367      -3.680939    
   102.2866       119.6531      -3.626027    
   107.2863       119.6129      -3.566082    
   112.2728       119.3835      -3.566661    
   117.2255       118.8540      -3.644221    
   122.1606       118.2177      -3.761339    
   127.1186       117.7218      -3.845786    
   132.1048       117.4431      -3.876848    
   137.1018       117.3242      -3.862068    
   142.1004       117.3613      -3.855617    
   147.0855       117.6301      -3.878371    
   152.0289       118.2023      -3.827986    
   156.9416       118.9394      -3.676154    
   161.8866       119.4921      -3.544724    
   166.8759       119.7027      -3.604284    
   171.8755       119.7078      -3.799358    
   176.8751       119.6608      -4.003746    
   181.8749       119.6375      -4.227777    
   186.8749       119.6367      -4.397249    
   191.8749       119.6370      -4.250733    
   196.8749       119.6370      -4.110138    
   201.8749       119.6370      -4.261426    
   206.8749       119.6368      -4.069994    
   211.8749       119.6388      -3.742630    
   216.8748       119.6580      -3.800911    
   221.8745       119.7069      -3.756701    
   226.8739       119.7641      -3.709348    
   231.8736       119.7666      -3.788256    
   236.8703       119.6448      -3.871951    
   241.8605       119.4020      -3.916715    
   246.8531       119.2101      -3.907029    
   251.8497       119.2547      -3.826538    
   256.8403       119.4922      -3.717760    
   261.8292       119.7551      -3.644062    
   266.8226       119.9542      -3.636152    
   271.8200       120.0750      -3.687302    
   276.8195       120.1131      -3.770805    
   281.8193       120.0895      -3.908686    
   286.8188       120.0343      -4.062809    
   291.8181       119.9648      -4.191018    
   296.8170       119.8839      -4.264313    
   301.8156       119.7882      -4.276370    
   306.8141       119.6961      -4.254152    
   311.8136       119.6630      -4.185968    
   316.8123       119.6051      -4.116220    
   321.7794       119.2268      -4.185057    
   326.7076       118.5591      -4.321848    
   331.6619       118.3332      -4.236177    
   336.6017       118.8746      -3.976942    
   341.4941       119.6919      -3.749338    
   346.3997       120.4562      -3.723475    
   351.3318       121.1031      -3.822536    
   356.3008       121.5089      -3.813081    
   361.2956       121.6748      -3.831247    
   366.2939       121.7775      -3.939541    
   371.2916       121.8979      -4.040294    
   376.2886       122.0348      -3.986409    
   381.2849       122.1877      -3.970437    
   386.2799       122.3631      -4.107198    
   391.2732       122.5684      -4.357722    
   396.2645       122.8010      -4.616697    
   401.2549       123.0461      -4.758091    
   406.2462       123.2790      -4.834670    
   411.2407       123.4621      -4.952869    
   416.2387       123.5633      -5.095876    
   421.2385       123.5935      -5.209691    
   426.2385       123.5967      -5.258156    
   431.2385       123.6100      -5.235302    
   436.2343       123.7357      -5.162363    
   441.2233       123.9963      -5.048839    
   446.2118       124.2636      -4.882468    
   451.2035       124.4909      -4.707369    
   456.1937       124.7369      -4.581009    
   461.1783       125.0452      -4.510315    
   466.1624       125.3608      -4.492794    
   471.1551       125.5482      -4.510792    
   476.1545       125.5920      -4.545946    
   481.8401       125.5940      -4.404723    
   489.3643       125.5940      -4.268154    
   507.4286       125.5940      -3.665468    
  -33.77417       113.9358      -3.654180    
  -15.70986       113.9358      -4.191912    
  -8.185690       113.9358      -4.313727    
  -2.500000       113.9358      -4.461481    
   2.481762       114.1617      -4.424096    
   7.434425       114.6728      -4.382901    
   12.38829       115.1762      -4.348031    
   17.37068       115.4350      -4.341359    
   22.36992       115.4978      -4.354398    
   27.36889       115.5694      -4.344701    
   32.36626       115.6889      -4.305004    
   37.36148       115.8514      -4.242610    
   42.35468       116.0465      -4.163704    
   47.34677       116.2571      -4.079981    
   52.33939       116.4603      -4.013223    
   57.33461       116.6214      -3.979772    
   62.33282       116.7137      -3.966123    
   67.33237       116.7167      -3.943841    
   72.33087       116.6326      -3.910614    
   77.32610       116.4735      -3.885496    
   82.31709       116.2499      -3.883940    
   87.30524       115.9922      -3.906742    
   92.29430       115.7452      -3.937222    
   97.28818       115.5665      -3.951037    
   102.2866       115.4874      -3.942953    
   107.2863       115.4493      -3.932144    
   112.2728       115.2323      -3.953645    
   117.2255       114.7313      -4.006643    
   122.1606       114.1291      -4.044331    
   127.1186       113.6599      -4.041709    
   132.1048       113.3961      -4.023324    
   137.1018       113.2836      -4.022106    
   142.1004       113.3186      -4.077333    
   147.0855       113.5730      -4.186999    
   152.0289       114.1145      -4.258088    
   156.9416       114.8120      -4.195219    
   161.8866       115.3350      -4.093301    
   166.8759       115.5344      -4.108596    
   171.8755       115.5392      -4.231739    
   176.8751       115.4947      -4.403887    
   181.8749       115.4726      -4.610040    
   186.8749       115.4719      -4.775060    
   191.8749       115.4722      -4.764991    
   196.8749       115.4722      -4.740300    
   201.8749       115.4722      -4.820065    
   206.8749       115.4720      -4.716095    
   211.8749       115.4739      -4.514434    
   216.8748       115.4921      -4.443230    
   221.8745       115.5383      -4.368970    
   226.8739       115.5924      -4.308125    
   231.8736       115.5948      -4.314973    
   236.8703       115.4796      -4.348056    
   241.8605       115.2498      -4.370223    
   246.8531       115.0682      -4.356582    
   251.8497       115.1104      -4.301131    
   256.8403       115.3352      -4.233646    
   261.8292       115.5839      -4.202889    
   266.8226       115.7724      -4.236323    
   271.8200       115.8866      -4.319667    
   276.8195       115.9228      -4.427530    
   281.8193       115.9004      -4.549600    
   286.8188       115.8482      -4.660826    
   291.8181       115.7824      -4.732519    
   296.8170       115.7058      -4.749573    
   301.8156       115.6153      -4.726523    
   306.8141       115.5281      -4.693647    
   311.8136       115.4968      -4.654672    
   316.8123       115.4420      -4.631182    
   321.7794       115.0840      -4.679328    
   326.7076       114.4521      -4.705595    
   331.6619       114.2384      -4.557529    
   336.6017       114.7507      -4.348896    
   341.4941       115.5241      -4.191276    
   346.3997       116.2474      -4.167114    
   351.3318       116.8596      -4.188998    
   356.3008       117.2437      -4.160039    
   361.2956       117.4006      -4.156491    
   366.2939       117.4977      -4.221905    
   371.2916       117.6117      -4.330083    
   376.2886       117.7412      -4.364752    
   381.2849       117.8860      -4.372174    
   386.2799       118.0519      -4.469706    
   391.2732       118.2462      -4.662442    
   396.2645       118.4663      -4.888260    
   401.2549       118.6983      -5.056021    
   406.2462       118.9186      -5.143937    
   411.2407       119.0920      -5.218103    
   416.2387       119.1877      -5.307457    
   421.2385       119.2163      -5.391240    
   426.2385       119.2194      -5.439524    
   431.2385       119.2319      -5.436605    
   436.2343       119.3509      -5.380632    
   441.2233       119.5975      -5.273745    
   446.2118       119.8504      -5.129200    
   451.2035       120.0655      -4.982817    
   456.1937       120.2983      -4.867124    
   461.1783       120.5900      -4.786582    
   466.1624       120.8887      -4.742510    
   471.1551       121.0661      -4.736110    
   476.1545       121.1075      -4.755510    
   481.8401       121.1095      -4.594816    
   489.3643       121.1095      -4.436259    
   507.4286       121.1095      -3.774650    
  -33.77417       109.4377      -3.784678    
  -15.70986       109.4377      -4.397216    
  -8.185690       109.4377      -4.550291    
  -2.500000       109.4377      -4.708333    
   2.481762       109.6495      -4.672250    
   7.434425       110.1285      -4.633147    
   12.38829       110.6005      -4.597506    
   17.37068       110.8431      -4.581697    
   22.36992       110.9020      -4.583378    
   27.36889       110.9691      -4.575032    
   32.36626       111.0811      -4.547493    
   37.36148       111.2335      -4.500597    
   42.35468       111.4164      -4.437352    
   47.34677       111.6138      -4.365048    
   52.33939       111.8043      -4.294255    
   57.33461       111.9553      -4.231707    
   62.33282       112.0418      -4.175107    
   67.33237       112.0446      -4.122874    
   72.33087       111.9657      -4.081418    
   77.32610       111.8166      -4.061140    
   82.31709       111.6071      -4.067631    
   87.30524       111.3655      -4.097274    
   92.29430       111.1339      -4.137969    
   97.28818       110.9664      -4.174959    
   102.2866       110.8923      -4.200206    
   107.2863       110.8566      -4.213985    
   112.2728       110.6531      -4.228247    
   117.2255       110.1834      -4.236790    
   122.1606       109.6189      -4.214086    
   127.1186       109.1790      -4.169814    
   132.1048       108.9318      -4.147734    
   137.1018       108.8263      -4.180626    
   142.1004       108.8592      -4.288655    
   147.0855       109.0976      -4.458849    
   152.0289       109.6052      -4.617357    
   156.9416       110.2591      -4.649607    
   161.8866       110.7494      -4.586358    
   166.8759       110.9363      -4.569598    
   171.8755       110.9408      -4.626852    
   176.8751       110.8991      -4.737921    
   181.8749       110.8784      -4.886641    
   186.8749       110.8776      -5.027476    
   191.8749       110.8779      -5.103477    
   196.8749       110.8779      -5.161086    
   201.8749       110.8779      -5.230940    
   206.8749       110.8778      -5.200730    
   211.8749       110.8796      -5.083895    
   216.8748       110.8966      -4.979652    
   221.8745       110.9400      -4.886417    
   226.8739       110.9907      -4.813158    
   231.8736       110.9929      -4.779490    
   236.8703       110.8849      -4.774990    
   241.8605       110.6695      -4.779224    
   246.8531       110.4993      -4.768152    
   251.8497       110.5388      -4.736747    
   256.8403       110.7495      -4.703694    
   261.8292       110.9827      -4.701898    
   266.8226       111.1594      -4.749167    
   271.8200       111.2665      -4.832648    
   276.8195       111.3003      -4.930625    
   281.8193       111.2794      -5.022757    
   286.8188       111.2305      -5.086954    
   291.8181       111.1687      -5.107493    
   296.8170       111.0969      -5.087330    
   301.8156       111.0121      -5.050080    
   306.8141       110.9304      -5.019411    
   311.8136       110.9010      -4.997600    
   316.8123       110.8497      -4.988363    
   321.7794       110.5141      -5.007520    
   326.7076       109.9218      -4.988473    
   331.6619       109.7214      -4.861726    
   336.6017       110.2016      -4.718379    
   341.4941       110.9267      -4.604079    
   346.3997       111.6047      -4.557849    
   351.3318       112.1786      -4.518721    
   356.3008       112.5386      -4.456659    
   361.2956       112.6857      -4.429716    
   366.2939       112.7768      -4.474083    
   371.2916       112.8837      -4.583030    
   376.2886       113.0050      -4.684483    
   381.2849       113.1407      -4.748565    
   386.2799       113.2963      -4.834191    
   391.2732       113.4784      -4.972881    
   396.2645       113.6848      -5.139010    
   401.2549       113.9022      -5.278606    
   406.2462       114.1088      -5.360326    
   411.2407       114.2713      -5.408804    
   416.2387       114.3611      -5.455095    
   421.2385       114.3878      -5.499894    
   426.2385       114.3907      -5.526882    
   431.2385       114.4025      -5.521555    
   436.2343       114.5140      -5.477620    
   441.2233       114.7451      -5.395647    
   446.2118       114.9823      -5.287314    
   451.2035       115.1839      -5.176117    
   456.1937       115.4022      -5.082953    
   461.1783       115.6756      -5.013164    
   466.1624       115.9556      -4.966539    
   471.1551       116.1219      -4.950603    
   476.1545       116.1607      -4.964701    
   481.8401       116.1625      -4.794276    
   489.3643       116.1625      -4.614414    
   507.4286       116.1625      -3.901332    
  -33.77417       104.4251      -3.930570    
  -15.70986       104.4251      -4.603414    
  -8.185690       104.4251      -4.770646    
  -2.500000       104.4251      -4.930967    
   2.481762       104.6212      -4.893851    
   7.434425       105.0646      -4.852289    
   12.38829       105.5015      -4.809797    
   17.37068       105.7260      -4.781917    
   22.36992       105.7805      -4.770447    
   27.36889       105.8427      -4.754959    
   32.36626       105.9463      -4.727470    
   37.36148       106.0873      -4.685415    
   42.35468       106.2567      -4.628487    
   47.34677       106.4394      -4.559569    
   52.33939       106.6157      -4.484180    
   57.33461       106.7555      -4.408782    
   62.33282       106.8356      -4.338931    
   67.33237       106.8381      -4.281060    
   72.33087       106.7651      -4.241683    
   77.32610       106.6271      -4.226779    
   82.31709       106.4332      -4.238520    
   87.30524       106.2096      -4.272723    
   92.29430       105.9952      -4.319465    
   97.28818       105.8402      -4.365624    
   102.2866       105.7715      -4.398665    
   107.2863       105.7385      -4.408295    
   112.2728       105.5501      -4.398554    
   117.2255       105.1154      -4.373374    
   122.1606       104.5929      -4.329637    
   127.1186       104.1857      -4.288530    
   132.1048       103.9569      -4.290576    
   137.1018       103.8593      -4.358560    
   142.1004       103.8897      -4.500789    
   147.0855       104.1104      -4.702143    
   152.0289       104.5803      -4.909160    
   156.9416       105.1855      -5.021269    
   161.8866       105.6393      -5.014055    
   166.8759       105.8122      -4.989214    
   171.8755       105.8165      -4.996650    
   176.8751       105.7778      -5.042202    
   181.8749       105.7587      -5.120406    
   186.8749       105.7580      -5.213620    
   191.8749       105.7582      -5.303661    
   196.8749       105.7583      -5.396016    
   201.8749       105.7583      -5.483037    
   206.8749       105.7581      -5.512707    
   211.8749       105.7598      -5.468309    
   216.8748       105.7755      -5.388149    
   221.8745       105.8157      -5.301373    
   226.8739       105.8626      -5.226091    
   231.8736       105.8647      -5.175306    
   236.8703       105.7647      -5.150785    
   241.8605       105.5654      -5.144054    
   246.8531       105.4078      -5.135994    
   251.8497       105.4444      -5.121686    
   256.8403       105.6394      -5.110580    
   261.8292       105.8553      -5.121146    
   266.8226       106.0188      -5.162217    
   271.8200       106.1179      -5.222729    
   276.8195       106.1492      -5.285376    
   281.8193       106.1298      -5.332052    
   286.8188       106.0846      -5.349288    
   291.8181       106.0275      -5.335199    
   296.8170       105.9610      -5.301682    
   301.8156       105.8824      -5.268061    
   306.8141       105.8068      -5.247354    
   311.8136       105.7796      -5.236930    
   316.8123       105.7321      -5.232748    
   321.7794       105.4215      -5.243429    
   326.7076       104.8732      -5.230752    
   331.6619       104.6877      -5.150348    
   336.6017       105.1322      -5.059847    
   341.4941       105.8034      -4.962545    
   346.3997       106.4309      -4.883088    
   351.3318       106.9622      -4.795664    
   356.3008       107.2954      -4.707393    
   361.2956       107.4315      -4.666939    
   366.2939       107.5159      -4.697565    
   371.2916       107.6148      -4.797013    
   376.2886       107.7271      -4.926774    
   381.2849       107.8528      -5.044422    
   386.2799       107.9968      -5.149817    
   391.2732       108.1653      -5.262466    
   396.2645       108.3564      -5.379273    
   401.2549       108.5576      -5.475576    
   406.2462       108.7488      -5.532189    
   411.2407       108.8992      -5.557618    
   416.2387       108.9823      -5.572597    
   421.2385       109.0071      -5.584458    
   426.2385       109.0098      -5.587150    
   431.2385       109.0207      -5.572619    
   436.2343       109.1239      -5.536536    
   441.2233       109.3378      -5.477893    
   446.2118       109.5574      -5.403516    
   451.2035       109.7439      -5.326815    
   456.1937       109.9460      -5.259881    
   461.1783       110.1991      -5.208481    
   466.1624       110.4583      -5.173523    
   471.1551       110.6122      -5.160138    
   476.1545       110.6481      -5.171065    
   481.8401       110.6497      -4.995350    
   489.3643       110.6497      -4.803648    
   507.4286       110.6497      -4.042227    
  -33.77417       98.76926      -4.084515    
  -15.70986       98.76926      -4.803052    
  -8.185690       98.76926      -4.974732    
  -2.500000       98.76926      -5.133116    
   2.481762       98.94752      -5.092331    
   7.434425       99.35075      -5.045325    
   12.38829       99.74802      -4.996060    
   17.37068       99.95215      -4.959275    
   22.36992       100.0017      -4.937885    
   27.36889       100.0582      -4.915025    
   32.36626       100.1525      -4.883953    
   37.36148       100.2807      -4.842080    
   42.35468       100.4347      -4.788623    
   47.34677       100.6009      -4.724730    
   52.33939       100.7612      -4.653522    
   57.33461       100.8883      -4.580883    
   62.33282       100.9611      -4.514232    
   67.33237       100.9634      -4.461218    
   72.33087       100.8971      -4.427133    
   77.32610       100.7716      -4.415418    
   82.31709       100.5952      -4.426703    
   87.30524       100.3919      -4.456768    
   92.29430       100.1970      -4.496370    
   97.28818       100.0560      -4.532408    
   102.2866       99.99355      -4.550963    
   107.2863       99.96349      -4.541659    
   112.2728       99.79222      -4.513824    
   117.2255       99.39693      -4.481025    
   122.1606       98.92178      -4.447002    
   127.1186       98.55151      -4.430358    
   132.1048       98.34343      -4.462767    
   137.1018       98.25465      -4.557697    
   142.1004       98.28233      -4.716412    
   147.0855       98.48299      -4.925025    
   152.0289       98.91029      -5.146044    
   156.9416       99.46066      -5.304412    
   161.8866       99.87329      -5.356192    
   166.8759       100.0306      -5.349755    
   171.8755       100.0344      -5.331055    
   176.8751       99.99930      -5.324830    
   181.8749       99.98188      -5.341249    
   186.8749       99.98126      -5.382161    
   191.8749       99.98149      -5.445821    
   196.8749       99.98150      -5.529358    
   201.8749       99.98149      -5.618125    
   206.8749       99.98139      -5.681000    
   211.8749       99.98287      -5.694459    
   216.8748       99.99718      -5.662830    
   221.8745       100.0337      -5.606590    
   226.8739       100.0764      -5.546262    
   231.8736       100.0783      -5.497092    
   236.8703       99.98734      -5.467325    
   241.8605       99.80609      -5.455189    
   246.8531       99.66279      -5.446599    
   251.8497       99.69608      -5.438118    
   256.8403       99.87341      -5.433109    
   261.8292       100.0697      -5.439539    
   266.8226       100.2184      -5.460250    
   271.8200       100.3085      -5.486360    
   276.8195       100.3370      -5.506764    
   281.8193       100.3194      -5.511992    
   286.8188       100.2782      -5.498960    
   291.8181       100.2263      -5.472603    
   296.8170       100.1659      -5.443352    
   301.8156       100.0944      -5.422102    
   306.8141       100.0256      -5.413525    
   311.8136       100.0009      -5.412725    
   316.8123       99.95772      -5.415319    
   321.7794       99.67523      -5.431862    
   326.7076       99.17667      -5.436113    
   331.6619       99.00801      -5.389000    
   336.6017       99.41222      -5.327140    
   341.4941       100.0225      -5.229773    
   346.3997       100.5932      -5.123796    
   351.3318       101.0763      -5.012428    
   356.3008       101.3793      -4.916764    
   361.2956       101.5031      -4.873850    
   366.2939       101.5798      -4.894634    
   371.2916       101.6697      -4.977865    
   376.2886       101.7719      -5.104255    
   381.2849       101.8861      -5.243236    
   386.2799       102.0170      -5.372674    
   391.2732       102.1703      -5.486299    
   396.2645       102.3440      -5.580551    
   401.2549       102.5270      -5.647070    
   406.2462       102.7009      -5.680023    
   411.2407       102.8377      -5.686280    
   416.2387       102.9132      -5.680061    
   421.2385       102.9358      -5.669583    
   426.2385       102.9382      -5.654857    
   431.2385       102.9481      -5.633473    
   436.2343       103.0419      -5.603229    
   441.2233       103.2365      -5.561998    
   446.2118       103.4361      -5.513787    
   451.2035       103.6058      -5.466386    
   456.1937       103.7895      -5.424339    
   461.1783       104.0197      -5.392127    
   466.1624       104.2553      -5.372363    
   471.1551       104.3953      -5.367410    
   476.1545       104.4279      -5.379579    
   481.8401       104.4295      -5.198409    
   489.3643       104.4295      -4.994041    
   507.4286       104.4295      -4.192210    
  -33.77417       92.28692      -4.238479    
  -15.70986       92.28692      -4.989982    
  -8.185690       92.28692      -5.162758    
  -2.500000       92.28692      -5.317057    
   2.481762       92.44483      -5.272100    
   7.434425       92.80198      -5.220686    
   12.38829       93.15384      -5.166445    
   17.37068       93.33465      -5.123933    
   22.36992       93.37855      -5.096007    
   27.36889       93.42858      -5.067797    
   32.36626       93.51208      -5.034568    
   37.36148       93.62569      -4.993705    
   42.35468       93.76205      -4.944748    
   47.34677       93.90923      -4.889393    
   52.33939       94.05121      -4.829675    
   57.33461       94.16380      -4.769341    
   62.33282       94.22831      -4.713854    
   67.33237       94.23037      -4.669518    
   72.33087       94.17159      -4.640655    
   77.32610       94.06042      -4.629257    
   82.31709       93.90422      -4.634853    
   87.30524       93.72411      -4.653116    
   92.29430       93.55146      -4.675545    
   97.28818       93.42661      -4.690458    
   102.2866       93.37131      -4.687106    
   107.2863       93.34469      -4.661331    
   112.2728       93.19299      -4.629324    
   117.2255       92.84286      -4.606638    
   122.1606       92.42202      -4.594321    
   127.1186       92.09407      -4.604740    
   132.1048       91.90976      -4.661384    
   137.1018       91.83113      -4.770869    
   142.1004       91.85565      -4.930772    
   147.0855       92.03337      -5.129423    
   152.0289       92.41184      -5.340412    
   156.9416       92.89931      -5.510205    
   161.8866       93.26480      -5.601254    
   166.8759       93.40413      -5.626809    
   171.8755       93.40750      -5.607943    
   176.8751       93.37640      -5.574935    
   181.8749       93.36098      -5.551269    
   186.8749       93.36044      -5.551006    
   191.8749       93.36063      -5.579760    
   196.8749       93.36064      -5.635315    
   201.8749       93.36063      -5.706176    
   206.8749       93.36054      -5.772711    
   211.8749       93.36186      -5.815497    
   216.8748       93.37454      -5.825712    
   221.8745       93.40688      -5.808055    
   226.8739       93.44470      -5.775139    
   231.8736       93.44635      -5.740845    
   236.8703       93.36582      -5.715850    
   241.8605       93.20527      -5.701961    
   246.8531       93.07835      -5.689303    
   251.8497       93.10783      -5.676738    
   256.8403       93.26490      -5.664764    
   261.8292       93.43874      -5.656170    
   266.8226       93.57047      -5.652453    
   271.8200       93.65030      -5.648637    
   276.8195       93.67554      -5.639977    
   281.8193       93.65989      -5.623658    
   286.8188       93.62345      -5.600898    
   291.8181       93.57744      -5.576728    
   296.8170       93.52392      -5.557563    
   301.8156       93.46066      -5.548305    
   306.8141       93.39973      -5.549101    
   311.8136       93.37785      -5.554637    
   316.8123       93.33959      -5.561540    
   321.7794       93.08938      -5.581305    
   326.7076       92.64779      -5.590578    
   331.6619       92.49840      -5.552909    
   336.6017       92.85643      -5.499248    
   341.4941       93.39696      -5.400813    
   346.3997       93.90244      -5.289406    
   351.3318       94.33030      -5.180013    
   356.3008       94.59869      -5.092751    
   361.2956       94.70834      -5.054775    
   366.2939       94.77627      -5.069401    
   371.2916       94.85593      -5.135728    
   376.2886       94.94642      -5.244287    
   381.2849       95.04758      -5.376525    
   386.2799       95.16358      -5.511332    
   391.2732       95.29931      -5.631471    
   396.2645       95.45317      -5.724480    
   401.2549       95.61526      -5.783069    
   406.2462       95.76926      -5.806752    
   411.2407       95.89043      -5.803802    
   416.2387       95.95733      -5.786831    
   421.2385       95.97731      -5.764846    
   426.2385       95.97943      -5.741564    
   431.2385       95.98818      -5.718159    
   436.2343       96.07135      -5.693470    
   441.2233       96.24365      -5.664908    
   446.2118       96.42047      -5.635185    
   451.2035       96.57073      -5.609032    
   456.1937       96.73344      -5.588223    
   461.1783       96.93733      -5.574634    
   466.1624       97.14609      -5.568084    
   471.1551       97.27006      -5.572675    
   476.1545       97.29897      -5.589978    
   481.8401       97.30029      -5.405473    
   489.3643       97.30029      -5.187834    
   507.4286       97.30029      -4.344820    
  -33.77417       84.70639      -4.386186    
  -15.70986       84.70639      -5.159079    
  -8.185690       84.70639      -5.333573    
  -2.500000       84.70639      -5.484910    
   2.481762       84.84047      -5.437163    
   7.434425       85.14374      -5.383603    
   12.38829       85.44250      -5.326637    
   17.37068       85.59602      -5.279866    
   22.36992       85.63330      -5.247985    
   27.36889       85.67580      -5.217176    
   32.36626       85.74669      -5.183826    
   37.36148       85.84315      -5.146462    
   42.35468       85.95895      -5.104122    
   47.34677       86.08392      -5.058573    
   52.33939       86.20448      -5.012119    
   57.33461       86.30008      -4.967085    
   62.33282       86.35486      -4.925951    
   67.33237       86.35661      -4.892070    
   72.33087       86.30669      -4.868406    
   77.32610       86.21230      -4.856197    
   82.31709       86.07966      -4.854311    
   87.30524       85.92673      -4.858443    
   92.29430       85.78013      -4.861508    
   97.28818       85.67411      -4.855252    
   102.2866       85.62716      -4.834617    
   107.2863       85.60456      -4.801637    
   112.2728       85.47575      -4.774938    
   117.2255       85.17844      -4.767266    
   122.1606       84.82110      -4.774896    
   127.1186       84.54264      -4.804656    
   132.1048       84.38613      -4.873888    
   137.1018       84.31937      -4.984708    
   142.1004       84.34019      -5.133397    
   147.0855       84.49109      -5.310760    
   152.0289       84.81246      -5.498012    
   156.9416       85.22638      -5.655931    
   161.8866       85.53673      -5.759752    
   166.8759       85.65503      -5.812972    
   171.8755       85.65790      -5.812856    
   176.8751       85.63148      -5.779669    
   181.8749       85.61840      -5.740568    
   186.8749       85.61794      -5.716021    
   191.8749       85.61810      -5.716344    
   196.8749       85.61810      -5.742713    
   201.8749       85.61810      -5.788789    
   206.8749       85.61802      -5.842824    
   211.8749       85.61914      -5.891390    
   216.8748       85.62991      -5.923889    
   221.8745       85.65736      -5.936205    
   226.8739       85.68948      -5.931224    
   231.8736       85.69088      -5.916811    
   236.8703       85.62250      -5.901910    
   241.8605       85.48617      -5.889523    
   246.8531       85.37840      -5.872876    
   251.8497       85.40344      -5.853133    
   256.8403       85.53680      -5.830323    
   261.8292       85.68442      -5.806268    
   266.8226       85.79627      -5.784093    
   271.8200       85.86406      -5.762576    
   276.8195       85.88549      -5.740768    
   281.8193       85.87220      -5.718388    
   286.8188       85.84126      -5.696774    
   291.8181       85.80219      -5.678901    
   296.8170       85.75674      -5.667958    
   301.8156       85.70303      -5.665636    
   306.8141       85.65130      -5.670208    
   311.8136       85.63272      -5.676522    
   316.8123       85.60023      -5.681655    
   321.7794       85.38776      -5.697079    
   326.7076       85.01280      -5.700245    
   331.6619       84.88596      -5.658595    
   336.6017       85.18996      -5.606441    
   341.4941       85.64894      -5.513895    
   346.3997       86.07815      -5.412780    
   351.3318       86.44146      -5.318129    
   356.3008       86.66934      -5.245032    
   361.2956       86.76245      -5.214428    
   366.2939       86.82014      -5.225749    
   371.2916       86.88777      -5.277994    
   376.2886       86.96461      -5.366421    
   381.2849       87.05051      -5.480347    
   386.2799       87.14902      -5.604964    
   391.2732       87.26426      -5.724060    
   396.2645       87.39491      -5.821696    
   401.2549       87.53254      -5.886217    
   406.2462       87.66331      -5.914310    
   411.2407       87.76619      -5.913071    
   416.2387       87.82300      -5.895231    
   421.2385       87.83997      -5.871176    
   426.2385       87.84176      -5.846975    
   431.2385       87.84920      -5.825503    
   436.2343       87.91981      -5.806443    
   441.2233       88.06612      -5.787576    
   446.2118       88.21626      -5.770094    
   451.2035       88.34385      -5.758677    
   456.1937       88.48203      -5.754097    
   461.1783       88.65514      -5.754733    
   466.1624       88.83239      -5.760908    
   471.1551       88.93765      -5.775517    
   476.1545       88.96221      -5.798840    
   481.8401       88.96335      -5.618351    
   489.3643       88.96335      -5.390101    
   507.4286       88.96335      -4.498588    
  -33.77417       75.60016      -4.523271    
  -15.70986       75.60016      -5.305837    
  -8.185690       75.60016      -5.487983    
  -2.500000       75.60016      -5.639347    
   2.481762       75.70561      -5.590693    
   7.434425       75.94414      -5.535187    
   12.38829       76.17914      -5.476232    
   17.37068       76.29989      -5.427352    
   22.36992       76.32921      -5.392977    
   27.36889       76.36263      -5.361500    
   32.36626       76.41840      -5.329743    
   37.36148       76.49427      -5.296830    
   42.35468       76.58534      -5.262383    
   47.34677       76.68364      -5.226921    
   52.33939       76.77846      -5.192695    
   57.33461       76.85366      -5.162306    
   62.33282       76.89674      -5.136352    
   67.33237       76.89812      -5.114907    
   72.33087       76.85886      -5.098324    
   77.32610       76.78461      -5.086704    
   82.31709       76.68029      -5.078139    
   87.30524       76.56001      -5.068644    
   92.29430       76.44469      -5.053828    
   97.28818       76.36131      -5.030590    
   102.2866       76.32438      -4.999648    
   107.2863       76.30660      -4.966312    
   112.2728       76.20528      -4.947344    
   117.2255       75.97144      -4.951607    
   122.1606       75.69038      -4.971289    
   127.1186       75.47135      -5.009453    
   132.1048       75.34826      -5.079496    
   137.1018       75.29574      -5.180990    
   142.1004       75.31212      -5.310236    
   147.0855       75.43081      -5.460568    
   152.0289       75.68358      -5.618591    
   156.9416       76.00915      -5.754348    
   161.8866       76.25325      -5.854393    
   166.8759       76.34630      -5.924785    
   171.8755       76.34855      -5.950370    
   176.8751       76.32778      -5.935918    
   181.8749       76.31749      -5.901855    
   186.8749       76.31712      -5.868894    
   191.8749       76.31725      -5.850609    
   196.8749       76.31725      -5.852718    
   201.8749       76.31725      -5.874722    
   206.8749       76.31718      -5.911550    
   211.8749       76.31807      -5.955255    
   216.8748       76.32654      -5.996848    
   221.8745       76.34814      -6.028602    
   226.8739       76.37340      -6.046552    
   231.8736       76.37450      -6.052113    
   236.8703       76.32071      -6.050576    
   241.8605       76.21349      -6.044219    
   246.8531       76.12872      -6.027379    
   251.8497       76.14841      -6.002739    
   256.8403       76.25331      -5.971546    
   261.8292       76.36942      -5.936707    
   266.8226       76.45739      -5.903082    
   271.8200       76.51070      -5.871958    
   276.8195       76.52757      -5.844547    
   281.8193       76.51711      -5.821405    
   286.8188       76.49277      -5.803201    
   291.8181       76.46204      -5.790905    
   296.8170       76.42630      -5.785250    
   301.8156       76.38405      -5.785709    
   306.8141       76.34336      -5.789395    
   311.8136       76.32875      -5.791413    
   316.8123       76.30320      -5.789401    
   321.7794       76.13609      -5.794151    
   326.7076       75.84116      -5.785381    
   331.6619       75.74139      -5.737648    
   336.6017       75.98050      -5.687676    
   341.4941       76.34151      -5.604432    
   346.3997       76.67910      -5.518169    
   351.3318       76.96486      -5.440782    
   356.3008       77.14410      -5.382647    
   361.2956       77.21733      -5.360411    
   366.2939       77.26270      -5.370448    
   371.2916       77.31591      -5.411283    
   376.2886       77.37634      -5.480877    
   381.2849       77.44391      -5.573808    
   386.2799       77.52139      -5.681140    
   391.2732       77.61202      -5.791101    
   396.2645       77.71479      -5.889540    
   401.2549       77.82304      -5.963333    
   406.2462       77.92590      -6.004675    
   411.2407       78.00681      -6.015206    
   416.2387       78.05150      -6.004875    
   421.2385       78.06484      -5.985044    
   426.2385       78.06626      -5.963670    
   431.2385       78.07211      -5.945321    
   436.2343       78.12765      -5.931411    
   441.2233       78.24273      -5.919016    
   446.2118       78.36082      -5.910470    
   451.2035       78.46117      -5.910450    
   456.1937       78.56985      -5.917057    
   461.1783       78.70601      -5.929204    
   466.1624       78.84543      -5.946095    
   471.1551       78.92822      -5.970068    
   476.1545       78.94754      -6.004641    
   481.8401       78.94843      -5.836277    
   489.3643       78.94843      -5.616937    
   507.4286       78.94843      -4.651930    
  -33.77417       56.32260      -4.059892    
  -15.70986       56.32260      -4.911713    
  -8.185690       56.32260      -5.106915    
  -2.500000       56.32260      -5.264662    
   2.481762       56.36747      -5.221613    
   7.434425       56.46896      -5.173125    
   12.38829       56.56895      -5.118473    
   17.37068       56.62033      -5.067170    
   22.36992       56.63280      -5.026108    
   27.36889       56.64702      -4.987894    
   32.36626       56.67075      -4.952043    
   37.36148       56.70303      -4.918294    
   42.35468       56.74178      -4.886582    
   47.34677       56.78361      -4.857458    
   52.33939       56.82395      -4.831109    
   57.33461       56.85595      -4.808594    
   62.33282       56.87428      -4.790883    
   67.33237       56.87487      -4.778153    
   72.33087       56.85816      -4.769384    
   77.32610       56.82657      -4.762105    
   82.31709       56.78218      -4.752597    
   87.30524       56.73100      -4.736686    
   92.29430       56.68194      -4.711231    
   97.28818       56.64646      -4.676160    
   102.2866       56.63075      -4.636274    
   107.2863       56.62318      -4.599104    
   112.2728       56.58007      -4.579388    
   117.2255       56.48058      -4.582577    
   122.1606       56.36099      -4.600246    
   127.1186       56.26780      -4.634998    
   132.1048       56.21542      -4.698665    
   137.1018       56.19307      -4.789144    
   142.1004       56.20005      -4.902793    
   147.0855       56.25055      -5.034907    
   152.0289       56.35809      -5.175829    
   156.9416       56.49662      -5.298882    
   161.8866       56.60048      -5.391903    
   166.8759       56.64007      -5.462442    
   171.8755       56.64103      -5.493869    
   176.8751       56.63219      -5.485657    
   181.8749       56.62782      -5.454670    
   186.8749       56.62766      -5.421702    
   191.8749       56.62771      -5.401962    
   196.8749       56.62772      -5.402973    
   201.8749       56.62771      -5.425910    
   206.8749       56.62769      -5.467211    
   211.8749       56.62806      -5.520020    
   216.8748       56.63167      -5.575633    
   221.8745       56.64086      -5.625731    
   226.8739       56.65160      -5.664147    
   231.8736       56.65207      -5.688796    
   236.8703       56.62919      -5.701514    
   241.8605       56.58356      -5.703232    
   246.8531       56.54750      -5.690708    
   251.8497       56.55588      -5.669519    
   256.8403       56.60051      -5.640115    
   261.8292       56.64991      -5.603552    
   266.8226       56.68734      -5.564567    
   271.8200       56.71003      -5.524824    
   276.8195       56.71720      -5.486020    
   281.8193       56.71275      -5.449655    
   286.8188       56.70240      -5.417036    
   291.8181       56.68932      -5.389668    
   296.8170       56.67411      -5.368745    
   301.8156       56.65614      -5.354580    
   306.8141       56.63882      -5.345541    
   311.8136       56.63261      -5.338101    
   316.8123       56.62173      -5.330091    
   321.7794       56.55063      -5.331437    
   326.7076       56.42514      -5.319796    
   331.6619       56.38269      -5.271941    
   336.6017       56.48443      -5.231451    
   341.4941       56.63803      -5.164114    
   346.3997       56.78168      -5.094870    
   351.3318       56.90327      -5.032738    
   356.3008       56.97953      -4.984354    
   361.2956       57.01069      -4.963221    
   366.2939       57.02999      -4.965623    
   371.2916       57.05263      -4.990478    
   376.2886       57.07835      -5.036923    
   381.2849       57.10709      -5.102183    
   386.2799       57.14006      -5.181007    
   391.2732       57.17862      -5.265947    
   396.2645       57.22235      -5.346979    
   401.2549       57.26841      -5.414422    
   406.2462       57.31217      -5.462090    
   411.2407       57.34660      -5.489964    
   416.2387       57.36561      -5.503720    
   421.2385       57.37129      -5.510061    
   426.2385       57.37189      -5.514292    
   431.2385       57.37438      -5.520028    
   436.2343       57.39801      -5.528459    
   441.2233       57.44698      -5.538643    
   446.2118       57.49723      -5.550684    
   451.2035       57.53992      -5.565773    
   456.1937       57.58617      -5.583430    
   461.1783       57.64410      -5.602190    
   466.1624       57.70342      -5.620116    
   471.1551       57.73865      -5.641844    
   476.1545       57.74687      -5.670776    
   481.8401       57.74725      -5.500846    
   489.3643       57.74725      -5.298084    
   507.4286       57.74725      -4.294387    
