        1545
  -33.77417       136.6885       1.855337    
  -15.70986       136.6885       1.738719    
  -8.185690       136.6885       1.666580    
  -2.500000       136.6885       1.655247    
   2.481762       136.9860       1.548367    
   7.434425       137.6588       1.405106    
   12.38829       138.3216       1.374817    
   17.37068       138.6622       1.308461    
   22.36992       138.7449       1.255099    
   27.36889       138.8391       1.280524    
   32.36626       138.9964       1.292495    
   37.36148       139.2104       1.324586    
   42.35468       139.4673       1.310241    
   47.34677       139.7446       1.344770    
   52.33939       140.0120       1.385628    
   57.33461       140.2241       1.368401    
   62.33282       140.3456       1.392734    
   67.33237       140.3495       1.434327    
   72.33087       140.2388       1.462102    
   77.32610       140.0294       1.477878    
   82.31709       139.7351       1.455354    
   87.30524       139.3958       1.447154    
   92.29430       139.0706       1.424837    
   97.28818       138.8354       1.391235    
   102.2866       138.7312       1.383402    
   107.2863       138.6811       1.442407    
   112.2728       138.3953       1.466269    
   117.2255       137.7357       1.448707    
   122.1606       136.9430       1.431547    
   127.1186       136.3252       1.467930    
   132.1048       135.9780       1.408376    
   137.1018       135.8299       1.407126    
   142.1004       135.8761       1.416753    
   147.0855       136.2108       1.507182    
   152.0289       136.9238       1.521473    
   156.9416       137.8421       1.544529    
   161.8866       138.5306       1.594743    
   166.8759       138.7930       1.570584    
   171.8755       138.7994       1.537975    
   176.8751       138.7408       1.488273    
   181.8749       138.7118       1.473792    
   186.8749       138.7108       1.470731    
   191.8749       138.7111       1.501693    
   196.8749       138.7112       1.480696    
   201.8749       138.7111       1.495667    
   206.8749       138.7109       1.459690    
   211.8749       138.7134       1.452878    
   216.8748       138.7373       1.423216    
   221.8745       138.7983       1.421926    
   226.8739       138.8695       1.415004    
   231.8736       138.8726       1.365304    
   236.8703       138.7209       1.340126    
   241.8605       138.4185       1.328182    
   246.8531       138.1794       1.368605    
   251.8497       138.2349       1.373447    
   256.8403       138.5308       1.392936    
   261.8292       138.8582       1.435920    
   266.8226       139.1064       1.462272    
   271.8200       139.2568       1.467177    
   276.8195       139.3043       1.501317    
   281.8193       139.2749       1.501838    
   286.8188       139.2062       1.494092    
   291.8181       139.1195       1.494652    
   296.8170       139.0187       1.493832    
   301.8156       138.8996       1.455805    
   306.8141       138.7848       1.476302    
   311.8136       138.7435       1.473852    
   316.8123       138.6715       1.526374    
   321.7794       138.2001       1.493957    
   326.7076       137.3683       1.590771    
   331.6619       137.0869       1.582946    
   336.6017       137.7613       1.445852    
   341.4941       138.7795       1.506506    
   346.3997       139.7317       1.610034    
   351.3318       140.5377       1.540814    
   356.3008       141.0433       1.743909    
   361.2956       141.2499       1.853283    
   366.2939       141.3779       1.914032    
   371.2916       141.5279       1.959188    
   376.2886       141.6984       1.860544    
   381.2849       141.8889       1.820658    
   386.2799       142.1075       1.638011    
   391.2732       142.3631       1.644331    
   396.2645       142.6530       1.665711    
   401.2549       142.9583       1.725073    
   406.2462       143.2484       1.622407    
   411.2407       143.4767       1.471428    
   416.2387       143.6027       1.359624    
   421.2385       143.6403       1.320023    
   426.2385       143.6443       1.429100    
   431.2385       143.6608       1.496673    
   436.2343       143.8174       1.434631    
   441.2233       144.1421       1.418209    
   446.2118       144.4751       1.469973    
   451.2035       144.7582       1.421322    
   456.1937       145.0647       1.401322    
   461.1783       145.4488       1.587648    
   466.1624       145.8420       1.594557    
   471.1551       146.0755       1.615683    
   476.1545       146.1300       1.679824    
   481.8401       146.1326       1.712104    
   489.3643       146.1326       1.789686    
   507.4286       146.1326       1.913025    
  -33.77417       134.0858       1.854700    
  -15.70986       134.0858       1.740458    
  -8.185690       134.0858       1.669884    
  -2.500000       134.0858       1.591199    
   2.481762       134.3752       1.495378    
   7.434425       135.0294       1.390090    
   12.38829       135.6740       1.358802    
   17.37068       136.0052       1.243130    
   22.36992       136.0857       1.188497    
   27.36889       136.1774       1.194535    
   32.36626       136.3303       1.238663    
   37.36148       136.5384       1.265607    
   42.35468       136.7882       1.303195    
   47.34677       137.0579       1.319098    
   52.33939       137.3180       1.279953    
   57.33461       137.5242       1.311464    
   62.33282       137.6424       1.357650    
   67.33237       137.6462       1.419698    
   72.33087       137.5385       1.385331    
   77.32610       137.3349       1.436140    
   82.31709       137.0487       1.442333    
   87.30524       136.7188       1.412634    
   92.29430       136.4025       1.353099    
   97.28818       136.1738       1.345817    
   102.2866       136.0724       1.346897    
   107.2863       136.0237       1.431842    
   112.2728       135.7457       1.433393    
   117.2255       135.1043       1.418765    
   122.1606       134.3334       1.397577    
   127.1186       133.7326       1.415189    
   132.1048       133.3949       1.407684    
   137.1018       133.2509       1.428809    
   142.1004       133.2958       1.433469    
   147.0855       133.6214       1.448183    
   152.0289       134.3147       1.473555    
   156.9416       135.2077       1.507594    
   161.8866       135.8773       1.518076    
   166.8759       136.1325       1.498975    
   171.8755       136.1387       1.457223    
   176.8751       136.0817       1.402190    
   181.8749       136.0535       1.368329    
   186.8749       136.0525       1.364300    
   191.8749       136.0529       1.375055    
   196.8749       136.0529       1.426744    
   201.8749       136.0529       1.368685    
   206.8749       136.0527       1.370247    
   211.8749       136.0551       1.368744    
   216.8748       136.0783       1.319194    
   221.8745       136.1376       1.347078    
   226.8739       136.2069       1.295152    
   231.8736       136.2099       1.323848    
   236.8703       136.0623       1.263390    
   241.8605       135.7682       1.225024    
   246.8531       135.5358       1.302502    
   251.8497       135.5898       1.266080    
   256.8403       135.8775       1.337832    
   261.8292       136.1960       1.332577    
   266.8226       136.4373       1.377128    
   271.8200       136.5835       1.440788    
   276.8195       136.6297       1.408515    
   281.8193       136.6011       1.413798    
   286.8188       136.5343       1.430487    
   291.8181       136.4500       1.427622    
   296.8170       136.3520       1.366756    
   301.8156       136.2361       1.356641    
   306.8141       136.1245       1.428842    
   311.8136       136.0844       1.328467    
   316.8123       136.0143       1.452779    
   321.7794       135.5559       1.508405    
   326.7076       134.7469       1.594168    
   331.6619       134.4733       1.473670    
   336.6017       135.1292       1.446740    
   341.4941       136.1194       1.524502    
   346.3997       137.0454       1.592886    
   351.3318       137.8293       1.624505    
   356.3008       138.3209       1.690357    
   361.2956       138.5218       1.833059    
   366.2939       138.6463       2.008821    
   371.2916       138.7922       2.023605    
   376.2886       138.9579       1.997386    
   381.2849       139.1433       1.810126    
   386.2799       139.3558       1.813177    
   391.2732       139.6044       1.634192    
   396.2645       139.8863       1.594633    
   401.2549       140.1832       1.682833    
   406.2462       140.4654       1.621741    
   411.2407       140.6873       1.503204    
   416.2387       140.8099       1.318873    
   421.2385       140.8465       1.352849    
   426.2385       140.8504       1.311732    
   431.2385       140.8664       1.401978    
   436.2343       141.0188       1.419674    
   441.2233       141.3345       1.417377    
   446.2118       141.6584       1.426127    
   451.2035       141.9337       1.429489    
   456.1937       142.2318       1.427532    
   461.1783       142.6053       1.539690    
   466.1624       142.9877       1.565358    
   471.1551       143.2148       1.598751    
   476.1545       143.2677       1.652553    
   481.8401       143.2702       1.714205    
   489.3643       143.2702       1.794411    
   507.4286       143.2702       1.913999    
  -33.77417       131.3152       1.852707    
  -15.70986       131.3152       1.745514    
  -8.185690       131.3152       1.668872    
  -2.500000       131.3152       1.591379    
   2.481762       131.5958       1.505266    
   7.434425       132.2304       1.414532    
   12.38829       132.8556       1.366883    
   17.37068       133.1768       1.286442    
   22.36992       133.2549       1.246541    
   27.36889       133.3438       1.248490    
   32.36626       133.4921       1.278796    
   37.36148       133.6940       1.294552    
   42.35468       133.9363       1.319819    
   47.34677       134.1978       1.323654    
   52.33939       134.4500       1.312189    
   57.33461       134.6501       1.337810    
   62.33282       134.7647       1.357149    
   67.33237       134.7684       1.385651    
   72.33087       134.6640       1.387070    
   77.32610       134.4664       1.432320    
   82.31709       134.1889       1.428576    
   87.30524       133.8689       1.405247    
   92.29430       133.5621       1.366738    
   97.28818       133.3403       1.363545    
   102.2866       133.2420       1.350852    
   107.2863       133.1947       1.391904    
   112.2728       132.9252       1.420376    
   117.2255       132.3031       1.422936    
   122.1606       131.5553       1.419678    
   127.1186       130.9726       1.442097    
   132.1048       130.6451       1.458088    
   137.1018       130.5054       1.478010    
   142.1004       130.5490       1.485417    
   147.0855       130.8647       1.487099    
   152.0289       131.5372       1.505971    
   156.9416       132.4034       1.515397    
   161.8866       133.0527       1.518453    
   166.8759       133.3003       1.521474    
   171.8755       133.3063       1.493126    
   176.8751       133.2510       1.467947    
   181.8749       133.2236       1.446467    
   186.8749       133.2227       1.437407    
   191.8749       133.2231       1.421780    
   196.8749       133.2231       1.442209    
   201.8749       133.2231       1.425025    
   206.8749       133.2229       1.430635    
   211.8749       133.2252       1.433158    
   216.8748       133.2477       1.409395    
   221.8745       133.3052       1.405545    
   226.8739       133.3724       1.357693    
   231.8736       133.3753       1.368711    
   236.8703       133.2322       1.344116    
   241.8605       132.9470       1.283185    
   246.8531       132.7215       1.360508    
   251.8497       132.7738       1.376202    
   256.8403       133.0529       1.401873    
   261.8292       133.3618       1.395095    
   266.8226       133.5959       1.384304    
   271.8200       133.7377       1.431615    
   276.8195       133.7825       1.416157    
   281.8193       133.7548       1.428559    
   286.8188       133.6900       1.444715    
   291.8181       133.6082       1.452487    
   296.8170       133.5132       1.426929    
   301.8156       133.4008       1.444148    
   306.8141       133.2925       1.492290    
   311.8136       133.2536       1.420744    
   316.8123       133.1856       1.475465    
   321.7794       132.7410       1.523089    
   326.7076       131.9564       1.573389    
   331.6619       131.6910       1.504385    
   336.6017       132.3271       1.514487    
   341.4941       133.2876       1.570862    
   346.3997       134.1857       1.614078    
   351.3318       134.9460       1.629457    
   356.3008       135.4228       1.626796    
   361.2956       135.6176       1.656689    
   366.2939       135.7384       1.754383    
   371.2916       135.8799       1.767727    
   376.2886       136.0407       1.616354    
   381.2849       136.2204       1.610871    
   386.2799       136.4265       1.641510    
   391.2732       136.6677       1.586587    
   396.2645       136.9411       1.559646    
   401.2549       137.2291       1.550526    
   406.2462       137.5027       1.520148    
   411.2407       137.7180       1.494288    
   416.2387       137.8369       1.415267    
   421.2385       137.8724       1.410716    
   426.2385       137.8761       1.386889    
   431.2385       137.8917       1.432239    
   436.2343       138.0394       1.449873    
   441.2233       138.3456       1.445456    
   446.2118       138.6598       1.451765    
   451.2035       138.9268       1.457741    
   456.1937       139.2159       1.472424    
   461.1783       139.5782       1.530889    
   466.1624       139.9491       1.564054    
   471.1551       140.1694       1.605905    
   476.1545       140.2207       1.661303    
   481.8401       140.2231       1.724636    
   489.3643       140.2231       1.800935    
   507.4286       140.2231       1.917391    
  -33.77417       128.3538       1.849156    
  -15.70986       128.3538       1.752265    
  -8.185690       128.3538       1.685888    
  -2.500000       128.3538       1.611835    
   2.481762       128.6251       1.535819    
   7.434425       129.2386       1.459523    
   12.38829       129.8431       1.406813    
   17.37068       130.1537       1.357572    
   22.36992       130.2291       1.330143    
   27.36889       130.3151       1.328408    
   32.36626       130.4585       1.348031    
   37.36148       130.6536       1.356772    
   42.35468       130.8879       1.372066    
   47.34677       131.1408       1.374599    
   52.33939       131.3846       1.379083    
   57.33461       131.5780       1.389615    
   62.33282       131.6889       1.401889    
   67.33237       131.6924       1.424617    
   72.33087       131.5914       1.437546    
   77.32610       131.4005       1.465487    
   82.31709       131.1322       1.469798    
   87.30524       130.8228       1.455388    
   92.29430       130.5262       1.437588    
   97.28818       130.3116       1.435067    
   102.2866       130.2167       1.429438    
   107.2863       130.1709       1.443928    
   112.2728       129.9104       1.459146    
   117.2255       129.3089       1.475937    
   122.1606       128.5859       1.489504    
   127.1186       128.0226       1.515134    
   132.1048       127.7059       1.522672    
   137.1018       127.5708       1.550246    
   142.1004       127.6130       1.563598    
   147.0855       127.9183       1.566963    
   152.0289       128.5684       1.579168    
   156.9416       129.4059       1.592219    
   161.8866       130.0337       1.599196    
   166.8759       130.2731       1.594504    
   171.8755       130.2789       1.583899    
   176.8751       130.2254       1.589120    
   181.8749       130.1989       1.585396    
   186.8749       130.1980       1.579291    
   191.8749       130.1983       1.559798    
   196.8749       130.1983       1.556241    
   201.8749       130.1983       1.548792    
   206.8749       130.1982       1.548427    
   211.8749       130.2005       1.538529    
   216.8748       130.2222       1.513435    
   221.8745       130.2778       1.490230    
   226.8739       130.3428       1.449890    
   231.8736       130.3456       1.449908    
   236.8703       130.2072       1.441618    
   241.8605       129.9314       1.432539    
   246.8531       129.7134       1.459703    
   251.8497       129.7641       1.476456    
   256.8403       130.0339       1.491897    
   261.8292       130.3325       1.484548    
   266.8226       130.5588       1.475554    
   271.8200       130.6960       1.491731    
   276.8195       130.7393       1.496481    
   281.8193       130.7124       1.513487    
   286.8188       130.6498       1.528761    
   291.8181       130.5708       1.547812    
   296.8170       130.4788       1.549053    
   301.8156       130.3701       1.567839    
   306.8141       130.2655       1.596995    
   311.8136       130.2279       1.558770    
   316.8123       130.1622       1.565707    
   321.7794       129.7323       1.591526    
   326.7076       128.9738       1.618693    
   331.6619       128.7171       1.589751    
   336.6017       129.3322       1.598808    
   341.4941       130.2607       1.636729    
   346.3997       131.1291       1.662351    
   351.3318       131.8641       1.667933    
   356.3008       132.3251       1.628096    
   361.2956       132.5135       1.604266    
   366.2939       132.6302       1.545427    
   371.2916       132.7671       1.529723    
   376.2886       132.9225       1.488697    
   381.2849       133.0963       1.544989    
   386.2799       133.2955       1.578123    
   391.2732       133.5287       1.586286    
   396.2645       133.7930       1.556958    
   401.2549       134.0715       1.542804    
   406.2462       134.3360       1.527384    
   411.2407       134.5442       1.516626    
   416.2387       134.6591       1.495652    
   421.2385       134.6935       1.494594    
   426.2385       134.6971       1.490087    
   431.2385       134.7121       1.501848    
   436.2343       134.8550       1.515536    
   441.2233       135.1510       1.508589    
   446.2118       135.4547       1.509386    
   451.2035       135.7129       1.509604    
   456.1937       135.9924       1.526842    
   461.1783       136.3427       1.563596    
   466.1624       136.7012       1.598600    
   471.1551       136.9142       1.643216    
   476.1545       136.9639       1.688914    
   481.8401       136.9662       1.747201    
   489.3643       136.9662       1.811195    
   507.4286       136.9662       1.918924    
  -33.77417       125.1739       1.847472    
  -15.70986       125.1739       1.761335    
  -8.185690       125.1739       1.699455    
  -2.500000       125.1739       1.641757    
   2.481762       125.4352       1.574805    
   7.434425       126.0261       1.513862    
   12.38829       126.6083       1.468039    
   17.37068       126.9075       1.436702    
   22.36992       126.9801       1.416156    
   27.36889       127.0629       1.416062    
   32.36626       127.2010       1.427173    
   37.36148       127.3890       1.435272    
   42.35468       127.6146       1.444564    
   47.34677       127.8582       1.451124    
   52.33939       128.0931       1.459155    
   57.33461       128.2793       1.469805    
   62.33282       128.3861       1.476465    
   67.33237       128.3895       1.493351    
   72.33087       128.2923       1.511953    
   77.32610       128.1083       1.531921    
   82.31709       127.8499       1.540952    
   87.30524       127.5519       1.538567    
   92.29430       127.2662       1.530443    
   97.28818       127.0596       1.531772    
   102.2866       126.9681       1.533322    
   107.2863       126.9241       1.540227    
   112.2728       126.6731       1.548853    
   117.2255       126.0938       1.561336    
   122.1606       125.3975       1.578462    
   127.1186       124.8549       1.601221    
   132.1048       124.5499       1.611423    
   137.1018       124.4198       1.636571    
   142.1004       124.4603       1.653542    
   147.0855       124.7544       1.660238    
   152.0289       125.3806       1.675144    
   156.9416       126.1872       1.698551    
   161.8866       126.7919       1.719486    
   166.8759       127.0225       1.714628    
   171.8755       127.0280       1.715247    
   176.8751       126.9765       1.730246    
   181.8749       126.9510       1.735625    
   186.8749       126.9501       1.733348    
   191.8749       126.9505       1.708309    
   196.8749       126.9505       1.688491    
   201.8749       126.9505       1.677518    
   206.8749       126.9503       1.669505    
   211.8749       126.9525       1.649266    
   216.8748       126.9735       1.619350    
   221.8745       127.0270       1.587478    
   226.8739       127.0896       1.553438    
   231.8736       127.0923       1.548535    
   236.8703       126.9591       1.549647    
   241.8605       126.6934       1.554224    
   246.8531       126.4834       1.559194    
   251.8497       126.5322       1.570644    
   256.8403       126.7921       1.588262    
   261.8292       127.0797       1.589539    
   266.8226       127.2977       1.586556    
   271.8200       127.4297       1.593636    
   276.8195       127.4715       1.608484    
   281.8193       127.4456       1.625723    
   286.8188       127.3853       1.641048    
   291.8181       127.3092       1.664860    
   296.8170       127.2206       1.680653    
   301.8156       127.1160       1.697612    
   306.8141       127.0152       1.716121    
   311.8136       126.9790       1.702477    
   316.8123       126.9157       1.696226    
   321.7794       126.5017       1.702875    
   326.7076       125.7710       1.715196    
   331.6619       125.5238       1.702476    
   336.6017       126.1162       1.703988    
   341.4941       127.0106       1.725565    
   346.3997       127.8469       1.736489    
   351.3318       128.5549       1.728572    
   356.3008       128.9989       1.685907    
   361.2956       129.1804       1.647978    
   366.2939       129.2928       1.594259    
   371.2916       129.4245       1.546258    
   376.2886       129.5742       1.513053    
   381.2849       129.7417       1.556293    
   386.2799       129.9336       1.596529    
   391.2732       130.1582       1.614123    
   396.2645       130.4128       1.602542    
   401.2549       130.6809       1.594226    
   406.2462       130.9357       1.585881    
   411.2407       131.1362       1.587233    
   416.2387       131.2469       1.585996    
   421.2385       131.2800       1.594270    
   426.2385       131.2835       1.589276    
   431.2385       131.2979       1.594882    
   436.2343       131.4355       1.596409    
   441.2233       131.7207       1.591528    
   446.2118       132.0132       1.586128    
   451.2035       132.2618       1.587471    
   456.1937       132.5311       1.594801    
   461.1783       132.8684       1.624311    
   466.1624       133.2138       1.645225    
   471.1551       133.4189       1.684813    
   476.1545       133.4668       1.722500    
   481.8401       133.4690       1.770995    
   489.3643       133.4690       1.823604    
   507.4286       133.4690       1.923075    
  -33.77417       121.7413       1.846929    
  -15.70986       121.7413       1.777857    
  -8.185690       121.7413       1.726269    
  -2.500000       121.7413       1.676187    
   2.481762       121.9919       1.620813    
   7.434425       122.5584       1.575539    
   12.38829       123.1165       1.534851    
   17.37068       123.4034       1.513387    
   22.36992       123.4730       1.499639    
   27.36889       123.5524       1.500891    
   32.36626       123.6848       1.508467    
   37.36148       123.8650       1.518716    
   42.35468       124.0813       1.528214    
   47.34677       124.3148       1.543279    
   52.33939       124.5400       1.550510    
   57.33461       124.7186       1.559773    
   62.33282       124.8209       1.567276    
   67.33237       124.8242       1.584646    
   72.33087       124.7309       1.606362    
   77.32610       124.5546       1.619989    
   82.31709       124.3068       1.627267    
   87.30524       124.0211       1.632218    
   92.29430       123.7473       1.629860    
   97.28818       123.5492       1.635441    
   102.2866       123.4615       1.639170    
   107.2863       123.4193       1.647781    
   112.2728       123.1786       1.654955    
   117.2255       122.6232       1.665109    
   122.1606       121.9557       1.678767    
   127.1186       121.4355       1.697020    
   132.1048       121.1431       1.713906    
   137.1018       121.0183       1.731167    
   142.1004       121.0573       1.749655    
   147.0855       121.3392       1.765325    
   152.0289       121.9395       1.788370    
   156.9416       122.7128       1.814868    
   161.8866       123.2925       1.842837    
   166.8759       123.5135       1.850907    
   171.8755       123.5189       1.859176    
   176.8751       123.4696       1.874942    
   181.8749       123.4451       1.877042    
   186.8749       123.4443       1.867559    
   191.8749       123.4446       1.844008    
   196.8749       123.4446       1.827270    
   201.8749       123.4446       1.811653    
   206.8749       123.4444       1.786358    
   211.8749       123.4465       1.751420    
   216.8748       123.4666       1.720561    
   221.8745       123.5179       1.690936    
   226.8739       123.5779       1.664119    
   231.8736       123.5806       1.653623    
   236.8703       123.4528       1.653432    
   241.8605       123.1981       1.658052    
   246.8531       122.9968       1.658544    
   251.8497       123.0435       1.667292    
   256.8403       123.2927       1.687159    
   261.8292       123.5684       1.694938    
   266.8226       123.7774       1.696612    
   271.8200       123.9041       1.703764    
   276.8195       123.9441       1.723752    
   281.8193       123.9193       1.743744    
   286.8188       123.8614       1.763425    
   291.8181       123.7885       1.787059    
   296.8170       123.7036       1.809066    
   301.8156       123.6032       1.828340    
   306.8141       123.5066       1.843794    
   311.8136       123.4719       1.843083    
   316.8123       123.4112       1.834331    
   321.7794       123.0143       1.829338    
   326.7076       122.3138       1.833546    
   331.6619       122.0768       1.827170    
   336.6017       122.6448       1.821079    
   341.4941       123.5022       1.828900    
   346.3997       124.3040       1.819261    
   351.3318       124.9827       1.798756    
   356.3008       125.4084       1.760137    
   361.2956       125.5824       1.719245    
   366.2939       125.6901       1.676496    
   371.2916       125.8165       1.628236    
   376.2886       125.9600       1.604723    
   381.2849       126.1205       1.629093    
   386.2799       126.3045       1.663624    
   391.2732       126.5198       1.682148    
   396.2645       126.7639       1.682210    
   401.2549       127.0210       1.672627    
   406.2462       127.2653       1.675400    
   411.2407       127.4575       1.680062    
   416.2387       127.5636       1.689557    
   421.2385       127.5953       1.694233    
   426.2385       127.5986       1.693158    
   431.2385       127.6125       1.691594    
   436.2343       127.7445       1.691302    
   441.2233       128.0178       1.678766    
   446.2118       128.2982       1.678102    
   451.2035       128.5366       1.668034    
   456.1937       128.7948       1.672035    
   461.1783       129.1181       1.686905    
   466.1624       129.4493       1.705885    
   471.1551       129.6459       1.735977    
   476.1545       129.6918       1.762571    
   481.8401       129.6939       1.802051    
   489.3643       129.6939       1.843473    
   507.4286       129.6939       1.926711    
  -33.77417       118.0135       1.850061    
  -15.70986       118.0135       1.799166    
  -8.185690       118.0135       1.759807    
  -2.500000       118.0135       1.715842    
   2.481762       118.2522       1.673278    
   7.434425       118.7923       1.629920    
   12.38829       119.3243       1.603287    
   17.37068       119.5977       1.588620    
   22.36992       119.6640       1.586260    
   27.36889       119.7397       1.594258    
   32.36626       119.8660       1.596567    
   37.36148       120.0378       1.606965    
   42.35468       120.2439       1.619886    
   47.34677       120.4665       1.635645    
   52.33939       120.6811       1.643130    
   57.33461       120.8514       1.657523    
   62.33282       120.9489       1.672077    
   67.33237       120.9520       1.690265    
   72.33087       120.8632       1.714150    
   77.32610       120.6951       1.724636    
   82.31709       120.4589       1.726380    
   87.30524       120.1866       1.726634    
   92.29430       119.9255       1.727641    
   97.28818       119.7367       1.738582    
   102.2866       119.6531       1.747048    
   107.2863       119.6129       1.758197    
   112.2728       119.3835       1.760752    
   117.2255       118.8540       1.768031    
   122.1606       118.2177       1.776996    
   127.1186       117.7218       1.792189    
   132.1048       117.4431       1.804290    
   137.1018       117.3242       1.823275    
   142.1004       117.3613       1.846622    
   147.0855       117.6301       1.873965    
   152.0289       118.2023       1.894323    
   156.9416       118.9394       1.928082    
   161.8866       119.4921       1.957900    
   166.8759       119.7027       1.978107    
   171.8755       119.7078       1.990660    
   176.8751       119.6608       2.010884    
   181.8749       119.6375       2.015175    
   186.8749       119.6367       2.000900    
   191.8749       119.6370       1.977933    
   196.8749       119.6370       1.954881    
   201.8749       119.6370       1.931749    
   206.8749       119.6368       1.902256    
   211.8749       119.6388       1.859486    
   216.8748       119.6580       1.823281    
   221.8745       119.7069       1.795988    
   226.8739       119.7641       1.777766    
   231.8736       119.7666       1.764832    
   236.8703       119.6448       1.758144    
   241.8605       119.4020       1.756493    
   246.8531       119.2101       1.758059    
   251.8497       119.2547       1.769501    
   256.8403       119.4922       1.783652    
   261.8292       119.7551       1.795398    
   266.8226       119.9542       1.802763    
   271.8200       120.0750       1.812400    
   276.8195       120.1131       1.831774    
   281.8193       120.0895       1.854582    
   286.8188       120.0343       1.882935    
   291.8181       119.9648       1.908209    
   296.8170       119.8839       1.931767    
   301.8156       119.7882       1.950619    
   306.8141       119.6961       1.964832    
   311.8136       119.6630       1.970209    
   316.8123       119.6051       1.961719    
   321.7794       119.2268       1.952125    
   326.7076       118.5591       1.951737    
   331.6619       118.3332       1.946898    
   336.6017       118.8746       1.936602    
   341.4941       119.6919       1.929762    
   346.3997       120.4562       1.911116    
   351.3318       121.1031       1.889305    
   356.3008       121.5089       1.852687    
   361.2956       121.6748       1.814077    
   366.2939       121.7775       1.777475    
   371.2916       121.8979       1.742867    
   376.2886       122.0348       1.719302    
   381.2849       122.1877       1.729549    
   386.2799       122.3631       1.757659    
   391.2732       122.5684       1.774672    
   396.2645       122.8010       1.779487    
   401.2549       123.0461       1.772552    
   406.2462       123.2790       1.773886    
   411.2407       123.4621       1.779587    
   416.2387       123.5633       1.792349    
   421.2385       123.5935       1.794504    
   426.2385       123.5967       1.790941    
   431.2385       123.6100       1.790576    
   436.2343       123.7357       1.778328    
   441.2233       123.9963       1.771948    
   446.2118       124.2636       1.765527    
   451.2035       124.4909       1.753027    
   456.1937       124.7369       1.745924    
   461.1783       125.0452       1.753474    
   466.1624       125.3608       1.766926    
   471.1551       125.5482       1.785951    
   476.1545       125.5920       1.806187    
   481.8401       125.5940       1.830221    
   489.3643       125.5940       1.865677    
   507.4286       125.5940       1.932517    
  -33.77417       113.9358       1.855319    
  -15.70986       113.9358       1.823557    
  -8.185690       113.9358       1.790854    
  -2.500000       113.9358       1.758368    
   2.481762       114.1617       1.723269    
   7.434425       114.6728       1.692760    
   12.38829       115.1762       1.674869    
   17.37068       115.4350       1.670225    
   22.36992       115.4978       1.677039    
   27.36889       115.5694       1.681699    
   32.36626       115.6889       1.686900    
   37.36148       115.8514       1.693701    
   42.35468       116.0465       1.707558    
   47.34677       116.2571       1.724223    
   52.33939       116.4603       1.742316    
   57.33461       116.6214       1.759021    
   62.33282       116.7137       1.779940    
   67.33237       116.7167       1.798931    
   72.33087       116.6326       1.813840    
   77.32610       116.4735       1.821112    
   82.31709       116.2499       1.824822    
   87.30524       115.9922       1.823433    
   92.29430       115.7452       1.829838    
   97.28818       115.5665       1.839741    
   102.2866       115.4874       1.849111    
   107.2863       115.4493       1.854985    
   112.2728       115.2323       1.859376    
   117.2255       114.7313       1.868919    
   122.1606       114.1291       1.878750    
   127.1186       113.6599       1.894265    
   132.1048       113.3961       1.904899    
   137.1018       113.2836       1.925271    
   142.1004       113.3186       1.949784    
   147.0855       113.5730       1.978544    
   152.0289       114.1145       2.005800    
   156.9416       114.8120       2.036713    
   161.8866       115.3350       2.059940    
   166.8759       115.5344       2.088310    
   171.8755       115.5392       2.105963    
   176.8751       115.4947       2.124398    
   181.8749       115.4726       2.127455    
   186.8749       115.4719       2.111450    
   191.8749       115.4722       2.093844    
   196.8749       115.4722       2.074191    
   201.8749       115.4722       2.045864    
   206.8749       115.4720       2.009292    
   211.8749       115.4739       1.966099    
   216.8748       115.4921       1.933418    
   221.8745       115.5383       1.908700    
   226.8739       115.5924       1.890076    
   231.8736       115.5948       1.875827    
   236.8703       115.4796       1.869012    
   241.8605       115.2498       1.864403    
   246.8531       115.0682       1.864513    
   251.8497       115.1104       1.875037    
   256.8403       115.3352       1.886624    
   261.8292       115.5839       1.898636    
   266.8226       115.7724       1.906715    
   271.8200       115.8866       1.917691    
   276.8195       115.9228       1.935325    
   281.8193       115.9004       1.958977    
   286.8188       115.8482       1.990828    
   291.8181       115.7824       2.016714    
   296.8170       115.7058       2.039348    
   301.8156       115.6153       2.055522    
   306.8141       115.5281       2.067919    
   311.8136       115.4968       2.076438    
   316.8123       115.4420       2.072878    
   321.7794       115.0840       2.063122    
   326.7076       114.4521       2.059166    
   331.6619       114.2384       2.054475    
   336.6017       114.7507       2.043171    
   341.4941       115.5241       2.030706    
   346.3997       116.2474       2.013833    
   351.3318       116.8596       1.993016    
   356.3008       117.2437       1.960724    
   361.2956       117.4006       1.925982    
   366.2939       117.4977       1.890329    
   371.2916       117.6117       1.862177    
   376.2886       117.7412       1.845962    
   381.2849       117.8860       1.843970    
   386.2799       118.0519       1.858979    
   391.2732       118.2462       1.870517    
   396.2645       118.4663       1.880585    
   401.2549       118.6983       1.882817    
   406.2462       118.9186       1.882186    
   411.2407       119.0920       1.883838    
   416.2387       119.1877       1.892022    
   421.2385       119.2163       1.887849    
   426.2385       119.2194       1.893682    
   431.2385       119.2319       1.881852    
   436.2343       119.3509       1.871225    
   441.2233       119.5975       1.855453    
   446.2118       119.8504       1.844150    
   451.2035       120.0655       1.826115    
   456.1937       120.2983       1.816162    
   461.1783       120.5900       1.811904    
   466.1624       120.8887       1.815618    
   471.1551       121.0661       1.828751    
   476.1545       121.1075       1.840736    
   481.8401       121.1095       1.864856    
   489.3643       121.1095       1.890614    
   507.4286       121.1095       1.939579    
  -33.77417       109.4377       1.865471    
  -15.70986       109.4377       1.844210    
  -8.185690       109.4377       1.820379    
  -2.500000       109.4377       1.799366    
   2.481762       109.6495       1.780462    
   7.434425       110.1285       1.759975    
   12.38829       110.6005       1.755634    
   17.37068       110.8431       1.753630    
   22.36992       110.9020       1.760289    
   27.36889       110.9691       1.767570    
   32.36626       111.0811       1.771200    
   37.36148       111.2335       1.782138    
   42.35468       111.4164       1.797961    
   47.34677       111.6138       1.815595    
   52.33939       111.8043       1.836212    
   57.33461       111.9553       1.856903    
   62.33282       112.0418       1.877397    
   67.33237       112.0446       1.893520    
   72.33087       111.9657       1.905623    
   77.32610       111.8166       1.909919    
   82.31709       111.6071       1.915588    
   87.30524       111.3655       1.920212    
   92.29430       111.1339       1.926008    
   97.28818       110.9664       1.935890    
   102.2866       110.8923       1.948980    
   107.2863       110.8566       1.955611    
   112.2728       110.6531       1.962297    
   117.2255       110.1834       1.970511    
   122.1606       109.6189       1.978410    
   127.1186       109.1790       1.990901    
   132.1048       108.9318       2.005054    
   137.1018       108.8263       2.024185    
   142.1004       108.8592       2.046935    
   147.0855       109.0976       2.076455    
   152.0289       109.6052       2.107702    
   156.9416       110.2591       2.131315    
   161.8866       110.7494       2.161063    
   166.8759       110.9363       2.184542    
   171.8755       110.9408       2.196600    
   176.8751       110.8991       2.215493    
   181.8749       110.8784       2.223379    
   186.8749       110.8776       2.211526    
   191.8749       110.8779       2.192131    
   196.8749       110.8779       2.171115    
   201.8749       110.8779       2.146256    
   206.8749       110.8778       2.113049    
   211.8749       110.8796       2.071620    
   216.8748       110.8966       2.040440    
   221.8745       110.9400       2.021535    
   226.8739       110.9907       2.004935    
   231.8736       110.9929       1.988791    
   236.8703       110.8849       1.981537    
   241.8605       110.6695       1.977820    
   246.8531       110.4993       1.978164    
   251.8497       110.5388       1.985669    
   256.8403       110.7495       1.995678    
   261.8292       110.9827       2.006844    
   266.8226       111.1594       2.016401    
   271.8200       111.2665       2.028856    
   276.8195       111.3003       2.046276    
   281.8193       111.2794       2.067159    
   286.8188       111.2305       2.094163    
   291.8181       111.1687       2.114675    
   296.8170       111.0969       2.132210    
   301.8156       111.0121       2.145797    
   306.8141       110.9304       2.158026    
   311.8136       110.9010       2.170132    
   316.8123       110.8497       2.172914    
   321.7794       110.5141       2.166548    
   326.7076       109.9218       2.159190    
   331.6619       109.7214       2.152341    
   336.6017       110.2016       2.142317    
   341.4941       110.9267       2.131416    
   346.3997       111.6047       2.117660    
   351.3318       112.1786       2.094150    
   356.3008       112.5386       2.066947    
   361.2956       112.6857       2.038903    
   366.2939       112.7768       2.008233    
   371.2916       112.8837       1.984187    
   376.2886       113.0050       1.970678    
   381.2849       113.1407       1.961617    
   386.2799       113.2963       1.968352    
   391.2732       113.4784       1.977068    
   396.2645       113.6848       1.984259    
   401.2549       113.9022       1.991092    
   406.2462       114.1088       1.989113    
   411.2407       114.2713       1.989401    
   416.2387       114.3611       1.988652    
   421.2385       114.3878       1.984666    
   426.2385       114.3907       1.979778    
   431.2385       114.4025       1.971017    
   436.2343       114.5140       1.952603    
   441.2233       114.7451       1.935702    
   446.2118       114.9823       1.911006    
   451.2035       115.1839       1.893405    
   456.1937       115.4022       1.882365    
   461.1783       115.6756       1.869742    
   466.1624       115.9556       1.871021    
   471.1551       116.1219       1.875485    
   476.1545       116.1607       1.887871    
   481.8401       116.1625       1.896378    
   489.3643       116.1625       1.914565    
   507.4286       116.1625       1.948462    
  -33.77417       104.4251       1.879019    
  -15.70986       104.4251       1.863139    
  -8.185690       104.4251       1.847847    
  -2.500000       104.4251       1.838651    
   2.481762       104.6212       1.828203    
   7.434425       105.0646       1.821737    
   12.38829       105.5015       1.822663    
   17.37068       105.7260       1.823770    
   22.36992       105.7805       1.834942    
   27.36889       105.8427       1.845320    
   32.36626       105.9463       1.858651    
   37.36148       106.0873       1.875274    
   42.35468       106.2567       1.894866    
   47.34677       106.4394       1.912352    
   52.33939       106.6157       1.935688    
   57.33461       106.7555       1.954228    
   62.33282       106.8356       1.972825    
   67.33237       106.8381       1.988494    
   72.33087       106.7651       1.999457    
   77.32610       106.6271       2.005220    
   82.31709       106.4332       2.007901    
   87.30524       106.2096       2.015970    
   92.29430       105.9952       2.024330    
   97.28818       105.8402       2.034405    
   102.2866       105.7715       2.045576    
   107.2863       105.7385       2.057481    
   112.2728       105.5501       2.067703    
   117.2255       105.1154       2.075313    
   122.1606       104.5929       2.081450    
   127.1186       104.1857       2.089749    
   132.1048       103.9569       2.109761    
   137.1018       103.8593       2.128476    
   142.1004       103.8897       2.149234    
   147.0855       104.1104       2.174704    
   152.0289       104.5803       2.200177    
   156.9416       105.1855       2.226232    
   161.8866       105.6393       2.256648    
   166.8759       105.8122       2.273591    
   171.8755       105.8165       2.286594    
   176.8751       105.7778       2.300966    
   181.8749       105.7587       2.306022    
   186.8749       105.7580       2.301217    
   191.8749       105.7582       2.287291    
   196.8749       105.7583       2.268054    
   201.8749       105.7583       2.239500    
   206.8749       105.7581       2.208060    
   211.8749       105.7598       2.178458    
   216.8748       105.7755       2.149191    
   221.8745       105.8157       2.127258    
   226.8739       105.8626       2.112397    
   231.8736       105.8647       2.101460    
   236.8703       105.7647       2.093876    
   241.8605       105.5654       2.091168    
   246.8531       105.4078       2.093997    
   251.8497       105.4444       2.099943    
   256.8403       105.6394       2.107746    
   261.8292       105.8553       2.114803    
   266.8226       106.0188       2.125717    
   271.8200       106.1179       2.142282    
   276.8195       106.1492       2.157822    
   281.8193       106.1298       2.172171    
   286.8188       106.0846       2.192459    
   291.8181       106.0275       2.211620    
   296.8170       105.9610       2.227200    
   301.8156       105.8824       2.239405    
   306.8141       105.8068       2.250578    
   311.8136       105.7796       2.262057    
   316.8123       105.7321       2.264881    
   321.7794       105.4215       2.259152    
   326.7076       104.8732       2.252896    
   331.6619       104.6877       2.243969    
   336.6017       105.1322       2.231986    
   341.4941       105.8034       2.221782    
   346.3997       106.4309       2.210280    
   351.3318       106.9622       2.190197    
   356.3008       107.2954       2.168700    
   361.2956       107.4315       2.142755    
   366.2939       107.5159       2.116439    
   371.2916       107.6148       2.097247    
   376.2886       107.7271       2.086294    
   381.2849       107.8528       2.077503    
   386.2799       107.9968       2.076594    
   391.2732       108.1653       2.078521    
   396.2645       108.3564       2.081863    
   401.2549       108.5576       2.086271    
   406.2462       108.7488       2.086475    
   411.2407       108.8992       2.079499    
   416.2387       108.9823       2.074906    
   421.2385       109.0071       2.066517    
   426.2385       109.0098       2.061181    
   431.2385       109.0207       2.043993    
   436.2343       109.1239       2.027280    
   441.2233       109.3378       2.000724    
   446.2118       109.5574       1.973403    
   451.2035       109.7439       1.958493    
   456.1937       109.9460       1.937889    
   461.1783       110.1991       1.924942    
   466.1624       110.4583       1.922323    
   471.1551       110.6122       1.930450    
   476.1545       110.6481       1.927584    
   481.8401       110.6497       1.932389    
   489.3643       110.6497       1.940694    
   507.4286       110.6497       1.958377    
  -33.77417       98.76926       1.896783    
  -15.70986       98.76926       1.883977    
  -8.185690       98.76926       1.875197    
  -2.500000       98.76926       1.870906    
   2.481762       98.94752       1.865854    
   7.434425       99.35075       1.869279    
   12.38829       99.74802       1.879341    
   17.37068       99.95215       1.890087    
   22.36992       100.0017       1.905918    
   27.36889       100.0582       1.922881    
   32.36626       100.1525       1.937974    
   37.36148       100.2807       1.957455    
   42.35468       100.4347       1.978135    
   47.34677       100.6009       1.997109    
   52.33939       100.7612       2.016647    
   57.33461       100.8883       2.039464    
   62.33282       100.9611       2.056170    
   67.33237       100.9634       2.067665    
   72.33087       100.8971       2.080805    
   77.32610       100.7716       2.090243    
   82.31709       100.5952       2.098702    
   87.30524       100.3919       2.101712    
   92.29430       100.1970       2.110447    
   97.28818       100.0560       2.125764    
   102.2866       99.99355       2.140219    
   107.2863       99.96349       2.154399    
   112.2728       99.79222       2.163985    
   117.2255       99.39693       2.168850    
   122.1606       98.92178       2.177265    
   127.1186       98.55151       2.185466    
   132.1048       98.34343       2.204028    
   137.1018       98.25465       2.221212    
   142.1004       98.28233       2.242280    
   147.0855       98.48299       2.262586    
   152.0289       98.91029       2.285297    
   156.9416       99.46066       2.312246    
   161.8866       99.87329       2.336837    
   166.8759       100.0306       2.352537    
   171.8755       100.0344       2.363908    
   176.8751       99.99930       2.370841    
   181.8749       99.98188       2.373209    
   186.8749       99.98126       2.369277    
   191.8749       99.98149       2.359208    
   196.8749       99.98150       2.342047    
   201.8749       99.98149       2.318153    
   206.8749       99.98139       2.290581    
   211.8749       99.98287       2.263970    
   216.8748       99.99718       2.242671    
   221.8745       100.0337       2.225840    
   226.8739       100.0764       2.211503    
   231.8736       100.0783       2.203518    
   236.8703       99.98734       2.197647    
   241.8605       99.80609       2.194628    
   246.8531       99.66279       2.195474    
   251.8497       99.69608       2.198925    
   256.8403       99.87341       2.208570    
   261.8292       100.0697       2.216979    
   266.8226       100.2184       2.226595    
   271.8200       100.3085       2.238565    
   276.8195       100.3370       2.253784    
   281.8193       100.3194       2.267156    
   286.8188       100.2782       2.280064    
   291.8181       100.2263       2.295049    
   296.8170       100.1659       2.309593    
   301.8156       100.0944       2.320873    
   306.8141       100.0256       2.327639    
   311.8136       100.0009       2.333178    
   316.8123       99.95772       2.336205    
   321.7794       99.67523       2.336135    
   326.7076       99.17667       2.333763    
   331.6619       99.00801       2.324876    
   336.6017       99.41222       2.312906    
   341.4941       100.0225       2.304907    
   346.3997       100.5932       2.295357    
   351.3318       101.0763       2.280283    
   356.3008       101.3793       2.262298    
   361.2956       101.5031       2.240416    
   366.2939       101.5798       2.220629    
   371.2916       101.6697       2.206788    
   376.2886       101.7719       2.196007    
   381.2849       101.8861       2.185601    
   386.2799       102.0170       2.179397    
   391.2732       102.1703       2.171375    
   396.2645       102.3440       2.164136    
   401.2549       102.5270       2.166403    
   406.2462       102.7009       2.166499    
   411.2407       102.8377       2.158427    
   416.2387       102.9132       2.146938    
   421.2385       102.9358       2.133632    
   426.2385       102.9382       2.117873    
   431.2385       102.9481       2.110147    
   436.2343       103.0419       2.086614    
   441.2233       103.2365       2.064976    
   446.2118       103.4361       2.035143    
   451.2035       103.6058       2.018117    
   456.1937       103.7895       1.992314    
   461.1783       104.0197       1.979088    
   466.1624       104.2553       1.976154    
   471.1551       104.3953       1.971188    
   476.1545       104.4279       1.964671    
   481.8401       104.4295       1.967823    
   489.3643       104.4295       1.966196    
   507.4286       104.4295       1.970292    
  -33.77417       92.28692       1.916074    
  -15.70986       92.28692       1.907765    
  -8.185690       92.28692       1.905049    
  -2.500000       92.28692       1.902432    
   2.481762       92.44483       1.905849    
   7.434425       92.80198       1.912841    
   12.38829       93.15384       1.927678    
   17.37068       93.33465       1.943884    
   22.36992       93.37855       1.964038    
   27.36889       93.42858       1.983704    
   32.36626       93.51208       2.004554    
   37.36148       93.62569       2.024800    
   42.35468       93.76205       2.044413    
   47.34677       93.90923       2.062037    
   52.33939       94.05121       2.079454    
   57.33461       94.16380       2.096955    
   62.33282       94.22831       2.114036    
   67.33237       94.23037       2.132740    
   72.33087       94.17159       2.149476    
   77.32610       94.06042       2.160681    
   82.31709       93.90422       2.172333    
   87.30524       93.72411       2.182837    
   92.29430       93.55146       2.196813    
   97.28818       93.42661       2.209551    
   102.2866       93.37131       2.223298    
   107.2863       93.34469       2.236856    
   112.2728       93.19299       2.248036    
   117.2255       92.84286       2.255402    
   122.1606       92.42202       2.267216    
   127.1186       92.09407       2.277484    
   132.1048       91.90976       2.291729    
   137.1018       91.83113       2.310281    
   142.1004       91.85565       2.328403    
   147.0855       92.03337       2.346339    
   152.0289       92.41184       2.366657    
   156.9416       92.89931       2.389914    
   161.8866       93.26480       2.411579    
   166.8759       93.40413       2.422173    
   171.8755       93.40750       2.432287    
   176.8751       93.37640       2.432578    
   181.8749       93.36098       2.433267    
   186.8749       93.36044       2.425750    
   191.8749       93.36063       2.413531    
   196.8749       93.36064       2.401411    
   201.8749       93.36063       2.380698    
   206.8749       93.36054       2.363940    
   211.8749       93.36186       2.348557    
   216.8748       93.37454       2.331270    
   221.8745       93.40688       2.323256    
   226.8739       93.44470       2.317950    
   231.8736       93.44635       2.309514    
   236.8703       93.36582       2.301083    
   241.8605       93.20527       2.299117    
   246.8531       93.07835       2.300294    
   251.8497       93.10783       2.301067    
   256.8403       93.26490       2.307373    
   261.8292       93.43874       2.316553    
   266.8226       93.57047       2.324635    
   271.8200       93.65030       2.330618    
   276.8195       93.67554       2.340876    
   281.8193       93.65989       2.353714    
   286.8188       93.62345       2.364875    
   291.8181       93.57744       2.375639    
   296.8170       93.52392       2.384645    
   301.8156       93.46066       2.391891    
   306.8141       93.39973       2.397177    
   311.8136       93.37785       2.402321    
   316.8123       93.33959       2.406313    
   321.7794       93.08938       2.407851    
   326.7076       92.64779       2.406117    
   331.6619       92.49840       2.400196    
   336.6017       92.85643       2.391369    
   341.4941       93.39696       2.381816    
   346.3997       93.90244       2.368829    
   351.3318       94.33030       2.355628    
   356.3008       94.59869       2.341936    
   361.2956       94.70834       2.325396    
   366.2939       94.77627       2.310011    
   371.2916       94.85593       2.298259    
   376.2886       94.94642       2.284963    
   381.2849       95.04758       2.270449    
   386.2799       95.16358       2.258223    
   391.2732       95.29931       2.251395    
   396.2645       95.45317       2.243800    
   401.2549       95.61526       2.236272    
   406.2462       95.76926       2.229350    
   411.2407       95.89043       2.218728    
   416.2387       95.95733       2.206343    
   421.2385       95.97731       2.188510    
   426.2385       95.97943       2.170768    
   431.2385       95.98818       2.157209    
   436.2343       96.07135       2.137472    
   441.2233       96.24365       2.112808    
   446.2118       96.42047       2.091783    
   451.2035       96.57073       2.071218    
   456.1937       96.73344       2.049385    
   461.1783       96.93733       2.034566    
   466.1624       97.14609       2.025025    
   471.1551       97.27006       2.016824    
   476.1545       97.29897       2.007747    
   481.8401       97.30029       2.005576    
   489.3643       97.30029       1.990831    
   507.4286       97.30029       1.981974    
  -33.77417       84.70639       1.936756    
  -15.70986       84.70639       1.934913    
  -8.185690       84.70639       1.932205    
  -2.500000       84.70639       1.934682    
   2.481762       84.84047       1.938115    
   7.434425       85.14374       1.948546    
   12.38829       85.44250       1.965436    
   17.37068       85.59602       1.986260    
   22.36992       85.63330       2.005759    
   27.36889       85.67580       2.026899    
   32.36626       85.74669       2.046662    
   37.36148       85.84315       2.067949    
   42.35468       85.95895       2.086402    
   47.34677       86.08392       2.103474    
   52.33939       86.20448       2.117757    
   57.33461       86.30008       2.133641    
   62.33282       86.35486       2.152274    
   67.33237       86.35661       2.173049    
   72.33087       86.30669       2.188745    
   77.32610       86.21230       2.208850    
   82.31709       86.07966       2.227035    
   87.30524       85.92673       2.243189    
   92.29430       85.78013       2.261694    
   97.28818       85.67411       2.278209    
   102.2866       85.62716       2.293515    
   107.2863       85.60456       2.309424    
   112.2728       85.47575       2.318442    
   117.2255       85.17844       2.329043    
   122.1606       84.82110       2.340879    
   127.1186       84.54264       2.355752    
   132.1048       84.38613       2.368081    
   137.1018       84.31937       2.386964    
   142.1004       84.34019       2.402646    
   147.0855       84.49109       2.419367    
   152.0289       84.81246       2.433686    
   156.9416       85.22638       2.452158    
   161.8866       85.53673       2.465950    
   166.8759       85.65503       2.475614    
   171.8755       85.65790       2.481555    
   176.8751       85.63148       2.481262    
   181.8749       85.61840       2.480702    
   186.8749       85.61794       2.469982    
   191.8749       85.61810       2.459257    
   196.8749       85.61810       2.451997    
   201.8749       85.61810       2.437062    
   206.8749       85.61802       2.424831    
   211.8749       85.61914       2.417211    
   216.8748       85.62991       2.412206    
   221.8745       85.65736       2.412539    
   226.8739       85.68948       2.408845    
   231.8736       85.69088       2.405510    
   236.8703       85.62250       2.406895    
   241.8605       85.48617       2.402925    
   246.8531       85.37840       2.398898    
   251.8497       85.40344       2.402300    
   256.8403       85.53680       2.407670    
   261.8292       85.68442       2.407433    
   266.8226       85.79627       2.408071    
   271.8200       85.86406       2.411862    
   276.8195       85.88549       2.418212    
   281.8193       85.87220       2.424780    
   286.8188       85.84126       2.433712    
   291.8181       85.80219       2.442930    
   296.8170       85.75674       2.451602    
   301.8156       85.70303       2.459716    
   306.8141       85.65130       2.463756    
   311.8136       85.63272       2.466541    
   316.8123       85.60023       2.472147    
   321.7794       85.38776       2.477372    
   326.7076       85.01280       2.475525    
   331.6619       84.88596       2.469299    
   336.6017       85.18996       2.461102    
   341.4941       85.64894       2.450600    
   346.3997       86.07815       2.437084    
   351.3318       86.44146       2.422936    
   356.3008       86.66934       2.410982    
   361.2956       86.76245       2.397763    
   366.2939       86.82014       2.381047    
   371.2916       86.88777       2.367954    
   376.2886       86.96461       2.357660    
   381.2849       87.05051       2.343856    
   386.2799       87.14902       2.328129    
   391.2732       87.26426       2.314844    
   396.2645       87.39491       2.303350    
   401.2549       87.53254       2.288867    
   406.2462       87.66331       2.276546    
   411.2407       87.76619       2.261473    
   416.2387       87.82300       2.245820    
   421.2385       87.83997       2.227534    
   426.2385       87.84176       2.212551    
   431.2385       87.84920       2.193121    
   436.2343       87.91981       2.173144    
   441.2233       88.06612       2.152957    
   446.2118       88.21626       2.136169    
   451.2035       88.34385       2.113681    
   456.1937       88.48203       2.096251    
   461.1783       88.65514       2.079256    
   466.1624       88.83239       2.066432    
   471.1551       88.93765       2.051596    
   476.1545       88.96221       2.043941    
   481.8401       88.96335       2.030318    
   489.3643       88.96335       2.016435    
   507.4286       88.96335       1.997404    
  -33.77417       75.60016       1.958694    
  -15.70986       75.60016       1.963685    
  -8.185690       75.60016       1.966976    
  -2.500000       75.60016       1.970628    
   2.481762       75.70561       1.979350    
   7.434425       75.94414       1.992140    
   12.38829       76.17914       2.007323    
   17.37068       76.29989       2.024892    
   22.36992       76.32921       2.044617    
   27.36889       76.36263       2.062990    
   32.36626       76.41840       2.083264    
   37.36148       76.49427       2.100201    
   42.35468       76.58534       2.117902    
   47.34677       76.68364       2.132613    
   52.33939       76.77846       2.150639    
   57.33461       76.85366       2.165243    
   62.33282       76.89674       2.183494    
   67.33237       76.89812       2.206270    
   72.33087       76.85886       2.224682    
   77.32610       76.78461       2.245616    
   82.31709       76.68029       2.267916    
   87.30524       76.56001       2.288825    
   92.29430       76.44469       2.309514    
   97.28818       76.36131       2.330125    
   102.2866       76.32438       2.344753    
   107.2863       76.30660       2.364021    
   112.2728       76.20528       2.376782    
   117.2255       75.97144       2.390339    
   122.1606       75.69038       2.401561    
   127.1186       75.47135       2.417736    
   132.1048       75.34826       2.433804    
   137.1018       75.29574       2.448268    
   142.1004       75.31212       2.459815    
   147.0855       75.43081       2.472233    
   152.0289       75.68358       2.484439    
   156.9416       76.00915       2.497287    
   161.8866       76.25325       2.505517    
   166.8759       76.34630       2.514531    
   171.8755       76.34855       2.518104    
   176.8751       76.32778       2.522535    
   181.8749       76.31749       2.520250    
   186.8749       76.31712       2.515154    
   191.8749       76.31725       2.506569    
   196.8749       76.31725       2.501935    
   201.8749       76.31725       2.494579    
   206.8749       76.31718       2.486978    
   211.8749       76.31807       2.487325    
   216.8748       76.32654       2.478379    
   221.8745       76.34814       2.473039    
   226.8739       76.37340       2.477309    
   231.8736       76.37450       2.476751    
   236.8703       76.32071       2.476514    
   241.8605       76.21349       2.480401    
   246.8531       76.12872       2.480362    
   251.8497       76.14841       2.479492    
   256.8403       76.25331       2.480007    
   261.8292       76.36942       2.478003    
   266.8226       76.45739       2.475110    
   271.8200       76.51070       2.475011    
   276.8195       76.52757       2.475970    
   281.8193       76.51711       2.481129    
   286.8188       76.49277       2.488839    
   291.8181       76.46204       2.497239    
   296.8170       76.42630       2.506962    
   301.8156       76.38405       2.518399    
   306.8141       76.34336       2.526266    
   311.8136       76.32875       2.531053    
   316.8123       76.30320       2.537055    
   321.7794       76.13609       2.538458    
   326.7076       75.84116       2.534825    
   331.6619       75.74139       2.530433    
   336.6017       75.98050       2.527004    
   341.4941       76.34151       2.518715    
   346.3997       76.67910       2.505367    
   351.3318       76.96486       2.491671    
   356.3008       77.14410       2.479713    
   361.2956       77.21733       2.466809    
   366.2939       77.26270       2.450935    
   371.2916       77.31591       2.433865    
   376.2886       77.37634       2.419474    
   381.2849       77.44391       2.403284    
   386.2799       77.52139       2.385579    
   391.2732       77.61202       2.371434    
   396.2645       77.71479       2.354112    
   401.2549       77.82304       2.335617    
   406.2462       77.92590       2.318116    
   411.2407       78.00681       2.298916    
   416.2387       78.05150       2.277959    
   421.2385       78.06484       2.258337    
   426.2385       78.06626       2.240199    
   431.2385       78.07211       2.221789    
   436.2343       78.12765       2.203054    
   441.2233       78.24273       2.189471    
   446.2118       78.36082       2.168431    
   451.2035       78.46117       2.149219    
   456.1937       78.56985       2.133310    
   461.1783       78.70601       2.117882    
   466.1624       78.84543       2.098748    
   471.1551       78.92822       2.083581    
   476.1545       78.94754       2.069144    
   481.8401       78.94843       2.059007    
   489.3643       78.94843       2.043441    
   507.4286       78.94843       2.008674    
  -33.77417       56.32260       1.997088    
  -15.70986       56.32260       2.020685    
  -8.185690       56.32260       2.034148    
  -2.500000       56.32260       2.049673    
   2.481762       56.36747       2.062286    
   7.434425       56.46896       2.077411    
   12.38829       56.56895       2.091624    
   17.37068       56.62033       2.106244    
   22.36992       56.63280       2.121976    
   27.36889       56.64702       2.137179    
   32.36626       56.67075       2.153318    
   37.36148       56.70303       2.168501    
   42.35468       56.74178       2.185017    
   47.34677       56.78361       2.199067    
   52.33939       56.82395       2.212519    
   57.33461       56.85595       2.227197    
   62.33282       56.87428       2.242902    
   67.33237       56.87487       2.262777    
   72.33087       56.85816       2.281749    
   77.32610       56.82657       2.302542    
   82.31709       56.78218       2.322246    
   87.30524       56.73100       2.343553    
   92.29430       56.68194       2.366539    
   97.28818       56.64646       2.392110    
   102.2866       56.63075       2.416793    
   107.2863       56.62318       2.439271    
   112.2728       56.58007       2.459662    
   117.2255       56.48058       2.478638    
   122.1606       56.36099       2.495153    
   127.1186       56.26780       2.508514    
   132.1048       56.21542       2.519827    
   137.1018       56.19307       2.530998    
   142.1004       56.20005       2.541391    
   147.0855       56.25055       2.550057    
   152.0289       56.35809       2.557579    
   156.9416       56.49662       2.563143    
   161.8866       56.60048       2.566535    
   166.8759       56.64007       2.568086    
   171.8755       56.64103       2.567789    
   176.8751       56.63219       2.567608    
   181.8749       56.62782       2.567503    
   186.8749       56.62766       2.569249    
   191.8749       56.62771       2.570104    
   196.8749       56.62772       2.569329    
   201.8749       56.62771       2.565477    
   206.8749       56.62769       2.560220    
   211.8749       56.62806       2.555947    
   216.8748       56.63167       2.552028    
   221.8745       56.64086       2.551673    
   226.8739       56.65160       2.551243    
   231.8736       56.65207       2.550014    
   236.8703       56.62919       2.551713    
   241.8605       56.58356       2.553039    
   246.8531       56.54750       2.551812    
   251.8497       56.55588       2.552528    
   256.8403       56.60051       2.554227    
   261.8292       56.64991       2.554483    
   266.8226       56.68734       2.554759    
   271.8200       56.71003       2.557103    
   276.8195       56.71720       2.560079    
   281.8193       56.71275       2.565495    
   286.8188       56.70240       2.573607    
   291.8181       56.68932       2.582722    
   296.8170       56.67411       2.591968    
   301.8156       56.65614       2.602173    
   306.8141       56.63882       2.611859    
   311.8136       56.63261       2.619380    
   316.8123       56.62173       2.624774    
   321.7794       56.55063       2.627835    
   326.7076       56.42514       2.627912    
   331.6619       56.38269       2.623696    
   336.6017       56.48443       2.615508    
   341.4941       56.63803       2.604686    
   346.3997       56.78168       2.592936    
   351.3318       56.90327       2.580948    
   356.3008       56.97953       2.568242    
   361.2956       57.01069       2.554229    
   366.2939       57.02999       2.538998    
   371.2916       57.05263       2.522251    
   376.2886       57.07835       2.504672    
   381.2849       57.10709       2.485779    
   386.2799       57.14006       2.465271    
   391.2732       57.17862       2.443612    
   396.2645       57.22235       2.420906    
   401.2549       57.26841       2.398248    
   406.2462       57.31217       2.375954    
   411.2407       57.34660       2.352125    
   416.2387       57.36561       2.327866    
   421.2385       57.37129       2.304690    
   426.2385       57.37189       2.282441    
   431.2385       57.37438       2.261625    
   436.2343       57.39801       2.243811    
   441.2233       57.44698       2.229097    
   446.2118       57.49723       2.211352    
   451.2035       57.53992       2.190611    
   456.1937       57.58617       2.170291    
   461.1783       57.64410       2.151245    
   466.1624       57.70342       2.134372    
   471.1551       57.73865       2.120169    
   476.1545       57.74687       2.107691    
   481.8401       57.74725       2.098597    
   489.3643       57.74725       2.091953    
   507.4286       57.74725       2.057839    
