        1545
  -33.77417       136.6885       1.853856    
  -15.70986       136.6885       1.598506    
  -8.185690       136.6885       1.479123    
  -2.500000       136.6885       1.530646    
   2.481762       136.9860       1.461373    
   7.434425       137.6588       1.286895    
   12.38829       138.3216       1.293456    
   17.37068       138.6622       1.270052    
   22.36992       138.7449       1.249570    
   27.36889       138.8391       1.237460    
   32.36626       138.9964       1.237711    
   37.36148       139.2104       1.226973    
   42.35468       139.4673       1.189869    
   47.34677       139.7446       1.211784    
   52.33939       140.0120       1.246827    
   57.33461       140.2241       1.221959    
   62.33282       140.3456       1.240032    
   67.33237       140.3495       1.258462    
   72.33087       140.2388       1.306027    
   77.32610       140.0294       1.290125    
   82.31709       139.7351       1.297592    
   87.30524       139.3958       1.265826    
   92.29430       139.0706       1.276382    
   97.28818       138.8354       1.272469    
   102.2866       138.7312       1.235033    
   107.2863       138.6811       1.223991    
   112.2728       138.3953       1.307865    
   117.2255       137.7357       1.266029    
   122.1606       136.9430       1.288800    
   127.1186       136.3252       1.406991    
   132.1048       135.9780       1.118430    
   137.1018       135.8299       1.120134    
   142.1004       135.8761       1.252947    
   147.0855       136.2108       1.491115    
   152.0289       136.9238       1.370803    
   156.9416       137.8421       1.431660    
   161.8866       138.5306       1.471382    
   166.8759       138.7930       1.395925    
   171.8755       138.7994       1.384971    
   176.8751       138.7408       1.412283    
   181.8749       138.7118       1.426531    
   186.8749       138.7108       1.405655    
   191.8749       138.7111       1.400577    
   196.8749       138.7112       1.421772    
   201.8749       138.7111       1.393659    
   206.8749       138.7109       1.391815    
   211.8749       138.7134       1.390076    
   216.8748       138.7373       1.359677    
   221.8745       138.7983       1.339101    
   226.8739       138.8695       1.335092    
   231.8736       138.8726       1.309864    
   236.8703       138.7209       1.273445    
   241.8605       138.4185       1.285790    
   246.8531       138.1794       1.296483    
   251.8497       138.2349       1.272930    
   256.8403       138.5308       1.250152    
   261.8292       138.8582       1.305361    
   266.8226       139.1064       1.324618    
   271.8200       139.2568       1.351007    
   276.8195       139.3043       1.398212    
   281.8193       139.2749       1.404796    
   286.8188       139.2062       1.372339    
   291.8181       139.1195       1.379071    
   296.8170       139.0187       1.394786    
   301.8156       138.8996       1.390589    
   306.8141       138.7848       1.375930    
   311.8136       138.7435       1.385698    
   316.8123       138.6715       1.340678    
   321.7794       138.2001       1.359002    
   326.7076       137.3683       1.480531    
   331.6619       137.0869       1.498783    
   336.6017       137.7613       1.395339    
   341.4941       138.7795       1.328559    
   346.3997       139.7317       1.381450    
   351.3318       140.5377       1.416009    
   356.3008       141.0433       1.425371    
   361.2956       141.2499       1.416174    
   366.2939       141.3779       1.463480    
   371.2916       141.5279       1.348830    
   376.2886       141.6984       1.333844    
   381.2849       141.8889       1.301021    
   386.2799       142.1075       1.223101    
   391.2732       142.3631       1.230233    
   396.2645       142.6530       1.252653    
   401.2549       142.9583       1.238924    
   406.2462       143.2484       1.215654    
   411.2407       143.4767       1.185007    
   416.2387       143.6027       1.177573    
   421.2385       143.6403       1.174202    
   426.2385       143.6443       1.170390    
   431.2385       143.6608       1.134503    
   436.2343       143.8174       1.128252    
   441.2233       144.1421       1.162746    
   446.2118       144.4751       1.226089    
   451.2035       144.7582       1.245140    
   456.1937       145.0647       1.235534    
   461.1783       145.4488       1.496655    
   466.1624       145.8420       1.494445    
   471.1551       146.0755       1.497820    
   476.1545       146.1300       1.558579    
   481.8401       146.1326       1.529509    
   489.3643       146.1326       1.566184    
   507.4286       146.1326       1.651119    
  -33.77417       134.0858       1.857978    
  -15.70986       134.0858       1.607673    
  -8.185690       134.0858       1.478970    
  -2.500000       134.0858       1.411803    
   2.481762       134.3752       1.334630    
   7.434425       135.0294       1.285395    
   12.38829       135.6740       1.276881    
   17.37068       136.0052       1.141108    
   22.36992       136.0857       1.111626    
   27.36889       136.1774       1.113158    
   32.36626       136.3303       1.098283    
   37.36148       136.5384       1.088479    
   42.35468       136.7882       1.133807    
   47.34677       137.0579       1.113414    
   52.33939       137.3180       1.097905    
   57.33461       137.5242       1.093357    
   62.33282       137.6424       1.142612    
   67.33237       137.6462       1.148466    
   72.33087       137.5385       1.145351    
   77.32610       137.3349       1.147416    
   82.31709       137.0487       1.095860    
   87.30524       136.7188       1.173756    
   92.29430       136.4025       1.114355    
   97.28818       136.1738       1.055174    
   102.2866       136.0724       1.086860    
   107.2863       136.0237       1.167504    
   112.2728       135.7457       1.124443    
   117.2255       135.1043       1.137331    
   122.1606       134.3334       1.124071    
   127.1186       133.7326       1.203771    
   132.1048       133.3949       1.175177    
   137.1018       133.2509       1.214230    
   142.1004       133.2958       1.303455    
   147.0855       133.6214       1.308449    
   152.0289       134.3147       1.297568    
   156.9416       135.2077       1.223521    
   161.8866       135.8773       1.246417    
   166.8759       136.1325       1.274322    
   171.8755       136.1387       1.204623    
   176.8751       136.0817       1.137483    
   181.8749       136.0535       1.113804    
   186.8749       136.0525       1.130211    
   191.8749       136.0529       1.138686    
   196.8749       136.0529       1.097816    
   201.8749       136.0529       1.164947    
   206.8749       136.0527       1.170201    
   211.8749       136.0551       1.151662    
   216.8748       136.0783       1.176329    
   221.8745       136.1376       1.238074    
   226.8739       136.2069       1.222021    
   231.8736       136.2099       1.167838    
   236.8703       136.0623       1.138832    
   241.8605       135.7682       1.054248    
   246.8531       135.5358       1.074546    
   251.8497       135.5898       1.050717    
   256.8403       135.8775       1.138081    
   261.8292       136.1960       1.069853    
   266.8226       136.4373       1.128474    
   271.8200       136.5835       1.165531    
   276.8195       136.6297       1.108960    
   281.8193       136.6011       1.112730    
   286.8188       136.5343       1.126085    
   291.8181       136.4500       1.147344    
   296.8170       136.3520       1.117788    
   301.8156       136.2361       1.121515    
   306.8141       136.1245       1.178981    
   311.8136       136.0844       1.125289    
   316.8123       136.0143       1.232558    
   321.7794       135.5559       1.258898    
   326.7076       134.7469       1.270881    
   331.6619       134.4733       1.241584    
   336.6017       135.1292       1.203894    
   341.4941       136.1194       1.264881    
   346.3997       137.0454       1.241317    
   351.3318       137.8293       1.217540    
   356.3008       138.3209       1.205005    
   361.2956       138.5218       1.217105    
   366.2939       138.6463       1.191479    
   371.2916       138.7922       1.163892    
   376.2886       138.9579       1.208894    
   381.2849       139.1433       1.194441    
   386.2799       139.3558       1.294236    
   391.2732       139.6044       1.243632    
   396.2645       139.8863       1.205567    
   401.2549       140.1832       1.229244    
   406.2462       140.4654       1.161236    
   411.2407       140.6873       1.158603    
   416.2387       140.8099       1.118867    
   421.2385       140.8465       1.098588    
   426.2385       140.8504       1.085959    
   431.2385       140.8664       1.116754    
   436.2343       141.0188       1.164261    
   441.2233       141.3345       1.166060    
   446.2118       141.6584       1.178321    
   451.2035       141.9337       1.189542    
   456.1937       142.2318       1.231411    
   461.1783       142.6053       1.387264    
   466.1624       142.9877       1.464097    
   471.1551       143.2148       1.501318    
   476.1545       143.2677       1.537243    
   481.8401       143.2702       1.537976    
   489.3643       143.2702       1.575461    
   507.4286       143.2702       1.655854    
  -33.77417       131.3152       1.866744    
  -15.70986       131.3152       1.628444    
  -8.185690       131.3152       1.503594    
  -2.500000       131.3152       1.415494    
   2.481762       131.5958       1.344449    
   7.434425       132.2304       1.285365    
   12.38829       132.8556       1.234728    
   17.37068       133.1768       1.146072    
   22.36992       133.2549       1.154298    
   27.36889       133.3438       1.176654    
   32.36626       133.4921       1.177283    
   37.36148       133.6940       1.176069    
   42.35468       133.9363       1.184676    
   47.34677       134.1978       1.135964    
   52.33939       134.4500       1.101487    
   57.33461       134.6501       1.137798    
   62.33282       134.7647       1.187382    
   67.33237       134.7684       1.170411    
   72.33087       134.6640       1.192775    
   77.32610       134.4664       1.248098    
   82.31709       134.1889       1.226357    
   87.30524       133.8689       1.233269    
   92.29430       133.5621       1.164407    
   97.28818       133.3403       1.147545    
   102.2866       133.2420       1.179393    
   107.2863       133.1947       1.178089    
   112.2728       132.9252       1.180593    
   117.2255       132.3031       1.303047    
   122.1606       131.5553       1.347272    
   127.1186       130.9726       1.372678    
   132.1048       130.6451       1.361217    
   137.1018       130.5054       1.399367    
   142.1004       130.5490       1.463955    
   147.0855       130.8647       1.466673    
   152.0289       131.5372       1.459953    
   156.9416       132.4034       1.378587    
   161.8866       133.0527       1.306868    
   166.8759       133.3003       1.346948    
   171.8755       133.3063       1.394618    
   176.8751       133.2510       1.399770    
   181.8749       133.2236       1.384431    
   186.8749       133.2227       1.385991    
   191.8749       133.2231       1.395874    
   196.8749       133.2231       1.362623    
   201.8749       133.2231       1.365005    
   206.8749       133.2229       1.353745    
   211.8749       133.2252       1.327292    
   216.8748       133.2477       1.279525    
   221.8745       133.3052       1.214604    
   226.8739       133.3724       1.104205    
   231.8736       133.3753       1.239988    
   236.8703       133.2322       1.307191    
   241.8605       132.9470       1.216550    
   246.8531       132.7215       1.257180    
   251.8497       132.7738       1.223319    
   256.8403       133.0529       1.251633    
   261.8292       133.3618       1.190158    
   266.8226       133.5959       1.248608    
   271.8200       133.7377       1.318919    
   276.8195       133.7825       1.351991    
   281.8193       133.7548       1.367094    
   286.8188       133.6900       1.348870    
   291.8181       133.6082       1.343150    
   296.8170       133.5132       1.350685    
   301.8156       133.4008       1.345907    
   306.8141       133.2925       1.343460    
   311.8136       133.2536       1.317441    
   316.8123       133.1856       1.383932    
   321.7794       132.7410       1.432982    
   326.7076       131.9564       1.466954    
   331.6619       131.6910       1.465201    
   336.6017       132.3271       1.416690    
   341.4941       133.2876       1.386564    
   346.3997       134.1857       1.347833    
   351.3318       134.9460       1.335101    
   356.3008       135.4228       1.339939    
   361.2956       135.6176       1.346195    
   366.2939       135.7384       1.336638    
   371.2916       135.8799       1.342242    
   376.2886       136.0407       1.360234    
   381.2849       136.2204       1.350974    
   386.2799       136.4265       1.437018    
   391.2732       136.6677       1.423124    
   396.2645       136.9411       1.374334    
   401.2549       137.2291       1.362118    
   406.2462       137.5027       1.289204    
   411.2407       137.7180       1.281874    
   416.2387       137.8369       1.280936    
   421.2385       137.8724       1.301531    
   426.2385       137.8761       1.320802    
   431.2385       137.8917       1.338391    
   436.2343       138.0394       1.340399    
   441.2233       138.3456       1.315850    
   446.2118       138.6598       1.280938    
   451.2035       138.9268       1.259085    
   456.1937       139.2159       1.281353    
   461.1783       139.5782       1.374664    
   466.1624       139.9491       1.453131    
   471.1551       140.1694       1.506631    
   476.1545       140.2207       1.538736    
   481.8401       140.2231       1.562855    
   489.3643       140.2231       1.595767    
   507.4286       140.2231       1.665507    
  -33.77417       128.3538       1.881049    
  -15.70986       128.3538       1.662620    
  -8.185690       128.3538       1.551382    
  -2.500000       128.3538       1.476392    
   2.481762       128.6251       1.424039    
   7.434425       129.2386       1.380514    
   12.38829       129.8431       1.338256    
   17.37068       130.1537       1.298344    
   22.36992       130.2291       1.313734    
   27.36889       130.3151       1.328523    
   32.36626       130.4585       1.326367    
   37.36148       130.6536       1.318793    
   42.35468       130.8879       1.299352    
   47.34677       131.1408       1.256882    
   52.33939       131.3846       1.248367    
   57.33461       131.5780       1.294385    
   62.33282       131.6889       1.347771    
   67.33237       131.6924       1.360291    
   72.33087       131.5914       1.400727    
   77.32610       131.4005       1.464952    
   82.31709       131.1322       1.459584    
   87.30524       130.8228       1.430561    
   92.29430       130.5262       1.366405    
   97.28818       130.3116       1.354015    
   102.2866       130.2167       1.375404    
   107.2863       130.1709       1.378903    
   112.2728       129.9104       1.426931    
   117.2255       129.3089       1.550587    
   122.1606       128.5859       1.615578    
   127.1186       128.0226       1.629161    
   132.1048       127.7059       1.617468    
   137.1018       127.5708       1.643747    
   142.1004       127.6130       1.692546    
   147.0855       127.9183       1.711155    
   152.0289       128.5684       1.702105    
   156.9416       129.4059       1.650588    
   161.8866       130.0337       1.602949    
   166.8759       130.2731       1.629632    
   171.8755       130.2789       1.698699    
   176.8751       130.2254       1.743330    
   181.8749       130.1989       1.759424    
   186.8749       130.1980       1.770344    
   191.8749       130.1983       1.777685    
   196.8749       130.1983       1.752150    
   201.8749       130.1983       1.726485    
   206.8749       130.1982       1.690130    
   211.8749       130.2005       1.624288    
   216.8748       130.2222       1.509868    
   221.8745       130.2778       1.359510    
   226.8739       130.3428       1.253538    
   231.8736       130.3456       1.438666    
   236.8703       130.2072       1.559411    
   241.8605       129.9314       1.516636    
   246.8531       129.7134       1.540376    
   251.8497       129.7641       1.519054    
   256.8403       130.0339       1.523137    
   261.8292       130.3325       1.500736    
   266.8226       130.5588       1.548087    
   271.8200       130.6960       1.621666    
   276.8195       130.7393       1.679456    
   281.8193       130.7124       1.704945    
   286.8188       130.6498       1.694982    
   291.8181       130.5708       1.683911    
   296.8170       130.4788       1.685145    
   301.8156       130.3701       1.672621    
   306.8141       130.2655       1.653368    
   311.8136       130.2279       1.644151    
   316.8123       130.1622       1.678534    
   321.7794       129.7323       1.727166    
   326.7076       128.9738       1.771878    
   331.6619       128.7171       1.772257    
   336.6017       129.3322       1.713561    
   341.4941       130.2607       1.643078    
   346.3997       131.1291       1.592900    
   351.3318       131.8641       1.580480    
   356.3008       132.3251       1.592284    
   361.2956       132.5135       1.602241    
   366.2939       132.6302       1.606819    
   371.2916       132.7671       1.611807    
   376.2886       132.9225       1.616825    
   381.2849       133.0963       1.622725    
   386.2799       133.2955       1.679753    
   391.2732       133.5287       1.687341    
   396.2645       133.7930       1.656144    
   401.2549       134.0715       1.628405    
   406.2462       134.3360       1.569830    
   411.2407       134.5442       1.553524    
   416.2387       134.6591       1.560144    
   421.2385       134.6935       1.583591    
   426.2385       134.6971       1.600381    
   431.2385       134.7121       1.597988    
   436.2343       134.8550       1.576315    
   441.2233       135.1510       1.533332    
   446.2118       135.4547       1.477810    
   451.2035       135.7129       1.430616    
   456.1937       135.9924       1.418422    
   461.1783       136.3427       1.459153    
   466.1624       136.7012       1.512949    
   471.1551       136.9142       1.553698    
   476.1545       136.9639       1.576569    
   481.8401       136.9662       1.601972    
   489.3643       136.9662       1.626981    
   507.4286       136.9662       1.681155    
  -33.77417       125.1739       1.900825    
  -15.70986       125.1739       1.708862    
  -8.185690       125.1739       1.618754    
  -2.500000       125.1739       1.563907    
   2.481762       125.4352       1.531355    
   7.434425       126.0261       1.509508    
   12.38829       126.6083       1.493993    
   17.37068       126.9075       1.484379    
   22.36992       126.9801       1.498008    
   27.36889       127.0629       1.508086    
   32.36626       127.2010       1.504807    
   37.36148       127.3890       1.492162    
   42.35468       127.6146       1.469712    
   47.34677       127.8582       1.448063    
   52.33939       128.0931       1.458775    
   57.33461       128.2793       1.506583    
   62.33282       128.3861       1.563503    
   67.33237       128.3895       1.604646    
   72.33087       128.2923       1.656813    
   77.32610       128.1083       1.708794    
   82.31709       127.8499       1.707242    
   87.30524       127.5519       1.671295    
   92.29430       127.2662       1.619726    
   97.28818       127.0596       1.604644    
   102.2866       126.9681       1.619416    
   107.2863       126.9241       1.643294    
   112.2728       126.6731       1.705533    
   117.2255       126.0938       1.803458    
   122.1606       125.3975       1.866069    
   127.1186       124.8549       1.885092    
   132.1048       124.5499       1.883483    
   137.1018       124.4198       1.903725    
   142.1004       124.4603       1.939233    
   147.0855       124.7544       1.961271    
   152.0289       125.3806       1.957609    
   156.9416       126.1872       1.934935    
   161.8866       126.7919       1.922158    
   166.8759       127.0225       1.948312    
   171.8755       127.0280       2.007190    
   176.8751       126.9765       2.060419    
   181.8749       126.9510       2.093536    
   186.8749       126.9501       2.113613    
   191.8749       126.9505       2.120756    
   196.8749       126.9505       2.100664    
   201.8749       126.9505       2.064267    
   206.8749       126.9503       2.005435    
   211.8749       126.9525       1.906529    
   216.8748       126.9735       1.758216    
   221.8745       127.0270       1.592436    
   226.8739       127.0896       1.515878    
   231.8736       127.0923       1.664662    
   236.8703       126.9591       1.790075    
   241.8605       126.6934       1.797128    
   246.8531       126.4834       1.814894    
   251.8497       126.5322       1.811016    
   256.8403       126.7921       1.815719    
   261.8292       127.0797       1.818774    
   266.8226       127.2977       1.860072    
   271.8200       127.4297       1.922095    
   276.8195       127.4715       1.975361    
   281.8193       127.4456       2.003011    
   286.8188       127.3853       2.003620    
   291.8181       127.3092       1.994314    
   296.8170       127.2206       1.986712    
   301.8156       127.1160       1.971299    
   306.8141       127.0152       1.953461    
   311.8136       126.9790       1.949131    
   316.8123       126.9157       1.970903    
   321.7794       126.5017       2.008548    
   326.7076       125.7710       2.042240    
   331.6619       125.5238       2.038080    
   336.6017       126.1162       1.984784    
   341.4941       127.0106       1.915672    
   346.3997       127.8469       1.865063    
   351.3318       128.5549       1.847078    
   356.3008       128.9989       1.852865    
   361.2956       129.1804       1.863630    
   366.2939       129.2928       1.871939    
   371.2916       129.4245       1.877117    
   376.2886       129.5742       1.883380    
   381.2849       129.7417       1.899449    
   386.2799       129.9336       1.940026    
   391.2732       130.1582       1.956719    
   396.2645       130.4128       1.943110    
   401.2549       130.6809       1.918049    
   406.2462       130.9357       1.876889    
   411.2407       131.1362       1.856858    
   416.2387       131.2469       1.856279    
   421.2385       131.2800       1.866245    
   426.2385       131.2835       1.867609    
   431.2385       131.2979       1.849842    
   436.2343       131.4355       1.814820    
   441.2233       131.7207       1.761094    
   446.2118       132.0132       1.695765    
   451.2035       132.2618       1.634544    
   456.1937       132.5311       1.598045    
   461.1783       132.8684       1.599046    
   466.1624       133.2138       1.618264    
   471.1551       133.4189       1.634472    
   476.1545       133.4668       1.643169    
   481.8401       133.4690       1.655840    
   489.3643       133.4690       1.669556    
   507.4286       133.4690       1.703286    
  -33.77417       121.7413       1.926153    
  -15.70986       121.7413       1.766319    
  -8.185690       121.7413       1.699198    
  -2.500000       121.7413       1.663501    
   2.481762       121.9919       1.648188    
   7.434425       122.5584       1.645386    
   12.38829       123.1165       1.651301    
   17.37068       123.4034       1.660920    
   22.36992       123.4730       1.676886    
   27.36889       123.5524       1.687370    
   32.36626       123.6848       1.686615    
   37.36148       123.8650       1.676794    
   42.35468       124.0813       1.663458    
   47.34677       124.3148       1.660325    
   52.33939       124.5400       1.683230    
   57.33461       124.7186       1.731412    
   62.33282       124.8209       1.789692    
   67.33237       124.8242       1.844181    
   72.33087       124.7309       1.898268    
   77.32610       124.5546       1.938990    
   82.31709       124.3068       1.939617    
   87.30524       124.0211       1.910360    
   92.29430       123.7473       1.873263    
   97.28818       123.5492       1.859773    
   102.2866       123.4615       1.872879    
   107.2863       123.4193       1.905778    
   112.2728       123.1786       1.964977    
   117.2255       122.6232       2.040526    
   122.1606       121.9557       2.095437    
   127.1186       121.4355       2.120605    
   132.1048       121.1431       2.130341    
   137.1018       121.0183       2.149892    
   142.1004       121.0573       2.175634    
   147.0855       121.3392       2.196090    
   152.0289       121.9395       2.200748    
   156.9416       122.7128       2.198429    
   161.8866       123.2925       2.206291    
   166.8759       123.5135       2.235703    
   171.8755       123.5189       2.284037    
   176.8751       123.4696       2.333256    
   181.8749       123.4451       2.370191    
   186.8749       123.4443       2.392768    
   191.8749       123.4446       2.398806    
   196.8749       123.4446       2.379393    
   201.8749       123.4446       2.334792    
   206.8749       123.4444       2.259056    
   211.8749       123.4465       2.141992    
   216.8748       123.4666       1.987844    
   221.8745       123.5179       1.839119    
   226.8739       123.5779       1.782982    
   231.8736       123.5806       1.878381    
   236.8703       123.4528       1.982873    
   241.8605       123.1981       2.020711    
   246.8531       122.9968       2.044965    
   251.8497       123.0435       2.056863    
   256.8403       123.2927       2.070591    
   261.8292       123.5684       2.087870    
   266.8226       123.7774       2.125089    
   271.8200       123.9041       2.175022    
   276.8195       123.9441       2.219409    
   281.8193       123.9193       2.245610    
   286.8188       123.8614       2.251468    
   291.8181       123.7885       2.244985    
   296.8170       123.7036       2.234509    
   301.8156       123.6032       2.220009    
   306.8141       123.5066       2.206473    
   311.8136       123.4719       2.203755    
   316.8123       123.4112       2.217452    
   321.7794       123.0143       2.241674    
   326.7076       122.3138       2.261085    
   331.6619       122.0768       2.253414    
   336.6017       122.6448       2.211447    
   341.4941       123.5022       2.156628    
   346.3997       124.3040       2.113134    
   351.3318       124.9827       2.092342    
   356.3008       125.4084       2.091252    
   361.2956       125.5824       2.098822    
   366.2939       125.6901       2.107427    
   371.2916       125.8165       2.115120    
   376.2886       125.9600       2.125968    
   381.2849       126.1205       2.146298    
   386.2799       126.3045       2.177917    
   391.2732       126.5198       2.197354    
   396.2645       126.7639       2.195496    
   401.2549       127.0210       2.178815    
   406.2462       127.2653       2.151112    
   411.2407       127.4575       2.130806    
   416.2387       127.5636       2.121687    
   421.2385       127.5953       2.117479    
   426.2385       127.5986       2.104088    
   431.2385       127.6125       2.074458    
   436.2343       127.7445       2.030030    
   441.2233       128.0178       1.970025    
   446.2118       128.2982       1.900583    
   451.2035       128.5366       1.832511    
   456.1937       128.7948       1.780571    
   461.1783       129.1181       1.753484    
   466.1624       129.4493       1.742114    
   471.1551       129.6459       1.733956    
   476.1545       129.6918       1.725920    
   481.8401       129.6939       1.722148    
   489.3643       129.6939       1.721788    
   507.4286       129.6939       1.733108    
  -33.77417       118.0135       1.957528    
  -15.70986       118.0135       1.832086    
  -8.185690       118.0135       1.786485    
  -2.500000       118.0135       1.767446    
   2.481762       118.2522       1.765318    
   7.434425       118.7923       1.775747    
   12.38829       119.3243       1.795120    
   17.37068       119.5977       1.816846    
   22.36992       119.6640       1.837784    
   27.36889       119.7397       1.852177    
   32.36626       119.8660       1.857616    
   37.36148       120.0378       1.856524    
   42.35468       120.2439       1.855703    
   47.34677       120.4665       1.866165    
   52.33939       120.6811       1.896011    
   57.33461       120.8514       1.943445    
   62.33282       120.9489       2.000051    
   67.33237       120.9520       2.056865    
   72.33087       120.8632       2.108308    
   77.32610       120.6951       2.142587    
   82.31709       120.4589       2.146950    
   87.30524       120.1866       2.128963    
   92.29430       119.9255       2.106457    
   97.28818       119.7367       2.098873    
   102.2866       119.6531       2.112593    
   107.2863       119.6129       2.145879    
   112.2728       119.3835       2.196594    
   117.2255       118.8540       2.256037    
   122.1606       118.2177       2.303810    
   127.1186       117.7218       2.332169    
   132.1048       117.4431       2.349659    
   137.1018       117.3242       2.370197    
   142.1004       117.3613       2.390371    
   147.0855       117.6301       2.409309    
   152.0289       118.2023       2.421230    
   156.9416       118.9394       2.431189    
   161.8866       119.4921       2.449335    
   166.8759       119.7027       2.480093    
   171.8755       119.7078       2.520328    
   176.8751       119.6608       2.561742    
   181.8749       119.6375       2.594771    
   186.8749       119.6367       2.613823    
   191.8749       119.6370       2.615294    
   196.8749       119.6370       2.591758    
   201.8749       119.6370       2.538962    
   206.8749       119.6368       2.452660    
   211.8749       119.6388       2.330982    
   216.8748       119.6580       2.187571    
   221.8745       119.7069       2.062988    
   226.8739       119.7641       2.015252    
   231.8736       119.7666       2.066444    
   236.8703       119.6448       2.142094    
   241.8605       119.4020       2.190162    
   246.8531       119.2101       2.223472    
   251.8497       119.2547       2.248200    
   256.8403       119.4922       2.271917    
   261.8292       119.7551       2.298312    
   266.8226       119.9542       2.334067    
   271.8200       120.0750       2.375670    
   276.8195       120.1131       2.412683    
   281.8193       120.0895       2.436565    
   286.8188       120.0343       2.444877    
   291.8181       119.9648       2.441600    
   296.8170       119.8839       2.432656    
   301.8156       119.7882       2.421128    
   306.8141       119.6961       2.411291    
   311.8136       119.6630       2.408718    
   316.8123       119.6051       2.415906    
   321.7794       119.2268       2.428765    
   326.7076       118.5591       2.437197    
   331.6619       118.3332       2.428230    
   336.6017       118.8746       2.397605    
   341.4941       119.6919       2.358091    
   346.3997       120.4562       2.324484    
   351.3318       121.1031       2.305112    
   356.3008       121.5089       2.300316    
   361.2956       121.6748       2.304569    
   366.2939       121.7775       2.312519    
   371.2916       121.8979       2.322210    
   376.2886       122.0348       2.336021    
   381.2849       122.1877       2.356762    
   386.2799       122.3631       2.382620    
   391.2732       122.5684       2.401565    
   396.2645       122.8010       2.406058    
   401.2549       123.0461       2.397118    
   406.2462       123.2790       2.378405    
   411.2407       123.4621       2.359005    
   416.2387       123.5633       2.343411    
   421.2385       123.5935       2.328128    
   426.2385       123.5967       2.303449    
   431.2385       123.6100       2.264905    
   436.2343       123.7357       2.213428    
   441.2233       123.9963       2.149841    
   446.2118       124.2636       2.079425    
   451.2035       124.4909       2.008372    
   456.1937       124.7369       1.946857    
   461.1783       125.0452       1.901600    
   466.1624       125.3608       1.868059    
   471.1551       125.5482       1.840624    
   476.1545       125.5920       1.817207    
   481.8401       125.5940       1.797406    
   489.3643       125.5940       1.782558    
   507.4286       125.5940       1.769788    
  -33.77417       113.9358       1.995297    
  -15.70986       113.9358       1.904793    
  -8.185690       113.9358       1.877295    
  -2.500000       113.9358       1.871196    
   2.481762       114.1617       1.878188    
   7.434425       114.6728       1.896610    
   12.38829       115.1762       1.923421    
   17.37068       115.4350       1.952160    
   22.36992       115.4978       1.978306    
   27.36889       115.5694       1.998473    
   32.36626       115.6889       2.011935    
   37.36148       115.8514       2.021427    
   42.35468       116.0465       2.032667    
   47.34677       116.2571       2.052901    
   52.33939       116.4603       2.086515    
   57.33461       116.6214       2.132319    
   62.33282       116.7137       2.185390    
   67.33237       116.7167       2.239269    
   72.33087       116.6326       2.286587    
   77.32610       116.4735       2.317998    
   82.31709       116.2499       2.327604    
   87.30524       115.9922       2.321540    
   92.29430       115.7452       2.312437    
   97.28818       115.5665       2.312573    
   102.2866       115.4874       2.328262    
   107.2863       115.4493       2.359088    
   112.2728       115.2323       2.400927    
   117.2255       114.7313       2.448405    
   122.1606       114.1291       2.490413    
   127.1186       113.6599       2.519967    
   132.1048       113.3961       2.541326    
   137.1018       113.2836       2.562518    
   142.1004       113.3186       2.581030    
   147.0855       113.5730       2.599717    
   152.0289       114.1145       2.616177    
   156.9416       114.8120       2.632315    
   161.8866       115.3350       2.654370    
   166.8759       115.5344       2.683544    
   171.8755       115.5392       2.716339    
   176.8751       115.4947       2.748534    
   181.8749       115.4726       2.773341    
   186.8749       115.4719       2.784679    
   191.8749       115.4722       2.778331    
   196.8749       115.4722       2.747705    
   201.8749       115.4722       2.687911    
   206.8749       115.4720       2.597463    
   211.8749       115.4739       2.480634    
   216.8748       115.4921       2.354560    
   221.8745       115.5383       2.251277    
   226.8739       115.5924       2.205663    
   231.8736       115.5948       2.225752    
   236.8703       115.4796       2.274292    
   241.8605       115.2498       2.319037    
   246.8531       115.0682       2.357009    
   251.8497       115.1104       2.390216    
   256.8403       115.3352       2.421952    
   261.8292       115.5839       2.454707    
   266.8226       115.7724       2.490798    
   271.8200       115.8866       2.527951    
   276.8195       115.9228       2.560393    
   281.8193       115.9004       2.582751    
   286.8188       115.8482       2.593020    
   291.8181       115.7824       2.593432    
   296.8170       115.7058       2.588125    
   301.8156       115.6153       2.580404    
   306.8141       115.5281       2.573608    
   311.8136       115.4968       2.570919    
   316.8123       115.4420       2.573414    
   321.7794       115.0840       2.578488    
   326.7076       114.4521       2.580258    
   331.6619       114.2384       2.571798    
   336.6017       114.7507       2.550741    
   341.4941       115.5241       2.524230    
   346.3997       116.2474       2.500622    
   351.3318       116.8596       2.485448    
   356.3008       117.2437       2.480155    
   361.2956       117.4006       2.482503    
   366.2939       117.4977       2.489495    
   371.2916       117.6117       2.499594    
   376.2886       117.7412       2.513770    
   381.2849       117.8860       2.532599    
   386.2799       118.0519       2.553677    
   391.2732       118.2462       2.570248    
   396.2645       118.4663       2.576871    
   401.2549       118.6983       2.572525    
   406.2462       118.9186       2.558787    
   411.2407       119.0920       2.540030    
   416.2387       119.1877       2.519982    
   421.2385       119.2163       2.496891    
   426.2385       119.2194       2.464548    
   431.2385       119.2319       2.420438    
   436.2343       119.3509       2.365131    
   441.2233       119.5975       2.300212    
   446.2118       119.8504       2.230041    
   451.2035       120.0655       2.158242    
   456.1937       120.2983       2.091700    
   461.1783       120.5900       2.035531    
   466.1624       120.8887       1.988144    
   471.1551       121.0661       1.947159    
   476.1545       121.1075       1.911498    
   481.8401       121.1095       1.878537    
   489.3643       121.1095       1.850188    
   507.4286       121.1095       1.812616    
  -33.77417       109.4377       2.039584    
  -15.70986       109.4377       1.981619    
  -8.185690       109.4377       1.968866    
  -2.500000       109.4377       1.971909    
   2.481762       109.6495       1.984973    
   7.434425       110.1285       2.008035    
   12.38829       110.6005       2.038266    
   17.37068       110.8431       2.070629    
   22.36992       110.9020       2.100990    
   27.36889       110.9691       2.127017    
   32.36626       111.0811       2.148461    
   37.36148       111.2335       2.167469    
   42.35468       111.4164       2.188271    
   47.34677       111.6138       2.215350    
   52.33939       111.8043       2.251009    
   57.33461       111.9553       2.294686    
   62.33282       112.0418       2.343536    
   67.33237       112.0446       2.392866    
   72.33087       111.9657       2.436257    
   77.32610       111.8166       2.467018    
   82.31709       111.6071       2.482580    
   87.30524       111.3655       2.487547    
   92.29430       111.1339       2.490041    
   97.28818       110.9664       2.497881    
   102.2866       110.8923       2.516276    
   107.2863       110.8566       2.544963    
   112.2728       110.6531       2.579732    
   117.2255       110.1834       2.618052    
   122.1606       109.6189       2.654957    
   127.1186       109.1790       2.684584    
   132.1048       108.9318       2.707249    
   137.1018       108.8263       2.728252    
   142.1004       108.8592       2.747041    
   147.0855       109.0976       2.766185    
   152.0289       109.6052       2.784557    
   156.9416       110.2591       2.802909    
   161.8866       110.7494       2.825037    
   166.8759       110.9363       2.850136    
   171.8755       110.9408       2.874946    
   176.8751       110.8991       2.896880    
   181.8749       110.8784       2.911029    
   186.8749       110.8776       2.912220    
   191.8749       110.8779       2.896410    
   196.8749       110.8779       2.858271    
   201.8749       110.8779       2.794227    
   206.8749       110.8778       2.705240    
   211.8749       110.8796       2.598536    
   216.8748       110.8966       2.490308    
   221.8745       110.9400       2.403376    
   226.8739       110.9907       2.357937    
   231.8736       110.9929       2.357552    
   236.8703       110.8849       2.384279    
   241.8605       110.6695       2.419486    
   246.8531       110.4993       2.456293    
   251.8497       110.5388       2.492843    
   256.8403       110.7495       2.529175    
   261.8292       110.9827       2.565729    
   266.8226       111.1594       2.602598    
   271.8200       111.2665       2.637954    
   276.8195       111.3003       2.668418    
   281.8193       111.2794       2.690622    
   286.8188       111.2305       2.703213    
   291.8181       111.1687       2.707627    
   296.8170       111.0969       2.706680    
   301.8156       111.0121       2.703030    
   306.8141       110.9304       2.699189    
   311.8136       110.9010       2.697038    
   316.8123       110.8497       2.697067    
   321.7794       110.5141       2.697947    
   326.7076       109.9218       2.696683    
   331.6619       109.7214       2.689929    
   336.6017       110.2016       2.676509    
   341.4941       110.9267       2.660207    
   346.3997       111.6047       2.645455    
   351.3318       112.1786       2.635566    
   356.3008       112.5386       2.631882    
   361.2956       112.6857       2.633794    
   366.2939       112.7768       2.639915    
   371.2916       112.8837       2.649237    
   376.2886       113.0050       2.661926    
   381.2849       113.1407       2.677572    
   386.2799       113.2963       2.694005    
   391.2732       113.4784       2.706977    
   396.2645       113.6848       2.712592    
   401.2549       113.9022       2.709273    
   406.2462       114.1088       2.697018    
   411.2407       114.2713       2.677704    
   416.2387       114.3611       2.653993    
   421.2385       114.3878       2.625251    
   426.2385       114.3907       2.588102    
   431.2385       114.4025       2.541591    
   436.2343       114.5140       2.485738    
   441.2233       114.7451       2.421810    
   446.2118       114.9823       2.353275    
   451.2035       115.1839       2.282235    
   456.1937       115.4022       2.213989    
   461.1783       115.6756       2.152309    
   466.1624       115.9556       2.097267    
   471.1551       116.1219       2.047643    
   476.1545       116.1607       2.004059    
   481.8401       116.1625       1.962298    
   489.3643       116.1625       1.922461    
   507.4286       116.1625       1.860965    
  -33.77417       104.4251       2.089172    
  -15.70986       104.4251       2.059717    
  -8.185690       104.4251       2.058857    
  -2.500000       104.4251       2.068513    
   2.481762       104.6212       2.085590    
   7.434425       105.0646       2.110895    
   12.38829       105.5015       2.142201    
   17.37068       105.7260       2.176003    
   22.36992       105.7805       2.209108    
   27.36889       105.8427       2.239727    
   32.36626       105.9463       2.267617    
   37.36148       106.0873       2.293971    
   42.35468       106.2567       2.321448    
   47.34677       106.4394       2.353034    
   52.33939       106.6157       2.390032    
   57.33461       106.7555       2.431824    
   62.33282       106.8356       2.476577    
   67.33237       106.8381       2.521271    
   72.33087       106.7651       2.561442    
   77.32610       106.6271       2.592787    
   82.31709       106.4332       2.614229    
   87.30524       106.2096       2.628767    
   92.29430       105.9952       2.640965    
   97.28818       105.8402       2.655440    
   102.2866       105.7715       2.676253    
   107.2863       105.7385       2.703727    
   112.2728       105.5501       2.734224    
   117.2255       105.1154       2.766142    
   122.1606       104.5929       2.798356    
   127.1186       104.1857       2.827021    
   132.1048       103.9569       2.850082    
   137.1018       103.8593       2.870342    
   142.1004       103.8897       2.889166    
   147.0855       104.1104       2.907914    
   152.0289       104.5803       2.925805    
   156.9416       105.1855       2.943811    
   161.8866       105.6393       2.963563    
   166.8759       105.8122       2.982832    
   171.8755       105.8165       2.998963    
   176.8751       105.7778       3.010164    
   181.8749       105.7587       3.012897    
   186.8749       105.7580       3.003320    
   191.8749       105.7582       2.978206    
   196.8749       105.7583       2.933953    
   201.8749       105.7583       2.868802    
   206.8749       105.7581       2.785143    
   211.8749       105.7598       2.690555    
   216.8748       105.7755       2.598197    
   221.8745       105.8157       2.523528    
   226.8739       105.8626       2.478369    
   231.8736       105.8647       2.465153    
   236.8703       105.7647       2.475829    
   241.8605       105.5654       2.500091    
   246.8531       105.4078       2.531511    
   251.8497       105.4444       2.566658    
   256.8403       105.6394       2.603628    
   261.8292       105.8553       2.641154    
   266.8226       106.0188       2.678144    
   271.8200       106.1179       2.712911    
   276.8195       106.1492       2.743015    
   281.8193       106.1298       2.766115    
   286.8188       106.0846       2.781328    
   291.8181       106.0275       2.789658    
   296.8170       105.9610       2.793039    
   301.8156       105.8824       2.793461    
   306.8141       105.8068       2.792779    
   311.8136       105.7796       2.792185    
   316.8123       105.7321       2.792005    
   321.7794       105.4215       2.791782    
   326.7076       104.8732       2.790255    
   331.6619       104.6877       2.786076    
   336.6017       105.1322       2.778771    
   341.4941       105.8034       2.770232    
   346.3997       106.4309       2.762687    
   351.3318       106.9622       2.757929    
   356.3008       107.2954       2.756765    
   361.2956       107.4315       2.759156    
   366.2939       107.5159       2.764610    
   371.2916       107.6148       2.772579    
   376.2886       107.7271       2.782853    
   381.2849       107.8528       2.794669    
   386.2799       107.9968       2.806149    
   391.2732       108.1653       2.814337    
   396.2645       108.3564       2.816567    
   401.2549       108.5576       2.811607    
   406.2462       108.7488       2.798736    
   411.2407       108.8992       2.778069    
   416.2387       108.9823       2.751064    
   421.2385       109.0071       2.717893    
   426.2385       109.0098       2.677387    
   431.2385       109.0207       2.629867    
   436.2343       109.1239       2.575126    
   441.2233       109.3378       2.513600    
   446.2118       109.5574       2.447968    
   451.2035       109.7439       2.379354    
   456.1937       109.9460       2.311933    
   461.1783       110.1991       2.248841    
   466.1624       110.4583       2.190780    
   471.1551       110.6122       2.138041    
   476.1545       110.6481       2.090949    
   481.8401       110.6497       2.044449    
   489.3643       110.6497       1.996698    
   507.4286       110.6497       1.914416    
  -33.77417       98.76926       2.142890    
  -15.70986       98.76926       2.137441    
  -8.185690       98.76926       2.145915    
  -2.500000       98.76926       2.160541    
   2.481762       98.94752       2.179977    
   7.434425       99.35075       2.205585    
   12.38829       99.74802       2.236567    
   17.37068       99.95215       2.270334    
   22.36992       100.0017       2.304470    
   27.36889       100.0582       2.337874    
   32.36626       100.1525       2.370039    
   37.36148       100.2807       2.401431    
   42.35468       100.4347       2.433499    
   47.34677       100.6009       2.468061    
   52.33939       100.7612       2.506040    
   57.33461       100.8883       2.546622    
   62.33282       100.9611       2.588095    
   67.33237       100.9634       2.628702    
   72.33087       100.8971       2.666229    
   77.32610       100.7716       2.698419    
   82.31709       100.5952       2.724829    
   87.30524       100.3919       2.747131    
   92.29430       100.1970       2.767279    
   97.28818       100.0560       2.787150    
   102.2866       99.99355       2.809457    
   107.2863       99.96349       2.835674    
   112.2728       99.79222       2.863735    
   117.2255       99.39693       2.891852    
   122.1606       98.92178       2.920046    
   127.1186       98.55151       2.946803    
   132.1048       98.34343       2.969860    
   137.1018       98.25465       2.989603    
   142.1004       98.28233       3.007503    
   147.0855       98.48299       3.024277    
   152.0289       98.91029       3.040046    
   156.9416       99.46066       3.055676    
   161.8866       99.87329       3.070833    
   166.8759       100.0306       3.082941    
   171.8755       100.0344       3.090247    
   176.8751       99.99930       3.091339    
   181.8749       99.98188       3.083512    
   186.8749       99.98126       3.064157    
   191.8749       99.98149       3.031217    
   196.8749       99.98150       2.982881    
   201.8749       99.98149       2.919099    
   206.8749       99.98139       2.842920    
   211.8749       99.98287       2.760862    
   216.8748       99.99718       2.682435    
   221.8745       100.0337       2.617657    
   226.8739       100.0764       2.573797    
   231.8736       100.0783       2.553109    
   236.8703       99.98734       2.552529    
   241.8605       99.80609       2.566645    
   246.8531       99.66279       2.590647    
   251.8497       99.69608       2.621100    
   256.8403       99.87341       2.655449    
   261.8292       100.0697       2.691483    
   266.8226       100.2184       2.727345    
   271.8200       100.3085       2.761184    
   276.8195       100.3370       2.790956    
   281.8193       100.3194       2.814940    
   286.8188       100.2782       2.832493    
   291.8181       100.2263       2.844226    
   296.8170       100.1659       2.851475    
   301.8156       100.0944       2.855761    
   306.8141       100.0256       2.858488    
   311.8136       100.0009       2.860505    
   316.8123       99.95772       2.862074    
   321.7794       99.67523       2.863076    
   326.7076       99.17667       2.863179    
   331.6619       99.00801       2.862119    
   336.6017       99.41222       2.859773    
   341.4941       100.0225       2.857016    
   346.3997       100.5932       2.854892    
   351.3318       101.0763       2.854250    
   356.3008       101.3793       2.855415    
   361.2956       101.5031       2.858421    
   366.2939       101.5798       2.863198    
   371.2916       101.6697       2.869492    
   376.2886       101.7719       2.876914    
   381.2849       101.8861       2.884547    
   386.2799       102.0170       2.890757    
   391.2732       102.1703       2.893417    
   396.2645       102.3440       2.890838    
   401.2549       102.5270       2.882396    
   406.2462       102.7009       2.867412    
   411.2407       102.8377       2.845001    
   416.2387       102.9132       2.815562    
   421.2385       102.9358       2.779630    
   426.2385       102.9382       2.737047    
   431.2385       102.9481       2.688956    
   436.2343       103.0419       2.636214    
   441.2233       103.2365       2.578674    
   446.2118       103.4361       2.517429    
   451.2035       103.6058       2.453425    
   456.1937       103.7895       2.389601    
   461.1783       104.0197       2.328939    
   466.1624       104.2553       2.272192    
   471.1551       104.3953       2.219822    
   476.1545       104.4279       2.172183    
   481.8401       104.4295       2.123731    
   489.3643       104.4295       2.070323    
   507.4286       104.4295       1.971891    
  -33.77417       92.28692       2.199568    
  -15.70986       92.28692       2.212966    
  -8.185690       92.28692       2.228607    
  -2.500000       92.28692       2.247087    
   2.481762       92.44483       2.267804    
   7.434425       92.80198       2.293042    
   12.38829       93.15384       2.322531    
   17.37068       93.33465       2.355034    
   22.36992       93.37855       2.388968    
   27.36889       93.42858       2.423200    
   32.36626       93.51208       2.457327    
   37.36148       93.62569       2.491602    
   42.35468       93.76205       2.526779    
   47.34677       93.90923       2.563546    
   52.33939       94.05121       2.602103    
   57.33461       94.16380       2.641787    
   62.33282       94.22831       2.681216    
   67.33237       94.23037       2.719170    
   72.33087       94.17159       2.754883    
   77.32610       94.06042       2.787666    
   82.31709       93.90422       2.817423    
   87.30524       93.72411       2.844862    
   92.29430       93.55146       2.870473    
   97.28818       93.42661       2.894454    
   102.2866       93.37131       2.918133    
   107.2863       93.34469       2.943406    
   112.2728       93.19299       2.969876    
   117.2255       92.84286       2.995818    
   122.1606       92.42202       3.020568    
   127.1186       92.09407       3.043683    
   132.1048       91.90976       3.064185    
   137.1018       91.83113       3.081975    
   142.1004       91.85565       3.097904    
   147.0855       92.03337       3.112617    
   152.0289       92.41184       3.126401    
   156.9416       92.89931       3.138983    
   161.8866       93.26480       3.148845    
   166.8759       93.40413       3.153970    
   171.8755       93.40750       3.153356    
   176.8751       93.37640       3.145788    
   181.8749       93.36098       3.129238    
   186.8749       93.36044       3.102147    
   191.8749       93.36063       3.063668    
   196.8749       93.36064       3.013557    
   201.8749       93.36063       2.952990    
   206.8749       93.36054       2.885070    
   211.8749       93.36186       2.814714    
   216.8748       93.37454       2.748170    
   221.8745       93.40688       2.691779    
   226.8739       93.44470       2.650369    
   231.8736       93.44635       2.626111    
   236.8703       93.36582       2.618299    
   241.8605       93.20527       2.624258    
   246.8531       93.07835       2.640745    
   251.8497       93.10783       2.664938    
   256.8403       93.26490       2.694432    
   261.8292       93.43874       2.726884    
   266.8226       93.57047       2.760058    
   271.8200       93.65030       2.791855    
   276.8195       93.67554       2.820461    
   281.8193       93.65989       2.844612    
   286.8188       93.62345       2.863722    
   291.8181       93.57744       2.877960    
   296.8170       93.52392       2.888245    
   301.8156       93.46066       2.895869    
   306.8141       93.39973       2.901993    
   311.8136       93.37785       2.907269    
   316.8123       93.33959       2.911845    
   321.7794       93.08938       2.915566    
   326.7076       92.64779       2.918396    
   331.6619       92.49840       2.920496    
   336.6017       92.85643       2.921952    
   341.4941       93.39696       2.923226    
   346.3997       93.90244       2.924758    
   351.3318       94.33030       2.926825    
   356.3008       94.59869       2.929483    
   361.2956       94.70834       2.932709    
   366.2939       94.77627       2.936483    
   371.2916       94.85593       2.940604    
   376.2886       94.94642       2.944583    
   381.2849       95.04758       2.947543    
   386.2799       95.16358       2.948344    
   391.2732       95.29931       2.945826    
   396.2645       95.45317       2.939026    
   401.2549       95.61526       2.927304    
   406.2462       95.76926       2.909939    
   411.2407       95.89043       2.886150    
   416.2387       95.95733       2.856064    
   421.2385       95.97731       2.820056    
   426.2385       95.97943       2.777972    
   431.2385       95.98818       2.730731    
   436.2343       96.07135       2.679805    
   441.2233       96.24365       2.625758    
   446.2118       96.42047       2.569344    
   451.2035       96.57073       2.511323    
   456.1937       96.73344       2.453468    
   461.1783       96.93733       2.398345    
   466.1624       97.14609       2.346133    
   471.1551       97.27006       2.296261    
   476.1545       97.29897       2.249200    
   481.8401       97.30029       2.200093    
   489.3643       97.30029       2.142904    
   507.4286       97.30029       2.029658    
  -33.77417       84.70639       2.257544    
  -15.70986       84.70639       2.284681    
  -8.185690       84.70639       2.305016    
  -2.500000       84.70639       2.325945    
   2.481762       84.84047       2.347775    
   7.434425       85.14374       2.372723    
   12.38829       85.44250       2.400812    
   17.37068       85.59602       2.431470    
   22.36992       85.63330       2.464014    
   27.36889       85.67580       2.497470    
   32.36626       85.74669       2.531676    
   37.36148       85.84315       2.567073    
   42.35468       85.95895       2.603737    
   47.34677       86.08392       2.641457    
   52.33939       86.20448       2.679811    
   57.33461       86.30008       2.718281    
   62.33282       86.35486       2.756320    
   67.33237       86.35661       2.793205    
   72.33087       86.30669       2.828382    
   77.32610       86.21230       2.861721    
   82.31709       86.07966       2.893378    
   87.30524       85.92673       2.923596    
   92.29430       85.78013       2.952331    
   97.28818       85.67411       2.979250    
   102.2866       85.62716       3.004597    
   107.2863       85.60456       3.029495    
   112.2728       85.47575       3.054397    
   117.2255       85.17844       3.078542    
   122.1606       84.82110       3.100989    
   127.1186       84.54264       3.121159    
   132.1048       84.38613       3.138707    
   137.1018       84.31937       3.153822    
   142.1004       84.34019       3.167074    
   147.0855       84.49109       3.178816    
   152.0289       84.81246       3.188864    
   156.9416       85.22638       3.196447    
   161.8866       85.53673       3.200320    
   166.8759       85.65503       3.199237    
   171.8755       85.65790       3.192230    
   176.8751       85.63148       3.178002    
   181.8749       85.61840       3.155207    
   186.8749       85.61794       3.123268    
   191.8749       85.61810       3.082362    
   196.8749       85.61810       3.033270    
   201.8749       85.61810       2.977691    
   206.8749       85.61802       2.918325    
   211.8749       85.61914       2.858593    
   216.8748       85.62991       2.802410    
   221.8745       85.65736       2.753758    
   226.8739       85.68948       2.715887    
   231.8736       85.69088       2.690636    
   236.8703       85.62250       2.678278    
   241.8605       85.48617       2.677772    
   246.8531       85.37840       2.687361    
   251.8497       85.40344       2.705081    
   256.8403       85.53680       2.728784    
   261.8292       85.68442       2.756196    
   266.8226       85.79627       2.785075    
   271.8200       85.86406       2.813382    
   276.8195       85.88549       2.839573    
   281.8193       85.87220       2.862669    
   286.8188       85.84126       2.882115    
   291.8181       85.80219       2.897868    
   296.8170       85.75674       2.910535    
   301.8156       85.70303       2.921074    
   306.8141       85.65130       2.930310    
   311.8136       85.63272       2.938727    
   316.8123       85.60023       2.946417    
   321.7794       85.38776       2.953165    
   326.7076       85.01280       2.958859    
   331.6619       84.88596       2.963632    
   336.6017       85.18996       2.967636    
   341.4941       85.64894       2.971238    
   346.3997       86.07815       2.974767    
   351.3318       86.44146       2.978343    
   356.3008       86.66934       2.981904    
   361.2956       86.76245       2.985250    
   366.2939       86.82014       2.988106    
   371.2916       86.88777       2.990068    
   376.2886       86.96461       2.990562    
   381.2849       87.05051       2.988893    
   386.2799       87.14902       2.984503    
   391.2732       87.26426       2.977056    
   396.2645       87.39491       2.966107    
   401.2549       87.53254       2.950932    
   406.2462       87.66331       2.930848    
   411.2407       87.76619       2.905580    
   416.2387       87.82300       2.875376    
   421.2385       87.83997       2.840663    
   426.2385       87.84176       2.801701    
   431.2385       87.84920       2.758820    
   436.2343       87.91981       2.712682    
   441.2233       88.06612       2.664210    
   446.2118       88.21626       2.614266    
   451.2035       88.34385       2.563650    
   456.1937       88.48203       2.513367    
   461.1783       88.65514       2.464180    
   466.1624       88.83239       2.416248    
   471.1551       88.93765       2.369322    
   476.1545       88.96221       2.323691    
   481.8401       88.96335       2.274699    
   489.3643       88.96335       2.214835    
   507.4286       88.96335       2.083101    
  -33.77417       75.60016       2.315390    
  -15.70986       75.60016       2.350677    
  -8.185690       75.60016       2.373140    
  -2.500000       75.60016       2.394542    
   2.481762       75.70561       2.416467    
   7.434425       75.94414       2.441029    
   12.38829       76.17914       2.467730    
   17.37068       76.29989       2.496335    
   22.36992       76.32921       2.526553    
   27.36889       76.36263       2.558306    
   32.36626       76.41840       2.591371    
   37.36148       76.49427       2.625772    
   42.35468       76.58534       2.661528    
   47.34677       76.68364       2.698255    
   52.33939       76.77846       2.735535    
   57.33461       76.85366       2.772918    
   62.33282       76.89674       2.810045    
   67.33237       76.89812       2.846575    
   72.33087       76.85886       2.881908    
   77.32610       76.78461       2.915652    
   82.31709       76.68029       2.948068    
   87.30524       76.56001       2.979592    
   92.29430       76.44469       3.010245    
   97.28818       76.36131       3.039552    
   102.2866       76.32438       3.066941    
   107.2863       76.30660       3.092247    
   112.2728       76.20528       3.115537    
   117.2255       75.97144       3.136838    
   122.1606       75.69038       3.156139    
   127.1186       75.47135       3.173383    
   132.1048       75.34826       3.188386    
   137.1018       75.29574       3.201065    
   142.1004       75.31212       3.211495    
   147.0855       75.43081       3.219705    
   152.0289       75.68358       3.225553    
   156.9416       76.00915       3.228635    
   161.8866       76.25325       3.228097    
   166.8759       76.34630       3.222680    
   171.8755       76.34855       3.211157    
   176.8751       76.32778       3.192562    
   181.8749       76.31749       3.166487    
   186.8749       76.31712       3.133169    
   191.8749       76.31725       3.093266    
   196.8749       76.31725       3.047828    
   201.8749       76.31725       2.998457    
   206.8749       76.31718       2.947267    
   211.8749       76.31807       2.896681    
   216.8748       76.32654       2.849278    
   221.8745       76.34814       2.807569    
   226.8739       76.37340       2.773619    
   231.8736       76.37450       2.748805    
   236.8703       76.32071       2.733763    
   241.8605       76.21349       2.728398    
   246.8531       76.12872       2.731961    
   251.8497       76.14841       2.743163    
   256.8403       76.25331       2.760182    
   261.8292       76.36942       2.781047    
   266.8226       76.45739       2.803947    
   271.8200       76.51070       2.827330    
   276.8195       76.52757       2.849990    
   281.8193       76.51711       2.871041    
   286.8188       76.49277       2.889907    
   291.8181       76.46204       2.906431    
   296.8170       76.42630       2.920885    
   301.8156       76.38405       2.933728    
   306.8141       76.34336       2.945367    
   311.8136       76.32875       2.956084    
   316.8123       76.30320       2.965972    
   321.7794       76.13609       2.974891    
   326.7076       75.84116       2.982744    
   331.6619       75.74139       2.989619    
   336.6017       75.98050       2.995538    
   341.4941       76.34151       3.000608    
   346.3997       76.67910       3.005038    
   351.3318       76.96486       3.008927    
   356.3008       77.14410       3.012241    
   361.2956       77.21733       3.014780    
   366.2939       77.26270       3.016167    
   371.2916       77.31591       3.015907    
   376.2886       77.37634       3.013494    
   381.2849       77.44391       3.008537    
   386.2799       77.52139       3.000850    
   391.2732       77.61202       2.990315    
   396.2645       77.71479       2.976587    
   401.2549       77.82304       2.959167    
   406.2462       77.92590       2.937747    
   411.2407       78.00681       2.912207    
   416.2387       78.05150       2.882643    
   421.2385       78.06484       2.849524    
   426.2385       78.06626       2.813328    
   431.2385       78.07211       2.774279    
   436.2343       78.12765       2.732711    
   441.2233       78.24273       2.689132    
   446.2118       78.36082       2.644335    
   451.2035       78.46117       2.599637    
   456.1937       78.56985       2.555920    
   461.1783       78.70601       2.513316    
   466.1624       78.84543       2.471532    
   471.1551       78.92822       2.430765    
   476.1545       78.94754       2.391713    
   481.8401       78.94843       2.348895    
   489.3643       78.94843       2.291490    
   507.4286       78.94843       2.122464    
  -33.77417       56.32260       2.405531    
  -15.70986       56.32260       2.449366    
  -8.185690       56.32260       2.474255    
  -2.500000       56.32260       2.496598    
   2.481762       56.36747       2.517877    
   7.434425       56.46896       2.540597    
   12.38829       56.56895       2.564472    
   17.37068       56.62033       2.589544    
   22.36992       56.63280       2.616222    
   27.36889       56.64702       2.644459    
   32.36626       56.67075       2.674226    
   37.36148       56.70303       2.704988    
   42.35468       56.74178       2.736696    
   47.34677       56.78361       2.769574    
   52.33939       56.82395       2.803486    
   57.33461       56.85595       2.838174    
   62.33282       56.87428       2.873190    
   67.33237       56.87487       2.908242    
   72.33087       56.85816       2.943048    
   77.32610       56.82657       2.976875    
   82.31709       56.78218       3.009353    
   87.30524       56.73100       3.040911    
   92.29430       56.68194       3.071820    
   97.28818       56.64646       3.101547    
   102.2866       56.63075       3.129214    
   107.2863       56.62318       3.154304    
   112.2728       56.58007       3.176718    
   117.2255       56.48058       3.196555    
   122.1606       56.36099       3.213908    
   127.1186       56.26780       3.228715    
   132.1048       56.21542       3.240648    
   137.1018       56.19307       3.249368    
   142.1004       56.20005       3.254659    
   147.0855       56.25055       3.256404    
   152.0289       56.35809       3.254611    
   156.9416       56.49662       3.249359    
   161.8866       56.60048       3.240515    
   166.8759       56.64007       3.227733    
   171.8755       56.64103       3.210779    
   176.8751       56.63219       3.189510    
   181.8749       56.62782       3.163936    
   186.8749       56.62766       3.134292    
   191.8749       56.62771       3.101059    
   196.8749       56.62772       3.064996    
   201.8749       56.62771       3.027128    
   206.8749       56.62769       2.988695    
   211.8749       56.62806       2.951072    
   216.8748       56.63167       2.915672    
   221.8745       56.64086       2.883839    
   226.8739       56.65160       2.856709    
   231.8736       56.65207       2.835111    
   236.8703       56.62919       2.819507    
   241.8605       56.58356       2.809971    
   246.8531       56.54750       2.806233    
   251.8497       56.55588       2.807775    
   256.8403       56.60051       2.813766    
   261.8292       56.64991       2.823226    
   266.8226       56.68734       2.835196    
   271.8200       56.71003       2.848786    
   276.8195       56.71720       2.863267    
   281.8193       56.71275       2.878108    
   286.8188       56.70240       2.892946    
   291.8181       56.68932       2.907544    
   296.8170       56.67411       2.921716    
   301.8156       56.65614       2.935286    
   306.8141       56.63882       2.948085    
   311.8136       56.63261       2.959976    
   316.8123       56.62173       2.970859    
   321.7794       56.55063       2.980662    
   326.7076       56.42514       2.989445    
   331.6619       56.38269       2.997323    
   336.6017       56.48443       3.004125    
   341.4941       56.63803       3.009809    
   346.3997       56.78168       3.014449    
   351.3318       56.90327       3.018013    
   356.3008       56.97953       3.020416    
   361.2956       57.01069       3.021478    
   366.2939       57.02999       3.020933    
   371.2916       57.05263       3.018511    
   376.2886       57.07835       3.014047    
   381.2849       57.10709       3.007469    
   386.2799       57.14006       2.998568    
   391.2732       57.17862       2.986907    
   396.2645       57.22235       2.972165    
   401.2549       57.26841       2.954472    
   406.2462       57.31217       2.934095    
   411.2407       57.34660       2.911128    
   416.2387       57.36561       2.885817    
   421.2385       57.37129       2.858505    
   426.2385       57.37189       2.829390    
   431.2385       57.37438       2.798869    
   436.2343       57.39801       2.767389    
   441.2233       57.44698       2.735387    
   446.2118       57.49723       2.703483    
   451.2035       57.53992       2.672109    
   456.1937       57.58617       2.641794    
   461.1783       57.64410       2.613029    
   466.1624       57.70342       2.586108    
   471.1551       57.73865       2.561483    
   476.1545       57.74687       2.539553    
   481.8401       57.74725       2.518681    
   489.3643       57.74725       2.500346    
   507.4286       57.74725       2.342777    
