1545
92.49375265667264	0	1.9661124	0
47.0031647265844	0	1.6721271000000002	0
34.59115393541289	0	1.53896505	0
39.81596078530222	0	1.6000572000000002	0
33.939196006451304	0	1.53070155	0
22.30162454222397	0	1.3483365	0
22.764016933729067	0	1.3572489	0
21.57993836751601	0	1.3340502	0
20.524677884412117	0	1.31227635	0
19.922051112478808	0	1.29933405	0
19.934048014622736	0	1.2995955000000001	0
19.41826170985262	0	1.28821035	0
17.72162531046256	0	1.2485035500000001	0
18.72086665965356	0	1.27232595	0
20.306316456157617	0	1.30763115	0
19.11331423777547	0	1.281336	0
19.943351788053107	0	1.29979815	0
20.863893154298708	0	1.31939535	0
23.39750506701208	0	1.36916955	0
22.459353458964973	0	1.35139725	0
22.931557352298253	0	1.3604335500000002	0
21.401462376458255	0	1.33044345	0
21.622659033284588	0	1.3349091	0
21.564500350755374	0	1.3337394	0
19.97887133432156	0	1.30057095	0
19.197881206485345	0	1.2832533	0
23.624876668894842	0	1.37336955	0
21.33703649328503	0	1.3291340999999999	0
22.71689914913716	0	1.35634905	0
29.96917929719232	0	1.4766748500000002	0
18.70055517939231	0	1.2718545	0
18.741653315254023	0	1.2728079	0
19.14615189308229	0	1.2820815	0
36.506004248038636	0	1.5623643	0
27.715725412187343	0	1.4427262500000002	0
31.82661495669148	0	1.5027904500000002	0
35.01278040848544	0	1.5442266000000002	0
29.639300507153393	0	1.4718679500000003	0
28.793134768755692	0	1.4592889500000001	0
30.589438137645086	0	1.4855715	0
31.57659886034643	0	1.4993653500000002	0
30.480546541645403	0	1.48402275	0
29.797515201034322	0	1.47418005	0
31.130425013259444	0	1.49318505	0
29.338222640180064	0	1.4674338	0
29.205244741381932	0	1.4654608500000001	0
28.918502504288803	0	1.4611758000000001	0
26.87634764226743	0	1.42937025	0
25.635246628223978	0	1.4088375	0
25.168022874657016	0	1.4008491	0
23.587322770477435	0	1.3726786500000001	0
21.763533086163537	0	1.3377294	0
22.598629393866187	0	1.3540821	0
22.983732055210698	0	1.36142055	0
21.81315573401833	0	1.3387185	0
20.619377510726167	0	1.31427555	0
23.43441680364427	0	1.36985415	0
24.511830793248947	0	1.3893757500000001	0
26.283040241801768	0	1.4196756	0
29.46347042982474	0	1.4692839000000002	0
29.983964153553533	0	1.47688905	0
27.777844985667198	0	1.4436985500000001	0
28.277720659420037	0	1.4514444	0
29.18992640325591	0	1.465233	0
29.057620669306594	0	1.46326005	0
28.207117003527788	0	1.4503587	0
28.583943845281677	0	1.4561221500000001	0
25.502523122414974	0	1.4065831500000001	0
27.199861960995186	0	1.4345667000000002	0
35.95817154782195	0	1.5557976	0
36.254009982879275	0	1.55935605	0
27.845825676941725	0	1.4447600999999999	0
23.891166227890498	0	1.3782373500000002	0
28.468559988940076	0	1.4543655000000002	0
30.8858032103049	0	1.4897589	0
31.20630867694433	0	1.4942423999999999	0
30.760309437815586	0	1.4879906999999999	0
33.76127581900831	0	1.5284188500000002	0
26.372918944531417	0	1.4211582	0
25.03021326819617	0	1.3984645500000001	0
22.940429781103397	0	1.3606015500000002	0
19.17542948871937	0	1.2827451	0
19.404323215244503	0	1.2878985	0
20.461753571896352	0	1.3109428500000002	0
19.84906939102277	0	1.29774015	0
18.78193356336296	0	1.2737403000000003	0
17.455514333737867	0	1.24193265	0
17.188494914947	0	1.23523785	0
17.02352136028574	0	1.2310494	0
16.92118213032868	0	1.2284307	0
15.576741043246809	0	1.1924766	0
15.290882462524324	0	1.1844325500000001	0
16.534682120029462	0	1.21839585	0
19.511299705469217	0	1.2902862000000002	0
20.295273113795403	0	1.3073949	0
19.882978825080535	0	1.2984814500000001	0
36.77317258500183	0	1.5655311	0
37.41727880718423	0	1.5730722000000001	0
37.25939081723995	0	1.57123575	0
42.47579831477266	0	1.62814155	0
39.47692804036609	0	1.5963433500000002	0
44.09733561989944	0	1.64441235	0
55.62689256283232	0	1.7452848	0
93.43256033623679	0	1.9704982500000001	0
48.1661074311823	0	1.68274155	0
34.598263345879666	0	1.5390542999999999	0
29.262141092055483	0	1.4663061000000002	0
24.869577083961957	0	1.3956684	0
22.147145048986633	0	1.3453177500000002	0
21.69151322722976	0	1.33628985	0
15.71378294766438	0	1.1962807500000001	0
14.737158349446293	0	1.16841375	0
14.786267200319655	0	1.1698585499999998	0
14.207160932932743	0	1.1525073000000001	0
13.870943412509602	0	1.142106	0
15.529812060769745	0	1.1911662	0
14.738084764782295	0	1.16844105	0
14.184165828411011	0	1.1518038000000002	0
13.976005085396308	0	1.14538305	0
15.73377915638106	0	1.1968330500000002	0
15.92105160380355	0	1.20197175	0
15.84662752672073	0	1.19993685	0
15.818416268371239	0	1.1991630000000002	0
14.020848608644808	0	1.1467743	0
16.46144858957373	0	1.21646805	0
14.887603714015448	0	1.1728248000000001	0
12.960601274435035	0	1.11262515	0
13.636551280626918	0	1.13470455	0
16.71390002170907	0	1.2230778	0
14.90474670767277	0	1.1733246	0
15.724500186385209	0	1.19657685	0
15.509700090986305	0	1.1906033999999999	0
16.225593821566182	0	1.2102006	0
20.367580899853674	0	1.3089394500000002	0
22.483530096235974	0	1.3518645	0
21.556368543265958	0	1.3335756	0
22.739978513672174	0	1.35679005	0
23.181455465687414	0	1.3651407	0
19.41154933344327	0	1.2880601999999999	0
20.45552121615828	0	1.31081055	0
21.900400146896317	0	1.3404520500000001	0
19.133472653490024	0	1.2817938	0
16.328660145590078	0	1.2129505500000002	0
15.321375270670158	0	1.18529775	0
15.486056876932437	0	1.1899408500000002	0
16.053358338498295	0	1.2055659	0
14.662843524680365	0	1.1662182	0
17.043123851345463	0	1.2315492	0
17.238310537798526	0	1.2364947	0
16.646029118556417	0	1.2213106500000002	0
17.278200128186494	0	1.2374984999999998	0
19.70247794373966	0	1.29452085	0
19.512479059841603	0	1.29031245	0
16.710505973751395	0	1.2229896	0
15.406028608612521	0	1.1876907	0
12.921522852641006	0	1.1113137000000002	0
13.650636434866101	0	1.1351529	0
12.807098508379577	0	1.1074507500000002	0
15.608256734639184	0	1.1933544	0
13.274817219226545	0	1.12302855	0
15.308785924746292	0	1.18494075	0
16.569297663091255	0	1.2193041000000002	0
14.676782218535083	0	1.1666308500000002	0
14.963202383885351	0	1.17502455	0
15.276766829272772	0	1.18403145	0
15.937727607355363	0	1.2024264	0
15.305196155372633	0	1.1848389	0
15.38373357799433	0	1.18706175	0
17.514274415631316	0	1.24339215	0
15.583257605058902	0	1.19265825	0
20.242740138963697	0	1.3062692999999999	0
20.697843554980082	0	1.3159251	0
21.55704607675306	0	1.33358925	0
20.717919916262925	0	1.31634615	0
19.17774766438356	0	1.2827975999999999	0
21.583799598283086	0	1.3341279	0
20.491407974065638	0	1.3115717999999998	0
18.851994309706594	0	1.2753573	0
18.652736278304314	0	1.27074255	0
18.67913668183075	0	1.2713568	0
17.90613069338939	0	1.2530017500000001	0
16.651664420301476	0	1.22145765	0
18.559349489329673	0	1.26856275	0
17.90175874438446	0	1.2528957	0
22.326063210503495	0	1.34881215	0
20.03197871174709	0	1.3017238500000001	0
18.281896671526468	0	1.2620212499999999	0
19.25584804045368	0	1.28456265	0
16.394246094254644	0	1.2146914500000001	0
16.322502733236234	0	1.21278675	0
14.766761140038945	0	1.16928525	0
14.191506485145444	0	1.1520285000000001	0
13.831527673632467	0	1.14087015	0
14.783336075311421	0	1.16977245	0
16.680151850852923	0	1.2222	0
16.853528896363326	0	1.22669085	0
17.313786187596133	0	1.23839205	0
17.781668110132372	0	1.2499725000000002	0
19.671301734458932	0	1.2938331	0
28.678639844954468	0	1.45755855	0
34.29188431911293	0	1.53519135	0
37.20672976713471	0	1.5706215000000001	0
39.789400888828226	0	1.5997674	0
40.34085048721777	0	1.60574505	0
45.177786634244505	0	1.65492495	0
56.29865895557374	0	1.75049805	0
95.48626368185347	0	1.9799409000000001	0
50.87668429722387	0	1.7065188	0
36.83359003423349	0	1.5662440499999999	0
29.58102714677429	0	1.4710132500000002	0
25.378707479728867	0	1.4044695	0
22.544766935862178	0	1.3530457500000002	0
20.05329995547626	0	1.30218585	0
15.962870852426724	0	1.203111	0
16.298684386403735	0	1.21215255	0
17.146324948554337	0	1.23417105	0
17.16615185277197	0	1.23467295	0
17.206290461301975	0	1.23568725	0
17.444671673649463	0	1.2416628	0
15.366299725034443	0	1.1865693000000002	0
14.26229450372278	0	1.1541894000000001	0
15.544424577792578	0	1.19157465	0
17.648766204916086	0	1.24671435	0
16.70303341746874	0	1.22279535	0
17.500856347719182	0	1.2430593	0
20.447560412889747	0	1.3106415	0
19.41905983902354	0	1.2882282	0
19.5478928582422	0	1.29109995	0
16.687130026857094	0	1.22238165	0
15.840268908082233	0	1.19976255	0
16.89326325844491	0	1.22771355	0
17.558155866246548	0	1.2444789	0
17.65781449475072	0	1.24693695	0
23.83848766986491	0	1.3772787	0
26.079157068254794	0	1.41629355	0
24.94659922383637	0	1.39701135	0
29.89565341316163	0	1.47560805	0
32.839327133935264	0	1.51639425	0
32.03551794598867	0	1.50563175	0
33.03690085444578	0	1.5189993000000002	0
34.08062495010581	0	1.53250755	0
28.894111875159034	0	1.46080935	0
24.706865442481018	0	1.39281765	0
25.89331472065084	0	1.41318765	0
28.610977775369598	0	1.4565327	0
28.975190503121595	0	1.4620263	0
28.238368415064553	0	1.4508396000000001	0
28.425711895690263	0	1.45371135	0
29.30483294584296	0	1.46693925	0
27.056486541748708	0	1.4322714	0
26.84037319043933	0	1.4287885500000002	0
25.80519528426765	0	1.4117071500000002	0
24.63147673791676	0	1.39149045	0
22.461308354878057	0	1.35143505	0
19.280911002362135	0	1.2851275500000001	0
14.328411645346712	0	1.15619805	0
20.68748756163309	0	1.31570775	0
23.955889435419596	0	1.3794123	0
18.305028104115127	0	1.2625704	0
20.50637523363181	0	1.3118889	0
18.805470342166284	0	1.2742841999999999	0
20.981553947123185	0	1.3218376500000002	0
17.726938989578482	0	1.2486337500000002	0
20.851387056369703	0	1.31913495	0
24.857614582789033	0	1.3954594500000002	0
26.275670068865406	0	1.4195538	0
27.049030275791015	0	1.4321517000000001	0
26.40386174210893	0	1.42166745	0
26.06005932278004	0	1.4159754000000002	0
26.08590449986942	0	1.4164059000000002	0
25.63128029806538	0	1.4087703	0
25.312832772318757	0	1.40334075	0
24.18588034759333	0	1.3835619	0
28.522641937992137	0	1.4551897500000002	0
31.87012009406655	0	1.5033837	0
35.07581735702221	0	1.5450078	0
35.27661050543925	0	1.54748685	0
31.552865050307634	0	1.4990388000000001	0
28.841068763737134	0	1.46001135	0
25.937236379335218	0	1.4139237000000002	0
24.857434287608605	0	1.3954563	0
25.836533872750245	0	1.4122342500000002	0
25.928772068897686	0	1.4137819500000002	0
25.512575327025488	0	1.4067543	0
25.614058672525907	0	1.4084784	0
26.91419223258988	0	1.42998135	0
26.595876034325908	0	1.4248143	0
32.65351214876967	0	1.5139299	0
31.516345295717013	0	1.49853585	0
27.985128151522595	0	1.4469273	0
27.22585015947222	0	1.43498145	0
22.503760648675243	0	1.3522551	0
22.30210981812229	0	1.34834595	0
22.27387355932101	0	1.34779575	0
23.464748299232106	0	1.3704159	0
24.47245282496496	0	1.3886775	0
25.34957893777827	0	1.40397075	0
25.604152192387946	0	1.4083104	0
24.032754496520518	0	1.38080355	0
22.11546880484697	0	1.34469615	0
21.08055302861657	0	1.323882	0
22.265420421150402	0	1.3476309	0
27.93125501621349	0	1.44609045	0
33.40863255937835	0	1.5238587000000001	0
37.553947949778056	0	1.5746556	0
40.41758403868361	0	1.6065703500000001	0
43.09020398472837	0	1.63437855	0
47.589999474152044	0	1.6775157	0
57.6794552415363	0	1.76102115	0
98.98086618092688	0	1.99555125	0
55.645320735885	0	1.74542865	0
41.83008528114342	0	1.6214887500000001	0
34.7295055317003	0	1.5406986000000003	0
30.984978561675312	0	1.4911512000000002	0
28.450945256127437	0	1.4540967	0
25.86759781553488	0	1.4127561000000002	0
23.075379382725618	0	1.3631488500000002	0
23.722120082764132	0	1.3751535	0
24.60713205970161	0	1.391061	0
24.595057940612993	0	1.3908478499999999	0
24.184710884869297	0	1.3835409	0
22.977953699432412	0	1.36131135	0
20.708404999518937	0	1.31614665	0
20.31029353025394	0	1.3077162	0
22.789182692825584	0	1.35772875	0
26.307071186981922	0	1.4200725	0
26.95280690842339	0	1.430604	0
29.684264999565446	0	1.4725263000000002	0
35.11552776637689	0	1.5454992	0
34.683858039953634	0	1.5401274	0
32.16916957254476	0	1.50743985	0
27.343997142999925	0	1.436862	0
26.17460280148004	0	1.4178801	0
27.62514396686301	0	1.4413045500000001	0
28.71298208643065	0	1.4580783000000002	0
32.372806396857406	0	1.51018035	0
43.24037980948198	0	1.6358895	0
48.84120834822405	0	1.6887864000000001	0
47.9951109535683	0	1.681197	0
52.183511497794896	0	1.7175333	0
55.43061537070926	0	1.7437497000000002	0
56.06719768364701	0	1.74870885	0
59.014876144484454	0	1.7709615	0
60.38311314645692	0	1.7809155	0
54.65161497066513	0	1.737603	0
48.71714172995807	0	1.6876818	0
50.34052030764332	0	1.7019177	0
57.96380009622654	0	1.76315685	0
64.20637485747758	0	1.80757815	0
67.42675357248727	0	1.8288322500000003	0
69.80644958759689	0	1.84389555	0
71.30945216623361	0	1.8531471000000002	0
67.35245803953383	0	1.8283534500000003	0
62.91846228381946	0	1.7987781	0
57.53502418675841	0	1.7599323	0
50.40055861748215	0	1.70243535	0
39.20954476178812	0	1.5933918000000002	0
26.619420700506264	0	1.4251986	0
19.071170550710068	0	1.28037735	0
33.528390035538806	0	1.5254127000000002	0
45.87883697109663	0	1.6616123999999999	0
38.42843073863882	0	1.58465265	0
40.67018987691845	0	1.6092762	0
38.63748504734404	0	1.58700885	0
40.33675432376492	0	1.6057009500000001	0
37.47358992693216	0	1.5737253	0
42.65352222742464	0	1.6299549	0
51.25769823855194	0	1.7097591	0
57.75676365931932	0	1.76160285	0
60.81899648539848	0	1.78403925	0
60.107096543263786	0	1.7789257500000002	0
58.64095710455959	0	1.76820105	0
57.56814028793763	0	1.7601822	0
55.36016807745378	0	1.7431974000000001	0
52.72349602122794	0	1.7220042	0
51.962938211225534	0	1.7156937	0
57.09092110881497	0	1.7565670500000001	0
64.67032596869782	0	1.81070505	0
72.31784897717654	0	1.8592455	0
72.34565450155546	0	1.8594124500000002	0
62.9598522240857	0	1.7990637000000003	0
52.91274592778129	0	1.7235603000000002	0
46.62288028355834	0	1.6685991000000002	0
45.27368032575483	0	1.6558458	0
47.33628270499505	0	1.67519415	0
48.43153122044215	0	1.6851282	0
48.88562815321978	0	1.6891812	0
49.33300837828793	0	1.6931376	0
50.311561898433226	0	1.7016678	0
51.59102423574347	0	1.71257415	0
59.626271052901885	0	1.77543765	0
60.64675943859167	0	1.7828076000000002	0
56.16841256587499	0	1.74949215	0
52.59045763483835	0	1.72090695	0
45.13084343728494	0	1.65447345	0
43.576109140683094	0	1.63924845	0
44.286126883186554	0	1.6462677000000001	0
46.60417238403511	0	1.6684248	0
48.04236185405505	0	1.68162435	0
47.52469080143191	0	1.6769193000000002	0
45.11535198141173	0	1.65432435	0
40.502002860615306	0	1.6074765	0
35.53108748821721	0	1.5506085	0
31.937535484056134	0	1.5043014000000001	0
31.146460475039454	0	1.4934087	0
34.4851047884898	0	1.53763155	0
38.92815761574852	0	1.5902638500000001	0
42.60899590217838	0	1.6295013	0
44.99085018112172	0	1.6531242	0
47.8621992055293	0	1.67999265	0
51.5995067334514	0	1.7126455500000002	0
60.02388480977032	0	1.7783241	0
104.0761815452429	0	2.01735135	0
62.783981009323966	0	1.79784885	0
49.86061144600044	0	1.6977575999999999	0
43.534303437170415	0	1.6388316	0
40.54226891747923	0	1.60790805	0
38.90247210726314	0	1.5899772	0
37.54005892681109	0	1.57449495	0
36.31023837123657	0	1.5600291	0
37.23336604937685	0	1.5709323000000002	0
38.14545504054412	0	1.5814428	0
37.983392386560595	0	1.5795937500000001	0
36.89241199801188	0	1.5669370500000002	0
34.88755225590529	0	1.5426705	0
33.11510984738731	0	1.5200262	0
34.0495753523716	0	1.5321117000000002	0
38.44785361982483	0	1.5848721	0
44.626307125916576	0	1.6495909500000001	0
49.27769668027193	0	1.6926504	0
55.94465500237256	0	1.7477586	0
63.99730710287062	0	1.8061617	0
63.98957121007986	0	1.8061092	0
58.533022421517344	0	1.76740095	0
51.12996553697223	0	1.7086755	0
48.74282543870646	0	1.6879107	0
50.70648429115336	0	1.7050635	0
54.48498679783984	0	1.73627685	0
63.17881850688598	0	1.8005715000000002	0
78.58815625954483	0	1.8953571	0
88.45835320170184	0	1.94673885	0
90.30005191568821	0	1.955688	0
94.43362257334084	0	1.97512665	0
98.56391601635002	0	1.9937179500000002	0
101.7784071956243	0	2.0076556500000002	0
107.45277852399948	0	2.0312176500000003	0
110.46358912870733	0	2.04321915	0
106.76808419941078	0	2.02844145	0
103.15480204892935	0	2.01348945	0
107.76706372129618	0	2.03248605	0
121.81332561715531	0	2.0856948	0
137.4861181323673	0	2.1382588499999997	0
149.647236073713	0	2.1750687	0
158.01828717864933	0	2.19870735	0
161.252850318595	0	2.2075074	0
154.4242675102688	0	2.18871555	0
141.9294925470857	0	2.1520726500000005	0
124.51674235087758	0	2.0952277500000003	0
100.58658181949214	0	2.00254005	0
70.7941057094233	0	1.8499971000000002	0
45.05278576176068	0	1.65372165	0
35.38526480593937	0	1.54882245	0
57.26178078152443	0	1.75786485	0
81.59086736646856	0	1.9116415500000001	0
78.53098594680547	0	1.8950410500000001	0
80.32042540830045	0	1.9048260000000001	0
79.08008910654623	0	1.89806715	0
81.08782470237405	0	1.90895565	0
80.79760730277769	0	1.9073985	0
89.576182495712	0	1.9521925500000001	0
104.25171305662248	0	2.0180832	0
117.45409150640549	0	2.06986815	0
124.81573830660035	0	2.09626935	0
125.46077039337167	0	2.09850795	0
122.60636026337087	0	2.0885130000000003	0
118.64538501509979	0	2.07425085	0
113.33577011650046	0	2.054367	0
108.41123703476693	0	2.0350743000000002	0
107.72616513769549	0	2.0323212	0
114.549249991	0	2.05899225	0
126.46361730292865	0	2.1019656	0
137.42596650365877	0	2.1380688	0
135.86268714981412	0	2.1331002000000003	0
119.78300388458555	0	2.0783952	0
101.66847282180491	0	2.0071863	0
90.16326914544848	0	1.9550296500000002	0
86.81148793045847	0	1.9385772	0
88.90023315949207	0	1.9489029000000002	0
91.27086153611285	0	1.9603321500000002	0
92.84663106289679	0	1.96776615	0
93.9892317985076	0	1.9730781	0
96.03009312052328	0	1.9824073500000001	0
100.71798997772645	0	2.00310705	0
111.9877579644792	0	2.0491705500000004	0
116.7480001504706	0	2.0672494500000003	0
112.89164463468994	0	2.0526618	0
106.16934792530495	0	2.02599915	0
95.4495642332004	0	1.9797739500000002	0
90.95145476950422	0	1.9588096500000003	0
90.64521846434789	0	1.9573449	0
92.10568779997263	0	1.9642864500000001	0
91.47631261575198	0	1.96130865	0
87.24303191589573	0	1.94073075	0
80.08444127822587	0	1.90354815	0
70.31732645373943	0	1.84706235	0
60.31409976181134	0	1.7804188500000002	0
52.424790063888736	0	1.7195367	0
48.28328387982211	0	1.6837968	0
48.61642277059581	0	1.6867830000000001	0
50.662614700909856	0	1.7046876000000002	0
52.4643504108676	0	1.7198643	0
53.54642738154605	0	1.7287305	0
55.18470813959514	0	1.7418187500000002	0
57.558676600221325	0	1.7601108	0
63.49257636764323	0	1.8027229500000002	0
110.97165167083125	0	2.04521205	0
72.79516755469447	0	1.8621025500000001	0
61.26291394526947	0	1.7871976500000002	0
56.13365873286617	0	1.74922335	0
54.30678587359649	0	1.7348541	0
54.24589762373695	0	1.7343669	0
54.96805878694045	0	1.7401104	0
55.90030790056697	0	1.7474142000000001	0
57.78651450196925	0	1.7618265	0
59.238165399837044	0	1.7726016	0
59.29290107961954	0	1.7730027000000002	0
58.045559271784526	0	1.7637690000000001	0
56.257839538163964	0	1.7501830500000002	0
55.86504462286142	0	1.7471401500000001	0
59.106834352370946	0	1.7716377	0
66.67860419148666	0	1.8239865000000002	0
77.28501579147867	0	1.8880953000000003	0
88.34528986076106	0	1.9461834	0
100.98083325376925	0	2.00423895	0
112.24282790439135	0	2.0501586	0
112.94023836548796	0	2.0528487	0
105.06369004069185	0	2.02145265	0
95.18454757824136	0	1.9785664500000002	0
91.32405774852525	0	1.9605852000000001	0
94.26185888829765	0	1.974336	0
102.32194808826183	0	2.0099688	0
117.09088809743642	0	2.0685231	0
137.56957639523822	0	2.1385224	0
152.7998225909372	0	2.18412285	0
159.62834096600577	0	2.20311	0
165.9114657008774	0	2.2198764	0
172.73858192814282	0	2.2373893500000004	0
179.88098208793082	0	2.2549852500000003	0
189.59319704876344	0	2.27782275	0
196.87861702439903	0	2.29419855	0
199.19356301953266	0	2.2992752999999997	0
203.02833356809467	0	2.30755665	0
215.83071527022375	0	2.33411325	0
240.03084278155885	0	2.38026705	0
269.05412201760015	0	2.42983965	0
294.92409131880356	0	2.46971025	0
312.85557615959095	0	2.4953439	0
318.4878726767731	0	2.5030929	0
305.6659762515218	0	2.4852471	0
276.73143809521906	0	2.4420585	0
233.49812633727416	0	2.3682834	0
178.30661279433468	0	2.25116745	0
121.43135747500033	0	2.08433085	0
80.63621794452723	0	1.9065301500000003	0
68.64793061398991	0	1.83662745	0
94.55493490879827	0	1.9756842000000001	0
128.77954905568333	0	2.1098469	0
137.70368110362094	0	2.1389455500000003	0
142.72782574981736	0	2.15450865	0
145.18953020976946	0	2.1619353	0
150.13538085471197	0	2.17648305	0
155.50403051347345	0	2.19174165	0
169.89519646127994	0	2.2301811	0
191.52265343432236	0	2.28222015	0
212.29545669951924	0	2.3269406999999998	0
225.4596871319706	0	2.3530689000000002	0
228.70157211710423	0	2.35926915	0
224.65438502595737	0	2.3515149	0
217.04000961847788	0	2.3365398	0
208.08532350160914	0	2.31824145	0
200.99365603719798	0	2.30318235	0
200.07828218037443	0	2.3011999500000004	0
207.93797007409685	0	2.3179338	0
221.6578926571574	0	2.3456832	0
232.60730523336844	0	2.3666233500000002	0
228.2817273049646	0	2.35847115	0
206.91291542157612	0	2.3157876	0
182.1708354327316	0	2.26047885	0
164.9017064988954	0	2.21722515	0
157.87241409419408	0	2.19830625	0
158.41994201755153	0	2.1998098500000003	0
161.3487852239146	0	2.2077657000000004	0
164.29681710441045	0	2.2156291500000003	0
167.3674888087527	0	2.2236711000000002	0
172.57077520454217	0	2.23696725	0
182.4802847665097	0	2.26121595	0
198.2983725811847	0	2.2973191500000003	0
208.3400432585777	0	2.3187727500000004	0
207.35661758133648	0	2.3167179	0
198.83557978985885	0	2.2984941	0
185.14847957184713	0	2.26752015	0
175.96873013748268	0	2.2454355	0
171.52214531920475	0	2.2343202000000004	0
168.42247689862356	0	2.22640005	0
161.72410262306855	0	2.20877475	0
150.00911538620315	0	2.17611765	0
134.75598100547694	0	2.1295480500000004	0
116.93359451201549	0	2.0679393	0
99.43106702824859	0	1.9975221	0
85.03189347968033	0	1.92958185	0
75.47483113161383	0	1.8778021500000002	0
71.01370145206711	0	1.85134215	0
68.92849561644957	0	1.8383988	0
67.46344274241852	0	1.8290685	0
66.15000784069225	0	1.8205299000000001	0
65.51700708753884	0	1.8163540500000002	0
65.76060498854034	0	1.8179658	0
68.40951319853225	0	1.8351165	0
120.0892133589036	0	2.079504	0
86.13578182236526	0	1.9351836	0
76.53250878217582	0	1.88384595	0
73.06653289863539	0	1.8637185	0
72.8053761498604	0	1.8621634500000002	0
74.82384126421827	0	1.87404	0
78.22778797543054	0	1.8933610500000002	0
82.00657046997132	0	1.91384865	0
85.91116335136613	0	1.9340496	0
88.9380698339914	0	1.9490877	0
90.33913960495336	0	1.95587595	0
90.35639597736376	0	1.9559589000000002	0
90.35574061187563	0	1.9559557500000002	0
92.74567150898886	0	1.96729365	0
99.72092538648491	0	1.9987863	0
112.03406654044895	0	2.0493501000000003	0
128.85616446943465	0	2.1101052	0
148.1142180125389	0	2.17059675	0
168.25032042861218	0	2.2259559	0
183.78554478771508	0	2.26431135	0
186.43811358001093	0	2.2705347000000002	0
178.18680880167236	0	2.25087555	0
167.47758893060637	0	2.2239567	0
163.17414659402317	0	2.21265135	0
168.04583384244836	0	2.22542775	0
181.34907719912226	0	2.25851535	0
202.61005759244364	0	2.3066610000000005	0
229.01530129081513	0	2.3598645	0
251.21033345833737	0	2.4000375000000003	0
265.3537625301102	0	2.42382525	0
276.95365438038573	0	2.4424071	0
289.3752942681946	0	2.4614614500000003	0
302.546372393182	0	2.48079195	0
318.8206919395963	0	2.5035465	0
334.28027440481014	0	2.52411075	0
347.44374698447456	0	2.5408845	0
364.69045775046044	0	2.5619244	0
392.01207984220673	0	2.5932994500000004	0
431.2251679447491	0	2.6347041	0
476.9228713577494	0	2.67844815	0
518.6027913440922	0	2.7148348500000004	0
545.7846913118473	0	2.73702135	0
549.8135643000703	0	2.7402154500000004	0
522.0585346097674	0	2.7177192	0
462.741979438262	0	2.6653389	0
378.18365080347024	0	2.5777027500000003	0
281.6418899649604	0	2.44969725	0
194.97013841267005	0	2.2899681	0
138.91853669459078	0	2.1427602	0
122.74427640175865	0	2.08900125	0
147.1145745009191	0	2.1676557	0
185.28416301347355	0	2.2678383	0
207.87765067098505	0	2.3178078	0
222.2127121226496	0	2.3467689000000003	0
233.4264418083801	0	2.36815005	0
246.17429338447116	0	2.3912427000000003	0
261.235864478975	0	2.4170328	0
284.0819562827678	0	2.45344365	0
313.53100892774427	0	2.4962804999999997	0
342.06020368880456	0	2.53410255	0
361.7608787972561	0	2.5584216000000004	0
368.7886104701848	0	2.5667775	0
364.94095146699	0	2.5622226	0
354.9005317053795	0	2.55010665	0
343.1212378484318	0	2.5354476000000004	0
334.1130200583091	0	2.5238934	0
332.0787609982583	0	2.5212411	0
338.6895133182201	0	2.5298017500000003	0
350.2438353518777	0	2.5443705000000003	0
357.67509403146323	0	2.5534887	0
350.12530487668084	0	2.5442235	0
326.0697045784156	0	2.51331045	0
297.8059359638867	0	2.47393335	0
276.1092460054188	0	2.44108095	0
264.9518156656022	0	2.4231669	0
262.810099099012	0	2.41964205	0
265.38135059688796	0	2.4238703999999998	0
269.920021600681	0	2.4312351000000003	0
276.26883734486256	0	2.4413319	0
286.46419666857844	0	2.45707035	0
302.6356249816122	0	2.48092005	0
323.7218398430993	0	2.510172	0
339.6103364115364	0	2.5309809000000003	0
343.21167280033876	0	2.53556205	0
335.2377367549894	0	2.5253529	0
319.44721042123706	0	2.5043991	0
304.1723968586284	0	2.4831198000000003	0
291.80897828751984	0	2.4650986500000003	0
279.3639096855139	0	2.4461703000000004	0
261.6600077980433	0	2.4177373500000003	0
237.8535293444658	0	2.3763096	0
210.40482750481348	0	2.3230557000000003	0
181.3503925546901	0	2.2585185	0
153.95344091989398	0	2.1873894000000003	0
130.76493431850437	0	2.1164913000000003	0
113.44296005860132	0	2.05477755	0
102.06573091652484	0	2.0088799500000003	0
94.07857921092963	0	1.97349075	0
87.9988810676957	0	1.94447715	0
83.16322067975679	0	1.9199313	0
79.327880342113	0	1.89942585	0
76.68049363319359	0	1.8846849	0
74.92159250493732	0	1.874607	0
131.9364365156693	0	2.12036475	0
103.50179936254409	0	2.0149479	0
96.35545355121154	0	1.9838763	0
94.93151242519662	0	1.9774104000000001	0
96.6085469252255	0	1.98501555	0
101.05923351433415	0	2.004576	0
107.50370945478672	0	2.03142345	0
114.68364824485207	0	2.0595015	0
121.73177370659414	0	2.0854039500000003	0
127.75215946875507	0	2.10636825	0
132.21680247670508	0	2.12128665	0
135.589996648962	0	2.13222765	0
139.56118553262706	0	2.14476465	0
146.6855386575391	0	2.1663873	0
159.13818480007694	0	2.2017744	0
177.81326232656215	0	2.24996415	0
202.25864806128172	0	2.3059071	0
230.53522844038355	0	2.3627373	0
258.9162748546252	0	2.41315935	0
280.1857540790953	0	2.44744605	0
287.285396380671	0	2.45831355	0
282.3823512182451	0	2.45083755	0
274.3326192293911	0	2.43827745	0
272.354653434011	0	2.4351348	0
281.087478705438	0	2.4488415000000003	0
300.50807742786446	0	2.47785615	0
328.36710947210474	0	2.51635965	0
361.4496428875433	0	2.5580478	0
392.471070582552	0	2.59380765	0
416.6405635679876	0	2.6197615499999998	0
437.174125527883	0	2.64065445	0
458.67862295610826	0	2.6615085	0
481.4748427546707	0	2.6825736000000004	0
508.2591431863304	0	2.7060852000000004	0
536.4050402721168	0	2.72949285	0
565.2001260081319	0	2.75220225	0
601.0826604904407	0	2.7789342	0
647.7799475294017	0	2.8114275	0
704.9794376878456	0	2.8481764500000004	0
766.953352198497	0	2.88476895	0
820.1272646469424	0	2.91388125	0
848.3231135085924	0	2.9285613	0
838.537230965808	0	2.9235223500000003	0
780.7154069676011	0	2.89249275	0
676.838415345349	0	2.830485	0
542.7975140829649	0	2.7346378500000004	0
404.79687395096255	0	2.6072371500000004	0
291.4388201124812	0	2.4645474000000003	0
220.9553644419777	0	2.34430455	0
197.20971251697523	0	2.2949283000000005	0
214.04052128203	0	2.330496	0
249.33336597454408	0	2.3967804	0
280.91763273293697	0	2.448579	0
307.1876842496608	0	2.4874038	0
331.461926343451	0	2.52043365	0
357.13848336173913	0	2.55283665	0
385.90530605438585	0	2.58648075	0
420.4290824885654	0	2.62369275	0
459.2589726778791	0	2.66205765	0
496.0282941917159	0	2.6955064500000003	0
523.0477641795057	0	2.71854135	0
535.7103659309581	0	2.72893005	0
535.0127106938882	0	2.7283641	0
525.77114768535	0	2.7207967500000003	0
513.4986427113545	0	2.7105392999999998	0
503.38213685190607	0	2.7018978000000002	0
499.3094664975684	0	2.6983698	0
502.19814014356825	0	2.7008750999999998	0
508.37220769921606	0	2.7061818000000004	0
510.26114588554015	0	2.7077925	0
499.84695409174776	0	2.69883705	0
475.8149134596895	0	2.67743805	0
447.67119397436045	0	2.65095915	0
424.4028581456023	0	2.6277783	0
410.4596306398871	0	2.61327045	0
405.7914572538267	0	2.6083029	0
407.6736108364281	0	2.6103126000000003	0
413.888633819445	0	2.6168835	0
424.0920682783376	0	2.6274601500000005	0
439.7362818956551	0	2.6431923000000004	0
461.6993360379504	0	2.6643592500000004	0
487.3281514906181	0	2.6878215	0
507.8894012868936	0	2.70576915	0
515.7880785075278	0	2.7124713	0
509.45127091345023	0	2.7071026500000004	0
491.7487334248469	0	2.69174325	0
469.08716489735804	0	2.6712535500000003	0
445.4169605068656	0	2.6487667500000005	0
419.25364783828684	0	2.62247685	0
386.35621252564135	0	2.5869879000000005	0
346.8939694894712	0	2.5401967500000002	0
304.21284665620254	0	2.48317755	0
261.38812291395277	0	2.41728585	0
222.05750200991343	0	2.34646545	0
188.29220877935543	0	2.2748323500000005	0
161.36907145328826	0	2.2078203	0
141.405108704814	0	2.1504651	0
126.18233216730616	0	2.1009985500000004	0
114.32762981434546	0	2.0581512	0
104.96568637770356	0	2.02104735	0
97.10311231814087	0	1.9872331500000002	0
90.77944013789624	0	1.9579875	0
83.33470454317576	0	1.9208259	0
147.21384298143747	0	2.16794865	0
125.45834379040191	0	2.09849955	0
121.28963803805665	0	2.0838237	0
122.22574694474055	0	2.0871627	0
126.22993250553995	0	2.1011623500000005	0
133.4503447306263	0	2.1253197	0
143.12279208599008	0	2.1557088	0
154.08675173319497	0	2.1877653	0
165.29008385700735	0	2.2182468	0
175.8050111281875	0	2.2450312500000003	0
185.21698056941034	0	2.2676808	0
194.13381986457844	0	2.2881012000000003	0
204.33873478071675	0	2.3103507	0
218.26716119338596	0	2.3389884000000003	0
237.91852021550085	0	2.37642825	0
264.2500328692355	0	2.42201505	0
297.04298466672043	0	2.4728193	0
334.28754823188694	0	2.5241202	0
371.1159328520003	0	2.5695096	0
399.92131336926076	0	2.60197455	0
415.00889006422074	0	2.6180574	0
418.4364414247372	0	2.6216295	0
418.0875643192956	0	2.6212672500000003	0
422.79189187653947	0	2.62612665	0
438.4920258925483	0	2.6419617	0
465.71738474920136	0	2.66812245	0
500.93214336168154	0	2.6997789	0
541.4029901069631	0	2.73352065	0
582.763173991755	0	2.7654921000000003	0
619.9750324468007	0	2.7923742	0
653.1978551330346	0	2.8150447499999998	0
687.3728907023293	0	2.8371923999999997	0
724.0568223697119	0	2.8597726500000005	0
765.6731184820866	0	2.8840434	0
810.2825757973278	0	2.9086365	0
858.0655182447523	0	2.93352045	0
914.876031873379	0	2.96136225	0
981.0982476143173	0	2.9917125	0
1053.1776884236708	0	3.02250165	0
1123.1803580540427	0	3.0504495000000005	0
1174.1605914843492	0	3.0697275000000004	0
1186.333515576504	0	3.0742068000000002	0
1145.0800544857966	0	3.0588358500000004	0
1043.1652226701744	0	3.0183531	0
889.5291816517855	0	2.9491602000000006	0
710.4032669884764	0	2.8515049500000003	0
539.7170650162046	0	2.73216615	0
405.9887038304751	0	2.6085139500000003	0
322.2794768568224	0	2.50823265	0
287.58004676599836	0	2.45875875	0
292.2771070091121	0	2.4657948000000003	0
319.2009314637157	0	2.50406415	0
352.71582887836877	0	2.54742495	0
387.92681433015423	0	2.5887498	0
425.1196700544575	0	2.6285111999999997	0
465.4731129947987	0	2.6678946000000003	0
509.57322456496195	0	2.7072066	0
557.6802314877638	0	2.74638525	0
607.5889263477343	0	2.7836098500000004	0
653.8346013539227	0	2.8154679000000002	0
689.7084550761932	0	2.8386655500000004	0
710.7915398463227	0	2.85174225	0
717.362301348115	0	2.8557385500000003	0
713.4722726685079	0	2.8533771000000003	0
704.4223064280653	0	2.8478331000000003	0
695.3206860487375	0	2.84218515	0
689.6767729613596	0	2.8386456000000004	0
688.196009438933	0	2.83771215	0
688.2492550623422	0	2.8377457500000003	0
684.7703539767725	0	2.83554495	0
672.7337250541341	0	2.8278432000000002	0
651.1102766671991	0	2.81365455	0
626.3570932457106	0	2.796822	0
604.9490513144024	0	2.7817188	0
590.9569573852433	0	2.7715558500000004	0
585.3869007988278	0	2.767443	0
587.1445040026924	0	2.768745	0
594.9710713500103	0	2.7744958500000005	0
608.4562409059035	0	2.7842293500000004	0
628.167842501416	0	2.7980757	0
653.6196498945139	0	2.8153251	0
681.1789205171476	0	2.8332612000000004	0
703.1835460009164	0	2.8470687000000003	0
712.3708664754829	0	2.85270615	0
705.8526507558225	0	2.8487140500000003	0
684.6809585405592	0	2.83548825	0
653.0383707775551	0	2.8149387	0
615.5064381812232	0	2.7892326	0
572.7826441894997	0	2.75798985	0
522.775950113217	0	2.7183156	0
466.9000280263914	0	2.6692239	0
408.699964510883	0	2.6114045999999997	0
351.6370273639264	0	2.5460946	0
299.4904649069031	0	2.4763830000000002	0
254.20222642852218	0	2.40517935	0
216.93718479723222	0	2.3363340000000004	0
187.66412144924055	0	2.2733812500000004	0
164.563569900616	0	2.2163337	0
146.17397258887553	0	2.1648700499999998	0
131.70760423631432	0	2.11961085	0
119.29226922923421	0	2.0766123000000003	0
108.45659109986315	0	2.0352559500000003	0
93.97173601530397	0	1.9729972500000001	0
166.3778278286359	0	2.22109545	0
152.48502665211245	0	2.1832271999999997	0
151.82580762681138	0	2.1813456	0
155.49538357440179	0	2.1917174999999998	0
162.15046558243486	0	2.2099182	0
172.29104295968975	0	2.2362626999999997	0
185.29446647606943	0	2.26786245	0
200.30140701452194	0	2.301684	0
216.3997227403053	0	2.3352567000000004	0
232.66354983418609	0	2.36672835	0
248.6452974663125	0	2.39558025	0
264.8903273322248	0	2.4230661	0
283.06521268498057	0	2.4518865	0
305.4133382622274	0	2.484888	0
333.6512836172761	0	2.5232928	0
368.49092775628907	0	2.5664268	0
409.65065160469527	0	2.61241365	0
455.2052895711872	0	2.6582073000000004	0
500.4261547549284	0	2.6993400000000003	0
538.6559358230634	0	2.73131145	0
565.5514236973561	0	2.7524721	0
582.6321559173509	0	2.76539445	0
595.7886836336775	0	2.77509225	0
612.3493342340239	0	2.78699925	0
638.684019764073	0	2.8052860500000003	0
676.301888270332	0	2.8301406	0
721.2648203195371	0	2.8580947500000002	0
770.8721397008018	0	2.8869823500000003	0
823.7977472420507	0	2.9158206000000004	0
876.3434601107075	0	2.9426743500000003	0
925.9467250843682	0	2.9665860000000004	0
975.8511988555542	0	2.9893836	0
1028.9775511211853	0	3.0124059	0
1087.4148261216535	0	3.0363952500000004	0
1149.3042164475398	0	3.060435	0
1215.7443222228562	0	3.0848422500000003	0
1290.1921643788264	0	3.1106544	0
1368.4377619309892	0	3.13622505	0
1412.5375446227554	0	3.1500000000000004	0
1412.5375446227554	0	3.1500000000000004	0
1412.5375446227554	0	3.1500000000000004	0
1412.5375446227554	0	3.1500000000000004	0
1412.5375446227554	0	3.1500000000000004	0
1272.2325418469638	0	3.1045665	0
1076.6316680304087	0	3.03206715	0
866.8880175252833	0	2.9379630000000003	0
676.759872609396	0	2.8304346000000002	0
530.0212109439374	0	2.72429325	0
434.8633929046471	0	2.63835285	0
387.46189661982555	0	2.588229	0
377.80530340941675	0	2.57726805	0
393.10638692631903	0	2.5945101000000004	0
422.44755413580333	0	2.6257728	0
460.537660025728	0	2.66326515	0
505.7792988038459	0	2.7039610499999998	0
557.3823342394649	0	2.7461532	0
614.2339257608918	0	2.7883337999999998	0
674.7193262493071	0	2.82912315	0
735.7957076584186	0	2.86675725	0
792.3588262776013	0	2.8989219	0
838.7156561734085	0	2.92361475	0
871.0288703786055	0	2.94003255	0
888.8928236519824	0	2.9488494000000003	0
895.0042549392832	0	2.9518251	0
893.6377367768093	0	2.9511615000000004	0
889.1937470280396	0	2.9489964000000004	0
884.7483268197738	0	2.94681975	0
881.2578528586431	0	2.9451030000000005	0
877.5901699884192	0	2.94329175	0
871.2521242785791	0	2.94014385	0
859.841099308975	0	2.9344182	0
842.7789893071351	0	2.9257137	0
823.9730361602342	0	2.915913	0
807.5055203859567	0	2.9071455	0
796.5075559014932	0	2.9011899	0
792.3051885686737	0	2.8988925	0
794.9031170791862	0	2.9003142000000004	0
803.9192906293491	0	2.90521245	0
818.9780272046526	0	2.91327225	0
839.7890353466028	0	2.9241702000000003	0
864.7340296738597	0	2.93688255	0
889.5958536016757	0	2.9491927500000004	0
907.5772479020937	0	2.9578836	0
912.3667508302858	0	2.96016945	0
901.0879872877819	0	2.9547672	0
873.5216030857035	0	2.9412736500000003	0
831.5217241807323	0	2.9198736000000003	0
779.0711999285851	0	2.8915771500000003	0
719.0066381870737	0	2.8567329000000004	0
652.362968102883	0	2.8144893	0
581.9564018015677	0	2.76489045	0
510.90305546962924	0	2.7083385	0
442.0761140077178	0	2.6454970500000003	0
378.87369195902056	0	2.5784944500000004	0
323.09709258378325	0	2.5093330500000004	0
276.20405484570995	0	2.44123005	0
238.15102222999192	0	2.3768524500000003	0
207.5000472778727	0	2.3170182	0
182.7805374512533	0	2.26192995	0
163.11261487634974	0	2.21248755	0
145.95255432295565	0	2.1642117	0
130.09483361358622	0	2.11426005	0
107.17593969559461	0	2.0300973	0
189.97311765281046	0	2.2786921500000004	0
185.13505097478554	0	2.26748865	0
188.53409474086976	0	2.2753899	0
195.2498684757893	0	2.2905907500000002	0
204.6230011236885	0	2.3109544499999997	0
217.51910117183084	0	2.3374974	0
233.83482980178323	0	2.3689092	0
253.02250437796866	0	2.40315915	0
274.23580066341736	0	2.43812415	0
296.7529876233373	0	2.4723951	0
320.1237163340415	0	2.50531785	0
344.6677110475007	0	2.5374006000000002	0
371.76161831358667	0	2.57026455	0
403.3753915733789	0	2.6057094000000003	0
441.00645878624	0	2.64444495	0
484.91643090938675	0	2.6856669	0
534.3133803722504	0	2.72779605	0
587.4554672641867	0	2.7689749500000005	0
640.8804888512365	0	2.80677705	0
689.868555385804	0	2.83876635	0
731.4165785705737	0	2.8641648	0
766.3694782111705	0	2.8844382000000004	0
798.1383888476837	0	2.9020782	0
831.3146806149689	0	2.9197654500000003	0
871.3764130298779	0	2.9402058	0
921.3420652934517	0	2.9644209000000004	0
978.5161547269388	0	2.990568	0
1039.7961378838586	0	3.0169482	0
1105.2157111899655	0	3.04344705	0
1173.556085964262	0	3.0695038500000003	0
1241.5182272588775	0	3.0939531000000002	0
1309.1235936700573	0	3.11698065	0
1378.799286507646	0	3.1395010500000002	0
1412.5375446227554	0	3.1500000000000004	0
1412.5375446227554	0	3.1500000000000004	0
1412.5375446227554	0	3.1500000000000004	0
1412.5375446227554	0	3.1500000000000004	0
1412.5375446227554	0	3.1500000000000004	0
1412.5375446227554	0	3.1500000000000004	0
1412.5375446227554	0	3.1500000000000004	0
1412.5375446227554	0	3.1500000000000004	0
1412.5375446227554	0	3.1500000000000004	0
1412.5375446227554	0	3.1500000000000004	0
1412.5375446227554	0	3.1500000000000004	0
1222.9581623867198	0	3.0874116000000003	0
1001.0719669901104	0	3.0004653	0
805.514662246186	0	2.90607345	0
653.5659230721931	0	2.8152894	0
550.0209729853954	0	2.7403792499999997	0
490.5743080994633	0	2.6907048000000002	0
466.7566885098192	0	2.66909055	0
469.3061008956109	0	2.6714562	0
490.4711309877742	0	2.69061345	0
525.5334936609332	0	2.7206004	0
572.1487454503251	0	2.7575089500000005	0
628.4579869956806	0	2.7982762500000002	0
692.2360299701592	0	2.8402542000000004	0
760.6323636830145	0	2.8811748	0
829.8367232385169	0	2.9189926500000003	0
895.0951418681074	0	2.9518692	0
951.7328288011383	0	2.97851505	0
996.3249360747228	0	2.9984010000000003	0
1027.637514371814	0	3.01183995	0
1046.9197673835504	0	3.0199134	0
1057.1497221898014	0	3.0241365	0
1061.719270513868	0	3.0260097000000004	0
1063.162867899067	0	3.0265998	0
1062.625784964119	0	3.02638035	0
1060.0546367311622	0	3.0253282500000003	0
1054.997304450969	0	3.0232513500000002	0
1047.1425325392754	0	3.0200058000000003	0
1036.5381714282992	0	3.0155853	0
1025.3741156615763	0	3.0108823499999997	0
1015.8396263816815	0	3.0068251500000005	0
1009.8670447771847	0	3.0042642	0
1008.5323886924785	0	3.0036898499999998	0
1012.2993313830369	0	3.00530895	0
1021.3658903161341	0	3.00918135	0
1035.3960408674664	0	3.0151065	0
1053.3635834727665	0	3.0225782999999997	0
1072.7887239220865	0	3.0305142000000003	0
1089.2567251959244	0	3.03713025	0
1097.0109182233166	0	3.04021095	0
1091.1993534819726	0	3.0379041	0
1069.8333941773153	0	3.02931615	0
1032.4863053759202	0	3.0138843000000004	0
979.5102838503755	0	2.991009	0
913.8326063401163	0	2.96086665	0
839.3952359270374	0	2.9239665	0
759.3957285665615	0	2.88046815	0
677.8652174381867	0	2.83114335	0
598.1036462060002	0	2.7767764500000003	0
522.0257187425453	0	2.7176919	0
451.82488840486997	0	2.65497015	0
388.9965503612874	0	2.58994575	0
335.00196156107523	0	2.52504735	0
290.22799394359953	0	2.4627393	0
253.51114103756825	0	2.40399705	0
223.39402340865914	0	2.34907155	0
198.98033147154536	0	2.29881015	0
177.06937322006988	0	2.24814345	0
155.78701285653722	0	2.19253125	0
123.34997051101064	0	2.0911390499999998	0
218.56710504058503	0	2.3395848	0
223.57070690171884	0	2.3494148999999998	0
231.4662363197246	0	2.36448765	0
241.57189159421105	0	2.3830464	0
253.6644167357521	0	2.40425955	0
269.3313760722132	0	2.43028695	0
288.79937564637476	0	2.46059625	0
311.884362277715	0	2.4939936	0
337.94354073849803	0	2.5288441500000003	0
366.30580401836045	0	2.5638438	0
396.7912165877008	0	2.59856205	0
429.71295796311404	0	2.63317845	0
466.0192429223758	0	2.6684038500000002	0
507.1323323675222	0	2.7051213000000005	0
554.173558145427	0	2.7436458	0
607.1513290199977	0	2.78329695	0
664.8720861410702	0	2.8227381	0
725.5568555994766	0	2.86067145	0
787.1328726397364	0	2.89604805	0
847.1876184856909	0	2.9279796000000005	0
904.1081829571444	0	2.9562204	0
958.1326726324886	0	2.98142565	0
1010.5509158398943	0	3.0045582	0
1063.162867899067	0	3.0265998	0
1119.4608243509633	0	3.0490089	0
1183.2970995718556	0	3.0730938	0
1254.2469395723547	0	3.0983830500000002	0
1329.1744975011184	0	3.123582	0
1406.839002582475	0	3.1482444	0
1412.5375446227554	0	3.1500000000000004	0
1412.5375446227554	0	3.1500000000000004	0
1412.5375446227554	0	3.1500000000000004	0
1412.5375446227554	0	3.1500000000000004	0
1412.5375446227554	0	3.1500000000000004	0
1412.5375446227554	0	3.1500000000000004	0
1412.5375446227554	0	3.1500000000000004	0
1412.5375446227554	0	3.1500000000000004	0
1412.5375446227554	0	3.1500000000000004	0
1412.5375446227554	0	3.1500000000000004	0
1412.5375446227554	0	3.1500000000000004	0
1412.5375446227554	0	3.1500000000000004	0
1412.5375446227554	0	3.1500000000000004	0
1412.5375446227554	0	3.1500000000000004	0
1412.5375446227554	0	3.1500000000000004	0
1325.698759809854	0	3.12244485	0
1108.0651602045689	0	3.0445653000000004	0
918.5929331222021	0	2.9631231000000002	0
768.5515450825344	0	2.885673	0
660.8239886895805	0	2.8200857999999998	0
592.1898371716328	0	2.77246095	0
556.5043968835976	0	2.7454686	0
547.2050541441104	0	2.7381501000000004	0
558.6356535122871	0	2.74712865	0
586.8081675691197	0	2.7684961500000003	0
629.1877376608412	0	2.79878025	0
683.579373920414	0	2.83478895	0
747.4194581747515	0	2.8735644	0
817.3994666496385	0	2.9124343500000003	0
889.4818691058326	0	2.9491370999999997	0
959.5096568738148	0	2.9820493500000005	0
1023.6922136661739	0	3.0101694	0
1078.7499783321603	0	3.0329208	0
1122.6400977068195	0	3.05024055	0
1155.4336195036242	0	3.062745	0
1178.9964570012703	0	3.0715125000000003	0
1195.7266258300654	0	3.0776319	0
1207.506980355386	0	3.08188965	0
1215.2682452178901	0	3.0846721500000003	0
1219.2677872463744	0	3.0860991	0
1220.0610144510297	0	3.0863815500000005	0
1218.5575644442233	0	3.0858460500000002	0
1215.4563027411882	0	3.0847393500000004	0
1212.1519095973154	0	3.08355705	0
1209.6809738083618	0	3.0826708500000004	0
1208.9178775443763	0	3.0823968	0
1210.4738172013147	0	3.0829554000000003	0
1214.7483001266232	0	3.0844863000000005	0
1221.9414585958675	0	3.0870504000000003	0
1231.5271765151442	0	3.090444	0
1241.941530143029	0	3.0941011499999997	0
1250.4167999350673	0	3.0970548	0
1253.3345159553542	0	3.0980670000000003	0
1246.8877263133757	0	3.09582735	0
1227.9831285298485	0	3.0891924	0
1194.9463306762655	0	3.0773484	0
1147.1222405491728	0	3.0596097	0
1084.9095946505304	0	3.03539355	0
1010.9761261528442	0	3.0047409	0
929.0030717685074	0	2.96801715	0
842.1557146418506	0	2.9253924000000002	0
754.2102841517536	0	2.87749245	0
668.9126359862846	0	2.8253694000000005	0
588.6639631880275	0	2.76986745	0
515.100178050909	0	2.7118917000000002	0
449.11193867402477	0	2.6523546000000002	0
391.6227385172203	0	2.5928679	0
343.09552216879615	0	2.53541505	0
302.4001136161536	0	2.48058195	0
268.22277416233277	0	2.4284956500000003	0
239.69506909267898	0	2.3796591	0
213.16465715351566	0	2.3287152	0
185.98655494434166	0	2.2694815500000005	0
142.10357371803553	0	2.1526050000000003	0
252.33340608830102	0	2.40197475	0
267.3752477517284	0	2.4271212	0
279.95891389990743	0	2.4470943000000003	0
293.7847172899939	0	2.4680292	0
309.200259689911	0	2.49023985	0
327.9680215592058	0	2.5158315	0
350.46406984689344	0	2.5446435000000003	0
376.7126031211933	0	2.57601015	0
406.63803682089303	0	2.609208	0
439.8702600480933	0	2.6433246	0
476.44804581672383	0	2.67801555	0
516.9491195650016	0	2.7134478000000004	0
561.8186476164668	0	2.7495961500000003	0
611.4794270840728	0	2.78638185	0
666.4315513459808	0	2.82375555	0
726.8086711620313	0	2.8614201	0
791.954717231116	0	2.8987003500000004	0
860.4337757732764	0	2.93471745	0
930.7544043796041	0	2.9688351	0
1001.9121655838168	0	3.00082965	0
1073.395820662331	0	3.0307599	0
1145.0772860126658	0	3.0588348	0
1216.958868682739	0	3.0852759	0
1289.1351494451615	0	3.11029845	0
1362.8380486589379	0	3.13444425	0
1412.5375446227554	0	3.1500000000000004	0
1412.5375446227554	0	3.1500000000000004	0
1412.5375446227554	0	3.1500000000000004	0
1412.5375446227554	0	3.1500000000000004	0
1412.5375446227554	0	3.1500000000000004	0
1412.5375446227554	0	3.1500000000000004	0
1412.5375446227554	0	3.1500000000000004	0
1412.5375446227554	0	3.1500000000000004	0
1412.5375446227554	0	3.1500000000000004	0
1412.5375446227554	0	3.1500000000000004	0
1412.5375446227554	0	3.1500000000000004	0
1412.5375446227554	0	3.1500000000000004	0
1412.5375446227554	0	3.1500000000000004	0
1412.5375446227554	0	3.1500000000000004	0
1412.5375446227554	0	3.1500000000000004	0
1412.5375446227554	0	3.1500000000000004	0
1412.5375446227554	0	3.1500000000000004	0
1412.5375446227554	0	3.1500000000000004	0
1412.5375446227554	0	3.1500000000000004	0
1395.089114350533	0	3.14460195	0
1192.4931691781321	0	3.0764559	0
1016.3555194435323	0	3.0070456500000002	0
873.7201466628652	0	2.94137235	0
766.4584207711623	0	2.8844886	0
692.6210716819081	0	2.8404957	0
648.1982437413567	0	2.8117078500000003	0
628.7345844503316	0	2.79846735	0
630.2214781712485	0	2.7994932	0
649.5536836208112	0	2.8126150500000002	0
684.3615480132793	0	2.8352856	0
732.2499488217093	0	2.86465935	0
790.5180669590716	0	2.8979118	0
856.0307194226439	0	2.93248935	0
925.3245826247061	0	2.9662941	0
995.0514800148026	0	2.99784555	0
1062.0478889005167	0	3.0261441000000002	0
1123.2726898439987	0	3.0504852000000002	0
1176.436661390881	0	3.0705685500000004	0
1220.8547577108152	0	3.0866640000000003	0
1257.1979089486551	0	3.09940365	0
1286.6690369383725	0	3.10946685	0
1310.371232049788	0	3.11739435	0
1328.9495670375536	0	3.1235085000000002	0
1342.6201166878236	0	3.12795315	0
1352.0406526340296	0	3.1309897500000003	0
1358.3544191881444	0	3.1330131	0
1362.498710742745	0	3.1343361	0
1365.6548455686543	0	3.13534095	0
1368.6395948021	0	3.1362891	0
1371.9293589670096	0	3.13733175	0
1375.6659883029702	0	3.138513	0
1379.6929654799758	0	3.1397824500000002	0
1383.5945734060278	0	3.14100885	0
1386.390583674239	0	3.1418855999999997	0
1386.313492200362	0	3.1418614500000004	0
1381.007858821063	0	3.1401961500000004	0
1368.2227268732584	0	3.1361568	0
1346.2346052585185	0	3.1291207500000002	0
1313.5272894861541	0	3.1184391000000002	0
1268.7063103912712	0	3.1033611000000003	0
1211.2818228146475	0	3.0832452000000004	0
1142.4198748918373	0	3.0578257500000006	0
1064.8761493535237	0	3.0272991	0
981.8504646860653	0	2.99204535	0
896.0283483627035	0	2.9523217500000003	0
809.8791157244572	0	2.9084202	0
726.132457862675	0	2.8610158500000002	0
647.2774094147837	0	2.81109045	0
574.7802672791853	0	2.75950185	0
509.48329631883195	0	2.70712995	0
451.7538890553451	0	2.6549019	0
401.321891052055	0	2.60349285	0
357.55491311400965	0	2.55334275	0
319.60248690019966	0	2.5046101500000004	0
286.9133458247065	0	2.4577507499999998	0
255.57522393761727	0	2.40751875	0
221.71524195984506	0	2.34579555	0
162.02663030514532	0	2.2095864	0
290.88340814685114	0	2.46371895	0
315.06216282009603	0	2.49839625	0
331.97440409290283	0	2.5211046	0
349.2646244521883	0	2.5431546	0
367.89984088433187	0	2.5657296	0
389.7967825009069	0	2.59083825	0
414.91959947882265	0	2.61796395	0
443.67259110038265	0	2.6470626	0
476.2798958654473	0	2.67786225	0
512.9936035681811	0	2.7101119500000004	0
553.9418154419565	0	2.7434641500000003	0
599.3978074534496	0	2.77771515	0
649.7892916297623	0	2.8127725500000005	0
705.1021679705917	0	2.84825205	0
765.3418291531789	0	2.8838554500000004	0
830.8163794240688	0	2.91950505	0
901.593558082758	0	2.9550108	0
976.9229225004283	0	2.9898603	0
1055.379976154044	0	3.02340885	0
1135.928249012654	0	3.0553509	0
1218.6518440626592	0	3.0858796500000003	0
1304.0408614396815	0	3.1152911999999997	0
1392.0500491935568	0	3.14365485	0
1412.5375446227554	0	3.1500000000000004	0
1412.5375446227554	0	3.1500000000000004	0
1412.5375446227554	0	3.1500000000000004	0
1412.5375446227554	0	3.1500000000000004	0
1412.5375446227554	0	3.1500000000000004	0
1412.5375446227554	0	3.1500000000000004	0
1412.5375446227554	0	3.1500000000000004	0
1412.5375446227554	0	3.1500000000000004	0
1412.5375446227554	0	3.1500000000000004	0
1412.5375446227554	0	3.1500000000000004	0
1412.5375446227554	0	3.1500000000000004	0
1412.5375446227554	0	3.1500000000000004	0
1412.5375446227554	0	3.1500000000000004	0
1412.5375446227554	0	3.1500000000000004	0
1412.5375446227554	0	3.1500000000000004	0
1412.5375446227554	0	3.1500000000000004	0
1412.5375446227554	0	3.1500000000000004	0
1412.5375446227554	0	3.1500000000000004	0
1412.5375446227554	0	3.1500000000000004	0
1412.5375446227554	0	3.1500000000000004	0
1412.5375446227554	0	3.1500000000000004	0
1412.5375446227554	0	3.1500000000000004	0
1263.7468904960722	0	3.1016601	0
1103.6082795321365	0	3.04281495	0
971.1134071173678	0	2.9872699500000004	0
867.6764295649095	0	2.9383578000000004	0
792.163449244367	0	2.8988148	0
742.0609875845036	0	2.8704396	0
714.50800700998	0	2.8540071	0
706.773080847587	0	2.8492800000000003	0
716.4765818801055	0	2.8552020000000002	0
741.456624991788	0	2.87008575	0
779.3047978233806	0	2.8917073500000003	0
827.5446779180476	0	2.91779145	0
883.7478088020003	0	2.94632835	0
945.4305898591273	0	2.97562965	0
1010.0452951198699	0	3.00434085	0
1074.8890779482222	0	3.0313636500000003	0
1137.2445127005035	0	3.05585385	0
1194.9376635910323	0	3.07734525	0
1246.7490615804008	0	3.09577905	0
1292.2931729537036	0	3.11136105	0
1331.6705641225044	0	3.1243968	0
1365.2322852521577	0	3.1352065500000004	0
1393.2756593054066	0	3.14403705	0
1412.5375446227554	0	3.1500000000000004	0
1412.5375446227554	0	3.1500000000000004	0
1412.5375446227554	0	3.1500000000000004	0
1412.5375446227554	0	3.1500000000000004	0
1412.5375446227554	0	3.1500000000000004	0
1412.5375446227554	0	3.1500000000000004	0
1412.5375446227554	0	3.1500000000000004	0
1412.5375446227554	0	3.1500000000000004	0
1412.5375446227554	0	3.1500000000000004	0
1412.5375446227554	0	3.1500000000000004	0
1412.5375446227554	0	3.1500000000000004	0
1412.5375446227554	0	3.1500000000000004	0
1412.5375446227554	0	3.1500000000000004	0
1412.5375446227554	0	3.1500000000000004	0
1390.0624121568278	0	3.1430343	0
1347.3807862832734	0	3.12949035	0
1294.801369260817	0	3.11220315	0
1232.662119392846	0	3.0908440500000003	0
1162.3261268073088	0	3.0653280000000005	0
1085.8437851561557	0	3.0357673500000004	0
1005.6568126418414	0	3.0024498	0
924.0770831551198	0	2.9657082	0
843.0846845632218	0	2.9258712000000004	0
764.557670907837	0	2.8834102500000003	0
690.1888675047142	0	2.8389679500000002	0
621.3465624794356	0	2.7933339000000004	0
559.1301997329648	0	2.74751295	0
503.79122648791565	0	2.7022506	0
454.9203347009933	0	2.6579353500000003	0
411.6283232712044	0	2.61450525	0
373.35863491539817	0	2.5721262000000005	0
339.8814011894695	0	2.5313274000000003	0
306.56519716081453	0	2.48652285	0
267.0838635669931	0	2.42664765	0
178.3855205345399	0	2.2513596000000002	0
362.1038980298913	0	2.5588332	0
400.3082586426355	0	2.60239455	0
423.8891008345428	0	2.62725225	0
446.51026756426126	0	2.6498314499999998	0
469.61823287366485	0	2.6717449500000003	0
495.7297696320441	0	2.695245	0
524.812293927371	0	2.720004	0
557.1371265815263	0	2.7459621000000003	0
593.5228588978507	0	2.7734374500000003	0
634.1419007173888	0	2.80218645	0
679.2941898624211	0	2.8320579	0
728.82347067924	0	2.86262235	0
783.0064688140246	0	2.8937653500000002	0
842.5467350461048	0	2.9255940000000002	0
907.4083054129809	0	2.9578027500000004	0
977.667210860401	0	2.99019105	0
1053.9393022340846	0	3.0228156	0
1136.5710767398202	0	3.0555966000000003	0
1224.7512743198276	0	3.0880479000000003	0
1316.6973151356613	0	3.11948595	0
1411.6260038867772	0	3.14971965	0
1412.5375446227554	0	3.1500000000000004	0
1412.5375446227554	0	3.1500000000000004	0
1412.5375446227554	0	3.1500000000000004	0
1412.5375446227554	0	3.1500000000000004	0
1412.5375446227554	0	3.1500000000000004	0
1412.5375446227554	0	3.1500000000000004	0
1412.5375446227554	0	3.1500000000000004	0
1412.5375446227554	0	3.1500000000000004	0
1412.5375446227554	0	3.1500000000000004	0
1412.5375446227554	0	3.1500000000000004	0
1412.5375446227554	0	3.1500000000000004	0
1412.5375446227554	0	3.1500000000000004	0
1412.5375446227554	0	3.1500000000000004	0
1412.5375446227554	0	3.1500000000000004	0
1412.5375446227554	0	3.1500000000000004	0
1412.5375446227554	0	3.1500000000000004	0
1412.5375446227554	0	3.1500000000000004	0
1412.5375446227554	0	3.1500000000000004	0
1412.5375446227554	0	3.1500000000000004	0
1412.5375446227554	0	3.1500000000000004	0
1412.5375446227554	0	3.1500000000000004	0
1412.5375446227554	0	3.1500000000000004	0
1412.5375446227554	0	3.1500000000000004	0
1412.5375446227554	0	3.1500000000000004	0
1367.0885629066315	0	3.13579665	0
1235.5055482030984	0	3.0918447000000002	0
1122.721527352033	0	3.0502720500000002	0
1029.9706517921134	0	3.01282485	0
957.2366098414748	0	2.9810193	0
903.6317876920139	0	2.9559915	0
867.8169931307701	0	2.9384281500000005	0
848.2451789760999	0	2.9285214	0
843.3660221294524	0	2.9260161	0
851.7552124863971	0	2.9303148	0
871.776785440155	0	2.9404053	0
901.7265354248532	0	2.9550748500000004	0
939.9333301294977	0	2.9730970500000002	0
984.6460658060711	0	2.9932801500000004	0
1034.0901467378635	0	3.0145584	0
1086.526567359729	0	3.03604035	0
1140.2895649157354	0	3.05701515	0
1193.8547728376293	0	3.0769515	0
1245.8420924243533	0	3.095463	0
1295.0424371074807	0	3.1122840000000003	0
1340.4437682372836	0	3.1272486	0
1381.271655731435	0	3.1402791000000003	0
1412.5375446227554	0	3.1500000000000004	0
1412.5375446227554	0	3.1500000000000004	0
1412.5375446227554	0	3.1500000000000004	0
1412.5375446227554	0	3.1500000000000004	0
1412.5375446227554	0	3.1500000000000004	0
1412.5375446227554	0	3.1500000000000004	0
1412.5375446227554	0	3.1500000000000004	0
1412.5375446227554	0	3.1500000000000004	0
1412.5375446227554	0	3.1500000000000004	0
1412.5375446227554	0	3.1500000000000004	0
1412.5375446227554	0	3.1500000000000004	0
1412.5375446227554	0	3.1500000000000004	0
1412.5375446227554	0	3.1500000000000004	0
1412.5375446227554	0	3.1500000000000004	0
1412.5375446227554	0	3.1500000000000004	0
1382.2504818338784	0	3.14058675	0
1334.0358479082765	0	3.1251675000000003	0
1279.3422717857234	0	3.1069867500000004	0
1219.5331218230278	0	3.0861936	0
1155.785655184962	0	3.0628773	0
1089.2962285864214	0	3.0371460000000003	0
1021.3634209481523	0	3.0091803	0
953.3679546713864	0	2.9792605500000002	0
886.7870655906696	0	2.94781935	0
822.7567424455193	0	2.91527145	0
762.3445502198457	0	2.8821513	0
706.3596781464479	0	2.8490259	0
655.065609703915	0	2.8162848	0
608.916861138908	0	2.784558	0
568.0976594537601	0	2.754423	0
532.470558927073	0	2.7262956	0
501.95536451475414	0	2.7006651	0
476.44574199174116	0	2.67801345	0
453.6024065454386	0	2.65667535	0
434.61638984616684	0	2.6381061	0
300.82210783649913	0	2.4783097499999998	0
