   1984977705.98366     
  -33.77417       136.6885      -4.918859    
  -15.70986       136.6885      -4.777638    
  -8.185690       136.6885      -4.156470    
  -2.500000       136.6885      -1.173841    
   2.481762       136.9860     -0.8644103    
   7.434425       137.6588     -0.2914650    
   12.38829       138.3216     -0.3239686    
   17.37068       138.6622     -0.3510869    
   22.36992       138.7449     -0.3219349    
   27.36889       138.8391     -0.2694570    
   32.36626       138.9964     -0.2102268    
   37.36148       139.2104     -0.1212946    
   42.35468       139.4673      0.0000000E+00
   47.34677       139.7446     -0.2480272    
   52.33939       140.0120     -0.2819385    
   57.33461       140.2241     -2.6042038E-03
   62.33282       140.3456     -0.1532563    
   67.33237       140.3495     -0.2730453    
   72.33087       140.2388     -0.2164858    
   77.32610       140.0294     -0.3481977    
   82.31709       139.7351     -0.5957363    
   87.30524       139.3958     -0.7296779    
   92.29430       139.0706     -0.4587276    
   97.28818       138.8354     -0.5390999    
   102.2866       138.7312     -0.3474503    
   107.2863       138.6811     -2.3267031E-02
   112.2728       138.3953     -0.3172291    
   117.2255       137.7357     -0.2586601    
   122.1606       136.9430     -0.4614283    
   127.1186       136.3252     -0.9528738    
   132.1048       135.9780      -3.235829    
   137.1018       135.8299      -3.470515    
   142.1004       135.8761      -3.385991    
   147.0855       136.2108      -1.136095    
   152.0289       136.9238     -0.7561255    
   156.9416       137.8421      -1.026701    
   161.8866       138.5306     -0.7436275    
   166.8759       138.7930      -1.226624    
   171.8755       138.7994     -0.8296587    
   176.8751       138.7408     -0.9595338    
   181.8749       138.7118      -1.030232    
   186.8749       138.7108     -0.9173655    
   191.8749       138.7111      -1.307154    
   196.8749       138.7112      -1.516007    
   201.8749       138.7111      -1.587563    
   206.8749       138.7109      -1.697293    
   211.8749       138.7134      -1.439475    
   216.8748       138.7373     -0.7885199    
   221.8745       138.7983     -0.9195979    
   226.8739       138.8695      -1.146553    
   231.8736       138.8726     -0.5870887    
   236.8703       138.7209     -0.5341008    
   241.8605       138.4185      -1.652517    
   246.8531       138.1794     -0.6830878    
   251.8497       138.2349     -0.7226558    
   256.8403       138.5308      -1.285467    
   261.8292       138.8582      -1.287461    
   266.8226       139.1064      -1.757290    
   271.8200       139.2568      -1.458290    
   276.8195       139.3043      -1.591138    
   281.8193       139.2749      -1.400063    
   286.8188       139.2062     -0.7851906    
   291.8181       139.1195      -1.187777    
   296.8170       139.0187     -0.9371206    
   301.8156       138.8996     -0.9584655    
   306.8141       138.7848      -1.729409    
   311.8136       138.7435      -1.714408    
   316.8123       138.6715      -1.357722    
   321.7794       138.2001      -1.505334    
   326.7076       137.3683      -1.006237    
   331.6619       137.0869      -1.391675    
   336.6017       137.7613      -1.679936    
   341.4941       138.7795      -1.784565    
   346.3997       139.7317      -1.057562    
   351.3318       140.5377      -1.210934    
   356.3008       141.0433      -1.562489    
   361.2956       141.2499      -1.544451    
   366.2939       141.3779      -1.827105    
   371.2916       141.5279      -2.095597    
   376.2886       141.6984      -1.479162    
   381.2849       141.8889      -1.207645    
   386.2799       142.1075      -1.263219    
   391.2732       142.3631      -1.110265    
   396.2645       142.6530      -1.059451    
   401.2549       142.9583     -0.9985766    
   406.2462       143.2484     -0.8888263    
   411.2407       143.4767     -0.8395957    
   416.2387       143.6027     -0.8957441    
   421.2385       143.6403     -0.8481281    
   426.2385       143.6443      -1.315041    
   431.2385       143.6608      -1.527644    
   436.2343       143.8174      -1.387682    
   441.2233       144.1421      -1.869739    
   446.2118       144.4751      -1.694057    
   451.2035       144.7582      -1.409117    
   456.1937       145.0647      -1.965925    
   461.1783       145.4488      -1.424270    
   466.1624       145.8420      -2.021020    
   471.1551       146.0755      -1.035785    
   476.1545       146.1300      -1.043412    
   481.8401       146.1326      -3.620907    
   489.3643       146.1326      -4.566263    
   507.4286       146.1326      -4.966410    
  -33.77417       134.0858      -4.883124    
  -15.70986       134.0858      -4.759173    
  -8.185690       134.0858      -3.871997    
  -2.500000       134.0858      -2.311206    
   2.481762       134.3752      -1.551207    
   7.434425       135.0294     -0.9603968    
   12.38829       135.6740     -0.7262831    
   17.37068       136.0052     -0.5965718    
   22.36992       136.0857     -0.7634999    
   27.36889       136.1774     -0.7949890    
   32.36626       136.3303     -0.7022150    
   37.36148       136.5384     -0.5842783    
   42.35468       136.7882     -0.4595872    
   47.34677       137.0579     -0.3658710    
   52.33939       137.3180     -0.4057018    
   57.33461       137.5242     -0.6118659    
   62.33282       137.6424     -0.5907363    
   67.33237       137.6462     -0.5799689    
   72.33087       137.5385     -0.7920069    
   77.32610       137.3349      -1.062350    
   82.31709       137.0487     -0.8037124    
   87.30524       136.7188     -0.9998645    
   92.29430       136.4025     -0.9715622    
   97.28818       136.1738     -0.7080130    
   102.2866       136.0724     -0.8128209    
   107.2863       136.0237     -0.6908540    
   112.2728       135.7457     -0.5294924    
   117.2255       135.1043     -0.6460063    
   122.1606       134.3334      -1.134187    
   127.1186       133.7326      -2.049464    
   132.1048       133.3949      -3.220662    
   137.1018       133.2509      -3.621360    
   142.1004       133.2958      -3.411022    
   147.0855       133.6214      -2.251118    
   152.0289       134.3147      -1.410364    
   156.9416       135.2077      -1.061295    
   161.8866       135.8773      -1.125927    
   166.8759       136.1325      -1.991125    
   171.8755       136.1387      -1.629072    
   176.8751       136.0817      -1.509523    
   181.8749       136.0535      -1.219987    
   186.8749       136.0525      -1.368624    
   191.8749       136.0529      -1.412659    
   196.8749       136.0529      -1.483029    
   201.8749       136.0529      -1.745609    
   206.8749       136.0527      -1.979914    
   211.8749       136.0551      -2.096177    
   216.8748       136.0783      -1.736852    
   221.8745       136.1376      -1.502588    
   226.8739       136.2069     -0.9955887    
   231.8736       136.2099      -1.199852    
   236.8703       136.0623      -1.208350    
   241.8605       135.7682      -1.070004    
   246.8531       135.5358      -1.553788    
   251.8497       135.5898      -1.425402    
   256.8403       135.8775      -1.210311    
   261.8292       136.1960      -1.975909    
   266.8226       136.4373      -1.796783    
   271.8200       136.5835      -2.024875    
   276.8195       136.6297      -1.510231    
   281.8193       136.6011      -1.821350    
   286.8188       136.5343      -1.388965    
   291.8181       136.4500      -1.247891    
   296.8170       136.3520      -1.319292    
   301.8156       136.2361      -1.838965    
   306.8141       136.1245      -2.053054    
   311.8136       136.0844      -2.028656    
   316.8123       136.0143      -1.941774    
   321.7794       135.5559      -1.764868    
   326.7076       134.7469      -1.657677    
   331.6619       134.4733      -1.824298    
   336.6017       135.1292      -1.409192    
   341.4941       136.1194      -2.652869    
   346.3997       137.0454      -2.145784    
   351.3318       137.8293      -1.725139    
   356.3008       138.3209      -1.312766    
   361.2956       138.5218      -1.928872    
   366.2939       138.6463      -2.587228    
   371.2916       138.7922      -1.873285    
   376.2886       138.9579      -1.998271    
   381.2849       139.1433      -1.638387    
   386.2799       139.3558      -1.847488    
   391.2732       139.6044      -1.708952    
   396.2645       139.8863      -1.559417    
   401.2549       140.1832      -1.341546    
   406.2462       140.4654      -1.285662    
   411.2407       140.6873      -1.119391    
   416.2387       140.8099      -1.216429    
   421.2385       140.8465      -1.310892    
   426.2385       140.8504      -1.478036    
   431.2385       140.8664      -1.729986    
   436.2343       141.0188      -2.560624    
   441.2233       141.3345      -1.772720    
   446.2118       141.6584      -1.987142    
   451.2035       141.9337      -2.183306    
   456.1937       142.2318      -2.850954    
   461.1783       142.6053      -3.066958    
   466.1624       142.9877      -1.394210    
   471.1551       143.2148      -1.409361    
   476.1545       143.2677      -1.752012    
   481.8401       143.2702      -3.427799    
   489.3643       143.2702      -4.572307    
   507.4286       143.2702      -4.934381    
  -33.77417       131.3152      -4.864322    
  -15.70986       131.3152      -4.786839    
  -8.185690       131.3152      -4.018201    
  -2.500000       131.3152      -3.119919    
   2.481762       131.5958      -2.447967    
   7.434425       132.2304      -1.973794    
   12.38829       132.8556      -1.712375    
   17.37068       133.1768      -1.657203    
   22.36992       133.2549      -1.776659    
   27.36889       133.3438      -1.795828    
   32.36626       133.4921      -1.718009    
   37.36148       133.6940      -1.626338    
   42.35468       133.9363      -1.477461    
   47.34677       134.1978      -1.398397    
   52.33939       134.4500      -1.430483    
   57.33461       134.6501      -1.639584    
   62.33282       134.7647      -1.612515    
   67.33237       134.7684      -1.578596    
   72.33087       134.6640      -1.777814    
   77.32610       134.4664      -2.028910    
   82.31709       134.1889      -1.920205    
   87.30524       133.8689      -1.953943    
   92.29430       133.5621      -1.905157    
   97.28818       133.3403      -1.727044    
   102.2866       133.2420      -1.812616    
   107.2863       133.1947      -1.606006    
   112.2728       132.9252      -1.517362    
   117.2255       132.3031      -1.712138    
   122.1606       131.5553      -2.230007    
   127.1186       130.9726      -2.998805    
   132.1048       130.6451      -3.669581    
   137.1018       130.5054      -3.963489    
   142.1004       130.5490      -3.862281    
   147.0855       130.8647      -3.278388    
   152.0289       131.5372      -2.418751    
   156.9416       132.4034      -2.119596    
   161.8866       133.0527      -2.090368    
   166.8759       133.3003      -2.574284    
   171.8755       133.3063      -2.533985    
   176.8751       133.2510      -2.495389    
   181.8749       133.2236      -2.317704    
   186.8749       133.2227      -2.395675    
   191.8749       133.2231      -2.389096    
   196.8749       133.2231      -2.484380    
   201.8749       133.2231      -2.527447    
   206.8749       133.2229      -2.646994    
   211.8749       133.2252      -2.722332    
   216.8748       133.2477      -2.636402    
   221.8745       133.3052      -2.326879    
   226.8739       133.3724      -1.860209    
   231.8736       133.3753      -2.128914    
   236.8703       133.2322      -2.258121    
   241.8605       132.9470      -2.145525    
   246.8531       132.7215      -2.426582    
   251.8497       132.7738      -2.310065    
   256.8403       133.0529      -2.105129    
   261.8292       133.3618      -2.601719    
   266.8226       133.5959      -2.522768    
   271.8200       133.7377      -2.594466    
   276.8195       133.7825      -2.487188    
   281.8193       133.7548      -2.626441    
   286.8188       133.6900      -2.426282    
   291.8181       133.6082      -2.247743    
   296.8170       133.5132      -2.331381    
   301.8156       133.4008      -2.608163    
   306.8141       133.2925      -2.594079    
   311.8136       133.2536      -2.653585    
   316.8123       133.1856      -2.532764    
   321.7794       132.7410      -2.511517    
   326.7076       131.9564      -2.552905    
   331.6619       131.6910      -2.649317    
   336.6017       132.3271      -2.470526    
   341.4941       133.2876      -2.971921    
   346.3997       134.1857      -2.820702    
   351.3318       134.9460      -2.574524    
   356.3008       135.4228      -2.323754    
   361.2956       135.6176      -2.751179    
   366.2939       135.7384      -3.121419    
   371.2916       135.8799      -2.821101    
   376.2886       136.0407      -2.786236    
   381.2849       136.2204      -2.654407    
   386.2799       136.4265      -2.665183    
   391.2732       136.6677      -2.624980    
   396.2645       136.9411      -2.507751    
   401.2549       137.2291      -2.299903    
   406.2462       137.5027      -2.287185    
   411.2407       137.7180      -2.147887    
   416.2387       137.8369      -2.254420    
   421.2385       137.8724      -2.400562    
   426.2385       137.8761      -2.592686    
   431.2385       137.8917      -2.849286    
   436.2343       138.0394      -3.324216    
   441.2233       138.3456      -2.906595    
   446.2118       138.6598      -2.979221    
   451.2035       138.9268      -3.137932    
   456.1937       139.2159      -3.442292    
   461.1783       139.5782      -3.811404    
   466.1624       139.9491      -2.567503    
   471.1551       140.1694      -2.512180    
   476.1545       140.2207      -2.850112    
   481.8401       140.2231      -3.709489    
   489.3643       140.2231      -4.657269    
   507.4286       140.2231      -4.922479    
  -33.77417       128.3538      -4.865254    
  -15.70986       128.3538      -4.864051    
  -8.185690       128.3538      -4.299116    
  -2.500000       128.3538      -3.805079    
   2.481762       128.6251      -3.302562    
   7.434425       129.2386      -2.928521    
   12.38829       129.8431      -2.698676    
   17.37068       130.1537      -2.674355    
   22.36992       130.2291      -2.725493    
   27.36889       130.3151      -2.723135    
   32.36626       130.4585      -2.658725    
   37.36148       130.6536      -2.565969    
   42.35468       130.8879      -2.416359    
   47.34677       131.1408      -2.371074    
   52.33939       131.3846      -2.421911    
   57.33461       131.5780      -2.576943    
   62.33282       131.6889      -2.567124    
   67.33237       131.6924      -2.586170    
   72.33087       131.5914      -2.767008    
   77.32610       131.4005      -2.924342    
   82.31709       131.1322      -2.879010    
   87.30524       130.8228      -2.843366    
   92.29430       130.5262      -2.817444    
   97.28818       130.3116      -2.710650    
   102.2866       130.2167      -2.727995    
   107.2863       130.1709      -2.584676    
   112.2728       129.9104      -2.585587    
   117.2255       129.3089      -2.739846    
   122.1606       128.5859      -3.220394    
   127.1186       128.0226      -3.893893    
   132.1048       127.7059      -4.319963    
   137.1018       127.5708      -4.492858    
   142.1004       127.6130      -4.479910    
   147.0855       127.9183      -4.121210    
   152.0289       128.5684      -3.407503    
   156.9416       129.4059      -3.132497    
   161.8866       130.0337      -3.112265    
   166.8759       130.2731      -3.305842    
   171.8755       130.2789      -3.389152    
   176.8751       130.2254      -3.437443    
   181.8749       130.1989      -3.388813    
   186.8749       130.1980      -3.413163    
   191.8749       130.1983      -3.381048    
   196.8749       130.1983      -3.428394    
   201.8749       130.1983      -3.410625    
   206.8749       130.1982      -3.444540    
   211.8749       130.2005      -3.436283    
   216.8748       130.2222      -3.363261    
   221.8745       130.2778      -3.071747    
   226.8739       130.3428      -2.876036    
   231.8736       130.3456      -3.016897    
   236.8703       130.2072      -3.175844    
   241.8605       129.9314      -3.216896    
   246.8531       129.7134      -3.285086    
   251.8497       129.7641      -3.236532    
   256.8403       130.0339      -3.062660    
   261.8292       130.3325      -3.349489    
   266.8226       130.5588      -3.335725    
   271.8200       130.6960      -3.334737    
   276.8195       130.7393      -3.365726    
   281.8193       130.7124      -3.450027    
   286.8188       130.6498      -3.391012    
   291.8181       130.5708      -3.282163    
   296.8170       130.4788      -3.304997    
   301.8156       130.3701      -3.392663    
   306.8141       130.2655      -3.361421    
   311.8136       130.2279      -3.379772    
   316.8123       130.1622      -3.262256    
   321.7794       129.7323      -3.285827    
   326.7076       128.9738      -3.424647    
   331.6619       128.7171      -3.520600    
   336.6017       129.3322      -3.451313    
   341.4941       130.2607      -3.576010    
   346.3997       131.1291      -3.528992    
   351.3318       131.8641      -3.384053    
   356.3008       132.3251      -3.243040    
   361.2956       132.5135      -3.491919    
   366.2939       132.6302      -3.729779    
   371.2916       132.7671      -3.628553    
   376.2886       132.9225      -3.566794    
   381.2849       133.0963      -3.537504    
   386.2799       133.2955      -3.457404    
   391.2732       133.5287      -3.442603    
   396.2645       133.7930      -3.385158    
   401.2549       134.0715      -3.242124    
   406.2462       134.3360      -3.260833    
   411.2407       134.5442      -3.174470    
   416.2387       134.6591      -3.247241    
   421.2385       134.6935      -3.373530    
   426.2385       134.6971      -3.538073    
   431.2385       134.7121      -3.755663    
   436.2343       134.8550      -4.002980    
   441.2233       135.1510      -3.882255    
   446.2118       135.4547      -3.915197    
   451.2035       135.7129      -3.967539    
   456.1937       135.9924      -4.066181    
   461.1783       136.3427      -4.158061    
   466.1624       136.7012      -3.598620    
   471.1551       136.9142      -3.546323    
   476.1545       136.9639      -3.797771    
   481.8401       136.9662      -4.197055    
   489.3643       136.9662      -4.820425    
   507.4286       136.9662      -4.934434    
  -33.77417       125.1739      -4.887367    
  -15.70986       125.1739      -4.986610    
  -8.185690       125.1739      -4.621535    
  -2.500000       125.1739      -4.355322    
   2.481762       125.4352      -4.007289    
   7.434425       126.0261      -3.730789    
   12.38829       126.6083      -3.550113    
   17.37068       126.9075      -3.513977    
   22.36992       126.9801      -3.520297    
   27.36889       127.0629      -3.501275    
   32.36626       127.2010      -3.444787    
   37.36148       127.3890      -3.352967    
   42.35468       127.6146      -3.241035    
   47.34677       127.8582      -3.223083    
   52.33939       128.0931      -3.277087    
   57.33461       128.2793      -3.378726    
   62.33282       128.3861      -3.402941    
   67.33237       128.3895      -3.462722    
   72.33087       128.2923      -3.607228    
   77.32610       128.1083      -3.680073    
   82.31709       127.8499      -3.646506    
   87.30524       127.5519      -3.618397    
   92.29430       127.2662      -3.620074    
   97.28818       127.0596      -3.566636    
   102.2866       126.9681      -3.538844    
   107.2863       126.9241      -3.474166    
   112.2728       126.6731      -3.498985    
   117.2255       126.0938      -3.619657    
   122.1606       125.3975      -4.015050    
   127.1186       124.8549      -4.584596    
   132.1048       124.5499      -4.965797    
   137.1018       124.4198      -5.094862    
   142.1004       124.4603      -5.086253    
   147.0855       124.7544      -4.779605    
   152.0289       125.3806      -4.256443    
   156.9416       126.1872      -3.993820    
   161.8866       126.7919      -3.957780    
   166.8759       127.0225      -4.050987    
   171.8755       127.0280      -4.138659    
   176.8751       126.9765      -4.207346    
   181.8749       126.9510      -4.221952    
   186.8749       126.9501      -4.224057    
   191.8749       126.9505      -4.192468    
   196.8749       126.9505      -4.194525    
   201.8749       126.9505      -4.168852    
   206.8749       126.9503      -4.145723    
   211.8749       126.9525      -4.090097    
   216.8748       126.9735      -4.003715    
   221.8745       127.0270      -3.828114    
   226.8739       127.0896      -3.769529    
   231.8736       127.0923      -3.774360    
   236.8703       126.9591      -3.846653    
   241.8605       126.6934      -3.992288    
   246.8531       126.4834      -4.028378    
   251.8497       126.5322      -4.021508    
   256.8403       126.7921      -3.922457    
   261.8292       127.0797      -4.059826    
   266.8226       127.2977      -4.073668    
   271.8200       127.4297      -4.047061    
   276.8195       127.4715      -4.079620    
   281.8193       127.4456      -4.138828    
   286.8188       127.3853      -4.140632    
   291.8181       127.3092      -4.097413    
   296.8170       127.2206      -4.083772    
   301.8156       127.1160      -4.090364    
   306.8141       127.0152      -4.072665    
   311.8136       126.9790      -4.048804    
   316.8123       126.9157      -3.955300    
   321.7794       126.5017      -3.979330    
   326.7076       125.7710      -4.132511    
   331.6619       125.5238      -4.237301    
   336.6017       126.1162      -4.225795    
   341.4941       127.0106      -4.228432    
   346.3997       127.8469      -4.186492    
   351.3318       128.5549      -4.079035    
   356.3008       128.9989      -4.002180    
   361.2956       129.1804      -4.146871    
   366.2939       129.2928      -4.308175    
   371.2916       129.4245      -4.300225    
   376.2886       129.5742      -4.272115    
   381.2849       129.7417      -4.261639    
   386.2799       129.9336      -4.181237    
   391.2732       130.1582      -4.155024    
   396.2645       130.4128      -4.131289    
   401.2549       130.6809      -4.067379    
   406.2462       130.9357      -4.093548    
   411.2407       131.1362      -4.061604    
   416.2387       131.2469      -4.096617    
   421.2385       131.2800      -4.179427    
   426.2385       131.2835      -4.301464    
   431.2385       131.2979      -4.469992    
   436.2343       131.4355      -4.628246    
   441.2233       131.7207      -4.647136    
   446.2118       132.0132      -4.664197    
   451.2035       132.2618      -4.652457    
   456.1937       132.5311      -4.649574    
   461.1783       132.8684      -4.622770    
   466.1624       133.2138      -4.411262    
   471.1551       133.4189      -4.393968    
   476.1545       133.4668      -4.560113    
   481.8401       133.4690      -4.714784    
   489.3643       133.4690      -5.045240    
   507.4286       133.4690      -4.972044    
  -33.77417       121.7413      -4.931979    
  -15.70986       121.7413      -5.144227    
  -8.185690       121.7413      -4.940714    
  -2.500000       121.7413      -4.820834    
   2.481762       121.9919      -4.583342    
   7.434425       122.5584      -4.386185    
   12.38829       123.1165      -4.245140    
   17.37068       123.4034      -4.194408    
   22.36992       123.4730      -4.182705    
   27.36889       123.5524      -4.157632    
   32.36626       123.6848      -4.109129    
   37.36148       123.8650      -4.035713    
   42.35468       124.0813      -3.967496    
   47.34677       124.3148      -3.963920    
   52.33939       124.5400      -4.008821    
   57.33461       124.7186      -4.075561    
   62.33282       124.8209      -4.121222    
   67.33237       124.8242      -4.192736    
   72.33087       124.7309      -4.288397    
   77.32610       124.5546      -4.313911    
   82.31709       124.3068      -4.290567    
   87.30524       124.0211      -4.289208    
   92.29430       123.7473      -4.312922    
   97.28818       123.5492      -4.295922    
   102.2866       123.4615      -4.263786    
   107.2863       123.4193      -4.228673    
   112.2728       123.1786      -4.248395    
   117.2255       122.6232      -4.360991    
   122.1606       121.9557      -4.674065    
   127.1186       121.4355      -5.122722    
   132.1048       121.1431      -5.484220    
   137.1018       121.0183      -5.637363    
   142.1004       121.0573      -5.611203    
   147.0855       121.3392      -5.349058    
   152.0289       121.9395      -4.968760    
   156.9416       122.7128      -4.722824    
   161.8866       123.2925      -4.653981    
   166.8759       123.5135      -4.707129    
   171.8755       123.5189      -4.781148    
   176.8751       123.4696      -4.841254    
   181.8749       123.4451      -4.866229    
   186.8749       123.4443      -4.858427    
   191.8749       123.4446      -4.826289    
   196.8749       123.4446      -4.801950    
   201.8749       123.4446      -4.765955    
   206.8749       123.4444      -4.718825    
   211.8749       123.4465      -4.662097    
   216.8748       123.4666      -4.602255    
   221.8745       123.5179      -4.506744    
   226.8739       123.5779      -4.444135    
   231.8736       123.5806      -4.396214    
   236.8703       123.4528      -4.401271    
   241.8605       123.1981      -4.549052    
   246.8531       122.9968      -4.621358    
   251.8497       123.0435      -4.644756    
   256.8403       123.2927      -4.614149    
   261.8292       123.5684      -4.672007    
   266.8226       123.7774      -4.685533    
   271.8200       123.9041      -4.659903    
   276.8195       123.9441      -4.669873    
   281.8193       123.9193      -4.706375    
   286.8188       123.8614      -4.726298    
   291.8181       123.7885      -4.717559    
   296.8170       123.7036      -4.699424    
   301.8156       123.6032      -4.684941    
   306.8141       123.5066      -4.668643    
   311.8136       123.4719      -4.626976    
   316.8123       123.4112      -4.551012    
   321.7794       123.0143      -4.572191    
   326.7076       122.3138      -4.711595    
   331.6619       122.0768      -4.812339    
   336.6017       122.6448      -4.828161    
   341.4941       123.5022      -4.805285    
   346.3997       124.3040      -4.761592    
   351.3318       124.9827      -4.681353    
   356.3008       125.4084      -4.638662    
   361.2956       125.5824      -4.725611    
   366.2939       125.6901      -4.836226    
   371.2916       125.8165      -4.871388    
   376.2886       125.9600      -4.876550    
   381.2849       126.1205      -4.869422    
   386.2799       126.3045      -4.810374    
   391.2732       126.5198      -4.775353    
   396.2645       126.7639      -4.763119    
   401.2549       127.0210      -4.750329    
   406.2462       127.2653      -4.778472    
   411.2407       127.4575      -4.779900    
   416.2387       127.5636      -4.798318    
   421.2385       127.5953      -4.848912    
   426.2385       127.5986      -4.935725    
   431.2385       127.6125      -5.059529    
   436.2343       127.7445      -5.175659    
   441.2233       128.0178      -5.230528    
   446.2118       128.2982      -5.238374    
   451.2035       128.5366      -5.199310    
   456.1937       128.7948      -5.147900    
   461.1783       129.1181      -5.092713    
   466.1624       129.4493      -5.019545    
   471.1551       129.6459      -5.035407    
   476.1545       129.6918      -5.148624    
   481.8401       129.6939      -5.167396    
   489.3643       129.6939      -5.291012    
   507.4286       129.6939      -5.037216    
  -33.77417       118.0135      -5.000751    
  -15.70986       118.0135      -5.324111    
  -8.185690       118.0135      -5.243974    
  -2.500000       118.0135      -5.224557    
   2.481762       118.2522      -5.062215    
   7.434425       118.7923      -4.922483    
   12.38829       119.3243      -4.812878    
   17.37068       119.5977      -4.759065    
   22.36992       119.6640      -4.742175    
   27.36889       119.7397      -4.719555    
   32.36626       119.8660      -4.683591    
   37.36148       120.0378      -4.636825    
   42.35468       120.2439      -4.601794    
   47.34677       120.4665      -4.604512    
   52.33939       120.6811      -4.636227    
   57.33461       120.8514      -4.681297    
   62.33282       120.9489      -4.728357    
   67.33237       120.9520      -4.789194    
   72.33087       120.8632      -4.843214    
   77.32610       120.6951      -4.850116    
   82.31709       120.4589      -4.843678    
   87.30524       120.1866      -4.865591    
   92.29430       119.9255      -4.905189    
   97.28818       119.7367      -4.914557    
   102.2866       119.6531      -4.894414    
   107.2863       119.6129      -4.865728    
   112.2728       119.3835      -4.880529    
   117.2255       118.8540      -4.991365    
   122.1606       118.2177      -5.239923    
   127.1186       117.7218      -5.576962    
   132.1048       117.4431      -5.883059    
   137.1018       117.3242      -6.053824    
   142.1004       117.3613      -6.041281    
   147.0855       117.6301      -5.844605    
   152.0289       118.2023      -5.565984    
   156.9416       118.9394      -5.343992    
   161.8866       119.4921      -5.248125    
   166.8759       119.7027      -5.268205    
   171.8755       119.7078      -5.321269    
   176.8751       119.6608      -5.362155    
   181.8749       119.6375      -5.373123    
   186.8749       119.6367      -5.352849    
   191.8749       119.6370      -5.313993    
   196.8749       119.6370      -5.275540    
   201.8749       119.6370      -5.235262    
   206.8749       119.6368      -5.194649    
   211.8749       119.6388      -5.162146    
   216.8748       119.6580      -5.125649    
   221.8745       119.7069      -5.039843    
   226.8739       119.7641      -4.951954    
   231.8736       119.7666      -4.896505    
   236.8703       119.6448      -4.890031    
   241.8605       119.4020      -4.999070    
   246.8531       119.2101      -5.085042    
   251.8497       119.2547      -5.129176    
   256.8403       119.4922      -5.139569    
   261.8292       119.7551      -5.168315    
   266.8226       119.9542      -5.177283    
   271.8200       120.0750      -5.160180    
   276.8195       120.1131      -5.156675    
   281.8193       120.0895      -5.174586    
   286.8188       120.0343      -5.194268    
   291.8181       119.9648      -5.200146    
   296.8170       119.8839      -5.191378    
   301.8156       119.7882      -5.177890    
   306.8141       119.6961      -5.159818    
   311.8136       119.6630      -5.115489    
   316.8123       119.6051      -5.055033    
   321.7794       119.2268      -5.077982    
   326.7076       118.5591      -5.198231    
   331.6619       118.3332      -5.284923    
   336.6017       118.8746      -5.310320    
   341.4941       119.6919      -5.288723    
   346.3997       120.4562      -5.253365    
   351.3318       121.1031      -5.199838    
   356.3008       121.5089      -5.177360    
   361.2956       121.6748      -5.233843    
   366.2939       121.7775      -5.311731    
   371.2916       121.8979      -5.359879    
   376.2886       122.0348      -5.383167    
   381.2849       122.1877      -5.381952    
   386.2799       122.3631      -5.344157    
   391.2732       122.5684      -5.311024    
   396.2645       122.8010      -5.301327    
   401.2549       123.0461      -5.308918    
   406.2462       123.2790      -5.336486    
   411.2407       123.4621      -5.353029    
   416.2387       123.5633      -5.369861    
   421.2385       123.5935      -5.404685    
   426.2385       123.5967      -5.467077    
   431.2385       123.6100      -5.555308    
   436.2343       123.7357      -5.637657    
   441.2233       123.9963      -5.681241    
   446.2118       124.2636      -5.676695    
   451.2035       124.4909      -5.628362    
   456.1937       124.7369      -5.564162    
   461.1783       125.0452      -5.509418    
   466.1624       125.3608      -5.477935    
   471.1551       125.5482      -5.503073    
   476.1545       125.5920      -5.586483    
   481.8401       125.5940      -5.530233    
   489.3643       125.5940      -5.528429    
   507.4286       125.5940      -5.126595    
  -33.77417       113.9358      -5.093986    
  -15.70986       113.9358      -5.518209    
  -8.185690       113.9358      -5.529260    
  -2.500000       113.9358      -5.578982    
   2.481762       114.1617      -5.467834    
   7.434425       114.6728      -5.369007    
   12.38829       115.1762      -5.285802    
   17.37068       115.4350      -5.238544    
   22.36992       115.4978      -5.223209    
   27.36889       115.5694      -5.207369    
   32.36626       115.6889      -5.185650    
   37.36148       115.8514      -5.162100    
   42.35468       116.0465      -5.148237    
   47.34677       116.2571      -5.153383    
   52.33939       116.4603      -5.173460    
   57.33461       116.6214      -5.202707    
   62.33282       116.7137      -5.238218    
   67.33237       116.7167      -5.278422    
   72.33087       116.6326      -5.306147    
   77.32610       116.4735      -5.311521    
   82.31709       116.2499      -5.322505    
   87.30524       115.9922      -5.359970    
   92.29430       115.7452      -5.409594    
   97.28818       115.5665      -5.437222    
   102.2866       115.4874      -5.432599    
   107.2863       115.4493      -5.411281    
   112.2728       115.2323      -5.428740    
   117.2255       114.7313      -5.534899    
   122.1606       114.1291      -5.732583    
   127.1186       113.6599      -5.980477    
   132.1048       113.3961      -6.216288    
   137.1018       113.2836      -6.369617    
   142.1004       113.3186      -6.383623    
   147.0855       113.5730      -6.258067    
   152.0289       114.1145      -6.059057    
   156.9416       114.8120      -5.868136    
   161.8866       115.3350      -5.757047    
   166.8759       115.5344      -5.744642    
   171.8755       115.5392      -5.767884    
   176.8751       115.4947      -5.781278    
   181.8749       115.4726      -5.769266    
   186.8749       115.4719      -5.734756    
   191.8749       115.4722      -5.690490    
   196.8749       115.4722      -5.650444    
   201.8749       115.4722      -5.618750    
   206.8749       115.4720      -5.597457    
   211.8749       115.4739      -5.582974    
   216.8748       115.4921      -5.541561    
   221.8745       115.5383      -5.442323    
   226.8739       115.5924      -5.346319    
   231.8736       115.5948      -5.298619    
   236.8703       115.4796      -5.304361    
   241.8605       115.2498      -5.382589    
   246.8531       115.0682      -5.460563    
   251.8497       115.1104      -5.510356    
   256.8403       115.3352      -5.536027    
   261.8292       115.5839      -5.556687    
   266.8226       115.7724      -5.564919    
   271.8200       115.8866      -5.556839    
   276.8195       115.9228      -5.551238    
   281.8193       115.9004      -5.558832    
   286.8188       115.8482      -5.573385    
   291.8181       115.7824      -5.584076    
   296.8170       115.7058      -5.585295    
   301.8156       115.6153      -5.579297    
   306.8141       115.5281      -5.564243    
   311.8136       115.4968      -5.527386    
   316.8123       115.4420      -5.484215    
   321.7794       115.0840      -5.511616    
   326.7076       114.4521      -5.612978    
   331.6619       114.2384      -5.682039    
   336.6017       114.7507      -5.708771    
   341.4941       115.5241      -5.693117    
   346.3997       116.2474      -5.670386    
   351.3318       116.8596      -5.640464    
   356.3008       117.2437      -5.632498    
   361.2956       117.4006      -5.674182    
   366.2939       117.4977      -5.731383    
   371.2916       117.6117      -5.777166    
   376.2886       117.7412      -5.805714    
   381.2849       117.8860      -5.811381    
   386.2799       118.0519      -5.791299    
   391.2732       118.2462      -5.767459    
   396.2645       118.4663      -5.759333    
   401.2549       118.6983      -5.769611    
   406.2462       118.9186      -5.792590    
   411.2407       119.0920      -5.813090    
   416.2387       119.1877      -5.832849    
   421.2385       119.2163      -5.862655    
   426.2385       119.2194      -5.909768    
   431.2385       119.2319      -5.970902    
   436.2343       119.3509      -6.022837    
   441.2233       119.5975      -6.042642    
   446.2118       119.8504      -6.024775    
   451.2035       120.0655      -5.976331    
   456.1937       120.2983      -5.916812    
   461.1783       120.5900      -5.868792    
   466.1624       120.8887      -5.846154    
   471.1551       121.0661      -5.865419    
   476.1545       121.1075      -5.927439    
   481.8401       121.1095      -5.827075    
   489.3643       121.1095      -5.751137    
   507.4286       121.1095      -5.237028    
  -33.77417       109.4377      -5.210990    
  -15.70986       109.4377      -5.720309    
  -8.185690       109.4377      -5.796865    
  -2.500000       109.4377      -5.893735    
   2.481762       109.6495      -5.818005    
   7.434425       110.1285      -5.749024    
   12.38829       110.6005      -5.688060    
   17.37068       110.8431      -5.652362    
   22.36992       110.9020      -5.643224    
   27.36889       110.9691      -5.635973    
   32.36626       111.0811      -5.626783    
   37.36148       111.2335      -5.618692    
   42.35468       111.4164      -5.616171    
   47.34677       111.6138      -5.621589    
   52.33939       111.8043      -5.633040    
   57.33461       111.9553      -5.649621    
   62.33282       112.0418      -5.670345    
   67.33237       112.0446      -5.692026    
   72.33087       111.9657      -5.707024    
   77.32610       111.8166      -5.717600    
   82.31709       111.6071      -5.741655    
   87.30524       111.3655      -5.787359    
   92.29430       111.1339      -5.841692    
   97.28818       110.9664      -5.880510    
   102.2866       110.8923      -5.891188    
   107.2863       110.8566      -5.883873    
   112.2728       110.6531      -5.909455    
   117.2255       110.1834      -6.007605    
   122.1606       109.6189      -6.163352    
   127.1186       109.1790      -6.342735    
   132.1048       108.9318      -6.513085    
   137.1018       108.8263      -6.631000    
   142.1004       108.8592      -6.656987    
   147.0855       109.0976      -6.585459    
   152.0289       109.6052      -6.449512    
   156.9416       110.2591      -6.293869    
   161.8866       110.7494      -6.178848    
   166.8759       110.9363      -6.137605    
   171.8755       110.9408      -6.126902    
   176.8751       110.8991      -6.110197    
   181.8749       110.8784      -6.077103    
   186.8749       110.8776      -6.033916    
   191.8749       110.8779      -5.991880    
   196.8749       110.8779      -5.960614    
   201.8749       110.8779      -5.943372    
   206.8749       110.8778      -5.936010    
   211.8749       110.8796      -5.919990    
   216.8748       110.8966      -5.860088    
   221.8745       110.9400      -5.755570    
   226.8739       110.9907      -5.664996    
   231.8736       110.9929      -5.625733    
   236.8703       110.8849      -5.640355    
   241.8605       110.6695      -5.702651    
   246.8531       110.4993      -5.769626    
   251.8497       110.5388      -5.817909    
   256.8403       110.7495      -5.846276    
   261.8292       110.9827      -5.863605    
   266.8226       111.1594      -5.872107    
   271.8200       111.2665      -5.870728    
   276.8195       111.3003      -5.868286    
   281.8193       111.2794      -5.872636    
   286.8188       111.2305      -5.883361    
   291.8181       111.1687      -5.895086    
   296.8170       111.0969      -5.902942    
   301.8156       111.0121      -5.905121    
   306.8141       110.9304      -5.898118    
   311.8136       110.9010      -5.874840    
   316.8123       110.8497      -5.849966    
   321.7794       110.5141      -5.882119    
   326.7076       109.9218      -5.966397    
   331.6619       109.7214      -6.018947    
   336.6017       110.2016      -6.044580    
   341.4941       110.9267      -6.034140    
   346.3997       111.6047      -6.022180    
   351.3318       112.1786      -6.009812    
   356.3008       112.5386      -6.012557    
   361.2956       112.6857      -6.047621    
   366.2939       112.7768      -6.092128    
   371.2916       112.8837      -6.130874    
   376.2886       113.0050      -6.158266    
   381.2849       113.1407      -6.169277    
   386.2799       113.2963      -6.163155    
   391.2732       113.4784      -6.151146    
   396.2645       113.6848      -6.146549    
   401.2549       113.9022      -6.154351    
   406.2462       114.1088      -6.171151    
   411.2407       114.2713      -6.190344    
   416.2387       114.3611      -6.211882    
   421.2385       114.3878      -6.240034    
   426.2385       114.3907      -6.276863    
   431.2385       114.4025      -6.317566    
   436.2343       114.5140      -6.345485    
   441.2233       114.7451      -6.345924    
   446.2118       114.9823      -6.319541    
   451.2035       115.1839      -6.275090    
   456.1937       115.4022      -6.225316    
   461.1783       115.6756      -6.184815    
   466.1624       115.9556      -6.163970    
   471.1551       116.1219      -6.174536    
   476.1545       116.1607      -6.219764    
   481.8401       116.1625      -6.090011    
   489.3643       116.1625      -5.965846    
   507.4286       116.1625      -5.365067    
  -33.77417       104.4251      -5.348028    
  -15.70986       104.4251      -5.926091    
  -8.185690       104.4251      -6.048353    
  -2.500000       104.4251      -6.177300    
   2.481762       104.6212      -6.126049    
   7.434425       105.0646      -6.078484    
   12.38829       105.5015      -6.035636    
   17.37068       105.7260      -6.012544    
   22.36992       105.7805      -6.011937    
   27.36889       105.8427      -6.013777    
   32.36626       105.9463      -6.014595    
   37.36148       106.0873      -6.015779    
   42.35468       106.2567      -6.018626    
   47.34677       106.4394      -6.023521    
   52.33939       106.6157      -6.029508    
   57.33461       106.7555      -6.037139    
   62.33282       106.8356      -6.046644    
   67.33237       106.8381      -6.057324    
   72.33087       106.7651      -6.068219    
   77.32610       106.6271      -6.084420    
   82.31709       106.4332      -6.115651    
   87.30524       106.2096      -6.163574    
   92.29430       105.9952      -6.217946    
   97.28818       105.8402      -6.262083    
   102.2866       105.7715      -6.285348    
   107.2863       105.7385      -6.294199    
   112.2728       105.5501      -6.329076    
   117.2255       105.1154      -6.417468    
   122.1606       104.5929      -6.538197    
   127.1186       104.1857      -6.664524    
   132.1048       103.9569      -6.780376    
   137.1018       103.8593      -6.859926    
   142.1004       103.8897      -6.880001    
   147.0855       104.1104      -6.835555    
   152.0289       104.5803      -6.741416    
   156.9416       105.1855      -6.617275    
   161.8866       105.6393      -6.505902    
   166.8759       105.8122      -6.443937    
   171.8755       105.8165      -6.405421    
   176.8751       105.7778      -6.366570    
   181.8749       105.7587      -6.322659    
   186.8749       105.7580      -6.280241    
   191.8749       105.7582      -6.247258    
   196.8749       105.7583      -6.228414    
   201.8749       105.7583      -6.222092    
   206.8749       105.7581      -6.216521    
   211.8749       105.7598      -6.187910    
   216.8748       105.7755      -6.115554    
   221.8745       105.8157      -6.016291    
   226.8739       105.8626      -5.934825    
   231.8736       105.8647      -5.898893    
   236.8703       105.7647      -5.912205    
   241.8605       105.5654      -5.963311    
   246.8531       105.4078      -6.021407    
   251.8497       105.4444      -6.068044    
   256.8403       105.6394      -6.097853    
   261.8292       105.8553      -6.115062    
   266.8226       106.0188      -6.124618    
   271.8200       106.1179      -6.127573    
   276.8195       106.1492      -6.128830    
   281.8193       106.1298      -6.133262    
   286.8188       106.0846      -6.142151    
   291.8181       106.0275      -6.153694    
   296.8170       105.9610      -6.164947    
   301.8156       105.8824      -6.173428    
   306.8141       105.8068      -6.175560    
   311.8136       105.7796      -6.166802    
   316.8123       105.7321      -6.158498    
   321.7794       105.4215      -6.194651    
   326.7076       104.8732      -6.265039    
   331.6619       104.6877      -6.304893    
   336.6017       105.1322      -6.329973    
   341.4941       105.8034      -6.323554    
   346.3997       106.4309      -6.318475    
   351.3318       106.9622      -6.316729    
   356.3008       107.2954      -6.326119    
   361.2956       107.4315      -6.358059    
   366.2939       107.5159      -6.395090    
   371.2916       107.6148      -6.427769    
   376.2886       107.7271      -6.452862    
   381.2849       107.8528      -6.467548    
   386.2799       107.9968      -6.471541    
   391.2732       108.1653      -6.470170    
   396.2645       108.3564      -6.470762    
   401.2549       108.5576      -6.477629    
   406.2462       108.7488      -6.490453    
   411.2407       108.8992      -6.507465    
   416.2387       108.9823      -6.528741    
   421.2385       109.0071      -6.554562    
   426.2385       109.0098      -6.583051    
   431.2385       109.0207      -6.609019    
   436.2343       109.1239      -6.621361    
   441.2233       109.3378      -6.611453    
   446.2118       109.5574      -6.583306    
   451.2035       109.7439      -6.545291    
   456.1937       109.9460      -6.505559    
   461.1783       110.1991      -6.472465    
   466.1624       110.4583      -6.453186    
   471.1551       110.6122      -6.457432    
   476.1545       110.6481      -6.489349    
   481.8401       110.6497      -6.338178    
   489.3643       110.6497      -6.180215    
   507.4286       110.6497      -5.507731    
  -33.77417       98.76926      -5.500276    
  -15.70986       98.76926      -6.132391    
  -8.185690       98.76926      -6.285425    
  -2.500000       98.76926      -6.435680    
   2.481762       98.94752      -6.400854    
   7.434425       99.35075      -6.368001    
   12.38829       99.74802      -6.338926    
   17.37068       99.95215      -6.326862    
   22.36992       100.0017      -6.334329    
   27.36889       100.0582      -6.344271    
   32.36626       100.1525      -6.353039    
   37.36148       100.2807      -6.360580    
   42.35468       100.4347      -6.367015    
   47.34677       100.6009      -6.372501    
   52.33939       100.7612      -6.376709    
   57.33461       100.8883      -6.380570    
   62.33282       100.9611      -6.385199    
   67.33237       100.9634      -6.392187    
   72.33087       100.8971      -6.403462    
   77.32610       100.7716      -6.423368    
   82.31709       100.5952      -6.456601    
   87.30524       100.3919      -6.502147    
   92.29430       100.1970      -6.552539    
   97.28818       100.0560      -6.596740    
   102.2866       99.99355      -6.627320    
   107.2863       99.96349      -6.648234    
   112.2728       99.79222      -6.688830    
   117.2255       99.39693      -6.765926    
   122.1606       98.92178      -6.857216    
   127.1186       98.55151      -6.942243    
   132.1048       98.34343      -7.014530    
   137.1018       98.25465      -7.058997    
   142.1004       98.28233      -7.063154    
   147.0855       98.48299      -7.024534    
   152.0289       98.91029      -6.950968    
   156.9416       99.46066      -6.847952    
   161.8866       99.87329      -6.743254    
   166.8759       100.0306      -6.671820    
   171.8755       100.0344      -6.619499    
   176.8751       99.99930      -6.572607    
   181.8749       99.98188      -6.529600    
   186.8749       99.98126      -6.495239    
   191.8749       99.98149      -6.473686    
   196.8749       99.98150      -6.464817    
   201.8749       99.98149      -6.462017    
   206.8749       99.98139      -6.450383    
   211.8749       99.98287      -6.411047    
   216.8748       99.99718      -6.337082    
   221.8745       100.0337      -6.247640    
   226.8739       100.0764      -6.173752    
   231.8736       100.0783      -6.136231    
   236.8703       99.98734      -6.140943    
   241.8605       99.80609      -6.179325    
   246.8531       99.66279      -6.228089    
   251.8497       99.69608      -6.272964    
   256.8403       99.87341      -6.305731    
   261.8292       100.0697      -6.326600    
   266.8226       100.2184      -6.339859    
   271.8200       100.3085      -6.347064    
   276.8195       100.3370      -6.351831    
   281.8193       100.3194      -6.357512    
   286.8188       100.2782      -6.365750    
   291.8181       100.2263      -6.376557    
   296.8170       100.1659      -6.388736    
   301.8156       100.0944      -6.400660    
   306.8141       100.0256      -6.409539    
   311.8136       100.0009      -6.412130    
   316.8123       99.95772      -6.416444    
   321.7794       99.67523      -6.455566    
   326.7076       99.17667      -6.516077    
   331.6619       99.00801      -6.547663    
   336.6017       99.41222      -6.573571    
   341.4941       100.0225      -6.570670    
   346.3997       100.5932      -6.569515    
   351.3318       101.0763      -6.572890    
   356.3008       101.3793      -6.585065    
   361.2956       101.5031      -6.614862    
   366.2939       101.5798      -6.647704    
   371.2916       101.6697      -6.676838    
   376.2886       101.7719      -6.700703    
   381.2849       101.8861      -6.718174    
   386.2799       102.0170      -6.729147    
   391.2732       102.1703      -6.736004    
   396.2645       102.3440      -6.742240    
   401.2549       102.5270      -6.750864    
   406.2462       102.7009      -6.763010    
   411.2407       102.8377      -6.779072    
   416.2387       102.9132      -6.799383    
   421.2385       102.9358      -6.822471    
   426.2385       102.9382      -6.844742    
   431.2385       102.9481      -6.861693    
   436.2343       103.0419      -6.866483    
   441.2233       103.2365      -6.853999    
   446.2118       103.4361      -6.828963    
   451.2035       103.6058      -6.798983    
   456.1937       103.7895      -6.768758    
   461.1783       104.0197      -6.743074    
   466.1624       104.2553      -6.726409    
   471.1551       104.3953      -6.726780    
   476.1545       104.4279      -6.748882    
   481.8401       104.4295      -6.581151    
   489.3643       104.4295      -6.396461    
   507.4286       104.4295      -5.662586    
  -33.77417       92.28692      -5.661638    
  -15.70986       92.28692      -6.335272    
  -8.185690       92.28692      -6.508261    
  -2.500000       92.28692      -6.672225    
   2.481762       92.44483      -6.647799    
   7.434425       92.80198      -6.625251    
   12.38829       93.15384      -6.605795    
   17.37068       93.33465      -6.601534    
   22.36992       93.37855      -6.615235    
   27.36889       93.42858      -6.631480    
   32.36626       93.51208      -6.646837    
   37.36148       93.62569      -6.660427    
   42.35468       93.76205      -6.671620    
   47.34677       93.90923      -6.680542    
   52.33939       94.05121      -6.687178    
   57.33461       94.16380      -6.692656    
   62.33282       94.22831      -6.698515    
   67.33237       94.23037      -6.707031    
   72.33087       94.17159      -6.720567    
   77.32610       94.06042      -6.742057    
   82.31709       93.90422      -6.773525    
   87.30524       93.72411      -6.813279    
   92.29430       93.55146      -6.856234    
   97.28818       93.42661      -6.895609    
   102.2866       93.37131      -6.927063    
   107.2863       93.34469      -6.952906    
   112.2728       93.19299      -6.993392    
   117.2255       92.84286      -7.057009    
   122.1606       92.42202      -7.122197    
   127.1186       92.09407      -7.173734    
   132.1048       91.90976      -7.211123    
   137.1018       91.83113      -7.225891    
   142.1004       91.85565      -7.211821    
   147.0855       92.03337      -7.169042    
   152.0289       92.41184      -7.103096    
   156.9416       92.89931      -7.012558    
   161.8866       93.26480      -6.916057    
   166.8759       93.40413      -6.845693    
   171.8755       93.40750      -6.793014    
   176.8751       93.37640      -6.749616    
   181.8749       93.36098      -6.714864    
   186.8749       93.36044      -6.691108    
   191.8749       93.36063      -6.679040    
   196.8749       93.36064      -6.675019    
   201.8749       93.36063      -6.670332    
   206.8749       93.36054      -6.652004    
   211.8749       93.36186      -6.608538    
   216.8748       93.37454      -6.539597    
   221.8745       93.40688      -6.460378    
   226.8739       93.44470      -6.392177    
   231.8736       93.44635      -6.351296    
   236.8703       93.36582      -6.345271    
   241.8605       93.20527      -6.369733    
   246.8531       93.07835      -6.407349    
   251.8497       93.10783      -6.447941    
   256.8403       93.26490      -6.482528    
   261.8292       93.43874      -6.508254    
   266.8226       93.57047      -6.527300    
   271.8200       93.65030      -6.540198    
   276.8195       93.67554      -6.549459    
   281.8193       93.65989      -6.557531    
   286.8188       93.62345      -6.566072    
   291.8181       93.57744      -6.576081    
   296.8170       93.52392      -6.587745    
   301.8156       93.46066      -6.600611    
   306.8141       93.39973      -6.612992    
   311.8136       93.37785      -6.622551    
   316.8123       93.33959      -6.634940    
   321.7794       93.08938      -6.675950    
   326.7076       92.64779      -6.730018    
   331.6619       92.49840      -6.756748    
   336.6017       92.85643      -6.784440    
   341.4941       93.39696      -6.784920    
   346.3997       93.90244      -6.786326    
   351.3318       94.33030      -6.791947    
   356.3008       94.59869      -6.804763    
   361.2956       94.70834      -6.832841    
   366.2939       94.77627      -6.863361    
   371.2916       94.85593      -6.890825    
   376.2886       94.94642      -6.914424    
   381.2849       95.04758      -6.933892    
   386.2799       95.16358      -6.949380    
   391.2732       95.29931      -6.962166    
   396.2645       95.45317      -6.973810    
   401.2549       95.61526      -6.986071    
   406.2462       95.76926      -7.000037    
   411.2407       95.89043      -7.016621    
   416.2387       95.95733      -7.036393    
   421.2385       95.97731      -7.057477    
   426.2385       95.97943      -7.076069    
   431.2385       95.98818      -7.088681    
   436.2343       96.07135      -7.091215    
   441.2233       96.24365      -7.080714    
   446.2118       96.42047      -7.061710    
   451.2035       96.57073      -7.040729    
   456.1937       96.73344      -7.020152    
   461.1783       96.93733      -7.002408    
   466.1624       97.14609      -6.989810    
   471.1551       97.27006      -6.989076    
   476.1545       97.29897      -7.004843    
   481.8401       97.30029      -6.824770    
   489.3643       97.30029      -6.616386    
   507.4286       97.30029      -5.824208    
  -33.77417       84.70639      -5.823016    
  -15.70986       84.70639      -6.528839    
  -8.185690       84.70639      -6.715245    
  -2.500000       84.70639      -6.887980    
   2.481762       84.84047      -6.870692    
   7.434425       85.14374      -6.855183    
   12.38829       85.44250      -6.842041    
   17.37068       85.59602      -6.842365    
   22.36992       85.63330      -6.859942    
   27.36889       85.67580      -6.880946    
   32.36626       85.74669      -6.901989    
   37.36148       85.84315      -6.922130    
   42.35468       85.95895      -6.940106    
   47.34677       86.08392      -6.955502    
   52.33939       86.20448      -6.968264    
   57.33461       86.30008      -6.979526    
   62.33282       86.35486      -6.990804    
   67.33237       86.35661      -7.003967    
   72.33087       86.30669      -7.020625    
   77.32610       86.21230      -7.042486    
   82.31709       86.07966      -7.070288    
   87.30524       85.92673      -7.102448    
   92.29430       85.78013      -7.135747    
   97.28818       85.67411      -7.166444    
   102.2866       85.62716      -7.192555    
   107.2863       85.60456      -7.215426    
   112.2728       85.47575      -7.249154    
   117.2255       85.17844      -7.296653    
   122.1606       84.82110      -7.337762    
   127.1186       84.54264      -7.361481    
   132.1048       84.38613      -7.371243    
   137.1018       84.31937      -7.362467    
   142.1004       84.34019      -7.332683    
   147.0855       84.49109      -7.283937    
   152.0289       84.81246      -7.221251    
   156.9416       85.22638      -7.139895    
   161.8866       85.53673      -7.052918    
   166.8759       85.65503      -6.989978    
   171.8755       85.65790      -6.944684    
   176.8751       85.63148      -6.910548    
   181.8749       85.61840      -6.886413    
   186.8749       85.61794      -6.872275    
   191.8749       85.61810      -6.866306    
   196.8749       85.61810      -6.863383    
   201.8749       85.61810      -6.855540    
   206.8749       85.61802      -6.833537    
   211.8749       85.61914      -6.790941    
   216.8748       85.62991      -6.729192    
   221.8745       85.65736      -6.659194    
   226.8739       85.68948      -6.595932    
   231.8736       85.69088      -6.552531    
   236.8703       85.62250      -6.537177    
   241.8605       85.48617      -6.548620    
   246.8531       85.37840      -6.574250    
   251.8497       85.40344      -6.607850    
   256.8403       85.53680      -6.641219    
   261.8292       85.68442      -6.670002    
   266.8226       85.79627      -6.694587    
   271.8200       85.86406      -6.713835    
   276.8195       85.88549      -6.728600    
   281.8193       85.87220      -6.740242    
   286.8188       85.84126      -6.750223    
   291.8181       85.80219      -6.760137    
   296.8170       85.75674      -6.771188    
   301.8156       85.70303      -6.783945    
   306.8141       85.65130      -6.797637    
   311.8136       85.63272      -6.810644    
   316.8123       85.60023      -6.827291    
   321.7794       85.38776      -6.868773    
   326.7076       85.01280      -6.918069    
   331.6619       84.88596      -6.941641    
   336.6017       85.18996      -6.971522    
   341.4941       85.64894      -6.975410    
   346.3997       86.07815      -6.979180    
   351.3318       86.44146      -6.986393    
   356.3008       86.66934      -6.999472    
   361.2956       86.76245      -7.026367    
   366.2939       86.82014      -7.055597    
   371.2916       86.88777      -7.082385    
   376.2886       86.96461      -7.106231    
   381.2849       87.05051      -7.127226    
   386.2799       87.14902      -7.145597    
   391.2732       87.26426      -7.162169    
   396.2645       87.39491      -7.177668    
   401.2549       87.53254      -7.193100    
   406.2462       87.66331      -7.209128    
   411.2407       87.76619      -7.226531    
   416.2387       87.82300      -7.245962    
   421.2385       87.83997      -7.265816    
   426.2385       87.84176      -7.282934    
   431.2385       87.84920      -7.294693    
   436.2343       87.91981      -7.298423    
   441.2233       88.06612      -7.292165    
   446.2118       88.21626      -7.279830    
   451.2035       88.34385      -7.267669    
   456.1937       88.48203      -7.257320    
   461.1783       88.65514      -7.248955    
   466.1624       88.83239      -7.243664    
   471.1551       88.93765      -7.246658    
   476.1545       88.96221      -7.261712    
   481.8401       88.96335      -7.075094    
   489.3643       88.96335      -6.844224    
   507.4286       88.96335      -5.986811    
  -33.77417       75.60016      -5.971322    
  -15.70986       75.60016      -6.701936    
  -8.185690       75.60016      -6.903888    
  -2.500000       75.60016      -7.083754    
   2.481762       75.70561      -7.072024    
   7.434425       75.94414      -7.061640    
   12.38829       76.17914      -7.052295    
   17.37068       76.29989      -7.055475    
   22.36992       76.32921      -7.075392    
   27.36889       76.36263      -7.099841    
   32.36626       76.41840      -7.125679    
   37.36148       76.49427      -7.151647    
   42.35468       76.58534      -7.176716    
   47.34677       76.68364      -7.200043    
   52.33939       76.77846      -7.221061    
   57.33461       76.85366      -7.240547    
   62.33282       76.89674      -7.259441    
   67.33237       76.89812      -7.278559    
   72.33087       76.85886      -7.298316    
   77.32610       76.78461      -7.319550    
   82.31709       76.68029      -7.342764    
   87.30524       76.56001      -7.366957    
   92.29430       76.44469      -7.390177    
   97.28818       76.36131      -7.410494    
   102.2866       76.32438      -7.427236    
   107.2863       76.30660      -7.440942    
   112.2728       76.20528      -7.461769    
   117.2255       75.97144      -7.490543    
   122.1606       75.69038      -7.509056    
   127.1186       75.47135      -7.509318    
   132.1048       75.34826      -7.497174    
   137.1018       75.29574      -7.470372    
   142.1004       75.31212      -7.428616    
   147.0855       75.43081      -7.375022    
   152.0289       75.68358      -7.314605    
   156.9416       76.00915      -7.241942    
   161.8866       76.25325      -7.167404    
   166.8759       76.34630      -7.116742    
   171.8755       76.34855      -7.083155    
   176.8751       76.32778      -7.060597    
   181.8749       76.31749      -7.047147    
   186.8749       76.31712      -7.041071    
   191.8749       76.31725      -7.039009    
   196.8749       76.31725      -7.035932    
   201.8749       76.31725      -7.025919    
   206.8749       76.31718      -7.003107    
   211.8749       76.31807      -6.963938    
   216.8748       76.32654      -6.909938    
   221.8745       76.34814      -6.848620    
   226.8739       76.37340      -6.790628    
   231.8736       76.37450      -6.746617    
   236.8703       76.32071      -6.724778    
   241.8605       76.21349      -6.725727    
   246.8531       76.12872      -6.739801    
   251.8497       76.14841      -6.764137    
   256.8403       76.25331      -6.792585    
   261.8292       76.36942      -6.820843    
   266.8226       76.45739      -6.848266    
   271.8200       76.51070      -6.872351    
   276.8195       76.52757      -6.892293    
   281.8193       76.51711      -6.908083    
   286.8188       76.49277      -6.920543    
   291.8181       76.46204      -6.931293    
   296.8170       76.42630      -6.942100    
   301.8156       76.38405      -6.954333    
   306.8141       76.34336      -6.968121    
   311.8136       76.32875      -6.982556    
   316.8123       76.30320      -7.000553    
   321.7794       76.13609      -7.040087    
   326.7076       75.84116      -7.085124    
   331.6619       75.74139      -7.107977    
   336.6017       75.98050      -7.140531    
   341.4941       76.34151      -7.147587    
   346.3997       76.67910      -7.153921    
   351.3318       76.96486      -7.162715    
   356.3008       77.14410      -7.175948    
   361.2956       77.21733      -7.202170    
   366.2939       77.26270      -7.230525    
   371.2916       77.31591      -7.256714    
   376.2886       77.37634      -7.280600    
   381.2849       77.44391      -7.302506    
   386.2799       77.52139      -7.322704    
   391.2732       77.61202      -7.341830    
   396.2645       77.71479      -7.360167    
   401.2549       77.82304      -7.378161    
   406.2462       77.92590      -7.396004    
   411.2407       78.00681      -7.414095    
   416.2387       78.05150      -7.433066    
   421.2385       78.06484      -7.451921    
   426.2385       78.06626      -7.468358    
   431.2385       78.07211      -7.480755    
   436.2343       78.12765      -7.487664    
   441.2233       78.24273      -7.486761    
   446.2118       78.36082      -7.481574    
   451.2035       78.46117      -7.478220    
   456.1937       78.56985      -7.477640    
   461.1783       78.70601      -7.479377    
   466.1624       78.84543      -7.483469    
   471.1551       78.92822      -7.494662    
   476.1545       78.94754      -7.516900    
   481.8401       78.94843      -7.336829    
   489.3643       78.94843      -7.101102    
   507.4286       78.94843      -6.139202    
  -33.77417       56.32260      -5.473433    
  -15.70986       56.32260      -6.327090    
  -8.185690       56.32260      -6.541186    
  -2.500000       56.32260      -6.729037    
   2.481762       56.36747      -6.724133    
   7.434425       56.46896      -6.722703    
   12.38829       56.56895      -6.722099    
   17.37068       56.62033      -6.731255    
   22.36992       56.63280      -6.756113    
   27.36889       56.64702      -6.786979    
   32.36626       56.67075      -6.821510    
   37.36148       56.70303      -6.857899    
   42.35468       56.74178      -6.894553    
   47.34677       56.78361      -6.930576    
   52.33939       56.82395      -6.964334    
   57.33461       56.85595      -6.995220    
   62.33282       56.87428      -7.023390    
   67.33237       56.87487      -7.049068    
   72.33087       56.85816      -7.072151    
   77.32610       56.82657      -7.092809    
   82.31709       56.78218      -7.111099    
   87.30524       56.73100      -7.126420    
   92.29430       56.68194      -7.137637    
   97.28818       56.64646      -7.143845    
   102.2866       56.63075      -7.145502    
   107.2863       56.62318      -7.143351    
   112.2728       56.58007      -7.144969    
   117.2255       56.48058      -7.148454    
   122.1606       56.36099      -7.138535    
   127.1186       56.26780      -7.112208    
   132.1048       56.21542      -7.078256    
   137.1018       56.19307      -7.035275    
   142.1004       56.20005      -6.983913    
   147.0855       56.25055      -6.928237    
   152.0289       56.35809      -6.872297    
   156.9416       56.49662      -6.805244    
   161.8866       56.60048      -6.732220    
   166.8759       56.64007      -6.681523    
   171.8755       56.64103      -6.649691    
   176.8751       56.63219      -6.632205    
   181.8749       56.62782      -6.627571    
   186.8749       56.62766      -6.634173    
   191.8749       56.62771      -6.648897    
   196.8749       56.62772      -6.666265    
   201.8749       56.62771      -6.678759    
   206.8749       56.62769      -6.678077    
   211.8749       56.62806      -6.658243    
   216.8748       56.63167      -6.619136    
   221.8745       56.64086      -6.567426    
   226.8739       56.65160      -6.513169    
   231.8736       56.65207      -6.466537    
   236.8703       56.62919      -6.435728    
   241.8605       56.58356      -6.422832    
   246.8531       56.54750      -6.422229    
   251.8497       56.55588      -6.434714    
   256.8403       56.60051      -6.454385    
   261.8292       56.64991      -6.475714    
   266.8226       56.68734      -6.497516    
   271.8200       56.71003      -6.516816    
   276.8195       56.71720      -6.532310    
   281.8193       56.71275      -6.543995    
   286.8188       56.70240      -6.552907    
   291.8181       56.68932      -6.560871    
   296.8170       56.67411      -6.569788    
   301.8156       56.65614      -6.581085    
   306.8141       56.63882      -6.595019    
   311.8136       56.63261      -6.611159    
   316.8123       56.62173      -6.632208    
   321.7794       56.55063      -6.672374    
   326.7076       56.42514      -6.711797    
   331.6619       56.38269      -6.728861    
   336.6017       56.48443      -6.765154    
   341.4941       56.63803      -6.780451    
   346.3997       56.78168      -6.794050    
   351.3318       56.90327      -6.808286    
   356.3008       56.97953      -6.823514    
   361.2956       57.01069      -6.847259    
   366.2939       57.02999      -6.871456    
   371.2916       57.05263      -6.893438    
   376.2886       57.07835      -6.913388    
   381.2849       57.10709      -6.931997    
   386.2799       57.14006      -6.949898    
   391.2732       57.17862      -6.968056    
   396.2645       57.22235      -6.987097    
   401.2549       57.26841      -7.007773    
   406.2462       57.31217      -7.030363    
   411.2407       57.34660      -7.055010    
   416.2387       57.36561      -7.081833    
   421.2385       57.37129      -7.109262    
   426.2385       57.37189      -7.134615    
   431.2385       57.37438      -7.155869    
   436.2343       57.39801      -7.171834    
   441.2233       57.44698      -7.180730    
   446.2118       57.49723      -7.183739    
   451.2035       57.53992      -7.185111    
   456.1937       57.58617      -7.186540    
   461.1783       57.64410      -7.188750    
   466.1624       57.70342      -7.192281    
   471.1551       57.73865      -7.201625    
   476.1545       57.74687      -7.222061    
   481.8401       57.74725      -7.046412    
   489.3643       57.74725      -6.845198    
   507.4286       57.74725      -5.816012    
