        1545
  -33.77417       136.6885       1.976826    
  -15.70986       136.6885       1.725601    
  -8.185690       136.6885       1.611876    
  -2.500000       136.6885       1.715120    
   2.481762       136.9860       1.857986    
   7.434425       137.6588       1.677095    
   12.38829       138.3216       1.676991    
   17.37068       138.6622       1.382105    
   22.36992       138.7449       1.683473    
   27.36889       138.8391       1.559293    
   32.36626       138.9964       1.572837    
   37.36148       139.2104       1.606960    
   42.35468       139.4673       1.742650    
   47.34677       139.7446       1.817413    
   52.33939       140.0120       1.804131    
   57.33461       140.2241       1.755313    
   62.33282       140.3456       1.572496    
   67.33237       140.3495       1.704736    
   72.33087       140.2388       1.584932    
   77.32610       140.0294       1.677327    
   82.31709       139.7351       1.576086    
   87.30524       139.3958       1.569519    
   92.29430       139.0706       1.536725    
   97.28818       138.8354       1.445112    
   102.2866       138.7312       1.623057    
   107.2863       138.6811       1.652448    
   112.2728       138.3953       1.656722    
   117.2255       137.7357       1.631954    
   122.1606       136.9430       1.632330    
   127.1186       136.3252       1.630669    
   132.1048       135.9780       1.624936    
   137.1018       135.8299       1.534357    
   142.1004       135.8761       1.428306    
   147.0855       136.2108       1.511118    
   152.0289       136.9238       1.673963    
   156.9416       137.8421       1.682962    
   161.8866       138.5306       1.775147    
   166.8759       138.7930       1.686398    
   171.8755       138.7994       1.562215    
   176.8751       138.7408       1.476730    
   181.8749       138.7118       1.383958    
   186.8749       138.7108       1.339889    
   191.8749       138.7111       1.417241    
   196.8749       138.7112       1.467710    
   201.8749       138.7111       1.644494    
   206.8749       138.7109       1.543014    
   211.8749       138.7134       1.542702    
   216.8748       138.7373       1.569395    
   221.8745       138.7983       1.418496    
   226.8739       138.8695       1.618498    
   231.8736       138.8726       1.365043    
   236.8703       138.7209       1.460243    
   241.8605       138.4185       1.367216    
   246.8531       138.1794       1.253244    
   251.8497       138.2349       1.299044    
   256.8403       138.5308       1.540896    
   261.8292       138.8582       1.653350    
   266.8226       139.1064       1.577689    
   271.8200       139.2568       1.669797    
   276.8195       139.3043       1.663312    
   281.8193       139.2749       1.773120    
   286.8188       139.2062       1.576103    
   291.8181       139.1195       1.497276    
   296.8170       139.0187       1.449567    
   301.8156       138.8996       1.484194    
   306.8141       138.7848       1.684307    
   311.8136       138.7435       1.533665    
   316.8123       138.6715       1.383111    
   321.7794       138.2001       1.354359    
   326.7076       137.3683       1.437485    
   331.6619       137.0869       1.544436    
   336.6017       137.7613       1.380761    
   341.4941       138.7795       1.190476    
   346.3997       139.7317       1.581289    
   351.3318       140.5377       1.420812    
   356.3008       141.0433       1.689448    
   361.2956       141.2499       1.556972    
   366.2939       141.3779       1.352737    
   371.2916       141.5279       1.305095    
   376.2886       141.6984       1.239213    
   381.2849       141.8889       1.206705    
   386.2799       142.1075       1.009412    
   391.2732       142.3631       1.072228    
   396.2645       142.6530       1.110854    
   401.2549       142.9583      0.9052614    
   406.2462       143.2484      0.7531957    
   411.2407       143.4767      0.7527203    
   416.2387       143.6027      0.8140598    
   421.2385       143.6403      0.7245840    
   426.2385       143.6443      0.8071142    
   431.2385       143.6608      0.7841000    
   436.2343       143.8174       1.037792    
   441.2233       144.1421      0.9998937    
   446.2118       144.4751      0.8108473    
   451.2035       144.7582      0.7354631    
   456.1937       145.0647      0.8805131    
   461.1783       145.4488       1.287434    
   466.1624       145.8420       1.295184    
   471.1551       146.0755       1.341808    
   476.1545       146.1300       1.449944    
   481.8401       146.1326       1.890501    
   489.3643       146.1326       2.125734    
   507.4286       146.1326       2.349134    
  -33.77417       134.0858       1.980336    
  -15.70986       134.0858       1.734177    
  -8.185690       134.0858       1.603531    
  -2.500000       134.0858       1.537158    
   2.481762       134.3752       1.480099    
   7.434425       135.0294       1.346084    
   12.38829       135.6740       1.271260    
   17.37068       136.0052       1.273394    
   22.36992       136.0857       1.319915    
   27.36889       136.1774       1.126622    
   32.36626       136.3303       1.195030    
   37.36148       136.5384       1.255308    
   42.35468       136.7882       1.340554    
   47.34677       137.0579       1.455786    
   52.33939       137.3180       1.437360    
   57.33461       137.5242       1.309613    
   62.33282       137.6424       1.263647    
   67.33237       137.6462       1.301763    
   72.33087       137.5385       1.096793    
   77.32610       137.3349       1.210873    
   82.31709       137.0487       1.225650    
   87.30524       136.7188       1.383339    
   92.29430       136.4025       1.253855    
   97.28818       136.1738       1.090654    
   102.2866       136.0724       1.165953    
   107.2863       136.0237       1.145673    
   112.2728       135.7457       1.125018    
   117.2255       135.1043       1.166152    
   122.1606       134.3334       1.361894    
   127.1186       133.7326       1.517384    
   132.1048       133.3949       1.600991    
   137.1018       133.2509       1.528349    
   142.1004       133.2958       1.413747    
   147.0855       133.6214       1.365979    
   152.0289       134.3147       1.395981    
   156.9416       135.2077       1.212510    
   161.8866       135.8773       1.281932    
   166.8759       136.1325       1.178230    
   171.8755       136.1387       1.066161    
   176.8751       136.0817      0.9998026    
   181.8749       136.0535       1.099022    
   186.8749       136.0525       1.011242    
   191.8749       136.0529       1.013332    
   196.8749       136.0529       1.020148    
   201.8749       136.0529       1.084195    
   206.8749       136.0527       1.136765    
   211.8749       136.0551       1.264522    
   216.8748       136.0783       1.139501    
   221.8745       136.1376      0.9845228    
   226.8739       136.2069       1.104729    
   231.8736       136.2099      0.7765696    
   236.8703       136.0623      0.9050151    
   241.8605       135.7682      0.8512498    
   246.8531       135.5358      0.9047310    
   251.8497       135.5898       1.024034    
   256.8403       135.8775       1.077442    
   261.8292       136.1960       1.019696    
   266.8226       136.4373       1.014470    
   271.8200       136.5835       1.247557    
   276.8195       136.6297       1.339359    
   281.8193       136.6011       1.193337    
   286.8188       136.5343       1.086246    
   291.8181       136.4500       1.112766    
   296.8170       136.3520       1.068581    
   301.8156       136.2361      0.9060466    
   306.8141       136.1245      0.9084918    
   311.8136       136.0844      0.8676847    
   316.8123       136.0143       1.202144    
   321.7794       135.5559       1.452351    
   326.7076       134.7469       1.186262    
   331.6619       134.4733       1.148131    
   336.6017       135.1292       1.233793    
   341.4941       136.1194       1.324957    
   346.3997       137.0454       1.444714    
   351.3318       137.8293       1.102685    
   356.3008       138.3209       1.341025    
   361.2956       138.5218       1.201242    
   366.2939       138.6463       1.017900    
   371.2916       138.7922      0.8946008    
   376.2886       138.9579       1.251403    
   381.2849       139.1433       1.202913    
   386.2799       139.3558       1.306229    
   391.2732       139.6044       1.288195    
   396.2645       139.8863       1.256828    
   401.2549       140.1832       1.308205    
   406.2462       140.4654       1.267952    
   411.2407       140.6873       1.213475    
   416.2387       140.8099       1.213985    
   421.2385       140.8465       1.176295    
   426.2385       140.8504       1.151169    
   431.2385       140.8664       1.224586    
   436.2343       141.0188       1.317623    
   441.2233       141.3345       1.262402    
   446.2118       141.6584       1.082151    
   451.2035       141.9337       1.025795    
   456.1937       142.2318       1.134715    
   461.1783       142.6053       1.387788    
   466.1624       142.9877       1.530249    
   471.1551       143.2148       1.633735    
   476.1545       143.2677       1.702536    
   481.8401       143.2702       1.939764    
   489.3643       143.2702       2.138833    
   507.4286       143.2702       2.352377    
  -33.77417       131.3152       1.988188    
  -15.70986       131.3152       1.753129    
  -8.185690       131.3152       1.620020    
  -2.500000       131.3152       1.517575    
   2.481762       131.5958       1.417260    
   7.434425       132.2304       1.332694    
   12.38829       132.8556       1.310169    
   17.37068       133.1768       1.371927    
   22.36992       133.2549       1.381093    
   27.36889       133.3438       1.262777    
   32.36626       133.4921       1.271779    
   37.36148       133.6940       1.289719    
   42.35468       133.9363       1.309251    
   47.34677       134.1978       1.377354    
   52.33939       134.4500       1.410929    
   57.33461       134.6501       1.366449    
   62.33282       134.7647       1.342958    
   67.33237       134.7684       1.345714    
   72.33087       134.6640       1.322576    
   77.32610       134.4664       1.404456    
   82.31709       134.1889       1.497255    
   87.30524       133.8689       1.578877    
   92.29430       133.5621       1.482913    
   97.28818       133.3403       1.337999    
   102.2866       133.2420       1.308110    
   107.2863       133.1947       1.276410    
   112.2728       132.9252       1.239982    
   117.2255       132.3031       1.233943    
   122.1606       131.5553       1.358438    
   127.1186       130.9726       1.505913    
   132.1048       130.6451       1.585897    
   137.1018       130.5054       1.529894    
   142.1004       130.5490       1.426083    
   147.0855       130.8647       1.366356    
   152.0289       131.5372       1.362447    
   156.9416       132.4034       1.247428    
   161.8866       133.0527       1.307718    
   166.8759       133.3003       1.294865    
   171.8755       133.3063       1.257468    
   176.8751       133.2510       1.220780    
   181.8749       133.2236       1.261481    
   186.8749       133.2227       1.156010    
   191.8749       133.2231       1.171370    
   196.8749       133.2231       1.149297    
   201.8749       133.2231       1.070852    
   206.8749       133.2229       1.026822    
   211.8749       133.2252       1.252302    
   216.8748       133.2477       1.129435    
   221.8745       133.3052       1.101225    
   226.8739       133.3724       1.183761    
   231.8736       133.3753       1.107761    
   236.8703       133.2322       1.139025    
   241.8605       132.9470       1.193279    
   246.8531       132.7215       1.243167    
   251.8497       132.7738       1.303231    
   256.8403       133.0529       1.284945    
   261.8292       133.3618       1.227269    
   266.8226       133.5959       1.212147    
   271.8200       133.7377       1.270367    
   276.8195       133.7825       1.242426    
   281.8193       133.7548       1.103811    
   286.8188       133.6900       1.091665    
   291.8181       133.6082       1.152502    
   296.8170       133.5132       1.217699    
   301.8156       133.4008       1.220827    
   306.8141       133.2925       1.230570    
   311.8136       133.2536       1.264709    
   316.8123       133.1856       1.382441    
   321.7794       132.7410       1.485684    
   326.7076       131.9564       1.288368    
   331.6619       131.6910       1.249211    
   336.6017       132.3271       1.404470    
   341.4941       133.2876       1.512356    
   346.3997       134.1857       1.497605    
   351.3318       134.9460       1.225320    
   356.3008       135.4228       1.345856    
   361.2956       135.6176       1.325465    
   366.2939       135.7384       1.288407    
   371.2916       135.8799       1.288750    
   376.2886       136.0407       1.542031    
   381.2849       136.2204       1.500364    
   386.2799       136.4265       1.531796    
   391.2732       136.6677       1.484390    
   396.2645       136.9411       1.507839    
   401.2549       137.2291       1.656438    
   406.2462       137.5027       1.696734    
   411.2407       137.7180       1.667858    
   416.2387       137.8369       1.648119    
   421.2385       137.8724       1.619013    
   426.2385       137.8761       1.599614    
   431.2385       137.8917       1.627812    
   436.2343       138.0394       1.636110    
   441.2233       138.3456       1.548367    
   446.2118       138.6598       1.387411    
   451.2035       138.9268       1.273634    
   456.1937       139.2159       1.274864    
   461.1783       139.5782       1.413186    
   466.1624       139.9491       1.579213    
   471.1551       140.1694       1.728717    
   476.1545       140.2207       1.833536    
   481.8401       140.2231       2.000019    
   489.3643       140.2231       2.163708    
   507.4286       140.2231       2.359875    
  -33.77417       128.3538       2.001060    
  -15.70986       128.3538       1.785576    
  -8.185690       128.3538       1.666027    
  -2.500000       128.3538       1.582096    
   2.481762       128.6251       1.509544    
   7.434425       129.2386       1.483833    
   12.38829       129.8431       1.512907    
   17.37068       130.1537       1.587135    
   22.36992       130.2291       1.605630    
   27.36889       130.3151       1.546554    
   32.36626       130.4585       1.525548    
   37.36148       130.6536       1.507324    
   42.35468       130.8879       1.486238    
   47.34677       131.1408       1.505377    
   52.33939       131.3846       1.542947    
   57.33461       131.5780       1.554244    
   62.33282       131.6889       1.562449    
   67.33237       131.6924       1.592278    
   72.33087       131.5914       1.646068    
   77.32610       131.4005       1.734011    
   82.31709       131.1322       1.822487    
   87.30524       130.8228       1.871428    
   92.29430       130.5262       1.818650    
   97.28818       130.3116       1.720739    
   102.2866       130.2167       1.658505    
   107.2863       130.1709       1.598370    
   112.2728       129.9104       1.527799    
   117.2255       129.3089       1.470168    
   122.1606       128.5859       1.495889    
   127.1186       128.0226       1.567228    
   132.1048       127.7059       1.604716    
   137.1018       127.5708       1.556139    
   142.1004       127.6130       1.477633    
   147.0855       127.9183       1.445828    
   152.0289       128.5684       1.470537    
   156.9416       129.4059       1.472126    
   161.8866       130.0337       1.563827    
   166.8759       130.2731       1.617134    
   171.8755       130.2789       1.622614    
   176.8751       130.2254       1.608328    
   181.8749       130.1989       1.608500    
   186.8749       130.1980       1.534528    
   191.8749       130.1983       1.522757    
   196.8749       130.1983       1.466431    
   201.8749       130.1983       1.337211    
   206.8749       130.1982       1.251005    
   211.8749       130.2005       1.386138    
   216.8748       130.2222       1.347569    
   221.8745       130.2778       1.386900    
   226.8739       130.3428       1.470006    
   231.8736       130.3456       1.489766    
   236.8703       130.2072       1.539864    
   241.8605       129.9314       1.601354    
   246.8531       129.7134       1.636879    
   251.8497       129.7641       1.655477    
   256.8403       130.0339       1.632224    
   261.8292       130.3325       1.583417    
   266.8226       130.5588       1.526056    
   271.8200       130.6960       1.462078    
   276.8195       130.7393       1.378159    
   281.8193       130.7124       1.323677    
   286.8188       130.6498       1.364083    
   291.8181       130.5708       1.458309    
   296.8170       130.4788       1.569558    
   301.8156       130.3701       1.651111    
   306.8141       130.2655       1.706374    
   311.8136       130.2279       1.717626    
   316.8123       130.1622       1.726482    
   321.7794       129.7323       1.721061    
   326.7076       128.9738       1.612674    
   331.6619       128.7171       1.593327    
   336.6017       129.3322       1.687989    
   341.4941       130.2607       1.741184    
   346.3997       131.1291       1.670818    
   351.3318       131.8641       1.490150    
   356.3008       132.3251       1.541011    
   361.2956       132.5135       1.583385    
   366.2939       132.6302       1.620204    
   371.2916       132.7671       1.682325    
   376.2886       132.9225       1.840900    
   381.2849       133.0963       1.822686    
   386.2799       133.2955       1.804405    
   391.2732       133.5287       1.773905    
   396.2645       133.7930       1.835370    
   401.2549       134.0715       1.988831    
   406.2462       134.3360       2.068176    
   411.2407       134.5442       2.074227    
   416.2387       134.6591       2.058408    
   421.2385       134.6935       2.030333    
   426.2385       134.6971       2.002473    
   431.2385       134.7121       1.983468    
   436.2343       134.8550       1.937436    
   441.2233       135.1510       1.829830    
   446.2118       135.4547       1.679907    
   451.2035       135.7129       1.546546    
   456.1937       135.9924       1.491801    
   461.1783       136.3427       1.551096    
   466.1624       136.7012       1.680492    
   471.1551       136.9142       1.821339    
   476.1545       136.9639       1.935929    
   481.8401       136.9662       2.065611    
   489.3643       136.9662       2.198143    
   507.4286       136.9662       2.371059    
  -33.77417       125.1739       2.019639    
  -15.70986       125.1739       1.832087    
  -8.185690       125.1739       1.735527    
  -2.500000       125.1739       1.682991    
   2.481762       125.4352       1.652076    
   7.434425       126.0261       1.671086    
   12.38829       126.6083       1.731256    
   17.37068       126.9075       1.811385    
   22.36992       126.9801       1.848120    
   27.36889       127.0629       1.827974    
   32.36626       127.2010       1.802302    
   37.36148       127.3890       1.768687    
   42.35468       127.6146       1.731979    
   47.34677       127.8582       1.721899    
   52.33939       128.0931       1.741894    
   57.33461       128.2793       1.768275    
   62.33282       128.3861       1.800551    
   67.33237       128.3895       1.853269    
   72.33087       128.2923       1.928903    
   77.32610       128.1083       2.016784    
   82.31709       127.8499       2.093820    
   87.30524       127.5519       2.132002    
   92.29430       127.2662       2.105309    
   97.28818       127.0596       2.038457    
   102.2866       126.9681       1.968651    
   107.2863       126.9241       1.888167    
   112.2728       126.6731       1.792225    
   117.2255       126.0938       1.703003    
   122.1606       125.3975       1.664600    
   127.1186       124.8549       1.665018    
   132.1048       124.5499       1.658791    
   137.1018       124.4198       1.614191    
   142.1004       124.4603       1.565849    
   147.0855       124.7544       1.569877    
   152.0289       125.3806       1.634298    
   156.9416       126.1872       1.719722    
   161.8866       126.7919       1.847317    
   166.8759       127.0225       1.943895    
   171.8755       127.0280       1.986269    
   176.8751       126.9765       1.995054    
   181.8749       126.9510       1.989323    
   186.8749       126.9501       1.940965    
   191.8749       126.9505       1.903580    
   196.8749       126.9505       1.824131    
   201.8749       126.9505       1.691329    
   206.8749       126.9503       1.597591    
   211.8749       126.9525       1.639710    
   216.8748       126.9735       1.641591    
   221.8745       127.0270       1.693982    
   226.8739       127.0896       1.769837    
   231.8736       127.0923       1.820485    
   236.8703       126.9591       1.877489    
   241.8605       126.6934       1.930239    
   246.8531       126.4834       1.957265    
   251.8497       126.5322       1.960356    
   256.8403       126.7921       1.936349    
   261.8292       127.0797       1.887649    
   266.8226       127.2977       1.815246    
   271.8200       127.4297       1.728583    
   276.8195       127.4715       1.658024    
   281.8193       127.4456       1.650407    
   286.8188       127.3853       1.714872    
   291.8181       127.3092       1.822777    
   296.8170       127.2206       1.943314    
   301.8156       127.1160       2.041718    
   306.8141       127.0152       2.101025    
   311.8136       126.9790       2.104163    
   316.8123       126.9157       2.075724    
   321.7794       126.5017       2.028862    
   326.7076       125.7710       1.955942    
   331.6619       125.5238       1.933042    
   336.6017       126.1162       1.965611    
   341.4941       127.0106       1.963712    
   346.3997       127.8469       1.876758    
   351.3318       128.5549       1.756401    
   356.3008       128.9989       1.767128    
   361.2956       129.1804       1.817370    
   366.2939       129.2928       1.880422    
   371.2916       129.4245       1.962224    
   376.2886       129.5742       2.069617    
   381.2849       129.7417       2.079861    
   386.2799       129.9336       2.067576    
   391.2732       130.1582       2.069518    
   396.2645       130.4128       2.146320    
   401.2549       130.6809       2.281083    
   406.2462       130.9357       2.372858    
   411.2407       131.1362       2.403111    
   416.2387       131.2469       2.397213    
   421.2385       131.2800       2.369729    
   426.2385       131.2835       2.330681    
   431.2385       131.2979       2.281848    
   436.2343       131.4355       2.205930    
   441.2233       131.7207       2.090402    
   446.2118       132.0132       1.950952    
   451.2035       132.2618       1.821463    
   456.1937       132.5311       1.748765    
   461.1783       132.8684       1.761235    
   466.1624       133.2138       1.839416    
   471.1551       133.4189       1.942107    
   476.1545       133.4668       2.039250    
   481.8401       133.4690       2.138577    
   489.3643       133.4690       2.242429    
   507.4286       133.4690       2.386606    
  -33.77417       121.7413       2.043980    
  -15.70986       121.7413       1.891678    
  -8.185690       121.7413       1.822218    
  -2.500000       121.7413       1.797445    
   2.481762       121.9919       1.800679    
   7.434425       122.5584       1.846927    
   12.38829       123.1165       1.923117    
   17.37068       123.4034       2.007167    
   22.36992       123.4730       2.058871    
   27.36889       123.5524       2.065526    
   32.36626       123.6848       2.048514    
   37.36148       123.8650       2.016008    
   42.35468       124.0813       1.978565    
   47.34677       124.3148       1.957057    
   52.33939       124.5400       1.961674    
   57.33461       124.7186       1.985257    
   62.33282       124.8209       2.024525    
   67.33237       124.8242       2.083050    
   72.33087       124.7309       2.157982    
   77.32610       124.5546       2.236571    
   82.31709       124.3068       2.300813    
   87.30524       124.0211       2.332025    
   92.29430       123.7473       2.317363    
   97.28818       123.5492       2.266338    
   102.2866       123.4615       2.195099    
   107.2863       123.4193       2.104492    
   112.2728       123.1786       1.997060    
   117.2255       122.6232       1.892259    
   122.1606       121.9557       1.817789    
   127.1186       121.4355       1.772511    
   132.1048       121.1431       1.737281    
   137.1018       121.0183       1.698723    
   142.1004       121.0573       1.679520    
   147.0855       121.3392       1.715709    
   152.0289       121.9395       1.812382    
   156.9416       122.7128       1.944859    
   161.8866       123.2925       2.099039    
   166.8759       123.5135       2.226698    
   171.8755       123.5189       2.302685    
   176.8751       123.4696       2.336095    
   181.8749       123.4451       2.339197    
   186.8749       123.4443       2.306757    
   191.8749       123.4446       2.257090    
   196.8749       123.4446       2.170424    
   201.8749       123.4446       2.051413    
   206.8749       123.4444       1.960598    
   211.8749       123.4465       1.947899    
   216.8748       123.4666       1.951333    
   221.8745       123.5179       1.991398    
   226.8739       123.5779       2.049953    
   231.8736       123.5806       2.101701    
   236.8703       123.4528       2.152056    
   241.8605       123.1981       2.193225    
   246.8531       122.9968       2.213160    
   251.8497       123.0435       2.210819    
   256.8403       123.2927       2.187488    
   261.8292       123.5684       2.143585    
   266.8226       123.7774       2.080769    
   271.8200       123.9041       2.014113    
   276.8195       123.9441       1.975082    
   281.8193       123.9193       1.991937    
   286.8188       123.8614       2.063034    
   291.8181       123.7885       2.167452    
   296.8170       123.7036       2.279003    
   301.8156       123.6032       2.370295    
   306.8141       123.5066       2.421866    
   311.8136       123.4719       2.421964    
   316.8123       123.4112       2.383474    
   321.7794       123.0143       2.323833    
   326.7076       122.3138       2.258168    
   331.6619       122.0768       2.220606    
   336.6017       122.6448       2.206110    
   341.4941       123.5022       2.166186    
   346.3997       124.3040       2.078178    
   351.3318       124.9827       1.988299    
   356.3008       125.4084       1.976258    
   361.2956       125.5824       2.013505    
   366.2939       125.6901       2.076705    
   371.2916       125.8165       2.157379    
   376.2886       125.9600       2.241518    
   381.2849       126.1205       2.276353    
   386.2799       126.3045       2.291990    
   391.2732       126.5198       2.324908    
   396.2645       126.7639       2.407839    
   401.2549       127.0210       2.524167    
   406.2462       127.2653       2.615431    
   411.2407       127.4575       2.658859    
   416.2387       127.5636       2.662435    
   421.2385       127.5953       2.637298    
   426.2385       127.5986       2.591626    
   431.2385       127.6125       2.527593    
   436.2343       127.7445       2.439076    
   441.2233       128.0178       2.324660    
   446.2118       128.2982       2.197102    
   451.2035       128.5366       2.078406    
   456.1937       128.7948       2.001364    
   461.1783       129.1181       1.985440    
   466.1624       129.4493       2.019635    
   471.1551       129.6459       2.079515    
   476.1545       129.6918       2.147945    
   481.8401       129.6939       2.218812    
   489.3643       129.6939       2.294729    
   507.4286       129.6939       2.407389    
  -33.77417       118.0135       2.074317    
  -15.70986       118.0135       1.960855    
  -8.185690       118.0135       1.918941    
  -2.500000       118.0135       1.916358    
   2.481762       118.2522       1.940432    
   7.434425       118.7923       1.998898    
   12.38829       119.3243       2.080004    
   17.37068       119.5977       2.164245    
   22.36992       119.6640       2.224791    
   27.36889       119.7397       2.249550    
   32.36626       119.8660       2.246191    
   37.36148       120.0378       2.223922    
   42.35468       120.2439       2.194075    
   47.34677       120.4665       2.172178    
   52.33939       120.6811       2.169105    
   57.33461       120.8514       2.185857    
   62.33282       120.9489       2.220898    
   67.33237       120.9520       2.272803    
   72.33087       120.8632       2.335911    
   77.32610       120.6951       2.398806    
   82.31709       120.4589       2.447682    
   87.30524       120.1866       2.469605    
   92.29430       119.9255       2.456582    
   97.28818       119.7367       2.411062    
   102.2866       119.6531       2.340079    
   107.2863       119.6129       2.247562    
   112.2728       119.3835       2.139539    
   117.2255       118.8540       2.031337    
   122.1606       118.2177       1.941700    
   127.1186       117.7218       1.875309    
   132.1048       117.4431       1.828526    
   137.1018       117.3242       1.800227    
   142.1004       117.3613       1.806423    
   147.0855       117.6301       1.867648    
   152.0289       118.2023       1.985235    
   156.9416       118.9394       2.140205    
   161.8866       119.4921       2.309605    
   166.8759       119.7027       2.457852    
   171.8755       119.7078       2.560890    
   176.8751       119.6608       2.617867    
   181.8749       119.6375       2.635442    
   186.8749       119.6367       2.615526    
   191.8749       119.6370       2.565827    
   196.8749       119.6370       2.484075    
   201.8749       119.6370       2.382419    
   206.8749       119.6368       2.298237    
   211.8749       119.6388       2.259602    
   216.8748       119.6580       2.250407    
   221.8745       119.7069       2.270854    
   226.8739       119.7641       2.308233    
   231.8736       119.7666       2.347500    
   236.8703       119.6448       2.384816    
   241.8605       119.4020       2.413635    
   246.8531       119.2101       2.426800    
   251.8497       119.2547       2.422818    
   256.8403       119.4922       2.403346    
   261.8292       119.7551       2.370058    
   266.8226       119.9542       2.327329    
   271.8200       120.0750       2.289363    
   276.8195       120.1131       2.277969    
   281.8193       120.0895       2.308116    
   286.8188       120.0343       2.376828    
   291.8181       119.9648       2.468864    
   296.8170       119.8839       2.563569    
   301.8156       119.7882       2.639469    
   306.8141       119.6961       2.679812    
   311.8136       119.6630       2.676273    
   316.8123       119.6051       2.635568    
   321.7794       119.2268       2.572889    
   326.7076       118.5591       2.506062    
   331.6619       118.3332       2.452466    
   336.6017       118.8746       2.406077    
   341.4941       119.6919       2.343559    
   346.3997       120.4562       2.258737    
   351.3318       121.1031       2.183516    
   356.3008       121.5089       2.158568    
   361.2956       121.6748       2.179348    
   366.2939       121.7775       2.231495    
   371.2916       121.8979       2.302493    
   376.2886       122.0348       2.375935    
   381.2849       122.1877       2.428391    
   386.2799       122.3631       2.471479    
   391.2732       122.5684       2.528028    
   396.2645       122.8010       2.613907    
   401.2549       123.0461       2.716528    
   406.2462       123.2790       2.802184    
   411.2407       123.4621       2.850999    
   416.2387       123.5633       2.861850    
   421.2385       123.5935       2.840943    
   426.2385       123.5967       2.794562    
   431.2385       123.6100       2.726385    
   436.2343       123.7357       2.636870    
   441.2233       123.9963       2.529791    
   446.2118       124.2636       2.415473    
   451.2035       124.4909       2.308634    
   456.1937       124.7369       2.230884    
   461.1783       125.0452       2.195997    
   466.1624       125.3608       2.198124    
   471.1551       125.5482       2.222240    
   476.1545       125.5920       2.260004    
   481.8401       125.5940       2.304236    
   489.3643       125.5940       2.353152    
   507.4286       125.5940       2.433088    
  -33.77417       113.9358       2.110529    
  -15.70986       113.9358       2.035440    
  -8.185690       113.9358       2.018656    
  -2.500000       113.9358       2.031793    
   2.481762       114.1617       2.065918    
   7.434425       114.6728       2.126574    
   12.38829       115.1762       2.204594    
   17.37068       115.4350       2.284396    
   22.36992       115.4978       2.347476    
   27.36889       115.5694       2.383183    
   32.36626       115.6889       2.393356    
   37.36148       115.8514       2.384674    
   42.35468       116.0465       2.366382    
   47.34677       116.2571       2.350067    
   52.33939       116.4603       2.345260    
   57.33461       116.6214       2.355834    
   62.33282       116.7137       2.381832    
   67.33237       116.7167       2.420735    
   72.33087       116.6326       2.466666    
   77.32610       116.4735       2.510418    
   82.31709       116.2499       2.541703    
   87.30524       115.9922       2.551332    
   92.29430       115.7452       2.533519    
   97.28818       115.5665       2.488050    
   102.2866       115.4874       2.418551    
   107.2863       115.4493       2.329873    
   112.2728       115.2323       2.228854    
   117.2255       114.7313       2.126951    
   122.1606       114.1291       2.037783    
   127.1186       113.6599       1.969053    
   132.1048       113.3961       1.924981    
   137.1018       113.2836       1.910657    
   142.1004       113.3186       1.937685    
   147.0855       113.5730       2.016448    
   152.0289       114.1145       2.144846    
   156.9416       114.8120       2.307000    
   161.8866       115.3350       2.481104    
   166.8759       115.5344       2.639714    
   171.8755       115.5392       2.761075    
   176.8751       115.4947       2.838008    
   181.8749       115.4726       2.871903    
   186.8749       115.4719       2.865741    
   191.8749       115.4722       2.825316    
   196.8749       115.4722       2.756282    
   201.8749       115.4722       2.672462    
   206.8749       115.4720       2.597530    
   211.8749       115.4739       2.549266    
   216.8748       115.4921       2.527187    
   221.8745       115.5383       2.528875    
   226.8739       115.5924       2.545805    
   231.8736       115.5948       2.568306    
   236.8703       115.4796       2.590735    
   241.8605       115.2498       2.607720    
   246.8531       115.0682       2.614806    
   251.8497       115.1104       2.610821    
   256.8403       115.3352       2.597290    
   261.8292       115.5839       2.576815    
   266.8226       115.7724       2.554495    
   271.8200       115.8866       2.540725    
   276.8195       115.9228       2.548290    
   281.8193       115.9004       2.584362    
   286.8188       115.8482       2.645864    
   291.8181       115.7824       2.721772    
   296.8170       115.7058       2.796684    
   301.8156       115.6153       2.854314    
   306.8141       115.5281       2.881777    
   311.8136       115.4968       2.873038    
   316.8123       115.4420       2.831815    
   321.7794       115.0840       2.769434    
   326.7076       114.4521       2.700247    
   331.6619       114.2384       2.634465    
   336.6017       114.7507       2.569149    
   341.4941       115.5241       2.495502    
   346.3997       116.2474       2.414954    
   351.3318       116.8596       2.347676    
   356.3008       117.2437       2.315934    
   361.2956       117.4006       2.322852    
   366.2939       117.4977       2.361146    
   371.2916       117.6117       2.420002    
   376.2886       117.7412       2.486403    
   381.2849       117.8860       2.548582    
   386.2799       118.0519       2.610015    
   391.2732       118.2462       2.681144    
   396.2645       118.4663       2.767645    
   401.2549       118.6983       2.860177    
   406.2462       118.9186       2.938730    
   411.2407       119.0920       2.988232    
   416.2387       119.1877       3.004107    
   421.2385       119.2163       2.988759    
   426.2385       119.2194       2.946731    
   431.2385       119.2319       2.882339    
   436.2343       119.3509       2.799304    
   441.2233       119.5975       2.703522    
   446.2118       119.8504       2.603362    
   451.2035       120.0655       2.508472    
   456.1937       120.2983       2.432157    
   461.1783       120.5900       2.384470    
   466.1624       120.8887       2.364520    
   471.1551       121.0661       2.362930    
   476.1545       121.1075       2.373796    
   481.8401       121.1095       2.392403    
   489.3643       121.1095       2.416680    
   507.4286       121.1095       2.463726    
  -33.77417       109.4377       2.152089    
  -15.70986       109.4377       2.111335    
  -8.185690       109.4377       2.113901    
  -2.500000       109.4377       2.136888    
   2.481762       109.6495       2.175224    
   7.434425       110.1285       2.232748    
   12.38829       110.6005       2.302691    
   17.37068       110.8431       2.374080    
   22.36992       110.9020       2.434424    
   27.36889       110.9691       2.475324    
   32.36626       111.0811       2.496012    
   37.36148       111.2335       2.499992    
   42.35468       111.4164       2.493583    
   47.34677       111.6138       2.484991    
   52.33939       111.8043       2.481592    
   57.33461       111.9553       2.487525    
   62.33282       112.0418       2.503588    
   67.33237       112.0446       2.527692    
   72.33087       111.9657       2.555138    
   77.32610       111.8166       2.579193    
   82.31709       111.6071       2.592534    
   87.30524       111.3655       2.588761    
   92.29430       111.1339       2.563740    
   97.28818       110.9664       2.516781    
   102.2866       110.8923       2.450389    
   107.2863       110.8566       2.369328    
   112.2728       110.6531       2.280086    
   117.2255       110.1834       2.191293    
   122.1606       109.6189       2.113247    
   127.1186       109.1790       2.054526    
   132.1048       108.9318       2.022454    
   137.1018       108.8263       2.024032    
   142.1004       108.8592       2.067420    
   147.0855       109.0976       2.157023    
   152.0289       109.6052       2.288415    
   156.9416       110.2591       2.448189    
   161.8866       110.7494       2.618513    
   166.8759       110.9363       2.778283    
   171.8755       110.9408       2.908836    
   176.8751       110.8991       3.000257    
   181.8749       110.8784       3.049994    
   186.8749       110.8776       3.059784    
   191.8749       110.8779       3.034902    
   196.8749       110.8779       2.983471    
   201.8749       110.8779       2.918183    
   206.8749       110.8778       2.854974    
   211.8749       110.8796       2.806202    
   216.8748       110.8966       2.775849    
   221.8745       110.9400       2.763097    
   226.8739       110.9907       2.763044    
   231.8736       110.9929       2.769623    
   236.8703       110.8849       2.778177    
   241.8605       110.6695       2.784811    
   246.8531       110.4993       2.786760    
   251.8497       110.5388       2.783284    
   256.8403       110.7495       2.775701    
   261.8292       110.9827       2.766570    
   266.8226       111.1594       2.760013    
   271.8200       111.2665       2.762421    
   276.8195       111.3003       2.780354    
   281.8193       111.2794       2.816563    
   286.8188       111.2305       2.867968    
   291.8181       111.1687       2.926507    
   296.8170       111.0969       2.981085    
   301.8156       111.0121       3.019958    
   306.8141       110.9304       3.033941    
   311.8136       110.9010       3.018929    
   316.8123       110.8497       2.977093    
   321.7794       110.5141       2.916071    
   326.7076       109.9218       2.845956    
   331.6619       109.7214       2.773752    
   336.6017       110.2016       2.699890    
   341.4941       110.9267       2.623336    
   346.3997       111.6047       2.548031    
   351.3318       112.1786       2.486616    
   356.3008       112.5386       2.452147    
   361.2956       112.6857       2.449200    
   366.2939       112.7768       2.474857    
   371.2916       112.8837       2.521804    
   376.2886       113.0050       2.581070    
   381.2849       113.1407       2.645561    
   386.2799       113.2963       2.714826    
   391.2732       113.4784       2.791548    
   396.2645       113.6848       2.875575    
   401.2549       113.9022       2.959520    
   406.2462       114.1088       3.030800    
   411.2407       114.2713       3.078548    
   416.2387       114.3611       3.097679    
   421.2385       114.3878       3.088455    
   426.2385       114.3907       3.053980    
   431.2385       114.4025       2.998265    
   436.2343       114.5140       2.926002    
   441.2233       114.7451       2.843422    
   446.2118       114.9823       2.757330    
   451.2035       115.1839       2.674305    
   456.1937       115.4022       2.602178    
   461.1783       115.6756       2.547487    
   466.1624       115.9556       2.512153    
   471.1551       116.1219       2.492428    
   476.1545       116.1607       2.483947    
   481.8401       116.1625       2.481896    
   489.3643       116.1625       2.485006    
   507.4286       116.1625       2.498976    
  -33.77417       104.4251       2.197957    
  -15.70986       104.4251       2.185714    
  -8.185690       104.4251       2.201060    
  -2.500000       104.4251       2.229658    
   2.481762       104.6212       2.268366    
   7.434425       105.0646       2.319933    
   12.38829       105.5015       2.379781    
   17.37068       105.7260       2.440737    
   22.36992       105.7805       2.494917    
   27.36889       105.8427       2.536418    
   32.36626       105.9463       2.563228    
   37.36148       106.0873       2.576379    
   42.35468       106.2567       2.579568    
   47.34677       106.4394       2.578085    
   52.33939       106.6157       2.577007    
   57.33461       106.7555       2.579641    
   62.33282       106.8356       2.586879    
   67.33237       106.8381       2.597354    
   72.33087       106.7651       2.607939    
   77.32610       106.6271       2.614272    
   82.31709       106.4332       2.611589    
   87.30524       106.2096       2.595777    
   92.29430       105.9952       2.564247    
   97.28818       105.8402       2.516699    
   102.2866       105.7715       2.455310    
   107.2863       105.7385       2.384315    
   112.2728       105.5501       2.309420    
   117.2255       105.1154       2.237437    
   122.1606       104.5929       2.176338    
   127.1186       104.1857       2.134115    
   132.1048       103.9569       2.118402    
   137.1018       103.8593       2.135720    
   142.1004       103.8897       2.191340    
   147.0855       104.1104       2.286312    
   152.0289       104.5803       2.415094    
   156.9416       105.1855       2.566541    
   161.8866       105.6393       2.726950    
   166.8759       105.8122       2.880529    
   171.8755       105.8165       3.012135    
   176.8751       105.7778       3.111747    
   181.8749       105.7587       3.174790    
   186.8749       105.7580       3.201251    
   191.8749       105.7582       3.195187    
   196.8749       105.7583       3.164150    
   201.8749       105.7583       3.118426    
   206.8749       105.7581       3.069266    
   211.8749       105.7598       3.025781    
   216.8748       105.7755       2.992750    
   221.8745       105.8157       2.971119    
   226.8739       105.8626       2.958920    
   231.8736       105.8647       2.952967    
   236.8703       105.7647       2.950349    
   241.8605       105.5654       2.948679    
   246.8531       105.4078       2.946382    
   251.8497       105.4444       2.943090    
   256.8403       105.6394       2.939834    
   261.8292       105.8553       2.938472    
   266.8226       106.0188       2.941522    
   271.8200       106.1179       2.952223    
   276.8195       106.1492       2.973250    
   281.8193       106.1298       3.004904    
   286.8188       106.0846       3.044266    
   291.8181       106.0275       3.085438    
   296.8170       105.9610       3.120631    
   301.8156       105.8824       3.141828    
   306.8141       105.8068       3.142894    
   311.8136       105.7796       3.121292    
   316.8123       105.7321       3.078407    
   321.7794       105.4215       3.019235    
   326.7076       104.8732       2.950512    
   331.6619       104.6877       2.877453    
   336.6017       105.1322       2.802775    
   341.4941       105.8034       2.728965    
   346.3997       106.4309       2.660169    
   351.3318       106.9622       2.604561    
   356.3008       107.2954       2.570195    
   361.2956       107.4315       2.561090    
   366.2939       107.5159       2.576674    
   371.2916       107.6148       2.612819    
   376.2886       107.7271       2.663806    
   381.2849       107.8528       2.724683    
   386.2799       107.9968       2.793075    
   391.2732       108.1653       2.867691    
   396.2645       108.3564       2.945582    
   401.2549       108.5576       3.020612    
   406.2462       108.7488       3.084353    
   411.2407       108.8992       3.129048    
   416.2387       108.9823       3.150183    
   421.2385       109.0071       3.146981    
   426.2385       109.0098       3.121401    
   431.2385       109.0207       3.076736    
   436.2343       109.1239       3.017215    
   441.2233       109.3378       2.948279    
   446.2118       109.5574       2.875571    
   451.2035       109.7439       2.804122    
   456.1937       109.9460       2.738693    
   461.1783       110.1991       2.682985    
   466.1624       110.4583       2.639234    
   471.1551       110.6122       2.607300    
   476.1545       110.6481       2.585386    
   481.8401       110.6497       2.568865    
   489.3643       110.6497       2.555461    
   507.4286       110.6497       2.538033    
  -33.77417       98.76926       2.246681    
  -15.70986       98.76926       2.257524    
  -8.185690       98.76926       2.280155    
  -2.500000       98.76926       2.310406    
   2.481762       98.94752       2.346572    
   7.434425       99.35075       2.391040    
   12.38829       99.74802       2.440891    
   17.37068       99.95215       2.491372    
   22.36992       100.0017       2.537683    
   27.36889       100.0582       2.576108    
   32.36626       100.1525       2.604482    
   37.36148       100.2807       2.622463    
   42.35468       100.4347       2.631729    
   47.34677       100.6009       2.635209    
   52.33939       100.7612       2.635976    
   57.33461       100.8883       2.636181    
   62.33282       100.9611       2.636455    
   67.33237       100.9634       2.636058    
   72.33087       100.8971       2.633286    
   77.32610       100.7716       2.625743    
   82.31709       100.5952       2.610774    
   87.30524       100.3919       2.586145    
   92.29430       100.1970       2.550640    
   97.28818       100.0560       2.504570    
   102.2866       99.99355       2.450037    
   107.2863       99.96349       2.390678    
   112.2728       99.79222       2.331316    
   117.2255       99.39693       2.277478    
   122.1606       98.92178       2.235351    
   127.1186       98.55151       2.211542    
   132.1048       98.34343       2.212584    
   137.1018       98.25465       2.243528    
   142.1004       98.28233       2.307244    
   147.0855       98.48299       2.402946    
   152.0289       98.91029       2.524993    
   156.9416       99.46066       2.664343    
   161.8866       99.87329       2.810823    
   166.8759       100.0306       2.953010    
   171.8755       100.0344       3.079294    
   176.8751       99.99930       3.181073    
   181.8749       99.98188       3.253375    
   186.8749       99.98126       3.294862    
   191.8749       99.98149       3.307863    
   196.8749       99.98150       3.297848    
   201.8749       99.98149       3.272231    
   206.8749       99.98139       3.238940    
   211.8749       99.98287       3.204781    
   216.8748       99.99718       3.174271    
   221.8745       100.0337       3.149511    
   226.8739       100.0764       3.130638    
   231.8736       100.0783       3.116694    
   236.8703       99.98734       3.106445    
   241.8605       99.80609       3.098794    
   246.8531       99.66279       3.093053    
   251.8497       99.69608       3.089171    
   256.8403       99.87341       3.087802    
   261.8292       100.0697       3.089915    
   266.8226       100.2184       3.096612    
   271.8200       100.3085       3.109009    
   276.8195       100.3370       3.127552    
   281.8193       100.3194       3.151291    
   286.8188       100.2782       3.177603    
   291.8181       100.2263       3.202256    
   296.8170       100.1659       3.220004    
   301.8156       100.0944       3.225685    
   306.8141       100.0256       3.215470    
   311.8136       100.0009       3.187908    
   316.8123       99.95772       3.144062    
   321.7794       99.67523       3.087310    
   326.7076       99.17667       3.022111    
   331.6619       99.00801       2.952437    
   336.6017       99.41222       2.882024    
   341.4941       100.0225       2.814493    
   346.3997       100.5932       2.753348    
   351.3318       101.0763       2.703995    
   356.3008       101.3793       2.671549    
   361.2956       101.5031       2.659127    
   366.2939       101.5798       2.667240    
   371.2916       101.6697       2.693865    
   376.2886       101.7719       2.735524    
   381.2849       101.8861       2.788596    
   386.2799       102.0170       2.850059    
   391.2732       102.1703       2.917006    
   396.2645       102.3440       2.985617    
   401.2549       102.5270       3.050794    
   406.2462       102.7009       3.106592    
   411.2407       102.8377       3.147466    
   416.2387       102.9132       3.169698    
   421.2385       102.9358       3.172016    
   426.2385       102.9382       3.155362    
   431.2385       102.9481       3.122113    
   436.2343       103.0419       3.075600    
   441.2233       103.2365       3.020122    
   446.2118       103.4361       2.960246    
   451.2035       103.6058       2.899858    
   456.1937       103.7895       2.842111    
   461.1783       104.0197       2.789571    
   466.1624       104.2553       2.744058    
   471.1551       104.3953       2.706048    
   476.1545       104.4279       2.675511    
   481.8401       104.4295       2.648670    
   489.3643       104.4295       2.622567    
   507.4286       104.4295       2.579625    
  -33.77417       92.28692       2.297403    
  -15.70986       92.28692       2.325173    
  -8.185690       92.28692       2.351293    
  -2.500000       92.28692       2.380331    
   2.481762       92.44483       2.412316    
   7.434425       92.80198       2.449535    
   12.38829       93.15384       2.489958    
   17.37068       93.33465       2.530822    
   22.36992       93.37855       2.569055    
   27.36889       93.42858       2.602123    
   32.36626       93.51208       2.628470    
   37.36148       93.62569       2.647399    
   42.35468       93.76205       2.659234    
   47.34677       93.90923       2.665141    
   52.33939       94.05121       2.666621    
   57.33461       94.16380       2.664812    
   62.33282       94.22831       2.660088    
   67.33237       94.23037       2.652193    
   72.33087       94.17159       2.640454    
   77.32610       94.06042       2.623878    
   82.31709       93.90422       2.601368    
   87.30524       93.72411       2.572131    
   92.29430       93.55146       2.536041    
   97.28818       93.42661       2.493964    
   102.2866       93.37131       2.447973    
   107.2863       93.34469       2.401222    
   112.2728       93.19299       2.357712    
   117.2255       92.84286       2.321822    
   122.1606       92.42202       2.298154    
   127.1186       92.09407       2.291602    
   132.1048       91.90976       2.306986    
   137.1018       91.83113       2.347695    
   142.1004       91.85565       2.414939    
   147.0855       92.03337       2.507085    
   152.0289       92.41184       2.619046    
   156.9416       92.89931       2.743709    
   161.8866       93.26480       2.873835    
   166.8759       93.40413       3.001447    
   171.8755       93.40750       3.118104    
   176.8751       93.37640       3.217158    
   181.8749       93.36098       3.294137    
   186.8749       93.36044       3.347006    
   191.8749       93.36063       3.376476    
   196.8749       93.36064       3.385668    
   201.8749       93.36063       3.379262    
   206.8749       93.36054       3.362535    
   211.8749       93.36186       3.340397    
   216.8748       93.37454       3.316735    
   221.8745       93.40688       3.294145    
   226.8739       93.44470       3.273999    
   231.8736       93.44635       3.256798    
   236.8703       93.36582       3.242601    
   241.8605       93.20527       3.231340    
   246.8531       93.07835       3.223005    
   251.8497       93.10783       3.217758    
   256.8403       93.26490       3.215888    
   261.8292       93.43874       3.217638    
   266.8226       93.57047       3.223155    
   271.8200       93.65030       3.232344    
   276.8195       93.67554       3.244575    
   281.8193       93.65989       3.258470    
   286.8188       93.62345       3.271839    
   291.8181       93.57744       3.281723    
   296.8170       93.52392       3.284743    
   301.8156       93.46066       3.277767    
   306.8141       93.39973       3.258602    
   311.8136       93.37785       3.226557    
   316.8123       93.33959       3.182558    
   321.7794       93.08938       3.129010    
   326.7076       92.64779       3.068949    
   331.6619       92.49840       3.005334    
   336.6017       92.85643       2.941961    
   341.4941       93.39696       2.882401    
   346.3997       93.90244       2.829306    
   351.3318       94.33030       2.786256    
   356.3008       94.59869       2.756579    
   361.2956       94.70834       2.742622    
   366.2939       94.77627       2.745229    
   371.2916       94.85593       2.763526    
   376.2886       94.94642       2.795438    
   381.2849       95.04758       2.838320    
   386.2799       95.16358       2.889296    
   391.2732       95.29931       2.945216    
   396.2645       95.45317       3.002444    
   401.2549       95.61526       3.056887    
   406.2462       95.76926       3.104240    
   411.2407       95.89043       3.140547    
   416.2387       95.95733       3.162891    
   421.2385       95.97731       3.169808    
   426.2385       95.97943       3.161305    
   431.2385       95.98818       3.138698    
   436.2343       96.07135       3.104475    
   441.2233       96.24365       3.061943    
   446.2118       96.42047       3.014365    
   451.2035       96.57073       2.964433    
   456.1937       96.73344       2.914732    
   461.1783       96.93733       2.867633    
   466.1624       97.14609       2.824445    
   471.1551       97.27006       2.785848    
   476.1545       97.29897       2.752249    
   481.8401       97.30029       2.719634    
   489.3643       97.30029       2.684853    
   507.4286       97.30029       2.621048    
  -33.77417       84.70639       2.348369    
  -15.70986       84.70639       2.386623    
  -8.185690       84.70639       2.413579    
  -2.500000       84.70639       2.440544    
   2.481762       84.84047       2.468111    
   7.434425       85.14374       2.498601    
   12.38829       85.44250       2.530714    
   17.37068       85.59602       2.562898    
   22.36992       85.63330       2.593433    
   27.36889       85.67580       2.620418    
   32.36626       85.74669       2.642719    
   37.36148       85.84315       2.659844    
   42.35468       85.95895       2.671502    
   47.34677       86.08392       2.677700    
   52.33939       86.20448       2.678809    
   57.33461       86.30008       2.675314    
   62.33282       86.35486       2.667552    
   67.33237       86.35661       2.655628    
   72.33087       86.30669       2.639472    
   77.32610       86.21230       2.618918    
   82.31709       86.07966       2.593836    
   87.30524       85.92673       2.564362    
   92.29430       85.78013       2.531105    
   97.28818       85.67411       2.495317    
   102.2866       85.62716       2.459034    
   107.2863       85.60456       2.424991    
   112.2728       85.47575       2.396428    
   117.2255       85.17844       2.376628    
   122.1606       84.82110       2.368777    
   127.1186       84.54264       2.376144    
   132.1048       84.38613       2.401800    
   137.1018       84.31937       2.447643    
   142.1004       84.34019       2.513925    
   147.0855       84.49109       2.598842    
   152.0289       84.81246       2.698167    
   156.9416       85.22638       2.806556    
   161.8866       85.53673       2.919189    
   166.8759       85.65503       3.030757    
   171.8755       85.65790       3.135306    
   176.8751       85.63148       3.227961    
   181.8749       85.61840       3.305099    
   186.8749       85.61794       3.364561    
   191.8749       85.61810       3.405958    
   196.8749       85.61810       3.430528    
   201.8749       85.61810       3.440725    
   206.8749       85.61802       3.439686    
   211.8749       85.61914       3.430696    
   216.8748       85.62991       3.416774    
   221.8745       85.65736       3.400417    
   226.8739       85.68948       3.383492    
   231.8736       85.69088       3.367288    
   236.8703       85.62250       3.352668    
   241.8605       85.48617       3.340221    
   246.8531       85.37840       3.330355    
   251.8497       85.40344       3.323364    
   256.8403       85.53680       3.319347    
   261.8292       85.68442       3.318155    
   266.8226       85.79627       3.319435    
   271.8200       85.86406       3.322579    
   276.8195       85.88549       3.326645    
   281.8193       85.87220       3.330319    
   286.8188       85.84126       3.331934    
   291.8181       85.80219       3.329533    
   296.8170       85.75674       3.321079    
   301.8156       85.70303       3.304797    
   306.8141       85.65130       3.279550    
   311.8136       85.63272       3.245114    
   316.8123       85.60023       3.202269    
   321.7794       85.38776       3.152786    
   326.7076       85.01280       3.098780    
   331.6619       84.88596       3.042339    
   336.6017       85.18996       2.986866    
   341.4941       85.64894       2.935451    
   346.3997       86.07815       2.889974    
   351.3318       86.44146       2.852787    
   356.3008       86.66934       2.826040    
   361.2956       86.76245       2.811404    
   366.2939       86.82014       2.809697    
   371.2916       86.88777       2.820631    
   376.2886       86.96461       2.842999    
   381.2849       87.05051       2.874935    
   386.2799       87.14902       2.914101    
   391.2732       87.26426       2.957775    
   396.2645       87.39491       3.002930    
   401.2549       87.53254       3.046392    
   406.2462       87.66331       3.085039    
   411.2407       87.76619       3.116058    
   416.2387       87.82300       3.137195    
   421.2385       87.83997       3.146952    
   426.2385       87.84176       3.144769    
   431.2385       87.84920       3.131258    
   436.2343       87.91981       3.108178    
   441.2233       88.06612       3.077754    
   446.2118       88.21626       3.041942    
   451.2035       88.34385       3.002754    
   456.1937       88.48203       2.962420    
   461.1783       88.65514       2.922652    
   466.1624       88.83239       2.884717    
   471.1551       88.93765       2.849464    
   476.1545       88.96221       2.817022    
   481.8401       88.96335       2.783547    
   489.3643       88.96335       2.743762    
   507.4286       88.96335       2.658985    
  -33.77417       75.60016       2.395874    
  -15.70986       75.60016       2.439045    
  -8.185690       75.60016       2.464945    
  -2.500000       75.60016       2.489150    
   2.481762       75.70561       2.513113    
   7.434425       75.94414       2.538392    
   12.38829       76.17914       2.564166    
   17.37068       76.29989       2.589548    
   22.36992       76.32921       2.613605    
   27.36889       76.36263       2.635249    
   32.36626       76.41840       2.653348    
   37.36148       76.49427       2.667364    
   42.35468       76.58534       2.677121    
   47.34677       76.68364       2.682326    
   52.33939       76.77846       2.682751    
   57.33461       76.85366       2.678477    
   62.33282       76.89674       2.669818    
   67.33237       76.89812       2.657118    
   72.33087       76.85886       2.640618    
   77.32610       76.78461       2.620537    
   82.31709       76.68029       2.597222    
   87.30524       76.56001       2.571258    
   92.29430       76.44469       2.543572    
   97.28818       76.36131       2.515530    
   102.2866       76.32438       2.488990    
   107.2863       76.30660       2.466218    
   112.2728       76.20528       2.449711    
   117.2255       75.97144       2.441844    
   122.1606       75.69038       2.444768    
   127.1186       75.47135       2.460615    
   132.1048       75.34826       2.491207    
   137.1018       75.29574       2.537411    
   142.1004       75.31212       2.598987    
   147.0855       75.43081       2.674302    
   152.0289       75.68358       2.760055    
   156.9416       76.00915       2.852422    
   161.8866       76.25325       2.948395    
   166.8759       76.34630       3.044552    
   171.8755       76.34855       3.136668    
   176.8751       76.32778       3.221148    
   181.8749       76.31749       3.295127    
   186.8749       76.31712       3.356597    
   191.8749       76.31725       3.404620    
   196.8749       76.31725       3.439297    
   201.8749       76.31725       3.461627    
   206.8749       76.31718       3.473278    
   211.8749       76.31807       3.476301    
   216.8748       76.32654       3.472844    
   221.8745       76.34814       3.464942    
   226.8739       76.37340       3.454368    
   231.8736       76.37450       3.442558    
   236.8703       76.32071       3.430612    
   241.8605       76.21349       3.419348    
   246.8531       76.12872       3.409350    
   251.8497       76.14841       3.401003    
   256.8403       76.25331       3.394416    
   261.8292       76.36942       3.389381    
   266.8226       76.45739       3.385458    
   271.8200       76.51070       3.382023    
   276.8195       76.52757       3.378251    
   281.8193       76.51711       3.373138    
   286.8188       76.49277       3.365529    
   291.8181       76.46204       3.354202    
   296.8170       76.42630       3.337984    
   301.8156       76.38405       3.315921    
   306.8141       76.34336       3.287463    
   311.8136       76.32875       3.252604    
   316.8123       76.30320       3.211981    
   321.7794       76.13609       3.166928    
   326.7076       75.84116       3.118938    
   331.6619       75.74139       3.069423    
   336.6017       75.98050       3.021263    
   341.4941       76.34151       2.976946    
   346.3997       76.67910       2.937735    
   351.3318       76.96486       2.905195    
   356.3008       77.14410       2.880736    
   361.2956       77.21733       2.865524    
   366.2939       77.26270       2.860231    
   371.2916       77.31591       2.864806    
   376.2886       77.37634       2.878534    
   381.2849       77.44391       2.900126    
   386.2799       77.52139       2.927834    
   391.2732       77.61202       2.959569    
   396.2645       77.71479       2.993028    
   401.2549       77.82304       3.025869    
   406.2462       77.92590       3.055863    
   411.2407       78.00681       3.080983    
   416.2387       78.05150       3.099469    
   421.2385       78.06484       3.109995    
   426.2385       78.06626       3.111985    
   431.2385       78.07211       3.105793    
   436.2343       78.12765       3.092372    
   441.2233       78.24273       3.072797    
   446.2118       78.36082       3.048341    
   451.2035       78.46117       3.020554    
   456.1937       78.56985       2.990781    
   461.1783       78.70601       2.960306    
   466.1624       78.84543       2.930210    
   471.1551       78.92822       2.901025    
   476.1545       78.94754       2.873250    
   481.8401       78.94843       2.842739    
   489.3643       78.94843       2.802207    
   507.4286       78.94843       2.687821    
  -33.77417       56.32260       2.465050    
  -15.70986       56.32260       2.506165    
  -8.185690       56.32260       2.528409    
  -2.500000       56.32260       2.547203    
   2.481762       56.36747       2.565431    
   7.434425       56.46896       2.584525    
   12.38829       56.56895       2.603206    
   17.37068       56.62033       2.621223    
   22.36992       56.63280       2.638169    
   27.36889       56.64702       2.653545    
   32.36626       56.67075       2.666675    
   37.36148       56.70303       2.676707    
   42.35468       56.74178       2.683577    
   47.34677       56.78361       2.687490    
   52.33939       56.82395       2.688186    
   57.33461       56.85595       2.685337    
   62.33282       56.87428       2.679028    
   67.33237       56.87487       2.669714    
   72.33087       56.85816       2.657914    
   77.32610       56.82657       2.644077    
   82.31709       56.78218       2.628711    
   87.30524       56.73100       2.612478    
   92.29430       56.68194       2.596223    
   97.28818       56.64646       2.580992    
   102.2866       56.63075       2.568055    
   107.2863       56.62318       2.558828    
   112.2728       56.58007       2.554766    
   117.2255       56.48058       2.557225    
   122.1606       56.36099       2.567456    
   127.1186       56.26780       2.586715    
   132.1048       56.21542       2.615931    
   137.1018       56.19307       2.655370    
   142.1004       56.20005       2.704706    
   147.0855       56.25055       2.762850    
   152.0289       56.35809       2.827763    
   156.9416       56.49662       2.897327    
   161.8866       56.60048       2.970262    
   166.8759       56.64007       3.044853    
   171.8755       56.64103       3.118548    
   176.8751       56.63219       3.189059    
   181.8749       56.62782       3.254391    
   186.8749       56.62766       3.312904    
   191.8749       56.62771       3.363490    
   196.8749       56.62772       3.405592    
   201.8749       56.62771       3.439189    
   206.8749       56.62769       3.464713    
   211.8749       56.62806       3.482932    
   216.8748       56.63167       3.494810    
   221.8745       56.64086       3.501384    
   226.8739       56.65160       3.503672    
   231.8736       56.65207       3.502602    
   236.8703       56.62919       3.498968    
   241.8605       56.58356       3.493419    
   246.8531       56.54750       3.486437    
   251.8497       56.55588       3.478355    
   256.8403       56.60051       3.469376    
   261.8292       56.64991       3.459512    
   266.8226       56.68734       3.448617    
   271.8200       56.71003       3.436453    
   276.8195       56.71720       3.422698    
   281.8193       56.71275       3.406978    
   286.8188       56.70240       3.388895    
   291.8181       56.68932       3.368079    
   296.8170       56.67411       3.344223    
   301.8156       56.65614       3.317142    
   306.8141       56.63882       3.286807    
   311.8136       56.63261       3.253411    
   316.8123       56.62173       3.217426    
   321.7794       56.55063       3.179663    
   326.7076       56.42514       3.140811    
   331.6619       56.38269       3.101331    
   336.6017       56.48443       3.063144    
   341.4941       56.63803       3.027840    
   346.3997       56.78168       2.995975    
   351.3318       56.90327       2.968394    
   356.3008       56.97953       2.945854    
   361.2956       57.01069       2.929025    
   366.2939       57.02999       2.918365    
   371.2916       57.05263       2.913948    
   376.2886       57.07835       2.915484    
   381.2849       57.10709       2.922352    
   386.2799       57.14006       2.933655    
   391.2732       57.17862       2.948289    
   396.2645       57.22235       2.965040    
   401.2549       57.26841       2.982671    
   406.2462       57.31217       2.999962    
   411.2407       57.34660       3.015700    
   416.2387       57.36561       3.028785    
   421.2385       57.37129       3.038493    
   426.2385       57.37189       3.044634    
   431.2385       57.37438       3.047170    
   436.2343       57.39801       3.045845    
   441.2233       57.44698       3.040780    
   446.2118       57.49723       3.032727    
   451.2035       57.53992       3.022259    
   456.1937       57.58617       3.010041    
   461.1783       57.64410       2.996931    
   466.1624       57.70342       2.983525    
   471.1551       57.73865       2.970787    
   476.1545       57.74687       2.959191    
   481.8401       57.74725       2.948042    
   489.3643       57.74725       2.938495    
   507.4286       57.74725       2.838763    
