        1545
  -33.77417       136.6885       2.024656    
  -15.70986       136.6885       1.730177    
  -8.185690       136.6885       1.624403    
  -2.500000       136.6885       1.757326    
   2.481762       136.9860       1.863922    
   7.434425       137.6588       1.642972    
   12.38829       138.3216       1.653568    
   17.37068       138.6622       1.391929    
   22.36992       138.7449       1.662629    
   27.36889       138.8391       1.543770    
   32.36626       138.9964       1.557620    
   37.36148       139.2104       1.584821    
   42.35468       139.4673       1.722958    
   47.34677       139.7446       1.790449    
   52.33939       140.0120       1.799183    
   57.33461       140.2241       1.770126    
   62.33282       140.3456       1.558331    
   67.33237       140.3495       1.668034    
   72.33087       140.2388       1.570456    
   77.32610       140.0294       1.679216    
   82.31709       139.7351       1.575752    
   87.30524       139.3958       1.585922    
   92.29430       139.0706       1.585710    
   97.28818       138.8354       1.486209    
   102.2866       138.7312       1.620627    
   107.2863       138.6811       1.631903    
   112.2728       138.3953       1.642969    
   117.2255       137.7357       1.634145    
   122.1606       136.9430       1.614614    
   127.1186       136.3252       1.594758    
   132.1048       135.9780       1.593232    
   137.1018       135.8299       1.529917    
   142.1004       135.8761       1.409198    
   147.0855       136.2108       1.472444    
   152.0289       136.9238       1.660426    
   156.9416       137.8421       1.689015    
   161.8866       138.5306       1.766734    
   166.8759       138.7930       1.682978    
   171.8755       138.7994       1.557111    
   176.8751       138.7408       1.468831    
   181.8749       138.7118       1.404144    
   186.8749       138.7108       1.345377    
   191.8749       138.7111       1.425887    
   196.8749       138.7112       1.466615    
   201.8749       138.7111       1.613344    
   206.8749       138.7109       1.509488    
   211.8749       138.7134       1.529683    
   216.8748       138.7373       1.572488    
   221.8745       138.7983       1.414918    
   226.8739       138.8695       1.596610    
   231.8736       138.8726       1.344374    
   236.8703       138.7209       1.450616    
   241.8605       138.4185       1.381492    
   246.8531       138.1794       1.288698    
   251.8497       138.2349       1.332243    
   256.8403       138.5308       1.540989    
   261.8292       138.8582       1.638952    
   266.8226       139.1064       1.566692    
   271.8200       139.2568       1.648935    
   276.8195       139.3043       1.629597    
   281.8193       139.2749       1.743929    
   286.8188       139.2062       1.581163    
   291.8181       139.1195       1.491912    
   296.8170       139.0187       1.433185    
   301.8156       138.8996       1.460199    
   306.8141       138.7848       1.703551    
   311.8136       138.7435       1.557843    
   316.8123       138.6715       1.356151    
   321.7794       138.2001       1.317776    
   326.7076       137.3683       1.400502    
   331.6619       137.0869       1.536061    
   336.6017       137.7613       1.379930    
   341.4941       138.7795       1.248443    
   346.3997       139.7317       1.595490    
   351.3318       140.5377       1.449284    
   356.3008       141.0433       1.717401    
   361.2956       141.2499       1.571295    
   366.2939       141.3779       1.391451    
   371.2916       141.5279       1.344166    
   376.2886       141.6984       1.301847    
   381.2849       141.8889       1.242874    
   386.2799       142.1075       1.020326    
   391.2732       142.3631       1.069523    
   396.2645       142.6530       1.103622    
   401.2549       142.9583      0.9154708    
   406.2462       143.2484      0.7731735    
   411.2407       143.4767      0.7758880    
   416.2387       143.6027      0.8389326    
   421.2385       143.6403      0.7504560    
   426.2385       143.6443      0.8345577    
   431.2385       143.6608      0.8150373    
   436.2343       143.8174       1.070938    
   441.2233       144.1421       1.033157    
   446.2118       144.4751      0.8184951    
   451.2035       144.7582      0.7478476    
   456.1937       145.0647      0.8621524    
   461.1783       145.4488       1.262007    
   466.1624       145.8420       1.323076    
   471.1551       146.0755       1.397511    
   476.1545       146.1300       1.480120    
   481.8401       146.1326       1.882152    
   489.3643       146.1326       2.134206    
   507.4286       146.1326       2.440374    
  -33.77417       134.0858       2.028352    
  -15.70986       134.0858       1.738235    
  -8.185690       134.0858       1.614151    
  -2.500000       134.0858       1.556011    
   2.481762       134.3752       1.505922    
   7.434425       135.0294       1.304138    
   12.38829       135.6740       1.248434    
   17.37068       136.0052       1.219338    
   22.36992       136.0857       1.303044    
   27.36889       136.1774       1.109028    
   32.36626       136.3303       1.177955    
   37.36148       136.5384       1.242629    
   42.35468       136.7882       1.302205    
   47.34677       137.0579       1.431849    
   52.33939       137.3180       1.405923    
   57.33461       137.5242       1.271709    
   62.33282       137.6424       1.239923    
   67.33237       137.6462       1.297034    
   72.33087       137.5385       1.089732    
   77.32610       137.3349       1.201179    
   82.31709       137.0487       1.231179    
   87.30524       136.7188       1.376081    
   92.29430       136.4025       1.222820    
   97.28818       136.1738       1.065810    
   102.2866       136.0724       1.156376    
   107.2863       136.0237       1.138347    
   112.2728       135.7457       1.105635    
   117.2255       135.1043       1.148066    
   122.1606       134.3334       1.354607    
   127.1186       133.7326       1.489776    
   132.1048       133.3949       1.579464    
   137.1018       133.2509       1.529238    
   142.1004       133.2958       1.402617    
   147.0855       133.6214       1.333317    
   152.0289       134.3147       1.389052    
   156.9416       135.2077       1.197273    
   161.8866       135.8773       1.278446    
   166.8759       136.1325       1.177405    
   171.8755       136.1387       1.065993    
   176.8751       136.0817       1.013357    
   181.8749       136.0535       1.065950    
   186.8749       136.0525       1.004040    
   191.8749       136.0529      0.9887929    
   196.8749       136.0529      0.9945692    
   201.8749       136.0529       1.045945    
   206.8749       136.0527       1.076731    
   211.8749       136.0551       1.213042    
   216.8748       136.0783       1.100164    
   221.8745       136.1376      0.9603585    
   226.8739       136.2069       1.099777    
   231.8736       136.2099      0.7805760    
   236.8703       136.0623      0.9102690    
   241.8605       135.7682      0.8511986    
   246.8531       135.5358      0.8916480    
   251.8497       135.5898      0.9882960    
   256.8403       135.8775       1.077642    
   261.8292       136.1960       1.019516    
   266.8226       136.4373      0.9904928    
   271.8200       136.5835       1.203877    
   276.8195       136.6297       1.290490    
   281.8193       136.6011       1.158708    
   286.8188       136.5343       1.045591    
   291.8181       136.4500       1.093932    
   296.8170       136.3520       1.067098    
   301.8156       136.2361      0.9457212    
   306.8141       136.1245      0.9233596    
   311.8136       136.0844      0.8515850    
   316.8123       136.0143       1.240918    
   321.7794       135.5559       1.464114    
   326.7076       134.7469       1.245587    
   331.6619       134.4733       1.153804    
   336.6017       135.1292       1.260648    
   341.4941       136.1194       1.353025    
   346.3997       137.0454       1.411047    
   351.3318       137.8293       1.103692    
   356.3008       138.3209       1.339510    
   361.2956       138.5218       1.226128    
   366.2939       138.6463       1.034558    
   371.2916       138.7922      0.9081823    
   376.2886       138.9579       1.196769    
   381.2849       139.1433       1.185640    
   386.2799       139.3558       1.282397    
   391.2732       139.6044       1.284384    
   396.2645       139.8863       1.279714    
   401.2549       140.1832       1.304550    
   406.2462       140.4654       1.251910    
   411.2407       140.6873       1.202953    
   416.2387       140.8099       1.201270    
   421.2385       140.8465       1.166389    
   426.2385       140.8504       1.146702    
   431.2385       140.8664       1.211134    
   436.2343       141.0188       1.308464    
   441.2233       141.3345       1.254295    
   446.2118       141.6584       1.079476    
   451.2035       141.9337       1.050904    
   456.1937       142.2318       1.186362    
   461.1783       142.6053       1.429126    
   466.1624       142.9877       1.540529    
   471.1551       143.2148       1.621189    
   476.1545       143.2677       1.689560    
   481.8401       143.2702       1.925731    
   489.3643       143.2702       2.146666    
   507.4286       143.2702       2.443289    
  -33.77417       131.3152       2.035555    
  -15.70986       131.3152       1.755953    
  -8.185690       131.3152       1.625934    
  -2.500000       131.3152       1.528037    
   2.481762       131.5958       1.430570    
   7.434425       132.2304       1.312024    
   12.38829       132.8556       1.289117    
   17.37068       133.1768       1.354239    
   22.36992       133.2549       1.396503    
   27.36889       133.3438       1.275916    
   32.36626       133.4921       1.275773    
   37.36148       133.6940       1.297999    
   42.35468       133.9363       1.318665    
   47.34677       134.1978       1.394261    
   52.33939       134.4500       1.399408    
   57.33461       134.6501       1.335028    
   62.33282       134.7647       1.342799    
   67.33237       134.7684       1.361330    
   72.33087       134.6640       1.318219    
   77.32610       134.4664       1.390511    
   82.31709       134.1889       1.491835    
   87.30524       133.8689       1.564672    
   92.29430       133.5621       1.445832    
   97.28818       133.3403       1.318946    
   102.2866       133.2420       1.318112    
   107.2863       133.1947       1.291383    
   112.2728       132.9252       1.222048    
   117.2255       132.3031       1.209855    
   122.1606       131.5553       1.360682    
   127.1186       130.9726       1.494615    
   132.1048       130.6451       1.581046    
   137.1018       130.5054       1.538416    
   142.1004       130.5490       1.424665    
   147.0855       130.8647       1.354066    
   152.0289       131.5372       1.355773    
   156.9416       132.4034       1.230316    
   161.8866       133.0527       1.311047    
   166.8759       133.3003       1.299119    
   171.8755       133.3063       1.253757    
   176.8751       133.2510       1.232937    
   181.8749       133.2236       1.251186    
   186.8749       133.2227       1.190055    
   191.8749       133.2231       1.170597    
   196.8749       133.2231       1.140988    
   201.8749       133.2231       1.100051    
   206.8749       133.2229       1.087859    
   211.8749       133.2252       1.217596    
   216.8748       133.2477       1.115465    
   221.8745       133.3052       1.081825    
   226.8739       133.3724       1.166072    
   231.8736       133.3753       1.121686    
   236.8703       133.2322       1.119299    
   241.8605       132.9470       1.147185    
   246.8531       132.7215       1.228286    
   251.8497       132.7738       1.288682    
   256.8403       133.0529       1.273767    
   261.8292       133.3618       1.211574    
   266.8226       133.5959       1.195369    
   271.8200       133.7377       1.270187    
   276.8195       133.7825       1.259900    
   281.8193       133.7548       1.103741    
   286.8188       133.6900       1.086213    
   291.8181       133.6082       1.171347    
   296.8170       133.5132       1.226866    
   301.8156       133.4008       1.215423    
   306.8141       133.2925       1.171058    
   311.8136       133.2536       1.241337    
   316.8123       133.1856       1.396383    
   321.7794       132.7410       1.510686    
   326.7076       131.9564       1.313493    
   331.6619       131.6910       1.232585    
   336.6017       132.3271       1.395380    
   341.4941       133.2876       1.511112    
   346.3997       134.1857       1.466202    
   351.3318       134.9460       1.230119    
   356.3008       135.4228       1.328494    
   361.2956       135.6176       1.316439    
   366.2939       135.7384       1.261529    
   371.2916       135.8799       1.264525    
   376.2886       136.0407       1.486172    
   381.2849       136.2204       1.496873    
   386.2799       136.4265       1.525485    
   391.2732       136.6677       1.514097    
   396.2645       136.9411       1.542779    
   401.2549       137.2291       1.635850    
   406.2462       137.5027       1.647269    
   411.2407       137.7180       1.616967    
   416.2387       137.8369       1.597369    
   421.2385       137.8724       1.567933    
   426.2385       137.8761       1.548495    
   431.2385       137.8917       1.581148    
   436.2343       138.0394       1.587439    
   441.2233       138.3456       1.507689    
   446.2118       138.6598       1.356238    
   451.2035       138.9268       1.282955    
   456.1937       139.2159       1.332534    
   461.1783       139.5782       1.471331    
   466.1624       139.9491       1.596929    
   471.1551       140.1694       1.713826    
   476.1545       140.2207       1.816663    
   481.8401       140.2231       1.984404    
   489.3643       140.2231       2.171211    
   507.4286       140.2231       2.448613    
  -33.77417       128.3538       2.046656    
  -15.70986       128.3538       1.787515    
  -8.185690       128.3538       1.668664    
  -2.500000       128.3538       1.584173    
   2.481762       128.6251       1.512089    
   7.434425       129.2386       1.475599    
   12.38829       129.8431       1.501271    
   17.37068       130.1537       1.593167    
   22.36992       130.2291       1.632880    
   27.36889       130.3151       1.573109    
   32.36626       130.4585       1.545868    
   37.36148       130.6536       1.532263    
   42.35468       130.8879       1.525587    
   47.34677       131.1408       1.554309    
   52.33939       131.3846       1.571356    
   57.33461       131.5780       1.567904    
   62.33282       131.6889       1.590600    
   67.33237       131.6924       1.620664    
   72.33087       131.5914       1.659237    
   77.32610       131.4005       1.734450    
   82.31709       131.1322       1.824090    
   87.30524       130.8228       1.865569    
   92.29430       130.5262       1.800723    
   97.28818       130.3116       1.715985    
   102.2866       130.2167       1.677053    
   107.2863       130.1709       1.623572    
   112.2728       129.9104       1.533183    
   117.2255       129.3089       1.463749    
   122.1606       128.5859       1.496394    
   127.1186       128.0226       1.562460    
   132.1048       127.7059       1.610021    
   137.1018       127.5708       1.570817    
   142.1004       127.6130       1.484025    
   147.0855       127.9183       1.447966    
   152.0289       128.5684       1.475211    
   156.9416       129.4059       1.473953    
   161.8866       130.0337       1.573080    
   166.8759       130.2731       1.630414    
   171.8755       130.2789       1.636236    
   176.8751       130.2254       1.628683    
   181.8749       130.1989       1.622356    
   186.8749       130.1980       1.571661    
   191.8749       130.1983       1.535138    
   196.8749       130.1983       1.479709    
   201.8749       130.1983       1.404503    
   206.8749       130.1982       1.363420    
   211.8749       130.2005       1.416729    
   216.8748       130.2222       1.383768    
   221.8745       130.2778       1.408466    
   226.8739       130.3428       1.484784    
   231.8736       130.3456       1.520850    
   236.8703       130.2072       1.532736    
   241.8605       129.9314       1.571940    
   246.8531       129.7134       1.631926    
   251.8497       129.7641       1.666779    
   256.8403       130.0339       1.642185    
   261.8292       130.3325       1.592433    
   266.8226       130.5588       1.549823    
   271.8200       130.6960       1.515637    
   276.8195       130.7393       1.447971    
   281.8193       130.7124       1.366296    
   286.8188       130.6498       1.396796    
   291.8181       130.5708       1.486305    
   296.8170       130.4788       1.578455    
   301.8156       130.3701       1.634576    
   306.8141       130.2655       1.654115    
   311.8136       130.2279       1.699948    
   316.8123       130.1622       1.740875    
   321.7794       129.7323       1.747121    
   326.7076       128.9738       1.610824    
   331.6619       128.7171       1.545892    
   336.6017       129.3322       1.646833    
   341.4941       130.2607       1.716913    
   346.3997       131.1291       1.652254    
   351.3318       131.8641       1.502558    
   356.3008       132.3251       1.536780    
   361.2956       132.5135       1.565388    
   366.2939       132.6302       1.586474    
   371.2916       132.7671       1.646872    
   376.2886       132.9225       1.790718    
   381.2849       133.0963       1.814191    
   386.2799       133.2955       1.810715    
   391.2732       133.5287       1.806521    
   396.2645       133.7930       1.854947    
   401.2549       134.0715       1.953120    
   406.2462       134.3360       1.998197    
   411.2407       134.5442       1.996661    
   416.2387       134.6591       1.980528    
   421.2385       134.6935       1.951707    
   426.2385       134.6971       1.924464    
   431.2385       134.7121       1.910513    
   436.2343       134.8550       1.864138    
   441.2233       135.1510       1.764247    
   446.2118       135.4547       1.627834    
   451.2035       135.7129       1.533587    
   456.1937       135.9924       1.522938    
   461.1783       136.3427       1.590976    
   466.1624       136.7012       1.695079    
   471.1551       136.9142       1.810455    
   476.1545       136.9639       1.918836    
   481.8401       136.9662       2.050212    
   489.3643       136.9662       2.206110    
   507.4286       136.9662       2.456444    
  -33.77417       125.1739       2.062621    
  -15.70986       125.1739       1.832475    
  -8.185690       125.1739       1.733161    
  -2.500000       125.1739       1.676765    
   2.481762       125.4352       1.644923    
   7.434425       126.0261       1.660847    
   12.38829       126.6083       1.718386    
   17.37068       126.9075       1.811482    
   22.36992       126.9801       1.858497    
   27.36889       127.0629       1.839811    
   32.36626       127.2010       1.814230    
   37.36148       127.3890       1.788329    
   42.35468       127.6146       1.768325    
   47.34677       127.8582       1.771322    
   52.33939       128.0931       1.785621    
   57.33461       128.2793       1.805354    
   62.33282       128.3861       1.840292    
   67.33237       128.3895       1.887230    
   72.33087       128.2923       1.950938    
   77.32610       128.1083       2.027094    
   82.31709       127.8499       2.099855    
   87.30524       127.5519       2.131391    
   92.29430       127.2662       2.098974    
   97.28818       127.0596       2.040224    
   102.2866       126.9681       1.984771    
   107.2863       126.9241       1.907758    
   112.2728       126.6731       1.799907    
   117.2255       126.0938       1.700487    
   122.1606       125.3975       1.660761    
   127.1186       124.8549       1.662082    
   132.1048       124.5499       1.669454    
   137.1018       124.4198       1.634267    
   142.1004       124.4603       1.580616    
   147.0855       124.7544       1.580195    
   152.0289       125.3806       1.644742    
   156.9416       126.1872       1.727758    
   161.8866       126.7919       1.855471    
   166.8759       127.0225       1.950593    
   171.8755       127.0280       1.990487    
   176.8751       126.9765       1.998121    
   181.8749       126.9510       1.987454    
   186.8749       126.9501       1.946282    
   191.8749       126.9505       1.898268    
   196.8749       126.9505       1.830524    
   201.8749       126.9505       1.749041    
   206.8749       126.9503       1.696333    
   211.8749       126.9525       1.703833    
   216.8748       126.9735       1.701291    
   221.8745       127.0270       1.739067    
   226.8739       127.0896       1.805830    
   231.8736       127.0923       1.857667    
   236.8703       126.9591       1.888312    
   241.8605       126.6934       1.925224    
   246.8531       126.4834       1.964896    
   251.8497       126.5322       1.984215    
   256.8403       126.7921       1.963161    
   261.8292       127.0797       1.918415    
   266.8226       127.2977       1.862919    
   271.8200       127.4297       1.798954    
   276.8195       127.4715       1.733152    
   281.8193       127.4456       1.701324    
   286.8188       127.3853       1.746658    
   291.8181       127.3092       1.834887    
   296.8170       127.2206       1.933064    
   301.8156       127.1160       2.010787    
   306.8141       127.0152       2.054977    
   311.8136       126.9790       2.081161    
   316.8123       126.9157       2.077005    
   321.7794       126.5017       2.034735    
   326.7076       125.7710       1.934103    
   331.6619       125.5238       1.876372    
   336.6017       126.1162       1.910368    
   341.4941       127.0106       1.929525    
   346.3997       127.8469       1.866911    
   351.3318       128.5549       1.773003    
   356.3008       128.9989       1.777090    
   361.2956       129.1804       1.810850    
   366.2939       129.2928       1.857291    
   371.2916       129.4245       1.930691    
   376.2886       129.5742       2.030431    
   381.2849       129.7417       2.066247    
   386.2799       129.9336       2.071886    
   391.2732       130.1582       2.086407    
   396.2645       130.4128       2.143571    
   401.2549       130.6809       2.231880    
   406.2462       130.9357       2.289362    
   411.2407       131.1362       2.306991    
   416.2387       131.2469       2.298526    
   421.2385       131.2800       2.270684    
   426.2385       131.2835       2.233146    
   431.2385       131.2979       2.187745    
   436.2343       131.4355       2.113220    
   441.2233       131.7207       2.004918    
   446.2118       132.0132       1.880150    
   451.2035       132.2618       1.783858    
   456.1937       132.5311       1.744977    
   461.1783       132.8684       1.769364    
   466.1624       133.2138       1.838111    
   471.1551       133.4189       1.926752    
   476.1545       133.4668       2.017381    
   481.8401       133.4690       2.121712    
   489.3643       133.4690       2.249965    
   507.4286       133.4690       2.467561    
  -33.77417       121.7413       2.083224    
  -15.70986       121.7413       1.889693    
  -8.185690       121.7413       1.815077    
  -2.500000       121.7413       1.784927    
   2.481762       121.9919       1.782718    
   7.434425       122.5584       1.824525    
   12.38829       123.1165       1.897236    
   17.37068       123.4034       1.984685    
   22.36992       123.4730       2.040272    
   27.36889       123.5524       2.049547    
   32.36626       123.6848       2.036560    
   37.36148       123.8650       2.013582    
   42.35468       124.0813       1.992346    
   47.34677       124.3148       1.985709    
   52.33939       124.5400       1.994922    
   57.33461       124.7186       2.019029    
   62.33282       124.8209       2.058373    
   67.33237       124.8242       2.111168    
   72.33087       124.7309       2.176838    
   77.32610       124.5546       2.245723    
   82.31709       124.3068       2.303552    
   87.30524       124.0211       2.329091    
   92.29430       123.7473       2.311609    
   97.28818       123.5492       2.265149    
   102.2866       123.4615       2.201388    
   107.2863       123.4193       2.111460    
   112.2728       123.1786       1.996407    
   117.2255       122.6232       1.884983    
   122.1606       121.9557       1.810612    
   127.1186       121.4355       1.772451    
   132.1048       121.1431       1.752669    
   137.1018       121.0183       1.724642    
   142.1004       121.0573       1.703979    
   147.0855       121.3392       1.733660    
   152.0289       121.9395       1.825754    
   156.9416       122.7128       1.950979    
   161.8866       123.2925       2.097761    
   166.8759       123.5135       2.216631    
   171.8755       123.5189       2.283706    
   176.8751       123.4696       2.309261    
   181.8749       123.4451       2.305226    
   186.8749       123.4443       2.272645    
   191.8749       123.4446       2.222396    
   196.8749       123.4446       2.153890    
   201.8749       123.4446       2.077737    
   206.8749       123.4444       2.022761    
   211.8749       123.4465       2.007119    
   216.8748       123.4666       2.008666    
   221.8745       123.5179       2.039846    
   226.8739       123.5779       2.090809    
   231.8736       123.5806       2.138059    
   236.8703       123.4528       2.172751    
   241.8605       123.1981       2.203864    
   246.8531       122.9968       2.229585    
   251.8497       123.0435       2.238497    
   256.8403       123.2927       2.220416    
   261.8292       123.5684       2.182001    
   266.8226       123.7774       2.130836    
   271.8200       123.9041       2.074786    
   276.8195       123.9441       2.031024    
   281.8193       123.9193       2.026000    
   286.8188       123.8614       2.073792    
   291.8181       123.7885       2.154760    
   296.8170       123.7036       2.245505    
   301.8156       123.6032       2.322188    
   306.8141       123.5066       2.368865    
   311.8136       123.4719       2.383938    
   316.8123       123.4112       2.362147    
   321.7794       123.0143       2.304342    
   326.7076       122.3138       2.220033    
   331.6619       122.0768       2.160439    
   336.6017       122.6448       2.147427    
   341.4941       123.5022       2.128898    
   346.3997       124.3040       2.070705    
   351.3318       124.9827       2.006424    
   356.3008       125.4084       1.996627    
   361.2956       125.5824       2.022375    
   366.2939       125.6901       2.070133    
   371.2916       125.8165       2.138535    
   376.2886       125.9600       2.215652    
   381.2849       126.1205       2.262000    
   386.2799       126.3045       2.288519    
   391.2732       126.5198       2.322528    
   396.2645       126.7639       2.383584    
   401.2549       127.0210       2.461523    
   406.2462       127.2653       2.520604    
   411.2407       127.4575       2.547624    
   416.2387       127.5636       2.545541    
   421.2385       127.5953       2.519605    
   426.2385       127.5986       2.475730    
   431.2385       127.6125       2.414442    
   436.2343       127.7445       2.328267    
   441.2233       128.0178       2.220714    
   446.2118       128.2982       2.107011    
   451.2035       128.5366       2.015057    
   456.1937       128.7948       1.965348    
   461.1783       129.1181       1.961940    
   466.1624       129.4493       1.998055    
   471.1551       129.6459       2.054011    
   476.1545       129.6918       2.119597    
   481.8401       129.6939       2.198978    
   489.3643       129.6939       2.301069    
   507.4286       129.6939       2.481907    
  -33.77417       118.0135       2.109607    
  -15.70986       118.0135       1.956778    
  -8.185690       118.0135       1.907233    
  -2.500000       118.0135       1.895483    
   2.481762       118.2522       1.910531    
   7.434425       118.7923       1.960951    
   12.38829       119.3243       2.036530    
   17.37068       119.5977       2.117819    
   22.36992       119.6640       2.178411    
   27.36889       119.7397       2.205374    
   32.36626       119.8660       2.207084    
   37.36148       120.0378       2.194477    
   42.35468       120.2439       2.179606    
   47.34677       120.4665       2.172871    
   52.33939       120.6811       2.179502    
   57.33461       120.8514       2.201548    
   62.33282       120.9489       2.238202    
   67.33237       120.9520       2.286895    
   72.33087       120.8632       2.343774    
   77.32610       120.6951       2.399591    
   82.31709       120.4589       2.442570    
   87.30524       120.1866       2.460242    
   92.29430       119.9255       2.445999    
   97.28818       119.7367       2.403393    
   102.2866       119.6531       2.336553    
   107.2863       119.6129       2.244381    
   112.2728       119.3835       2.132823    
   117.2255       118.8540       2.022652    
   122.1606       118.2177       1.937136    
   127.1186       117.7218       1.881859    
   132.1048       117.4431       1.850213    
   137.1018       117.3242       1.832429    
   142.1004       117.3613       1.839374    
   147.0855       117.6301       1.892604    
   152.0289       118.2023       1.999773    
   156.9416       118.9394       2.141052    
   161.8866       119.4921       2.295936    
   166.8759       119.7027       2.428577    
   171.8755       119.7078       2.516376    
   176.8751       119.6608       2.560266    
   181.8749       119.6375       2.568363    
   186.8749       119.6367       2.546035    
   191.8749       119.6370       2.501227    
   196.8749       119.6370       2.439485    
   201.8749       119.6370       2.372684    
   206.8749       119.6368       2.320116    
   211.8749       119.6388       2.293801    
   216.8748       119.6580       2.289257    
   221.8745       119.7069       2.307567    
   226.8739       119.7641       2.341123    
   231.8736       119.7666       2.376414    
   236.8703       119.6448       2.405552    
   241.8605       119.4020       2.428987    
   246.8531       119.2101       2.444887    
   251.8497       119.2547       2.447294    
   256.8403       119.4922       2.432048    
   261.8292       119.7551       2.402321    
   266.8226       119.9542       2.364261    
   271.8200       120.0750       2.327089    
   276.8195       120.1131       2.305432    
   281.8193       120.0895       2.314995    
   286.8188       120.0343       2.360448    
   291.8181       119.9648       2.430261    
   296.8170       119.8839       2.507290    
   301.8156       119.7882       2.573081    
   306.8141       119.6961       2.612751    
   311.8136       119.6630       2.619593    
   316.8123       119.6051       2.590665    
   321.7794       119.2268       2.530545    
   326.7076       118.5591       2.454601    
   331.6619       118.3332       2.390700    
   336.6017       118.8746       2.349168    
   341.4941       119.6919       2.307753    
   346.3997       120.4562       2.252562    
   351.3318       121.1031       2.202806    
   356.3008       121.5089       2.186837    
   361.2956       121.6748       2.202555    
   366.2939       121.7775       2.242323    
   371.2916       121.8979       2.300184    
   376.2886       122.0348       2.364706    
   381.2849       122.1877       2.417827    
   386.2799       122.3631       2.461957    
   391.2732       122.5684       2.510827    
   396.2645       122.8010       2.573506    
   401.2549       123.0461       2.642830    
   406.2462       123.2790       2.698353    
   411.2407       123.4621       2.728042    
   416.2387       123.5633       2.730088    
   421.2385       123.5935       2.706903    
   426.2385       123.5967       2.661876    
   431.2385       123.6100       2.595936    
   436.2343       123.7357       2.509050    
   441.2233       123.9963       2.408259    
   446.2118       124.2636       2.306052    
   451.2035       124.4909       2.219944    
   456.1937       124.7369       2.165527    
   461.1783       125.0452       2.144830    
   466.1624       125.3608       2.154819    
   471.1551       125.5482       2.184101    
   476.1545       125.5920       2.226505    
   481.8401       125.5940       2.282732    
   489.3643       125.5940       2.359118    
   507.4286       125.5940       2.500336    
  -33.77417       113.9358       2.141397    
  -15.70986       113.9358       2.028382    
  -8.185690       113.9358       2.000611    
  -2.500000       113.9358       2.003075    
   2.481762       114.1617       2.027274    
   7.434425       114.6728       2.077358    
   12.38829       115.1762       2.147551    
   17.37068       115.4350       2.221385    
   22.36992       115.4978       2.281625    
   27.36889       115.5694       2.317847    
   32.36626       115.6889       2.332036    
   37.36148       115.8514       2.331809    
   42.35468       116.0465       2.326573    
   47.34677       116.2571       2.324431    
   52.33939       116.4603       2.331077    
   57.33461       116.6214       2.349545    
   62.33282       116.7137       2.379589    
   67.33237       116.7167       2.418609    
   72.33087       116.6326       2.461942    
   77.32610       116.4735       2.502056    
   82.31709       116.2499       2.529910    
   87.30524       115.9922       2.537559    
   92.29430       115.7452       2.520205    
   97.28818       115.5665       2.477656    
   102.2866       115.4874       2.411773    
   107.2863       115.4493       2.325101    
   112.2728       115.2323       2.224914    
   117.2255       114.7313       2.125497    
   122.1606       114.1291       2.043220    
   127.1186       113.6599       1.986225    
   132.1048       113.3961       1.955103    
   137.1018       113.2836       1.949433    
   142.1004       113.3186       1.976458    
   147.0855       113.5730       2.045547    
   152.0289       114.1145       2.158725    
   156.9416       114.8120       2.302125    
   161.8866       115.3350       2.456320    
   166.8759       115.5344       2.594206    
   171.8755       115.5392       2.695558    
   176.8751       115.4947       2.755518    
   181.8749       115.4726       2.777852    
   186.8749       115.4719       2.768197    
   191.8749       115.4722       2.734108    
   196.8749       115.4722       2.683535    
   201.8749       115.4722       2.627668    
   206.8749       115.4720       2.580060    
   211.8749       115.4739       2.549650    
   216.8748       115.4921       2.537682    
   221.8745       115.5383       2.543355    
   226.8739       115.5924       2.561373    
   231.8736       115.5948       2.583401    
   236.8703       115.4796       2.603268    
   241.8605       115.2498       2.618576    
   246.8531       115.0682       2.627303    
   251.8497       115.1104       2.626205    
   256.8403       115.3352       2.614183    
   261.8292       115.5839       2.593606    
   266.8226       115.7724       2.569656    
   271.8200       115.8866       2.550105    
   276.8195       115.9228       2.544687    
   281.8193       115.9004       2.561753    
   286.8188       115.8482       2.602583    
   291.8181       115.7824       2.659650    
   296.8170       115.7058       2.720487    
   301.8156       115.6153       2.771249    
   306.8141       115.5281       2.799794    
   311.8136       115.4968       2.799225    
   316.8123       115.4420       2.767603    
   321.7794       115.0840       2.709938    
   326.7076       114.4521       2.639614    
   331.6619       114.2384       2.573088    
   336.6017       114.7507       2.516948    
   341.4941       115.5241       2.464246    
   346.3997       116.2474       2.411287    
   351.3318       116.8596       2.368761    
   356.3008       117.2437       2.350135    
   361.2956       117.4006       2.357495    
   366.2939       117.4977       2.387371    
   371.2916       117.6117       2.434319    
   376.2886       117.7412       2.489966    
   381.2849       117.8860       2.545045    
   386.2799       118.0519       2.598742    
   391.2732       118.2462       2.655664    
   396.2645       118.4663       2.717843    
   401.2549       118.6983       2.779891    
   406.2462       118.9186       2.829903    
   411.2407       119.0920       2.858698    
   416.2387       119.1877       2.862994    
   421.2385       119.2163       2.843128    
   426.2385       119.2194       2.800887    
   431.2385       119.2319       2.737720    
   436.2343       119.3509       2.657043    
   441.2233       119.5975       2.566522    
   446.2118       119.8504       2.476291    
   451.2035       120.0655       2.397471    
   456.1937       120.2983       2.341142    
   461.1783       120.5900       2.310060    
   466.1624       120.8887       2.302108    
   471.1551       121.0661       2.312120    
   476.1545       121.1075       2.335277    
   481.8401       121.1095       2.370502    
   489.3643       121.1095       2.421749    
   507.4286       121.1095       2.522616    
  -33.77417       109.4377       2.177319    
  -15.70986       109.4377       2.102427    
  -8.185690       109.4377       2.092431    
  -2.500000       109.4377       2.105809    
   2.481762       109.6495       2.134685    
   7.434425       110.1285       2.181213    
   12.38829       110.6005       2.241788    
   17.37068       110.8431       2.305414    
   22.36992       110.9020       2.360493    
   27.36889       110.9691       2.399505    
   32.36626       111.0811       2.422034    
   37.36148       111.2335       2.432287    
   42.35468       111.4164       2.436265    
   47.34677       111.6138       2.439811    
   52.33939       111.8043       2.447661    
   57.33461       111.9553       2.462631    
   62.33282       112.0418       2.484964    
   67.33237       112.0446       2.512602    
   72.33087       111.9657       2.541501    
   77.32610       111.8166       2.565998    
   82.31709       111.6071       2.579576    
   87.30524       111.3655       2.576842    
   92.29430       111.1339       2.554385    
   97.28818       110.9664       2.511415    
   102.2866       110.8923       2.449486    
   107.2863       110.8566       2.372499    
   112.2728       110.6531       2.287439    
   117.2255       110.1834       2.204080    
   122.1606       109.6189       2.133678    
   127.1186       109.1790       2.084749    
   132.1048       108.9318       2.062034    
   137.1018       108.8263       2.068837    
   142.1004       108.8592       2.109468    
   147.0855       109.0976       2.187191    
   152.0289       109.6052       2.300408    
   156.9416       110.2591       2.438430    
   161.8866       110.7494       2.585430    
   166.8759       110.9363       2.721182    
   171.8755       110.9408       2.828731    
   176.8751       110.8991       2.900526    
   181.8749       110.8784       2.936579    
   186.8749       110.8776       2.941040    
   191.8749       110.8779       2.920746    
   196.8749       110.8779       2.883801    
   201.8749       110.8779       2.839912    
   206.8749       110.8778       2.799240    
   211.8749       110.8796       2.769010    
   216.8748       110.8966       2.752075    
   221.8745       110.9400       2.748258    
   226.8739       110.9907       2.754318    
   231.8736       110.9929       2.764984    
   236.8703       110.8849       2.775757    
   241.8605       110.6695       2.783816    
   246.8531       110.4993       2.787248    
   251.8497       110.5388       2.784484    
   256.8403       110.7495       2.775690    
   261.8292       110.9827       2.762893    
   266.8226       111.1594       2.750114    
   271.8200       111.2665       2.742939    
   276.8195       111.3003       2.747178    
   281.8193       111.2794       2.766717    
   286.8188       111.2305       2.801124    
   291.8181       111.1687       2.844937    
   296.8170       111.0969       2.889259    
   301.8156       111.0121       2.924127    
   306.8141       110.9304       2.940505    
   311.8136       110.9010       2.932856    
   316.8123       110.8497       2.900120    
   321.7794       110.5141       2.846494    
   326.7076       109.9218       2.781575    
   331.6619       109.7214       2.715858    
   336.6017       110.2016       2.654898    
   341.4941       110.9267       2.598897    
   346.3997       111.6047       2.548641    
   351.3318       112.1786       2.510346    
   356.3008       112.5386       2.490641    
   361.2956       112.6857       2.491877    
   366.2939       112.7768       2.512929    
   371.2916       112.8837       2.550152    
   376.2886       113.0050       2.597898    
   381.2849       113.1407       2.650518    
   386.2799       113.2963       2.705841    
   391.2732       113.4784       2.763673    
   396.2645       113.6848       2.822379    
   401.2549       113.9022       2.877383    
   406.2462       114.1088       2.921405    
   411.2407       114.2713       2.947916    
   416.2387       114.3611       2.953394    
   421.2385       114.3878       2.937049    
   426.2385       114.3907       2.899828    
   431.2385       114.4025       2.843860    
   436.2343       114.5140       2.773417    
   441.2233       114.7451       2.695289    
   446.2118       114.9823       2.617450    
   451.2035       115.1839       2.547541    
   456.1937       115.4022       2.492745    
   461.1783       115.6756       2.456098    
   466.1624       115.9556       2.437030    
   471.1551       116.1219       2.432942    
   476.1545       116.1607       2.440425    
   481.8401       116.1625       2.457220    
   489.3643       116.1625       2.485476    
   507.4286       116.1625       2.548319    
  -33.77417       104.4251       2.217163    
  -15.70986       104.4251       2.176482    
  -8.185690       104.4251       2.179985    
  -2.500000       104.4251       2.199936    
   2.481762       104.6212       2.230402    
   7.434425       105.0646       2.272717    
   12.38829       105.5015       2.323583    
   17.37068       105.7260       2.376328    
   22.36992       105.7805       2.423900    
   27.36889       105.8427       2.461378    
   32.36626       105.9463       2.487592    
   37.36148       106.0873       2.504323    
   42.35468       106.2567       2.514882    
   47.34677       106.4394       2.523023    
   52.33939       106.6157       2.532010    
   57.33461       106.7555       2.543897    
   62.33282       106.8356       2.559042    
   67.33237       106.8381       2.576058    
   72.33087       106.7651       2.592032    
   77.32610       106.6271       2.602995    
   82.31709       106.4332       2.604546    
   87.30524       106.2096       2.593043    
   92.29430       105.9952       2.566379    
   97.28818       105.8402       2.524300    
   102.2866       105.7715       2.468478    
   107.2863       105.7385       2.402868    
   112.2728       105.5501       2.333576    
   117.2255       105.1154       2.267765    
   122.1606       104.5929       2.213215    
   127.1186       104.1857       2.177335    
   132.1048       103.9569       2.166263    
   137.1018       103.8593       2.184181    
   142.1004       103.8897       2.233539    
   147.0855       104.1104       2.314611    
   152.0289       104.5803       2.423880    
   156.9416       105.1855       2.552367    
   161.8866       105.6393       2.687969    
   166.8759       105.8122       2.816073    
   171.8755       105.8165       2.923324    
   176.8751       105.7778       3.001750    
   181.8749       105.7587       3.049039    
   186.8749       105.7580       3.067381    
   191.8749       105.7582       3.062060    
   196.8749       105.7583       3.040044    
   201.8749       105.7583       3.009265    
   206.8749       105.7581       2.977576    
   211.8749       105.7598       2.951011    
   216.8748       105.7755       2.932760    
   221.8745       105.8157       2.923457    
   226.8739       105.8626       2.921475    
   231.8736       105.8647       2.923742    
   236.8703       105.7647       2.927249    
   241.8605       105.5654       2.929620    
   246.8531       105.4078       2.929362    
   251.8497       105.4444       2.925881    
   256.8403       105.6394       2.919744    
   261.8292       105.8553       2.912591    
   266.8226       106.0188       2.907217    
   271.8200       106.1179       2.907115    
   276.8195       106.1492       2.915360    
   281.8193       106.1298       2.933306    
   286.8188       106.0846       2.959622    
   291.8181       106.0275       2.990171    
   296.8170       105.9610       3.018809    
   301.8156       105.8824       3.038744    
   306.8141       105.8068       3.043735    
   311.8136       105.7796       3.029826    
   316.8123       105.7321       2.996594    
   321.7794       105.4215       2.947320    
   326.7076       104.8732       2.888356    
   331.6619       104.6877       2.826667    
   336.6017       105.1322       2.767346    
   341.4941       105.8034       2.713385    
   346.3997       106.4309       2.666932    
   351.3318       106.9622       2.631777    
   356.3008       107.2954       2.611598    
   361.2956       107.4315       2.608444    
   366.2939       107.5159       2.622317    
   371.2916       107.6148       2.651020    
   376.2886       107.7271       2.690794    
   381.2849       107.8528       2.737649    
   386.2799       107.9968       2.788769    
   391.2732       108.1653       2.841928    
   396.2645       108.3564       2.894262    
   401.2549       108.5576       2.941784    
   406.2462       108.7488       2.979560    
   411.2407       108.8992       3.002862    
   416.2387       108.9823       3.008503    
   421.2385       109.0071       2.995342    
   426.2385       109.0098       2.964126    
   431.2385       109.0207       2.917347    
   436.2343       109.1239       2.859050    
   441.2233       109.3378       2.794536    
   446.2118       109.5574       2.729655    
   451.2035       109.7439       2.669731    
   456.1937       109.9460       2.619397    
   461.1783       110.1991       2.581224    
   466.1624       110.4583       2.555712    
   471.1551       110.6122       2.541638    
   476.1545       110.6481       2.536862    
   481.8401       110.6497       2.538682    
   489.3643       110.6497       2.548080    
   507.4286       110.6497       2.577430    
  -33.77417       98.76926       2.260816    
  -15.70986       98.76926       2.247235    
  -8.185690       98.76926       2.259337    
  -2.500000       98.76926       2.281976    
   2.481762       98.94752       2.311267    
   7.434425       99.35075       2.348762    
   12.38829       99.74802       2.391484    
   17.37068       99.95215       2.435067    
   22.36992       100.0017       2.475409    
   27.36889       100.0582       2.509445    
   32.36626       100.1525       2.535986    
   37.36148       100.2807       2.555553    
   42.35468       100.4347       2.569736    
   47.34677       100.6009       2.580567    
   52.33939       100.7612       2.589910    
   57.33461       100.8883       2.599010    
   62.33282       100.9611       2.608145    
   67.33237       100.9634       2.616485    
   72.33087       100.8971       2.622201    
   77.32610       100.7716       2.622777    
   82.31709       100.5952       2.615489    
   87.30524       100.3919       2.598124    
   92.29430       100.1970       2.569638    
   97.28818       100.0560       2.530408    
   102.2866       99.99355       2.482236    
   107.2863       99.96349       2.428574    
   112.2728       99.79222       2.374477    
   117.2255       99.39693       2.325575    
   122.1606       98.92178       2.287509    
   127.1186       98.55151       2.266000    
   132.1048       98.34343       2.266572    
   137.1018       98.25465       2.293062    
   142.1004       98.28233       2.346955    
   147.0855       98.48299       2.427184    
   152.0289       98.91029       2.529337    
   156.9416       99.46066       2.645864    
   161.8866       99.87329       2.767870    
   166.8759       100.0306       2.885048    
   171.8755       100.0344       2.987236    
   176.8751       99.99930       3.067393    
   181.8749       99.98188       3.122408    
   186.8749       99.98126       3.152786    
   191.8749       99.98149       3.161852    
   196.8749       99.98150       3.154803    
   201.8749       99.98149       3.137734    
   206.8749       99.98139       3.116647    
   211.8749       99.98287       3.096460    
   216.8748       99.99718       3.080280    
   221.8745       100.0337       3.069321    
   226.8739       100.0764       3.063129    
   231.8736       100.0783       3.060203    
   236.8703       99.98734       3.058764    
   241.8605       99.80609       3.057234    
   246.8531       99.66279       3.054669    
   251.8497       99.69608       3.050881    
   256.8403       99.87341       3.046463    
   261.8292       100.0697       3.042651    
   266.8226       100.2184       3.041162    
   271.8200       100.3085       3.043801    
   276.8195       100.3370       3.051844    
   281.8193       100.3194       3.065360    
   286.8188       100.2782       3.082807    
   291.8181       100.2263       3.101067    
   296.8170       100.1659       3.115930    
   301.8156       100.0944       3.122923    
   306.8141       100.0256       3.118127    
   311.8136       100.0009       3.099149    
   316.8123       99.95772       3.065921    
   321.7794       99.67523       3.020864    
   326.7076       99.17667       2.968231    
   331.6619       99.00801       2.912739    
   336.6017       99.41222       2.858830    
   341.4941       100.0225       2.809857    
   346.3997       100.5932       2.767836    
   351.3318       101.0763       2.735363    
   356.3008       101.3793       2.714974    
   361.2956       101.5031       2.708464    
   366.2939       101.5798       2.716257    
   371.2916       101.6697       2.737032    
   376.2886       101.7719       2.768217    
   381.2849       101.8861       2.806775    
   386.2799       102.0170       2.849830    
   391.2732       102.1703       2.894639    
   396.2645       102.3440       2.938248    
   401.2549       102.5270       2.977268    
   406.2462       102.7009       3.008020    
   411.2407       102.8377       3.027059    
   416.2387       102.9132       3.031997    
   421.2385       102.9358       3.021970    
   426.2385       102.9382       2.997655    
   431.2385       102.9481       2.961163    
   436.2343       103.0419       2.915743    
   441.2233       103.2365       2.865232    
   446.2118       103.4361       2.813579    
   451.2035       103.6058       2.764326    
   456.1937       103.7895       2.720508    
   461.1783       104.0197       2.684202    
   466.1624       104.2553       2.656275    
   471.1551       104.3953       2.636333    
   476.1545       104.4279       2.623049    
   481.8401       104.4295       2.613935    
   489.3643       104.4295       2.608846    
   507.4286       104.4295       2.608627    
  -33.77417       92.28692       2.306095    
  -15.70986       92.28692       2.312946    
  -8.185690       92.28692       2.329286    
  -2.500000       92.28692       2.351758    
   2.481762       92.44483       2.378251    
   7.434425       92.80198       2.410033    
   12.38829       93.15384       2.445299    
   17.37068       93.33465       2.481350    
   22.36992       93.37855       2.515520    
   27.36889       93.42858       2.545776    
   32.36626       93.51208       2.571071    
   37.36148       93.62569       2.591259    
   42.35468       93.76205       2.606838    
   47.34677       93.90923       2.618638    
   52.33939       94.05121       2.627524    
   57.33461       94.16380       2.634122    
   62.33282       94.22831       2.638593    
   67.33237       94.23037       2.640517    
   72.33087       94.17159       2.638936    
   77.32610       94.06042       2.632521    
   82.31709       93.90422       2.619867    
   87.30524       93.72411       2.599909    
   92.29430       93.55146       2.572383    
   97.28818       93.42661       2.538073    
   102.2866       93.37131       2.498806    
   107.2863       93.34469       2.457478    
   112.2728       93.19299       2.418054    
   117.2255       92.84286       2.384907    
   122.1606       92.42202       2.362262    
   127.1186       92.09407       2.354296    
   132.1048       91.90976       2.365055    
   137.1018       91.83113       2.397328    
   142.1004       91.85565       2.451934    
   147.0855       92.03337       2.527388    
   152.0289       92.41184       2.619424    
   156.9416       92.89931       2.721994    
   161.8866       93.26480       2.828763    
   166.8759       93.40413       2.932553    
   171.8755       93.40750       3.025915    
   176.8751       93.37640       3.103376    
   181.8749       93.36098       3.161959    
   186.8749       93.36044       3.201098    
   191.8749       93.36063       3.222402    
   196.8749       93.36064       3.229176    
   201.8749       93.36063       3.225633    
   206.8749       93.36054       3.216078    
   211.8749       93.36186       3.204257    
   216.8748       93.37454       3.192886    
   221.8745       93.40688       3.183458    
   226.8739       93.44470       3.176332    
   231.8736       93.44635       3.171088    
   236.8703       93.36582       3.166960    
   241.8605       93.20527       3.163215    
   246.8531       93.07835       3.159441    
   251.8497       93.10783       3.155649    
   256.8403       93.26490       3.152274    
   261.8292       93.43874       3.150047    
   266.8226       93.57047       3.149784    
   271.8200       93.65030       3.152158    
   276.8195       93.67554       3.157411    
   281.8193       93.65989       3.165063    
   286.8188       93.62345       3.173723    
   291.8181       93.57744       3.181143    
   296.8170       93.52392       3.184551    
   301.8156       93.46066       3.181182    
   306.8141       93.39973       3.168830    
   311.8136       93.37785       3.146325    
   316.8123       93.33959       3.113885    
   321.7794       93.08938       3.073272    
   326.7076       92.64779       3.027303    
   331.6619       92.49840       2.979050    
   336.6017       92.85643       2.932053    
   341.4941       93.39696       2.889133    
   346.3997       93.90244       2.851876    
   351.3318       94.33030       2.822245    
   356.3008       94.59869       2.802127    
   361.2956       94.70834       2.792963    
   366.2939       94.77627       2.795252    
   371.2916       94.85593       2.808220    
   376.2886       94.94642       2.830125    
   381.2849       95.04758       2.858702    
   386.2799       95.16358       2.891471    
   391.2732       95.29931       2.925881    
   396.2645       95.45317       2.959306    
   401.2549       95.61526       2.989043    
   406.2462       95.76926       3.012409    
   411.2407       95.89043       3.027040    
   416.2387       95.95733       3.031330    
   421.2385       95.97731       3.024740    
   426.2385       95.97943       3.007775    
   431.2385       95.98818       2.981839    
   436.2343       96.07135       2.949078    
   441.2233       96.24365       2.912011    
   446.2118       96.42047       2.873095    
   451.2035       96.57073       2.834565    
   456.1937       96.73344       2.798458    
   461.1783       96.93733       2.766448    
   466.1624       97.14609       2.739356    
   471.1551       97.27006       2.717033    
   476.1545       97.29897       2.699058    
   481.8401       97.30029       2.682936    
   489.3643       97.30029       2.666862    
   507.4286       97.30029       2.640920    
  -33.77417       84.70639       2.351907    
  -15.70986       84.70639       2.372155    
  -8.185690       84.70639       2.390640    
  -2.500000       84.70639       2.411120    
   2.481762       84.84047       2.434084    
   7.434425       85.14374       2.460611    
   12.38829       85.44250       2.489178    
   17.37068       85.59602       2.518636    
   22.36992       85.63330       2.547358    
   27.36889       85.67580       2.573749    
   32.36626       85.74669       2.596837    
   37.36148       85.84315       2.616124    
   42.35468       85.95895       2.631502    
   47.34677       86.08392       2.643121    
   52.33939       86.20448       2.651238    
   57.33461       86.30008       2.656062    
   62.33282       86.35486       2.657633    
   67.33237       86.35661       2.655790    
   72.33087       86.30669       2.650179    
   77.32610       86.21230       2.640325    
   82.31709       86.07966       2.625780    
   87.30524       85.92673       2.606348    
   92.29430       85.78013       2.582332    
   97.28818       85.67411       2.554715    
   102.2866       85.62716       2.525211    
   107.2863       85.60456       2.496189    
   112.2728       85.47575       2.470590    
   117.2255       85.17844       2.451532    
   122.1606       84.82110       2.442014    
   127.1186       84.54264       2.444965    
   132.1048       84.38613       2.463049    
   137.1018       84.31937       2.497913    
   142.1004       84.34019       2.549807    
   147.0855       84.49109       2.617242    
   152.0289       84.81246       2.696678    
   156.9416       85.22638       2.783545    
   161.8866       85.53673       2.873562    
   166.8759       85.65503       2.961961    
   171.8755       85.65790       3.043605    
   176.8751       85.63148       3.114588    
   181.8749       85.61840       3.172441    
   186.8749       85.61794       3.216161    
   191.8749       85.61810       3.246220    
   196.8749       85.61810       3.264319    
   201.8749       85.61810       3.272914    
   206.8749       85.61802       3.274713    
   211.8749       85.61914       3.272267    
   216.8748       85.62991       3.267664    
   221.8745       85.65736       3.262354    
   226.8739       85.68948       3.257138    
   231.8736       85.69088       3.252298    
   236.8703       85.62250       3.247819    
   241.8605       85.48617       3.243619    
   246.8531       85.37840       3.239707    
   251.8497       85.40344       3.236216    
   256.8403       85.53680       3.233385    
   261.8292       85.68442       3.231476    
   266.8226       85.79627       3.230683    
   271.8200       85.86406       3.231034    
   276.8195       85.88549       3.232277    
   281.8193       85.87220       3.233782    
   286.8188       85.84126       3.234483    
   291.8181       85.80219       3.232928    
   296.8170       85.75674       3.227490    
   301.8156       85.70303       3.216666    
   306.8141       85.65130       3.199379    
   311.8136       85.63272       3.175217    
   316.8123       85.60023       3.144562    
   321.7794       85.38776       3.108689    
   326.7076       85.01280       3.069361    
   331.6619       84.88596       3.028407    
   336.6017       85.18996       2.988509    
   341.4941       85.64894       2.951885    
   346.3997       86.07815       2.919698    
   351.3318       86.44146       2.893362    
   356.3008       86.66934       2.874172    
   361.2956       86.76245       2.863130    
   366.2939       86.82014       2.860663    
   371.2916       86.88777       2.866384    
   376.2886       86.96461       2.879222    
   381.2849       87.05051       2.897630    
   386.2799       87.14902       2.919744    
   391.2732       87.26426       2.943516    
   396.2645       87.39491       2.966862    
   401.2549       87.53254       2.987779    
   406.2462       87.66331       3.004436    
   411.2407       87.76619       3.015288    
   416.2387       87.82300       3.019252    
   421.2385       87.83997       3.015888    
   426.2385       87.84176       3.005423    
   431.2385       87.84920       2.988649    
   436.2343       87.91981       2.966797    
   441.2233       88.06612       2.941330    
   446.2118       88.21626       2.913644    
   451.2035       88.34385       2.885096    
   456.1937       88.48203       2.857115    
   461.1783       88.65514       2.830860    
   466.1624       88.83239       2.806811    
   471.1551       88.93765       2.785127    
   476.1545       88.96221       2.765695    
   481.8401       88.96335       2.745587    
   489.3643       88.96335       2.722115    
   507.4286       88.96335       2.671499    
  -33.77417       75.60016       2.396108    
  -15.70986       75.60016       2.424455    
  -8.185690       75.60016       2.443338    
  -2.500000       75.60016       2.462340    
   2.481762       75.70561       2.481996    
   7.434425       75.94414       2.504354    
   12.38829       76.17914       2.527973    
   17.37068       76.29989       2.551877    
   22.36992       76.32921       2.575665    
   27.36889       76.36263       2.598307    
   32.36626       76.41840       2.618757    
   37.36148       76.49427       2.636373    
   42.35468       76.58534       2.650824    
   47.34677       76.68364       2.661967    
   52.33939       76.77846       2.669744    
   57.33461       76.85366       2.674116    
   62.33282       76.89674       2.675023    
   67.33237       76.89812       2.672402    
   72.33087       76.85886       2.666216    
   77.32610       76.78461       2.656485    
   82.31709       76.68029       2.643338    
   87.30524       76.56001       2.627115    
   92.29430       76.44469       2.608461    
   97.28818       76.36131       2.588406    
   102.2866       76.32438       2.568416    
   107.2863       76.30660       2.550324    
   112.2728       76.20528       2.536206    
   117.2255       75.97144       2.528122    
   122.1606       75.69038       2.528018    
   127.1186       75.47135       2.537822    
   132.1048       75.34826       2.559194    
   137.1018       75.29574       2.592985    
   142.1004       75.31212       2.639093    
   147.0855       75.43081       2.696220    
   152.0289       75.68358       2.761661    
   156.9416       76.00915       2.832207    
   161.8866       76.25325       2.905230    
   166.8759       76.34630       2.977809    
   171.8755       76.34855       3.046566    
   176.8751       76.32778       3.108820    
   181.8749       76.31749       3.162674    
   186.8749       76.31712       3.207062    
   191.8749       76.31725       3.241812    
   196.8749       76.31725       3.267512    
   201.8749       76.31725       3.285310    
   206.8749       76.31718       3.296657    
   211.8749       76.31807       3.303073    
   216.8748       76.32654       3.305958    
   221.8745       76.34814       3.306473    
   226.8739       76.37340       3.305478    
   231.8736       76.37450       3.303541    
   236.8703       76.32071       3.301020    
   241.8605       76.21349       3.298173    
   246.8531       76.12872       3.295223    
   251.8497       76.14841       3.292360    
   256.8403       76.25331       3.289708    
   261.8292       76.36942       3.287293    
   266.8226       76.45739       3.285032    
   271.8200       76.51070       3.282718    
   276.8195       76.52757       3.279982    
   281.8193       76.51711       3.276281    
   286.8188       76.49277       3.270909    
   291.8181       76.46204       3.263046    
   296.8170       76.42630       3.251862    
   301.8156       76.38405       3.236658    
   306.8141       76.34336       3.217010    
   311.8136       76.32875       3.192883    
   316.8123       76.30320       3.164681    
   321.7794       76.13609       3.133318    
   326.7076       75.84116       3.099873    
   331.6619       75.74139       3.065367    
   336.6017       75.98050       3.031798    
   341.4941       76.34151       3.000843    
   346.3997       76.67910       2.973275    
   351.3318       76.96486       2.950044    
   356.3008       77.14410       2.931978    
   361.2956       77.21733       2.919728    
   366.2939       77.26270       2.913610    
   371.2916       77.31591       2.913458    
   376.2886       77.37634       2.918664    
   381.2849       77.44391       2.928250    
   386.2799       77.52139       2.940959    
   391.2732       77.61202       2.955366    
   396.2645       77.71479       2.970006    
   401.2549       77.82304       2.983490    
   406.2462       77.92590       2.994581    
   411.2407       78.00681       3.002244    
   416.2387       78.05150       3.005719    
   421.2385       78.06484       3.004608    
   426.2385       78.06626       2.998905    
   431.2385       78.07211       2.988957    
   436.2343       78.12765       2.975367    
   441.2233       78.24273       2.958874    
   446.2118       78.36082       2.940226    
   451.2035       78.46117       2.920279    
   456.1937       78.56985       2.899905    
   461.1783       78.70601       2.879731    
   466.1624       78.84543       2.860293    
   471.1551       78.92822       2.841749    
   476.1545       78.94754       2.823710    
   481.8401       78.94843       2.803756    
   489.3643       78.94843       2.776541    
   507.4286       78.94843       2.694329    
  -33.77417       56.32260       2.462148    
  -15.70986       56.32260       2.497507    
  -8.185690       56.32260       2.517010    
  -2.500000       56.32260       2.534314    
   2.481762       56.36747       2.551271    
   7.434425       56.46896       2.568901    
   12.38829       56.56895       2.587717    
   17.37068       56.62033       2.606501    
   22.36992       56.63280       2.624769    
   27.36889       56.64702       2.642833    
   32.36626       56.67075       2.660025    
   37.36148       56.70303       2.675449    
   42.35468       56.74178       2.688682    
   47.34677       56.78361       2.699539    
   52.33939       56.82395       2.707884    
   57.33461       56.85595       2.713610    
   62.33282       56.87428       2.716658    
   67.33237       56.87487       2.717045    
   72.33087       56.85816       2.714898    
   77.32610       56.82657       2.710463    
   82.31709       56.78218       2.704117    
   87.30524       56.73100       2.696375    
   92.29430       56.68194       2.687901    
   97.28818       56.64646       2.679515    
   102.2866       56.63075       2.672178    
   107.2863       56.62318       2.666917    
   112.2728       56.58007       2.664758    
   117.2255       56.48058       2.666644    
   122.1606       56.36099       2.673470    
   127.1186       56.26780       2.686184    
   132.1048       56.21542       2.705528    
   137.1018       56.19307       2.731762    
   142.1004       56.20005       2.764698    
   147.0855       56.25055       2.803588    
   152.0289       56.35809       2.847004    
   156.9416       56.49662       2.893454    
   161.8866       56.60048       2.942064    
   166.8759       56.64007       2.991749    
   171.8755       56.64103       3.040924    
   176.8751       56.63219       3.088226    
   181.8749       56.62782       3.132511    
   186.8749       56.62766       3.172870    
   191.8749       56.62771       3.208723    
   196.8749       56.62772       3.239794    
   201.8749       56.62771       3.266090    
   206.8749       56.62769       3.287845    
   211.8749       56.62806       3.305441    
   216.8748       56.63167       3.319333    
   221.8745       56.64086       3.329997    
   226.8739       56.65160       3.337897    
   231.8736       56.65207       3.343456    
   236.8703       56.62919       3.347042    
   241.8605       56.58356       3.348972    
   246.8531       56.54750       3.349489    
   251.8497       56.55588       3.348736    
   256.8403       56.60051       3.346786    
   261.8292       56.64991       3.343637    
   266.8226       56.68734       3.339207    
   271.8200       56.71003       3.333361    
   276.8195       56.71720       3.325929    
   281.8193       56.71275       3.316718    
   286.8188       56.70240       3.305535    
   291.8181       56.68932       3.292217    
   296.8170       56.67411       3.276650    
   301.8156       56.65614       3.258792    
   306.8141       56.63882       3.238703    
   311.8136       56.63261       3.216575    
   316.8123       56.62173       3.192746    
   321.7794       56.55063       3.167763    
   326.7076       56.42514       3.142061    
   331.6619       56.38269       3.115908    
   336.6017       56.48443       3.090510    
   341.4941       56.63803       3.066787    
   346.3997       56.78168       3.044969    
   351.3318       56.90327       3.025479    
   356.3008       56.97953       3.008693    
   361.2956       57.01069       2.994965    
   366.2939       57.02999       2.984542    
   371.2916       57.05263       2.977457    
   376.2886       57.07835       2.973540    
   381.2849       57.10709       2.972434    
   386.2799       57.14006       2.973634    
   391.2732       57.17862       2.976542    
   396.2645       57.22235       2.980519    
   401.2549       57.26841       2.984910    
   406.2462       57.31217       2.989085    
   411.2407       57.34660       2.992484    
   416.2387       57.36561       2.994663    
   421.2385       57.37129       2.995319    
   426.2385       57.37189       2.994290    
   431.2385       57.37438       2.991519    
   436.2343       57.39801       2.986996    
   441.2233       57.44698       2.980815    
   446.2118       57.49723       2.973265    
   451.2035       57.53992       2.964674    
   456.1937       57.58617       2.955218    
   461.1783       57.64410       2.945344    
   466.1624       57.70342       2.935490    
   471.1551       57.73865       2.925712    
   476.1545       57.74687       2.916763    
   481.8401       57.74725       2.907850    
   489.3643       57.74725       2.899745    
   507.4286       57.74725       2.824629    
