        1545
  -33.77417       136.6885       2.233216    
  -15.70986       136.6885       1.945587    
  -8.185690       136.6885       1.825472    
  -2.500000       136.6885       1.900918    
   2.481762       136.9860       1.898881    
   7.434425       137.6588       1.620455    
   12.38829       138.3216       1.605289    
   17.37068       138.6622       1.443074    
   22.36992       138.7449       1.643934    
   27.36889       138.8391       1.506579    
   32.36626       138.9964       1.511736    
   37.36148       139.2104       1.528769    
   42.35468       139.4673       1.678196    
   47.34677       139.7446       1.753849    
   52.33939       140.0120       1.754441    
   57.33461       140.2241       1.747797    
   62.33282       140.3456       1.532584    
   67.33237       140.3495       1.613194    
   72.33087       140.2388       1.544411    
   77.32610       140.0294       1.676477    
   82.31709       139.7351       1.604147    
   87.30524       139.3958       1.684891    
   92.29430       139.0706       1.699239    
   97.28818       138.8354       1.575731    
   102.2866       138.7312       1.645411    
   107.2863       138.6811       1.619923    
   112.2728       138.3953       1.608239    
   117.2255       137.7357       1.602216    
   122.1606       136.9430       1.577244    
   127.1186       136.3252       1.549589    
   132.1048       135.9780       1.475598    
   137.1018       135.8299       1.438862    
   142.1004       135.8761       1.385505    
   147.0855       136.2108       1.446350    
   152.0289       136.9238       1.628232    
   156.9416       137.8421       1.669175    
   161.8866       138.5306       1.704369    
   166.8759       138.7930       1.657483    
   171.8755       138.7994       1.558142    
   176.8751       138.7408       1.485366    
   181.8749       138.7118       1.494382    
   186.8749       138.7108       1.433160    
   191.8749       138.7111       1.467836    
   196.8749       138.7112       1.441128    
   201.8749       138.7111       1.525945    
   206.8749       138.7109       1.457797    
   211.8749       138.7134       1.514157    
   216.8748       138.7373       1.558019    
   221.8745       138.7983       1.406243    
   226.8739       138.8695       1.583707    
   231.8736       138.8726       1.342798    
   236.8703       138.7209       1.413146    
   241.8605       138.4185       1.360241    
   246.8531       138.1794       1.402346    
   251.8497       138.2349       1.442668    
   256.8403       138.5308       1.561885    
   261.8292       138.8582       1.581449    
   266.8226       139.1064       1.537305    
   271.8200       139.2568       1.641914    
   276.8195       139.3043       1.596301    
   281.8193       139.2749       1.638479    
   286.8188       139.2062       1.542533    
   291.8181       139.1195       1.486427    
   296.8170       139.0187       1.439258    
   301.8156       138.8996       1.422046    
   306.8141       138.7848       1.603214    
   311.8136       138.7435       1.586615    
   316.8123       138.6715       1.417608    
   321.7794       138.2001       1.358264    
   326.7076       137.3683       1.470670    
   331.6619       137.0869       1.597763    
   336.6017       137.7613       1.503211    
   341.4941       138.7795       1.466791    
   346.3997       139.7317       1.697079    
   351.3318       140.5377       1.521148    
   356.3008       141.0433       1.762410    
   361.2956       141.2499       1.538723    
   366.2939       141.3779       1.427358    
   371.2916       141.5279       1.321547    
   376.2886       141.6984       1.369725    
   381.2849       141.8889       1.344588    
   386.2799       142.1075       1.166566    
   391.2732       142.3631       1.242147    
   396.2645       142.6530       1.299337    
   401.2549       142.9583       1.131251    
   406.2462       143.2484      0.9461265    
   411.2407       143.4767      0.8934583    
   416.2387       143.6027      0.9291855    
   421.2385       143.6403      0.8319452    
   426.2385       143.6443      0.9074024    
   431.2385       143.6608      0.9119555    
   436.2343       143.8174       1.157282    
   441.2233       144.1421       1.109174    
   446.2118       144.4751      0.8726552    
   451.2035       144.7582      0.8198233    
   456.1937       145.0647      0.8913638    
   461.1783       145.4488       1.202002    
   466.1624       145.8420       1.385216    
   471.1551       146.0755       1.584664    
   476.1545       146.1300       1.654006    
   481.8401       146.1326       1.940049    
   489.3643       146.1326       2.218291    
   507.4286       146.1326       2.598635    
  -33.77417       134.0858       2.235697    
  -15.70986       134.0858       1.949576    
  -8.185690       134.0858       1.811332    
  -2.500000       134.0858       1.730925    
   2.481762       134.3752       1.617020    
   7.434425       135.0294       1.346864    
   12.38829       135.6740       1.281159    
   17.37068       136.0052       1.233234    
   22.36992       136.0857       1.303292    
   27.36889       136.1774       1.195975    
   32.36626       136.3303       1.226785    
   37.36148       136.5384       1.260285    
   42.35468       136.7882       1.308439    
   47.34677       137.0579       1.408862    
   52.33939       137.3180       1.397574    
   57.33461       137.5242       1.316398    
   62.33282       137.6424       1.239738    
   67.33237       137.6462       1.339978    
   72.33087       137.5385       1.190419    
   77.32610       137.3349       1.301811    
   82.31709       137.0487       1.368719    
   87.30524       136.7188       1.444520    
   92.29430       136.4025       1.314331    
   97.28818       136.1738       1.159768    
   102.2866       136.0724       1.246231    
   107.2863       136.0237       1.234717    
   112.2728       135.7457       1.177910    
   117.2255       135.1043       1.197200    
   122.1606       134.3334       1.351609    
   127.1186       133.7326       1.440232    
   132.1048       133.3949       1.477126    
   137.1018       133.2509       1.456865    
   142.1004       133.2958       1.393736    
   147.0855       133.6214       1.334124    
   152.0289       134.3147       1.360583    
   156.9416       135.2077       1.240988    
   161.8866       135.8773       1.315540    
   166.8759       136.1325       1.268876    
   171.8755       136.1387       1.161265    
   176.8751       136.0817       1.120190    
   181.8749       136.0535       1.103852    
   186.8749       136.0525       1.056969    
   191.8749       136.0529       1.045786    
   196.8749       136.0529       1.047153    
   201.8749       136.0529       1.086330    
   206.8749       136.0527       1.093511    
   211.8749       136.0551       1.181525    
   216.8748       136.0783       1.124054    
   221.8745       136.1376       1.027437    
   226.8739       136.2069       1.157945    
   231.8736       136.2099      0.9205803    
   236.8703       136.0623       1.027315    
   241.8605       135.7682       1.006845    
   246.8531       135.5358      0.9994386    
   251.8497       135.5898       1.058856    
   256.8403       135.8775       1.180437    
   261.8292       136.1960       1.143015    
   266.8226       136.4373       1.083024    
   271.8200       136.5835       1.231344    
   276.8195       136.6297       1.269353    
   281.8193       136.6011       1.176951    
   286.8188       136.5343       1.105814    
   291.8181       136.4500       1.113283    
   296.8170       136.3520       1.114328    
   301.8156       136.2361       1.075768    
   306.8141       136.1245       1.103449    
   311.8136       136.0844      0.9029199    
   316.8123       136.0143       1.374043    
   321.7794       135.5559       1.506389    
   326.7076       134.7469       1.385236    
   331.6619       134.4733       1.259758    
   336.6017       135.1292       1.289868    
   341.4941       136.1194       1.421648    
   346.3997       137.0454       1.446802    
   351.3318       137.8293       1.182689    
   356.3008       138.3209       1.376241    
   361.2956       138.5218       1.333305    
   366.2939       138.6463       1.221890    
   371.2916       138.7922       1.078109    
   376.2886       138.9579       1.240018    
   381.2849       139.1433       1.348416    
   386.2799       139.3558       1.300773    
   391.2732       139.6044       1.274336    
   396.2645       139.8863       1.217615    
   401.2549       140.1832       1.226953    
   406.2462       140.4654       1.136594    
   411.2407       140.6873       1.135197    
   416.2387       140.8099       1.185995    
   421.2385       140.8465       1.169078    
   426.2385       140.8504       1.187486    
   431.2385       140.8664       1.193260    
   436.2343       141.0188       1.294663    
   441.2233       141.3345       1.259602    
   446.2118       141.6584       1.103720    
   451.2035       141.9337       1.102408    
   456.1937       142.2318       1.222076    
   461.1783       142.6053       1.436791    
   466.1624       142.9877       1.546503    
   471.1551       143.2148       1.641795    
   476.1545       143.2677       1.727186    
   481.8401       143.2702       1.968319    
   489.3643       143.2702       2.230882    
   507.4286       143.2702       2.601284    
  -33.77417       131.3152       2.240486    
  -15.70986       131.3152       1.961157    
  -8.185690       131.3152       1.814455    
  -2.500000       131.3152       1.688552    
   2.481762       131.5958       1.547025    
   7.434425       132.2304       1.345775    
   12.38829       132.8556       1.277919    
   17.37068       133.1768       1.285438    
   22.36992       133.2549       1.327921    
   27.36889       133.3438       1.277721    
   32.36626       133.4921       1.297811    
   37.36148       133.6940       1.330473    
   42.35468       133.9363       1.362835    
   47.34677       134.1978       1.427500    
   52.33939       134.4500       1.417503    
   57.33461       134.6501       1.349757    
   62.33282       134.7647       1.334048    
   67.33237       134.7684       1.398781    
   72.33087       134.6640       1.318746    
   77.32610       134.4664       1.383311    
   82.31709       134.1889       1.478097    
   87.30524       133.8689       1.522530    
   92.29430       133.5621       1.404750    
   97.28818       133.3403       1.283354    
   102.2866       133.2420       1.309071    
   107.2863       133.1947       1.287315    
   112.2728       132.9252       1.211748    
   117.2255       132.3031       1.219211    
   122.1606       131.5553       1.352706    
   127.1186       130.9726       1.453984    
   132.1048       130.6451       1.506102    
   137.1018       130.5054       1.495482    
   142.1004       130.5490       1.440447    
   147.0855       130.8647       1.376496    
   152.0289       131.5372       1.346759    
   156.9416       132.4034       1.262804    
   161.8866       133.0527       1.315007    
   166.8759       133.3003       1.301179    
   171.8755       133.3063       1.238805    
   176.8751       133.2510       1.213673    
   181.8749       133.2236       1.189839    
   186.8749       133.2227       1.149690    
   191.8749       133.2231       1.129262    
   196.8749       133.2231       1.125608    
   201.8749       133.2231       1.134144    
   206.8749       133.2229       1.148554    
   211.8749       133.2252       1.190629    
   216.8748       133.2477       1.129890    
   221.8745       133.3052       1.091215    
   226.8739       133.3724       1.158671    
   231.8736       133.3753       1.054971    
   236.8703       133.2322       1.097522    
   241.8605       132.9470       1.108587    
   246.8531       132.7215       1.109007    
   251.8497       132.7738       1.194648    
   256.8403       133.0529       1.251904    
   261.8292       133.3618       1.211195    
   266.8226       133.5959       1.170299    
   271.8200       133.7377       1.256142    
   276.8195       133.7825       1.279039    
   281.8193       133.7548       1.174333    
   286.8188       133.6900       1.128270    
   291.8181       133.6082       1.175484    
   296.8170       133.5132       1.214017    
   301.8156       133.4008       1.188715    
   306.8141       133.2925       1.151546    
   311.8136       133.2536       1.101657    
   316.8123       133.1856       1.430018    
   321.7794       132.7410       1.526827    
   326.7076       131.9564       1.393180    
   331.6619       131.6910       1.280619    
   336.6017       132.3271       1.346791    
   341.4941       133.2876       1.462056    
   346.3997       134.1857       1.433213    
   351.3318       134.9460       1.267728    
   356.3008       135.4228       1.350262    
   361.2956       135.6176       1.364709    
   366.2939       135.7384       1.297653    
   371.2916       135.8799       1.249941    
   376.2886       136.0407       1.365588    
   381.2849       136.2204       1.431987    
   386.2799       136.4265       1.424880    
   391.2732       136.6677       1.419320    
   396.2645       136.9411       1.404580    
   401.2549       137.2291       1.425295    
   406.2462       137.5027       1.397769    
   411.2407       137.7180       1.408011    
   416.2387       137.8369       1.433542    
   421.2385       137.8724       1.423923    
   426.2385       137.8761       1.427160    
   431.2385       137.8917       1.437147    
   436.2343       138.0394       1.466108    
   441.2233       138.3456       1.421551    
   446.2118       138.6598       1.315639    
   451.2035       138.9268       1.302027    
   456.1937       139.2159       1.381390    
   461.1783       139.5782       1.518502    
   466.1624       139.9491       1.615771    
   471.1551       140.1694       1.709852    
   476.1545       140.2207       1.821244    
   481.8401       140.2231       2.020743    
   489.3643       140.2231       2.256401    
   507.4286       140.2231       2.606991    
  -33.77417       128.3538       2.247554    
  -15.70986       128.3538       1.981830    
  -8.185690       128.3538       1.840322    
  -2.500000       128.3538       1.714290    
   2.481762       128.6251       1.590603    
   7.434425       129.2386       1.459700    
   12.38829       129.8431       1.416238    
   17.37068       130.1537       1.442935    
   22.36992       130.2291       1.482178    
   27.36889       130.3151       1.475660    
   32.36626       130.4585       1.494876    
   37.36148       130.6536       1.523558    
   42.35468       130.8879       1.552199    
   47.34677       131.1408       1.589898    
   52.33939       131.3846       1.588817    
   57.33461       131.5780       1.558771    
   62.33282       131.6889       1.564005    
   67.33237       131.6924       1.602834    
   72.33087       131.5914       1.581061    
   77.32610       131.4005       1.623317    
   82.31709       131.1322       1.691754    
   87.30524       130.8228       1.716733    
   92.29430       130.5262       1.645205    
   97.28818       130.3116       1.564957    
   102.2866       130.2167       1.548429    
   107.2863       130.1709       1.509227    
   112.2728       129.9104       1.431537    
   117.2255       129.3089       1.406255    
   122.1606       128.5859       1.469576    
   127.1186       128.0226       1.535963    
   132.1048       127.7059       1.576063    
   137.1018       127.5708       1.571248    
   142.1004       127.6130       1.531345    
   147.0855       127.9183       1.489803    
   152.0289       128.5684       1.475926    
   156.9416       129.4059       1.460047    
   161.8866       130.0337       1.515521    
   166.8759       130.2731       1.537159    
   171.8755       130.2789       1.518134    
   176.8751       130.2254       1.501674    
   181.8749       130.1989       1.477185    
   186.8749       130.1980       1.443064    
   191.8749       130.1983       1.418796    
   196.8749       130.1983       1.404265    
   201.8749       130.1983       1.395434    
   206.8749       130.1982       1.396749    
   211.8749       130.2005       1.404712    
   216.8748       130.2222       1.366480    
   221.8745       130.2778       1.353086    
   226.8739       130.3428       1.384942    
   231.8736       130.3456       1.350588    
   236.8703       130.2072       1.363082    
   241.8605       129.9314       1.383112    
   246.8531       129.7134       1.406551    
   251.8497       129.7641       1.472603    
   256.8403       130.0339       1.496772    
   261.8292       130.3325       1.471208    
   266.8226       130.5588       1.451113    
   271.8200       130.6960       1.483594    
   276.8195       130.7393       1.480732    
   281.8193       130.7124       1.408891    
   286.8188       130.6498       1.384098    
   291.8181       130.5708       1.434259    
   296.8170       130.4788       1.484501    
   301.8156       130.3701       1.484644    
   306.8141       130.2655       1.461080    
   311.8136       130.2279       1.468506    
   316.8123       130.1622       1.621639    
   321.7794       129.7323       1.654773    
   326.7076       128.9738       1.557635    
   331.6619       128.7171       1.484972    
   336.6017       129.3322       1.524993    
   341.4941       130.2607       1.590535    
   346.3997       131.1291       1.563186    
   351.3318       131.8641       1.475098    
   356.3008       132.3251       1.495385    
   361.2956       132.5135       1.511682    
   366.2939       132.6302       1.487128    
   371.2916       132.7671       1.489615    
   376.2886       132.9225       1.564499    
   381.2849       133.0963       1.610047    
   386.2799       133.2955       1.624449    
   391.2732       133.5287       1.640644    
   396.2645       133.7930       1.654699    
   401.2549       134.0715       1.677963    
   406.2462       134.3360       1.677252    
   411.2407       134.5442       1.686012    
   416.2387       134.6591       1.692870    
   421.2385       134.6935       1.679309    
   426.2385       134.6971       1.671022    
   431.2385       134.7121       1.666631    
   436.2343       134.8550       1.655105    
   441.2233       135.1510       1.603456    
   446.2118       135.4547       1.525747    
   451.2035       135.7129       1.501927    
   456.1937       135.9924       1.542031    
   461.1783       136.3427       1.627813    
   466.1624       136.7012       1.714005    
   471.1551       136.9142       1.808861    
   476.1545       136.9639       1.923672    
   481.8401       136.9662       2.089684    
   489.3643       136.9662       2.294217    
   507.4286       136.9662       2.615873    
  -33.77417       125.1739       2.257168    
  -15.70986       125.1739       2.011969    
  -8.185690       125.1739       1.885233    
  -2.500000       125.1739       1.777207    
   2.481762       125.4352       1.681790    
   7.434425       126.0261       1.603482    
   12.38829       126.6083       1.582831    
   17.37068       126.9075       1.613344    
   22.36992       126.9801       1.652988    
   27.36889       127.0629       1.671198    
   32.36626       127.2010       1.695355    
   37.36148       127.3890       1.723045    
   42.35468       127.6146       1.749766    
   47.34677       127.8582       1.775811    
   52.33939       128.0931       1.784176    
   57.33461       128.2793       1.780507    
   62.33282       128.3861       1.794477    
   67.33237       128.3895       1.822467    
   72.33087       128.2923       1.828536    
   77.32610       128.1083       1.860687    
   82.31709       127.8499       1.903569    
   87.30524       127.5519       1.918795    
   92.29430       127.2662       1.879944    
   97.28818       127.0596       1.826385    
   102.2866       126.9681       1.790063    
   107.2863       126.9241       1.739087    
   112.2728       126.6731       1.665028    
   117.2255       126.0938       1.617732    
   122.1606       125.3975       1.625522    
   127.1186       124.8549       1.655043    
   132.1048       124.5499       1.673370    
   137.1018       124.4198       1.671303    
   142.1004       124.4603       1.655987    
   147.0855       124.7544       1.643049    
   152.0289       125.3806       1.659013    
   156.9416       126.1872       1.691672    
   161.8866       126.7919       1.760115    
   166.8759       127.0225       1.807072    
   171.8755       127.0280       1.818794    
   176.8751       126.9765       1.813103    
   181.8749       126.9510       1.793030    
   186.8749       126.9501       1.764774    
   191.8749       126.9505       1.739282    
   196.8749       126.9505       1.718226    
   201.8749       126.9505       1.700653    
   206.8749       126.9503       1.690377    
   211.8749       126.9525       1.682365    
   216.8748       126.9735       1.659894    
   221.8745       127.0270       1.653919    
   226.8739       127.0896       1.666615    
   231.8736       127.0923       1.656243    
   236.8703       126.9591       1.661239    
   241.8605       126.6934       1.680965    
   246.8531       126.4834       1.709660    
   251.8497       126.5322       1.752536    
   256.8403       126.7921       1.766533    
   261.8292       127.0797       1.754893    
   266.8226       127.2977       1.746137    
   271.8200       127.4297       1.754103    
   276.8195       127.4715       1.742803    
   281.8193       127.4456       1.703436    
   286.8188       127.3853       1.695073    
   291.8181       127.3092       1.736651    
   296.8170       127.2206       1.784013    
   301.8156       127.1160       1.801232    
   306.8141       127.0152       1.798502    
   311.8136       126.9790       1.812243    
   316.8123       126.9157       1.868177    
   321.7794       126.5017       1.860924    
   326.7076       125.7710       1.789571    
   331.6619       125.5238       1.735702    
   336.6017       126.1162       1.743582    
   341.4941       127.0106       1.768126    
   346.3997       127.8469       1.746955    
   351.3318       128.5549       1.698735    
   356.3008       128.9989       1.694593    
   361.2956       129.1804       1.703979    
   366.2939       129.2928       1.702839    
   371.2916       129.4245       1.721834    
   376.2886       129.5742       1.775181    
   381.2849       129.7417       1.817189    
   386.2799       129.9336       1.844582    
   391.2732       130.1582       1.871967    
   396.2645       130.4128       1.898013    
   401.2549       130.6809       1.922513    
   406.2462       130.9357       1.931180    
   411.2407       131.1362       1.936715    
   416.2387       131.2469       1.933471    
   421.2385       131.2800       1.915699    
   426.2385       131.2835       1.897846    
   431.2385       131.2979       1.877759    
   436.2343       131.4355       1.845397    
   441.2233       131.7207       1.792124    
   446.2118       132.0132       1.730484    
   451.2035       132.2618       1.703107    
   456.1937       132.5311       1.719532    
   461.1783       132.8684       1.773360    
   466.1624       133.2138       1.843281    
   471.1551       133.4189       1.929045    
   476.1545       133.4668       2.032982    
   481.8401       133.4690       2.170117    
   489.3643       133.4690       2.341799    
   507.4286       133.4690       2.627977    
  -33.77417       121.7413       2.270097    
  -15.70986       121.7413       2.051017    
  -8.185690       121.7413       1.943888    
  -2.500000       121.7413       1.859764    
   2.481762       121.9919       1.791469    
   7.434425       122.5584       1.746981    
   12.38829       123.1165       1.741016    
   17.37068       123.4034       1.770314    
   22.36992       123.4730       1.808251    
   27.36889       123.5524       1.837065    
   32.36626       123.6848       1.865828    
   37.36148       123.8650       1.895243    
   42.35468       124.0813       1.922683    
   47.34677       124.3148       1.946440    
   52.33939       124.5400       1.962099    
   57.33461       124.7186       1.972446    
   62.33282       124.8209       1.990108    
   67.33237       124.8242       2.013853    
   72.33087       124.7309       2.030472    
   77.32610       124.5546       2.056652    
   82.31709       124.3068       2.083822    
   87.30524       124.0211       2.093979    
   92.29430       123.7473       2.071931    
   97.28818       123.5492       2.032416    
   102.2866       123.4615       1.989120    
   107.2863       123.4193       1.933658    
   112.2728       123.1786       1.865857    
   117.2255       122.6232       1.811831    
   122.1606       121.9557       1.787794    
   127.1186       121.4355       1.790133    
   132.1048       121.1431       1.791476    
   137.1018       121.0183       1.793483    
   142.1004       121.0573       1.796446    
   147.0855       121.3392       1.811647    
   152.0289       121.9395       1.849620    
   156.9416       122.7128       1.911318    
   161.8866       123.2925       1.989253    
   166.8759       123.5135       2.050833    
   171.8755       123.5189       2.082096    
   176.8751       123.4696       2.088153    
   181.8749       123.4451       2.076020    
   186.8749       123.4443       2.054526    
   191.8749       123.4446       2.031088    
   196.8749       123.4446       2.008372    
   201.8749       123.4446       1.987302    
   206.8749       123.4444       1.970579    
   211.8749       123.4465       1.956319    
   216.8748       123.4666       1.940827    
   221.8745       123.5179       1.935371    
   226.8739       123.5779       1.938117    
   231.8736       123.5806       1.933872    
   236.8703       123.4528       1.936506    
   241.8605       123.1981       1.951852    
   246.8531       122.9968       1.975337    
   251.8497       123.0435       2.003171    
   256.8403       123.2927       2.014862    
   261.8292       123.5684       2.012700    
   266.8226       123.7774       2.010452    
   271.8200       123.9041       2.011401    
   276.8195       123.9441       2.002481    
   281.8193       123.9193       1.985404    
   286.8188       123.8614       1.988074    
   291.8181       123.7885       2.021024    
   296.8170       123.7036       2.060819    
   301.8156       123.6032       2.084123    
   306.8141       123.5066       2.091772    
   311.8136       123.4719       2.100359    
   316.8123       123.4112       2.111133    
   321.7794       123.0143       2.084955    
   326.7076       122.3138       2.026571    
   331.6619       122.0768       1.978971    
   336.6017       122.6448       1.964272    
   341.4941       123.5022       1.962245    
   346.3997       124.3040       1.942816    
   351.3318       124.9827       1.912717    
   356.3008       125.4084       1.901692    
   361.2956       125.5824       1.906280    
   366.2939       125.6901       1.913721    
   371.2916       125.8165       1.935763    
   376.2886       125.9600       1.977946    
   381.2849       126.1205       2.018872    
   386.2799       126.3045       2.051910    
   391.2732       126.5198       2.083714    
   396.2645       126.7639       2.112566    
   401.2549       127.0210       2.135320    
   406.2462       127.2653       2.145918    
   411.2407       127.4575       2.148706    
   416.2387       127.5636       2.140454    
   421.2385       127.5953       2.120339    
   426.2385       127.5986       2.096617    
   431.2385       127.6125       2.066696    
   436.2343       127.7445       2.025542    
   441.2233       128.0178       1.974243    
   446.2118       128.2982       1.923549    
   451.2035       128.5366       1.896784    
   456.1937       128.7948       1.901045    
   461.1783       129.1181       1.934848    
   466.1624       129.4493       1.988008    
   471.1551       129.6459       2.058233    
   476.1545       129.6918       2.145860    
   481.8401       129.6939       2.255859    
   489.3643       129.6939       2.396683    
   507.4286       129.6939       2.643354    
  -33.77417       118.0135       2.286652    
  -15.70986       118.0135       2.097517    
  -8.185690       118.0135       2.010107    
  -2.500000       118.0135       1.948333    
   2.481762       118.2522       1.902638    
   7.434425       118.7923       1.878217    
   12.38829       119.3243       1.881659    
   17.37068       119.5977       1.908624    
   22.36992       119.6640       1.943182    
   27.36889       119.7397       1.975469    
   32.36626       119.8660       2.007421    
   37.36148       120.0378       2.039323    
   42.35468       120.2439       2.068700    
   47.34677       120.4665       2.093467    
   52.33939       120.6811       2.113352    
   57.33461       120.8514       2.130111    
   62.33282       120.9489       2.148533    
   67.33237       120.9520       2.169920    
   72.33087       120.8632       2.189676    
   77.32610       120.6951       2.210981    
   82.31709       120.4589       2.229176    
   87.30524       120.1866       2.235579    
   92.29430       119.9255       2.220723    
   97.28818       119.7367       2.189053    
   102.2866       119.6531       2.146200    
   107.2863       119.6129       2.092038    
   112.2728       119.3835       2.031317    
   117.2255       118.8540       1.980215    
   122.1606       118.2177       1.945477    
   127.1186       117.7218       1.931046    
   132.1048       117.4431       1.927067    
   137.1018       117.3242       1.934844    
   142.1004       117.3613       1.946295    
   147.0855       117.6301       1.978740    
   152.0289       118.2023       2.032557    
   156.9416       118.9394       2.107304    
   161.8866       119.4921       2.187939    
   166.8759       119.7027       2.255981    
   171.8755       119.7078       2.298217    
   176.8751       119.6608       2.314454    
   181.8749       119.6375       2.311494    
   186.8749       119.6367       2.297692    
   191.8749       119.6370       2.278787    
   196.8749       119.6370       2.257934    
   201.8749       119.6370       2.236987    
   206.8749       119.6368       2.218147    
   211.8749       119.6388       2.201918    
   216.8748       119.6580       2.188687    
   221.8745       119.7069       2.182035    
   226.8739       119.7641       2.179933    
   231.8736       119.7666       2.176451    
   236.8703       119.6448       2.177027    
   241.8605       119.4020       2.186857    
   246.8531       119.2101       2.203082    
   251.8497       119.2547       2.221784    
   256.8403       119.4922       2.232430    
   261.8292       119.7551       2.235734    
   266.8226       119.9542       2.238018    
   271.8200       120.0750       2.239817    
   276.8195       120.1131       2.236825    
   281.8193       120.0895       2.233104    
   286.8188       120.0343       2.242016    
   291.8181       119.9648       2.268399    
   296.8170       119.8839       2.299922    
   301.8156       119.7882       2.321891    
   306.8141       119.6961       2.331464    
   311.8136       119.6630       2.333966    
   316.8123       119.6051       2.325532    
   321.7794       119.2268       2.292865    
   326.7076       118.5591       2.241947    
   331.6619       118.3332       2.196799    
   336.6017       118.8746       2.169502    
   341.4941       119.6919       2.152497    
   346.3997       120.4562       2.132453    
   351.3318       121.1031       2.110488    
   356.3008       121.5089       2.098974    
   361.2956       121.6748       2.101252    
   366.2939       121.7775       2.109977    
   371.2916       121.8979       2.129974    
   376.2886       122.0348       2.164606    
   381.2849       122.1877       2.201942    
   386.2799       122.3631       2.235363    
   391.2732       122.5684       2.267071    
   396.2645       122.8010       2.293862    
   401.2549       123.0461       2.313277    
   406.2462       123.2790       2.322809    
   411.2407       123.4621       2.323167    
   416.2387       123.5633       2.312598    
   421.2385       123.5935       2.291953    
   426.2385       123.5967       2.265727    
   431.2385       123.6100       2.231706    
   436.2343       123.7357       2.188641    
   441.2233       123.9963       2.141125    
   446.2118       124.2636       2.098524    
   451.2035       124.4909       2.074153    
   456.1937       124.7369       2.072795    
   461.1783       125.0452       2.093843    
   466.1624       125.3608       2.133029    
   471.1551       125.5482       2.188160    
   476.1545       125.5920       2.258096    
   481.8401       125.5940       2.344648    
   489.3643       125.5940       2.456573    
   507.4286       125.5940       2.661843    
  -33.77417       113.9358       2.307005    
  -15.70986       113.9358       2.150579    
  -8.185690       113.9358       2.082036    
  -2.500000       113.9358       2.037966    
   2.481762       114.1617       2.009028    
   7.434425       114.6728       1.997177    
   12.38829       115.1762       2.005732    
   17.37068       115.4350       2.030070    
   22.36992       115.4978       2.061721    
   27.36889       115.5694       2.094669    
   32.36626       115.6889       2.127749    
   37.36148       115.8514       2.160106    
   42.35468       116.0465       2.190139    
   47.34677       116.2571       2.216053    
   52.33939       116.4603       2.237926    
   57.33461       116.6214       2.257436    
   62.33282       116.7137       2.276093    
   67.33237       116.7167       2.295693    
   72.33087       116.6326       2.314687    
   77.32610       116.4735       2.331304    
   82.31709       116.2499       2.343256    
   87.30524       115.9922       2.345475    
   92.29430       115.7452       2.332981    
   97.28818       115.5665       2.306942    
   102.2866       115.4874       2.269279    
   107.2863       115.4493       2.221329    
   112.2728       115.2323       2.168741    
   117.2255       114.7313       2.123510    
   122.1606       114.1291       2.090343    
   127.1186       113.6599       2.070447    
   132.1048       113.3961       2.065586    
   137.1018       113.2836       2.075828    
   142.1004       113.3186       2.096970    
   147.0855       113.5730       2.138826    
   152.0289       114.1145       2.200622    
   156.9416       114.8120       2.276223    
   161.8866       115.3350       2.354831    
   166.8759       115.5344       2.423527    
   171.8755       115.5392       2.470417    
   176.8751       115.4947       2.494011    
   181.8749       115.4726       2.499676    
   186.8749       115.4719       2.493856    
   191.8749       115.4722       2.481007    
   196.8749       115.4722       2.464361    
   201.8749       115.4722       2.446198    
   206.8749       115.4720       2.428406    
   211.8749       115.4739       2.412489    
   216.8748       115.4921       2.399966    
   221.8745       115.5383       2.392084    
   226.8739       115.5924       2.387575    
   231.8736       115.5948       2.383877    
   236.8703       115.4796       2.382972    
   241.8605       115.2498       2.388318    
   246.8531       115.0682       2.398440    
   251.8497       115.1104       2.410748    
   256.8403       115.3352       2.419736    
   261.8292       115.5839       2.425557    
   266.8226       115.7724       2.430938    
   271.8200       115.8866       2.435864    
   276.8195       115.9228       2.438831    
   281.8193       115.9004       2.442798    
   286.8188       115.8482       2.454341    
   291.8181       115.7824       2.475359    
   296.8170       115.7058       2.498934    
   301.8156       115.6153       2.515976    
   306.8141       115.5281       2.523199    
   311.8136       115.4968       2.520718    
   316.8123       115.4420       2.504852    
   321.7794       115.0840       2.471843    
   326.7076       114.4521       2.426891    
   331.6619       114.2384       2.384109    
   336.6017       114.7507       2.351445    
   341.4941       115.5241       2.327274    
   346.3997       116.2474       2.306506    
   351.3318       116.8596       2.288465    
   356.3008       117.2437       2.277840    
   361.2956       117.4006       2.278512    
   366.2939       117.4977       2.286619    
   371.2916       117.6117       2.302912    
   376.2886       117.7412       2.330113    
   381.2849       117.8860       2.361321    
   386.2799       118.0519       2.391583    
   391.2732       118.2462       2.420117    
   396.2645       118.4663       2.443592    
   401.2549       118.6983       2.460035    
   406.2462       118.9186       2.468171    
   411.2407       119.0920       2.466703    
   416.2387       119.1877       2.455021    
   421.2385       119.2163       2.434708    
   426.2385       119.2194       2.407882    
   431.2385       119.2319       2.373365    
   436.2343       119.3509       2.332219    
   441.2233       119.5975       2.289557    
   446.2118       119.8504       2.253052    
   451.2035       120.0655       2.230991    
   456.1937       120.2983       2.227118    
   461.1783       120.5900       2.240800    
   466.1624       120.8887       2.269910    
   471.1551       121.0661       2.313288    
   476.1545       121.1075       2.367161    
   481.8401       121.1095       2.433231    
   489.3643       121.1095       2.518177    
   507.4286       121.1095       2.683181    
  -33.77417       109.4377       2.331398    
  -15.70986       109.4377       2.207977    
  -8.185690       109.4377       2.157389    
  -2.500000       109.4377       2.127474    
   2.481762       109.6495       2.110415    
   7.434425       110.1285       2.106509    
   12.38829       110.6005       2.116858    
   17.37068       110.8431       2.138443    
   22.36992       110.9020       2.166869    
   27.36889       110.9691       2.197831    
   32.36626       111.0811       2.228919    
   37.36148       111.2335       2.259058    
   42.35468       111.4164       2.287917    
   47.34677       111.6138       2.314201    
   52.33939       111.8043       2.337207    
   57.33461       111.9553       2.358099    
   62.33282       112.0418       2.377339    
   67.33237       112.0446       2.395463    
   72.33087       111.9657       2.411698    
   77.32610       111.8166       2.423937    
   82.31709       111.6071       2.430772    
   87.30524       111.3655       2.429214    
   92.29430       111.1339       2.417452    
   97.28818       110.9664       2.395964    
   102.2866       110.8923       2.365469    
   107.2863       110.8566       2.327225    
   112.2728       110.6531       2.285465    
   117.2255       110.1834       2.248303    
   122.1606       109.6189       2.221110    
   127.1186       109.1790       2.204699    
   132.1048       108.9318       2.202177    
   137.1018       108.8263       2.214458    
   142.1004       108.8592       2.242905    
   147.0855       109.0976       2.288343    
   152.0289       109.6052       2.349425    
   156.9416       110.2591       2.420138    
   161.8866       110.7494       2.493267    
   166.8759       110.9363       2.557981    
   171.8755       110.9408       2.605257    
   176.8751       110.8991       2.633773    
   181.8749       110.8784       2.646872    
   186.8749       110.8776       2.648625    
   191.8749       110.8779       2.642417    
   196.8749       110.8779       2.631214    
   201.8749       110.8779       2.617298    
   206.8749       110.8778       2.602439    
   211.8749       110.8796       2.588344    
   216.8748       110.8966       2.576672    
   221.8745       110.9400       2.568229    
   226.8739       110.9907       2.562586    
   231.8736       110.9929       2.558773    
   236.8703       110.8849       2.557348    
   241.8605       110.6695       2.559961    
   246.8531       110.4993       2.565795    
   251.8497       110.5388       2.573534    
   256.8403       110.7495       2.580778    
   261.8292       110.9827       2.587491    
   266.8226       111.1594       2.594491    
   271.8200       111.2665       2.601713    
   276.8195       111.3003       2.608640    
   281.8193       111.2794       2.616601    
   286.8188       111.2305       2.628325    
   291.8181       111.1687       2.644291    
   296.8170       111.0969       2.660667    
   301.8156       111.0121       2.672007    
   306.8141       110.9304       2.675407    
   311.8136       110.9010       2.669307    
   316.8123       110.8497       2.651136    
   321.7794       110.5141       2.620374    
   326.7076       109.9218       2.581086    
   331.6619       109.7214       2.541838    
   336.6017       110.2016       2.508536    
   341.4941       110.9267       2.482059    
   346.3997       111.6047       2.461017    
   351.3318       112.1786       2.444838    
   356.3008       112.5386       2.434784    
   361.2956       112.6857       2.433290    
   366.2939       112.7768       2.439391    
   371.2916       112.8837       2.451870    
   376.2886       113.0050       2.471746    
   381.2849       113.1407       2.495905    
   386.2799       113.2963       2.521026    
   391.2732       113.4784       2.544788    
   396.2645       113.6848       2.564839    
   401.2549       113.9022       2.579264    
   406.2462       114.1088       2.586244    
   411.2407       114.2713       2.583520    
   416.2387       114.3611       2.571378    
   421.2385       114.3878       2.551578    
   426.2385       114.3907       2.525209    
   431.2385       114.4025       2.492815    
   436.2343       114.5140       2.456774    
   441.2233       114.7451       2.421121    
   446.2118       114.9823       2.391120    
   451.2035       115.1839       2.371927    
   456.1937       115.4022       2.366674    
   461.1783       115.6756       2.375519    
   466.1624       115.9556       2.397096    
   471.1551       116.1219       2.429742    
   476.1545       116.1607       2.469366    
   481.8401       116.1625       2.517322    
   489.3643       116.1625       2.579374    
   507.4286       116.1625       2.706782    
  -33.77417       104.4251       2.359199    
  -15.70986       104.4251       2.267239    
  -8.185690       104.4251       2.232157    
  -2.500000       104.4251       2.213201    
   2.481762       104.6212       2.204258    
   7.434425       105.0646       2.204953    
   12.38829       105.5015       2.215599    
   17.37068       105.7260       2.234396    
   22.36992       105.7805       2.258647    
   27.36889       105.8427       2.285593    
   32.36626       105.9463       2.313162    
   37.36148       106.0873       2.340502    
   42.35468       106.2567       2.367404    
   47.34677       106.4394       2.392843    
   52.33939       106.6157       2.415877    
   57.33461       106.7555       2.436851    
   62.33282       106.8356       2.455898    
   67.33237       106.8381       2.472622    
   72.33087       106.7651       2.486331    
   77.32610       106.6271       2.495713    
   82.31709       106.4332       2.499647    
   87.30524       106.2096       2.496589    
   92.29430       105.9952       2.486095    
   97.28818       105.8402       2.468639    
   102.2866       105.7715       2.445034    
   107.2863       105.7385       2.416852    
   112.2728       105.5501       2.387159    
   117.2255       105.1154       2.360683    
   122.1606       104.5929       2.341843    
   127.1186       104.1857       2.332720    
   132.1048       103.9569       2.335347    
   137.1018       103.8593       2.350991    
   142.1004       103.8897       2.381231    
   147.0855       104.1104       2.425070    
   152.0289       104.5803       2.480568    
   156.9416       105.1855       2.543607    
   161.8866       105.6393       2.608175    
   166.8759       105.8122       2.666255    
   171.8755       105.8165       2.711862    
   176.8751       105.7778       2.743500    
   181.8749       105.7587       2.762380    
   186.8749       105.7580       2.770673    
   191.8749       105.7582       2.770849    
   196.8749       105.7583       2.765342    
   201.8749       105.7583       2.756226    
   206.8749       105.7581       2.745262    
   211.8749       105.7598       2.734039    
   216.8748       105.7755       2.724051    
   221.8745       105.8157       2.716208    
   226.8739       105.8626       2.710640    
   231.8736       105.8647       2.707123    
   236.8703       105.7647       2.705719    
   241.8605       105.5654       2.706896    
   246.8531       105.4078       2.710213    
   251.8497       105.4444       2.715254    
   256.8403       105.6394       2.721249    
   261.8292       105.8553       2.727928    
   266.8226       106.0188       2.735157    
   271.8200       106.1179       2.742892    
   276.8195       106.1492       2.751065    
   281.8193       106.1298       2.760041    
   286.8188       106.0846       2.770405    
   291.8181       106.0275       2.781729    
   296.8170       105.9610       2.791897    
   301.8156       105.8824       2.797897    
   306.8141       105.8068       2.797412    
   311.8136       105.7796       2.788803    
   316.8123       105.7321       2.770552    
   321.7794       105.4215       2.743081    
   326.7076       104.8732       2.709492    
   331.6619       104.6877       2.675165    
   336.6017       105.1322       2.644313    
   341.4941       105.8034       2.618473    
   346.3997       106.4309       2.597586    
   351.3318       106.9622       2.581797    
   356.3008       107.2954       2.571443    
   361.2956       107.4315       2.567423    
   366.2939       107.5159       2.570092    
   371.2916       107.6148       2.578519    
   376.2886       107.7271       2.592103    
   381.2849       107.8528       2.609477    
   386.2799       107.9968       2.628559    
   391.2732       108.1653       2.647038    
   396.2645       108.3564       2.662976    
   401.2549       108.5576       2.674375    
   406.2462       108.7488       2.678926    
   411.2407       108.8992       2.674830    
   416.2387       108.9823       2.662691    
   421.2385       109.0071       2.643950    
   426.2385       109.0098       2.619808    
   431.2385       109.0207       2.592078    
   436.2343       109.1239       2.563401    
   441.2233       109.3378       2.536586    
   446.2118       109.5574       2.514608    
   451.2035       109.7439       2.500144    
   456.1937       109.9460       2.495089    
   461.1783       110.1991       2.500058    
   466.1624       110.4583       2.514421    
   471.1551       110.6122       2.536314    
   476.1545       110.6481       2.562941    
   481.8401       110.6497       2.595450    
   489.3643       110.6497       2.638585    
   507.4286       110.6497       2.731739    
  -33.77417       98.76926       2.389655    
  -15.70986       98.76926       2.326760    
  -8.185690       98.76926       2.304609    
  -2.500000       98.76926       2.293853    
   2.481762       98.94752       2.290465    
   7.434425       99.35075       2.294021    
   12.38829       99.74802       2.304525    
   17.37068       99.95215       2.320984    
   22.36992       100.0017       2.341611    
   27.36889       100.0582       2.364666    
   32.36626       100.1525       2.388893    
   37.36148       100.2807       2.413518    
   42.35468       100.4347       2.437947    
   47.34677       100.6009       2.461333    
   52.33939       100.7612       2.482952    
   57.33461       100.8883       2.502653    
   62.33282       100.9611       2.520348    
   67.33237       100.9634       2.535598    
   72.33087       100.8971       2.547778    
   77.32610       100.7716       2.556011    
   82.31709       100.5952       2.559439    
   87.30524       100.3919       2.557289    
   92.29430       100.1970       2.549399    
   97.28818       100.0560       2.536318    
   102.2866       99.99355       2.519208    
   107.2863       99.96349       2.499825    
   112.2728       99.79222       2.480573    
   117.2255       99.39693       2.464356    
   122.1606       98.92178       2.454087    
   127.1186       98.55151       2.451986    
   132.1048       98.34343       2.459545    
   137.1018       98.25465       2.477773    
   142.1004       98.28233       2.507144    
   147.0855       98.48299       2.547071    
   152.0289       98.91029       2.595641    
   156.9416       99.46066       2.649780    
   161.8866       99.87329       2.704959    
   166.8759       100.0306       2.756012    
   171.8755       100.0344       2.798781    
   176.8751       99.99930       2.831483    
   181.8749       99.98188       2.853974    
   186.8749       99.98126       2.867172    
   191.8749       99.98149       2.872723    
   196.8749       99.98150       2.872502    
   201.8749       99.98149       2.868286    
   206.8749       99.98139       2.861692    
   211.8749       99.98287       2.854142    
   216.8748       99.99718       2.846916    
   221.8745       100.0337       2.840960    
   226.8739       100.0764       2.836624    
   231.8736       100.0783       2.833928    
   236.8703       99.98734       2.832849    
   241.8605       99.80609       2.833467    
   246.8531       99.66279       2.835661    
   251.8497       99.69608       2.839365    
   256.8403       99.87341       2.844348    
   261.8292       100.0697       2.850231    
   266.8226       100.2184       2.856668    
   271.8200       100.3085       2.863570    
   276.8195       100.3370       2.870979    
   281.8193       100.3194       2.878878    
   286.8188       100.2782       2.886924    
   291.8181       100.2263       2.894218    
   296.8170       100.1659       2.899400    
   301.8156       100.0944       2.900848    
   306.8141       100.0256       2.897028    
   311.8136       100.0009       2.886788    
   316.8123       99.95772       2.869440    
   321.7794       99.67523       2.845623    
   326.7076       99.17667       2.817668    
   331.6619       99.00801       2.788933    
   336.6017       99.41222       2.762287    
   341.4941       100.0225       2.739123    
   346.3997       100.5932       2.719651    
   351.3318       101.0763       2.704250    
   356.3008       101.3793       2.693192    
   361.2956       101.5031       2.686844    
   366.2939       101.5798       2.685821    
   371.2916       101.6697       2.689853    
   376.2886       101.7719       2.697984    
   381.2849       101.8861       2.709113    
   386.2799       102.0170       2.721764    
   391.2732       102.1703       2.734128    
   396.2645       102.3440       2.744400    
   401.2549       102.5270       2.750765    
   406.2462       102.7009       2.751553    
   411.2407       102.8377       2.746007    
   416.2387       102.9132       2.734579    
   421.2385       102.9358       2.718275    
   426.2385       102.9382       2.698369    
   431.2385       102.9481       2.676714    
   436.2343       103.0419       2.655432    
   441.2233       103.2365       2.636438    
   446.2118       103.4361       2.621306    
   451.2035       103.6058       2.611191    
   456.1937       103.7895       2.606965    
   461.1783       104.0197       2.609078    
   466.1624       104.2553       2.617209    
   471.1551       104.3953       2.630154    
   476.1545       104.4279       2.646312    
   481.8401       104.4295       2.666506    
   489.3643       104.4295       2.694250    
   507.4286       104.4295       2.756895    
  -33.77417       92.28692       2.422322    
  -15.70986       92.28692       2.384659    
  -8.185690       92.28692       2.373364    
  -2.500000       92.28692       2.369385    
   2.481762       92.44483       2.370099    
   7.434425       92.80198       2.375751    
   12.38829       93.15384       2.386128    
   17.37068       93.33465       2.400693    
   22.36992       93.37855       2.418499    
   27.36889       93.42858       2.438278    
   32.36626       93.51208       2.459090    
   37.36148       93.62569       2.480392    
   42.35468       93.76205       2.501672    
   47.34677       93.90923       2.522326    
   52.33939       94.05121       2.541782    
   57.33461       94.16380       2.559649    
   62.33282       94.22831       2.575614    
   67.33237       94.23037       2.589314    
   72.33087       94.17159       2.600341    
   77.32610       94.06042       2.608144    
   82.31709       93.90422       2.612173    
   87.30524       93.72411       2.612079    
   92.29430       93.55146       2.607887    
   97.28818       93.42661       2.600066    
   102.2866       93.37131       2.589624    
   107.2863       93.34469       2.578053    
   112.2728       93.19299       2.567186    
   117.2255       92.84286       2.559018    
   122.1606       92.42202       2.555527    
   127.1186       92.09407       2.558537    
   132.1048       91.90976       2.569266    
   137.1018       91.83113       2.588437    
   142.1004       91.85565       2.616071    
   147.0855       92.03337       2.651630    
   152.0289       92.41184       2.693415    
   156.9416       92.89931       2.739014    
   161.8866       93.26480       2.785394    
   166.8759       93.40413       2.829314    
   171.8755       93.40750       2.867851    
   176.8751       93.37640       2.899302    
   181.8749       93.36098       2.922956    
   186.8749       93.36044       2.939096    
   191.8749       93.36063       2.948703    
   196.8749       93.36064       2.953029    
   201.8749       93.36063       2.953468    
   206.8749       93.36054       2.951385    
   211.8749       93.36186       2.947976    
   216.8748       93.37454       2.944247    
   221.8745       93.40688       2.941010    
   226.8739       93.44470       2.938668    
   231.8736       93.44635       2.937299    
   236.8703       93.36582       2.936929    
   241.8605       93.20527       2.937629    
   246.8531       93.07835       2.939451    
   251.8497       93.10783       2.942407    
   256.8403       93.26490       2.946391    
   261.8292       93.43874       2.951096    
   266.8226       93.57047       2.956267    
   271.8200       93.65030       2.961761    
   276.8195       93.67554       2.967516    
   281.8193       93.65989       2.973332    
   286.8188       93.62345       2.978659    
   291.8181       93.57744       2.982569    
   296.8170       93.52392       2.984044    
   301.8156       93.46066       2.982155    
   306.8141       93.39973       2.976047    
   311.8136       93.37785       2.965111    
   316.8123       93.33959       2.949228    
   321.7794       93.08938       2.929050    
   326.7076       92.64779       2.906225    
   331.6619       92.49840       2.882796    
   336.6017       92.85643       2.860786    
   341.4941       93.39696       2.841275    
   346.3997       93.90244       2.824376    
   351.3318       94.33030       2.810311    
   356.3008       94.59869       2.799288    
   361.2956       94.70834       2.791611    
   366.2939       94.77627       2.787757    
   371.2916       94.85593       2.787659    
   376.2886       94.94642       2.790619    
   381.2849       95.04758       2.795615    
   386.2799       95.16358       2.801550    
   391.2732       95.29931       2.807147    
   396.2645       95.45317       2.811057    
   401.2549       95.61526       2.812139    
   406.2462       95.76926       2.809594    
   411.2407       95.89043       2.803177    
   416.2387       95.95733       2.793123    
   421.2385       95.97731       2.780043    
   426.2385       95.97943       2.764899    
   431.2385       95.98818       2.748991    
   436.2343       96.07135       2.733698    
   441.2233       96.24365       2.720181    
   446.2118       96.42047       2.709234    
   451.2035       96.57073       2.701445    
   456.1937       96.73344       2.697332    
   461.1783       96.93733       2.697143    
   466.1624       97.14609       2.700661    
   471.1551       97.27006       2.707250    
   476.1545       97.29897       2.715974    
   481.8401       97.30029       2.727355    
   489.3643       97.30029       2.743529    
   507.4286       97.30029       2.780561    
  -33.77417       84.70639       2.455779    
  -15.70986       84.70639       2.438549    
  -8.185690       84.70639       2.435404    
  -2.500000       84.70639       2.436558    
   2.481762       84.84047       2.440281    
   7.434425       85.14374       2.447085    
   12.38829       85.44250       2.457130    
   17.37068       85.59602       2.470005    
   22.36992       85.63330       2.485210    
   27.36889       85.67580       2.502005    
   32.36626       85.74669       2.519533    
   37.36148       85.84315       2.537298    
   42.35468       85.95895       2.555133    
   47.34677       86.08392       2.572770    
   52.33939       86.20448       2.589774    
   57.33461       86.30008       2.605631    
   62.33282       86.35486       2.619889    
   67.33237       86.35661       2.632223    
   72.33087       86.30669       2.642367    
   77.32610       86.21230       2.650045    
   82.31709       86.07966       2.655047    
   87.30524       85.92673       2.657303    
   92.29430       85.78013       2.656938    
   97.28818       85.67411       2.654349    
   102.2866       85.62716       2.650244    
   107.2863       85.60456       2.645625    
   112.2728       85.47575       2.641736    
   117.2255       85.17844       2.639955    
   122.1606       84.82110       2.641661    
   127.1186       84.54264       2.648273    
   132.1048       84.38613       2.660770    
   137.1018       84.31937       2.679659    
   142.1004       84.34019       2.704834    
   147.0855       84.49109       2.735677    
   152.0289       84.81246       2.770730    
   156.9416       85.22638       2.808155    
   161.8866       85.53673       2.846032    
   166.8759       85.65503       2.882419    
   171.8755       85.65790       2.915365    
   176.8751       85.63148       2.943563    
   181.8749       85.61840       2.966311    
   186.8749       85.61794       2.983575    
   191.8749       85.61810       2.995813    
   196.8749       85.61810       3.003762    
   201.8749       85.61810       3.008339    
   206.8749       85.61802       3.010491    
   211.8749       85.61914       3.011138    
   216.8748       85.62991       3.011033    
   221.8745       85.65736       3.010725    
   226.8739       85.68948       3.010572    
   231.8736       85.69088       3.010762    
   236.8703       85.62250       3.011417    
   241.8605       85.48617       3.012643    
   246.8531       85.37840       3.014518    
   251.8497       85.40344       3.017059    
   256.8403       85.53680       3.020214    
   261.8292       85.68442       3.023821    
   266.8226       85.79627       3.027692    
   271.8200       85.86406       3.031618    
   276.8195       85.88549       3.035418    
   281.8193       85.87220       3.038824    
   286.8188       85.84126       3.041404    
   291.8181       85.80219       3.042503    
   296.8170       85.75674       3.041382    
   301.8156       85.70303       3.037455    
   306.8141       85.65130       3.030296    
   311.8136       85.63272       3.019658    
   316.8123       85.60023       3.005702    
   321.7794       85.38776       2.989004    
   326.7076       85.01280       2.970618    
   331.6619       84.88596       2.951765    
   336.6017       85.18996       2.933836    
   341.4941       85.64894       2.917637    
   346.3997       86.07815       2.903232    
   351.3318       86.44146       2.890751    
   356.3008       86.66934       2.880329    
   361.2956       86.76245       2.872181    
   366.2939       86.82014       2.866495    
   371.2916       86.88777       2.863150    
   376.2886       86.96461       2.861724    
   381.2849       87.05051       2.861512    
   386.2799       87.14902       2.861812    
   391.2732       87.26426       2.861845    
   396.2645       87.39491       2.860858    
   401.2549       87.53254       2.858325    
   406.2462       87.66331       2.853861    
   411.2407       87.76619       2.847335    
   416.2387       87.82300       2.838858    
   421.2385       87.83997       2.828750    
   426.2385       87.84176       2.817613    
   431.2385       87.84920       2.806236    
   436.2343       87.91981       2.795357    
   441.2233       88.06612       2.785518    
   446.2118       88.21626       2.777120    
   451.2035       88.34385       2.770563    
   456.1937       88.48203       2.766239    
   461.1783       88.65514       2.764358    
   466.1624       88.83239       2.764818    
   471.1551       88.93765       2.767179    
   476.1545       88.96221       2.770977    
   481.8401       88.96335       2.776410    
   489.3643       88.96335       2.784261    
   507.4286       88.96335       2.800766    
  -33.77417       75.60016       2.488291    
  -15.70986       75.60016       2.485806    
  -8.185690       75.60016       2.488196    
  -2.500000       75.60016       2.492425    
   2.481762       75.70561       2.498086    
   7.434425       75.94414       2.505615    
   12.38829       76.17914       2.515147    
   17.37068       76.29989       2.526729    
   22.36992       76.32921       2.539870    
   27.36889       76.36263       2.554123    
   32.36626       76.41840       2.569057    
   37.36148       76.49427       2.584144    
   42.35468       76.58534       2.599162    
   47.34677       76.68364       2.614088    
   52.33939       76.77846       2.628733    
   57.33461       76.85366       2.642694    
   62.33282       76.89674       2.655505    
   67.33237       76.89812       2.666857    
   72.33087       76.85886       2.676560    
   77.32610       76.78461       2.684465    
   82.31709       76.68029       2.690536    
   87.30524       76.56001       2.694868    
   92.29430       76.44469       2.697679    
   97.28818       76.36131       2.699302    
   102.2866       76.32438       2.700221    
   107.2863       76.30660       2.701048    
   112.2728       76.20528       2.702572    
   117.2255       75.97144       2.705714    
   122.1606       75.69038       2.711412    
   127.1186       75.47135       2.720612    
   132.1048       75.34826       2.733961    
   137.1018       75.29574       2.751727    
   142.1004       75.31212       2.773782    
   147.0855       75.43081       2.799571    
   152.0289       75.68358       2.827992    
   156.9416       76.00915       2.857768    
   161.8866       76.25325       2.887802    
   166.8759       76.34630       2.916953    
   171.8755       76.34855       2.944006    
   176.8751       76.32778       2.968126    
   181.8749       76.31749       2.988785    
   186.8749       76.31712       3.005788    
   191.8749       76.31725       3.019280    
   196.8749       76.31725       3.029613    
   201.8749       76.31725       3.037289    
   206.8749       76.31718       3.042885    
   211.8749       76.31807       3.046968    
   216.8748       76.32654       3.050003    
   221.8745       76.34814       3.052362    
   226.8739       76.37340       3.054363    
   231.8736       76.37450       3.056197    
   236.8703       76.32071       3.058014    
   241.8605       76.21349       3.059980    
   246.8531       76.12872       3.062209    
   251.8497       76.14841       3.064687    
   256.8403       76.25331       3.067312    
   261.8292       76.36942       3.069974    
   266.8226       76.45739       3.072554    
   271.8200       76.51070       3.074881    
   276.8195       76.52757       3.076749    
   281.8193       76.51711       3.077900    
   286.8188       76.49277       3.078014    
   291.8181       76.46204       3.076734    
   296.8170       76.42630       3.073674    
   301.8156       76.38405       3.068532    
   306.8141       76.34336       3.061128    
   311.8136       76.32875       3.051387    
   316.8123       76.30320       3.039480    
   321.7794       76.13609       3.025833    
   326.7076       75.84116       3.011070    
   331.6619       75.74139       2.995847    
   336.6017       75.98050       2.981092    
   341.4941       76.34151       2.967443    
   346.3997       76.67910       2.954983    
   351.3318       76.96486       2.943836    
   356.3008       77.14410       2.934079    
   361.2956       77.21733       2.925785    
   366.2939       77.26270       2.918983    
   371.2916       77.31591       2.913537    
   376.2886       77.37634       2.909216    
   381.2849       77.44391       2.905678    
   386.2799       77.52139       2.902561    
   391.2732       77.61202       2.899466    
   396.2645       77.71479       2.895991    
   401.2549       77.82304       2.891815    
   406.2462       77.92590       2.886707    
   411.2407       78.00681       2.880577    
   416.2387       78.05150       2.873452    
   421.2385       78.06484       2.865520    
   426.2385       78.06626       2.857171    
   431.2385       78.07211       2.848820    
   436.2343       78.12765       2.840760    
   441.2233       78.24273       2.833259    
   446.2118       78.36082       2.826567    
   451.2035       78.46117       2.820923    
   456.1937       78.56985       2.816625    
   461.1783       78.70601       2.813847    
   466.1624       78.84543       2.812484    
   471.1551       78.92822       2.812315    
   476.1545       78.94754       2.813096    
   481.8401       78.94843       2.814694    
   489.3643       78.94843       2.816771    
   507.4286       78.94843       2.814426    
  -33.77417       56.32260       2.538187    
  -15.70986       56.32260       2.550421    
  -8.185690       56.32260       2.558201    
  -2.500000       56.32260       2.565514    
   2.481762       56.36747       2.572953    
   7.434425       56.46896       2.581520    
   12.38829       56.56895       2.590817    
   17.37068       56.62033       2.601082    
   22.36992       56.63280       2.612481    
   27.36889       56.64702       2.624514    
   32.36626       56.67075       2.636997    
   37.36148       56.70303       2.649639    
   42.35468       56.74178       2.661904    
   47.34677       56.78361       2.673759    
   52.33939       56.82395       2.685505    
   57.33461       56.85595       2.697169    
   62.33282       56.87428       2.708473    
   67.33237       56.87487       2.719110    
   72.33087       56.85816       2.728899    
   77.32610       56.82657       2.737780    
   82.31709       56.78218       2.745790    
   87.30524       56.73100       2.753052    
   92.29430       56.68194       2.759753    
   97.28818       56.64646       2.766141    
   102.2866       56.63075       2.772510    
   107.2863       56.62318       2.779147    
   112.2728       56.58007       2.786359    
   117.2255       56.48058       2.794491    
   122.1606       56.36099       2.803920    
   127.1186       56.26780       2.815043    
   132.1048       56.21542       2.828092    
   137.1018       56.19307       2.843094    
   142.1004       56.20005       2.859933    
   147.0855       56.25055       2.878300    
   152.0289       56.35809       2.897652    
   156.9416       56.49662       2.917480    
   161.8866       56.60048       2.937526    
   166.8759       56.64007       2.957419    
   171.8755       56.64103       2.976641    
   176.8751       56.63219       2.994807    
   181.8749       56.62782       3.011629    
   186.8749       56.62766       3.026916    
   191.8749       56.62771       3.040593    
   196.8749       56.62772       3.052672    
   201.8749       56.62771       3.063241    
   206.8749       56.62769       3.072433    
   211.8749       56.62806       3.080410    
   216.8748       56.63167       3.087335    
   221.8745       56.64086       3.093352    
   226.8739       56.65160       3.098581    
   231.8736       56.65207       3.103111    
   236.8703       56.62919       3.107013    
   241.8605       56.58356       3.110350    
   246.8531       56.54750       3.113171    
   251.8497       56.55588       3.115486    
   256.8403       56.60051       3.117287    
   261.8292       56.64991       3.118544    
   266.8226       56.68734       3.119181    
   271.8200       56.71003       3.119102    
   276.8195       56.71720       3.118207    
   281.8193       56.71275       3.116401    
   286.8188       56.70240       3.113587    
   291.8181       56.68932       3.109676    
   296.8170       56.67411       3.104602    
   301.8156       56.65614       3.098343    
   306.8141       56.63882       3.090920    
   311.8136       56.63261       3.082404    
   316.8123       56.62173       3.072927    
   321.7794       56.55063       3.062711    
   326.7076       56.42514       3.051990    
   331.6619       56.38269       3.040906    
   336.6017       56.48443       3.029916    
   341.4941       56.63803       3.019414    
   346.3997       56.78168       3.009413    
   351.3318       56.90327       2.999972    
   356.3008       56.97953       2.991122    
   361.2956       57.01069       2.982894    
   366.2939       57.02999       2.975337    
   371.2916       57.05263       2.968455    
   376.2886       57.07835       2.962207    
   381.2849       57.10709       2.956499    
   386.2799       57.14006       2.951198    
   391.2732       57.17862       2.946145    
   396.2645       57.22235       2.941170    
   401.2549       57.26841       2.936118    
   406.2462       57.31217       2.930866    
   411.2407       57.34660       2.925356    
   416.2387       57.36561       2.919617    
   421.2385       57.37129       2.913750    
   426.2385       57.37189       2.907831    
   431.2385       57.37438       2.901858    
   436.2343       57.39801       2.895895    
   441.2233       57.44698       2.890132    
   446.2118       57.49723       2.884743    
   451.2035       57.53992       2.879903    
   456.1937       57.58617       2.875755    
   461.1783       57.64410       2.872305    
   466.1624       57.70342       2.869561    
   471.1551       57.73865       2.867534    
   476.1545       57.74687       2.866245    
   481.8401       57.74725       2.865661    
   489.3643       57.74725       2.865639    
   507.4286       57.74725       2.865474    
